evaluations raw_y
1 366369.8267426700
3 310913.7978818361
4 183149.0315073932
6 68215.2855404781
11 31426.7404464619
31 25857.4228943826
33 23388.2234014425
34 19126.6053359533
48 18993.7193678014
58 13909.4518005360
81 9930.5978313968
104 8148.3252743811
119 3082.7283171676
190 2891.3746282168
367 1467.4540771857
371 1453.1686281489
444 61.1817701717
577 3.7019470954
663 3.6559467859
688 3.0975432007
913 3.0724436404
1021 3.0472100802
1044 3.0216397956
1188 2.9445944378
1241 2.9445681648
1323 2.9104277455
1529 2.5538716855
2215 2.5494339088
2281 2.3300542308
2409 2.2539224129
3154 2.1959957493
3392 2.1867429577
3472 2.1574388230
3671 2.0788735667
3955 2.0409005986
3979 1.9764127844
4151 1.9427171298
4480 1.9105885347
4596 1.9102876597
4597 1.9020141322
4629 1.8597959677
4676 1.8528418844
4792 1.8372434819
4954 1.8344641701
5005 1.8332715554
5009 1.8314161452
5046 1.8295617610
5065 1.8268595330
5076 1.8221898619
5175 1.8205913130
5202 1.8203411542
5275 1.8202656887
5284 1.8178386713
5413 1.8174761254
5456 1.8174609191
5490 1.8168075523
5563 1.8167849560
5667 1.8165134663
5688 1.8164552110
5803 1.8164549882
5861 1.8164387047
5924 1.8164283245
5945 1.8163764531
5968 1.8163658526
6014 1.8162902953
6090 1.8162523614
6107 1.8162462397
6188 1.8161692278
6338 1.8161563582
6419 1.8161437849
6429 1.8161388313
6531 1.8161377765
6568 1.8161341093
6574 1.8161339107
6578 1.8161233536
6659 1.8161218041
6945 1.8161211524
7090 1.8161207947
7103 1.8161207627
7114 1.8161203223
7374 1.8161203085
7396 1.8161201807
7425 1.8161201761
7457 1.8161201592
7486 1.8161201317
7582 1.8161201231
7613 1.8161201143
7631 1.8161201079
7644 1.8161201007
7654 1.8161200967
7665 1.8161200776
7711 1.8161200699
7777 1.8161200661
7781 1.8161200628
7785 1.8161200624
7813 1.8161200588
7823 1.8161200330
7983 1.8161200314
8006 1.8161200213
8128 1.8161200188
8222 1.8161200187
8246 1.8161200156
8249 1.8161200148
8370 1.8161200144
8394 1.8161200141
8407 1.8161200116
8543 1.8161200114
8567 1.8161200114
8573 1.8161200112
8654 1.8161200109
8722 1.8161200109
8729 1.8161200109
8780 1.8161200106
8862 1.8161200106
8877 1.8161200105
8906 1.8161200105
8993 1.8161200105
9066 1.8161200104
9175 1.8161200104
9184 1.8161200104
9224 1.8161200104
9232 1.8161200104
9254 1.8161200104
9331 1.8161200104
9429 1.8161200104
9434 1.8161200104
9558 1.8161200104
9568 1.8161200104
9607 1.8161200104
9672 1.8161200104
9703 1.8161200104
9730 1.8161200104
9757 1.8161200104
9775 1.8161200104
9776 1.8161200104
9895 1.8161200104
9922 1.8161200104
9959 1.8161200104
10007 1.8161200104
10046 1.8161200104
10052 1.8161200104
10196 1.8161200104
10267 1.8161200104
10295 1.8161200104
10330 1.8161200104
10369 1.8161200104
10372 1.8161200104
10380 1.8161200104
10448 1.8161200104
10488 1.8161200104
10573 1.8161200104
10577 1.8161200104
10636 1.8161200104
10638 1.8161200104
10810 1.8161200104
10878 1.8161200104
10904 1.8161200104
10962 1.8161200104
11026 1.8161200104
11356 1.8161200104
11766 1.8161200104
evaluations raw_y
1 47934.0186257501
13 28303.5373830149
18 9400.3044632371
36 1628.9223261170
71 813.9899295776
139 119.3863202473
376 54.2509038664
439 45.1386586042
479 4.2696435824
631 3.8726271721
797 3.0709293497
935 2.7629145886
1538 2.4826598136
3667 2.2170737565
5011 2.1302811416
5056 1.8818798590
5210 1.5430569472
5458 1.2992193206
5781 1.2135076821
5810 1.1762505644
5858 1.1381283386
6013 1.1332403146
6080 1.0872917385
6241 1.0872608135
6268 1.0810404877
6297 1.0769070933
6323 1.0679933360
6461 1.0573794954
6487 1.0548081833
6603 1.0521982819
6652 1.0520745338
6681 1.0481129944
7053 1.0469215946
7238 1.0467760146
7242 1.0466640592
7382 1.0465645467
7384 1.0463909103
7730 1.0463879850
7741 1.0463619014
7772 1.0463607068
7778 1.0463320153
7955 1.0463221028
7985 1.0463143310
7994 1.0463055179
8005 1.0463019198
8008 1.0462966423
8012 1.0462844133
8244 1.0462838725
8266 1.0462829638
8316 1.0462777642
8491 1.0462757446
8650 1.0462751524
8779 1.0462750618
8863 1.0462749032
8864 1.0462748656
8882 1.0462745977
8924 1.0462745754
8933 1.0462744299
8941 1.0462741287
9022 1.0462741002
9032 1.0462740760
9036 1.0462740081
9137 1.0462739500
9167 1.0462739389
9203 1.0462739212
9246 1.0462739062
9290 1.0462738995
9329 1.0462738791
9343 1.0462738671
9398 1.0462738653
9410 1.0462738365
9501 1.0462738317
9528 1.0462738268
9635 1.0462738263
9687 1.0462738260
9709 1.0462738251
9735 1.0462738248
9742 1.0462738239
9745 1.0462738223
9771 1.0462738217
9780 1.0462738187
9841 1.0462738159
10098 1.0462738157
10120 1.0462738154
10217 1.0462738153
10228 1.0462738151
10251 1.0462738150
10276 1.0462738150
10313 1.0462738148
10371 1.0462738148
10432 1.0462738148
10449 1.0462738147
10635 1.0462738147
10637 1.0462738147
10646 1.0462738147
10667 1.0462738147
10779 1.0462738147
10803 1.0462738147
10846 1.0462738147
10944 1.0462738147
10980 1.0462738147
10991 1.0462738147
11024 1.0462738147
11067 1.0462738147
11076 1.0462738147
11087 1.0462738147
11091 1.0462738147
11156 1.0462738147
11171 1.0462738147
11197 1.0462738147
11216 1.0462738147
11224 1.0462738146
11421 1.0462738146
11481 1.0462738146
11491 1.0462738146
11611 1.0462738146
11760 1.0462738146
11806 1.0462738146
11809 1.0462738146
11915 1.0462738146
12052 1.0462738146
12180 1.0462738146
12265 1.0462738146
12644 1.0462738146
evaluations raw_y
1 60176.2093678138
5 37509.7787609935
6 14289.6631173327
28 11951.3924641606
45 10437.2781803805
72 7412.9416164184
77 5649.3196977031
98 3569.6784336821
141 2810.3099103152
146 2645.8115504171
253 1120.4449895957
387 835.0388850203
427 688.7450967224
437 389.1140540157
499 110.9711818803
553 26.0183999790
608 5.0694722300
638 4.6503355822
657 3.6478207655
776 3.2651254947
1023 2.7414430758
1681 2.4509330973
2289 2.3974004004
3297 2.3729496073
3505 2.3565369330
3510 2.0419290415
3663 1.9233351432
3704 1.9151543420
3910 1.8749916598
4022 1.8637985282
4048 1.8101691417
4150 1.8022654953
4160 1.7755111882
4177 1.6423788027
4278 1.6231611554
4494 1.5320771943
4822 1.5246295976
4856 1.5245279146
4931 1.5212612879
4938 1.5204616738
4943 1.5074386750
4972 1.5005920927
5104 1.4939241267
5131 1.4881994484
5177 1.4846824383
5311 1.4846496352
5445 1.4844862821
5465 1.4835330198
5530 1.4833664540
5548 1.4815299375
5658 1.4814739710
5729 1.4810975464
5821 1.4810432325
5900 1.4808398853
6005 1.4808344237
6020 1.4808295172
6021 1.4805683140
6351 1.4805602633
6428 1.4805537370
6465 1.4805505141
6471 1.4805401836
6538 1.4805348031
6605 1.4805335262
6688 1.4805332646
6702 1.4805311374
6732 1.4805306126
6767 1.4805255991
6836 1.4805236679
6976 1.4805227776
7009 1.4805227258
7011 1.4805224598
7016 1.4805216745
7030 1.4805215477
7092 1.4805211727
7236 1.4805209486
7309 1.4805207931
7395 1.4805206010
7464 1.4805205632
7505 1.4805205215
7515 1.4805205197
7538 1.4805204891
7561 1.4805204123
7603 1.4805203998
7611 1.4805203916
7670 1.4805203336
7852 1.4805203120
7872 1.4805203104
7949 1.4805203048
7950 1.4805203019
7958 1.4805202903
7979 1.4805202791
8057 1.4805202753
8069 1.4805202709
8108 1.4805202699
8146 1.4805202650
8222 1.4805202636
8264 1.4805202625
8267 1.4805202589
8364 1.4805202579
8381 1.4805202579
8451 1.4805202563
8485 1.4805202548
8488 1.4805202533
8651 1.4805202532
8679 1.4805202529
8692 1.4805202524
8701 1.4805202522
8936 1.4805202521
8986 1.4805202521
9035 1.4805202521
9068 1.4805202521
9069 1.4805202520
9103 1.4805202520
9207 1.4805202520
9308 1.4805202520
9317 1.4805202520
9337 1.4805202520
9372 1.4805202520
9596 1.4805202520
9652 1.4805202520
9731 1.4805202520
9827 1.4805202520
9855 1.4805202520
9901 1.4805202520
9960 1.4805202520
9973 1.4805202520
10005 1.4805202520
10221 1.4805202520
10246 1.4805202520
10256 1.4805202520
10279 1.4805202520
10523 1.4805202520
10530 1.4805202520
10634 1.4805202520
10692 1.4805202520
11009 1.4805202520
evaluations raw_y
1 149196.2871070079
11 28925.4727544034
41 17830.5405537427
87 17812.2413663401
113 9765.8710363150
151 6295.4272157218
186 5532.8199603526
204 3606.1237332753
229 2512.9802682894
318 1532.8604000997
329 848.1407754340
463 51.1768061399
535 4.6597587363
574 3.9901981453
587 3.6993284491
732 3.6690672080
795 3.2966776771
827 3.1653549775
863 2.8900016533
963 2.7527505538
1230 2.2990746479
3666 2.2985761737
3790 2.2602396039
3854 2.2526359447
3859 2.2416433964
3876 2.2376224672
3928 2.1368627122
4149 2.1118521260
4157 2.1050415966
4298 2.0682509002
4332 2.0527073288
4384 2.0447250228
4480 2.0387330960
4527 2.0363673265
4557 2.0274033622
4626 2.0229919148
4760 2.0227437167
4877 2.0187349679
4952 2.0184805393
5131 2.0184143936
5203 2.0166283602
5223 2.0165327898
5255 2.0155479551
5313 2.0152292997
5338 2.0151621671
5341 2.0148734483
5357 2.0142495107
5500 2.0141742463
5508 2.0139643028
5569 2.0138969412
5654 2.0138184650
5734 2.0138131596
5753 2.0138058075
5792 2.0137020798
5879 2.0136634750
5969 2.0136526331
5972 2.0136158832
6001 2.0136087578
6056 2.0135962756
6086 2.0135879751
6116 2.0135662956
6126 2.0135643058
6158 2.0135553654
6259 2.0135519748
6286 2.0135492680
6298 2.0135488015
6367 2.0135384157
6385 2.0135340502
6520 2.0135314712
6578 2.0135302933
6613 2.0135275948
6943 2.0135261208
7091 2.0135256637
7334 2.0135255203
7407 2.0135254881
7463 2.0135254673
7532 2.0135254398
7592 2.0135254290
7634 2.0135254243
7656 2.0135254131
7678 2.0135254070
7813 2.0135254067
7821 2.0135254023
7878 2.0135254014
7967 2.0135254002
7975 2.0135253962
8021 2.0135253962
8032 2.0135253943
8098 2.0135253933
8228 2.0135253914
8279 2.0135253911
8280 2.0135253909
8289 2.0135253909
8310 2.0135253902
8373 2.0135253902
8474 2.0135253900
8555 2.0135253899
8626 2.0135253898
8652 2.0135253895
8936 2.0135253895
8979 2.0135253895
9008 2.0135253894
9039 2.0135253894
9053 2.0135253894
9125 2.0135253894
9323 2.0135253894
9337 2.0135253894
9342 2.0135253894
9476 2.0135253894
9500 2.0135253894
9575 2.0135253894
9591 2.0135253894
9604 2.0135253894
9622 2.0135253894
9700 2.0135253894
9704 2.0135253894
9728 2.0135253894
9779 2.0135253894
9807 2.0135253894
9835 2.0135253894
9873 2.0135253894
9878 2.0135253894
9892 2.0135253894
9991 2.0135253894
10021 2.0135253894
10024 2.0135253894
10032 2.0135253894
10063 2.0135253894
10141 2.0135253894
10150 2.0135253894
10178 2.0135253894
10212 2.0135253894
10398 2.0135253894
10602 2.0135253894
10966 2.0135253894
evaluations raw_y
1 148866.1922611645
2 147533.0931510351
3 88924.3681882284
7 83626.4514541381
10 57548.8105026304
13 50941.3744561315
27 49355.9549865679
30 25653.7647665573
44 24025.5516902622
62 19489.2472668070
70 17947.8875617142
92 14431.8734470707
103 9097.6324498134
147 7386.0789119988
259 7138.1532819513
354 4561.4378884535
396 1407.7740068088
410 1146.0459183667
423 655.4527842204
424 202.1435505940
526 116.9367152877
563 3.9914081689
724 3.3693530752
840 3.2589533016
966 3.0176902605
1106 2.7798498997
1197 2.6812875777
2995 2.6608874256
3029 2.5900188578
3189 2.3905445513
3540 2.2742942912
3687 2.1632149917
3777 2.1513728412
3851 2.1119270680
4000 2.0726206764
4009 2.0653431717
4012 1.9747716297
4133 1.8671005859
4457 1.8638119037
4459 1.8312429241
4714 1.8277035494
4849 1.8265186655
4899 1.8217439172
5006 1.8209366150
5091 1.8193367129
5187 1.8180774677
5284 1.8180554482
5370 1.8178096395
5387 1.8174952764
5503 1.8171576774
5512 1.8170374580
5554 1.8169776267
5567 1.8168902120
5587 1.8165564353
5713 1.8165558102
5717 1.8164473437
5729 1.8164191286
5737 1.8163544335
5789 1.8163416407
5794 1.8163218288
5812 1.8162853233
5814 1.8161880160
5969 1.8161453594
6033 1.8161153506
6113 1.8161115194
6135 1.8161088304
6150 1.8161046021
6295 1.8161039298
6349 1.8161011690
6358 1.8160937097
6397 1.8160935849
6448 1.8160922591
6481 1.8160877084
6618 1.8160874907
6681 1.8160855754
6925 1.8160853454
6930 1.8160852675
6953 1.8160851738
6966 1.8160851602
7041 1.8160848599
7098 1.8160847757
7126 1.8160847138
7178 1.8160846946
7203 1.8160846306
7304 1.8160846256
7310 1.8160846196
7311 1.8160845932
7396 1.8160845514
7422 1.8160845492
7424 1.8160845461
7430 1.8160844938
7446 1.8160844867
7454 1.8160844771
7500 1.8160844478
7634 1.8160844459
7645 1.8160844369
7675 1.8160844348
7681 1.8160844312
7724 1.8160844195
7768 1.8160844158
7873 1.8160844103
7965 1.8160844080
7967 1.8160844074
7987 1.8160844057
8052 1.8160844055
8082 1.8160844046
8114 1.8160844044
8148 1.8160844038
8158 1.8160844023
8170 1.8160844022
8175 1.8160844016
8255 1.8160844009
8284 1.8160844003
8421 1.8160844001
8476 1.8160843998
8557 1.8160843997
8655 1.8160843996
8720 1.8160843996
8822 1.8160843995
8853 1.8160843995
9038 1.8160843995
9056 1.8160843995
9162 1.8160843995
9214 1.8160843995
9277 1.8160843995
9284 1.8160843995
9318 1.8160843995
9323 1.8160843995
9365 1.8160843995
9444 1.8160843995
9563 1.8160843995
9609 1.8160843995
9671 1.8160843995
9711 1.8160843995
9759 1.8160843995
9847 1.8160843995
9942 1.8160843995
10003 1.8160843995
10005 1.8160843995
10030 1.8160843995
10238 1.8160843995
10241 1.8160843995
10422 1.8160843995
10523 1.8160843995
10908 1.8160843995
evaluations raw_y
1 86341.4050935471
7 48798.7070552746
17 41293.5553214750
30 39055.6984368196
32 33220.7124444601
33 19135.9109058773
44 15782.8198180219
77 11626.1967063574
107 11445.1025351977
110 5819.4788167202
127 5792.4260542151
208 2983.1201627686
331 2686.0658272549
432 2017.8259814848
439 1064.7891428471
467 813.9824231154
517 796.2855115547
562 33.8459887867
579 4.5220683173
764 3.8521356929
773 3.7587635858
798 3.7406584423
840 3.0622563000
1175 2.9237281839
1697 2.5275305783
2967 2.4752114555
2977 2.3651520728
3193 2.3586721287
3209 2.3550674651
3557 2.3229151118
3824 2.2331871571
3858 1.9272862603
4152 1.8568129840
4374 1.8499273335
4556 1.8161511988
4741 1.7718290035
4864 1.7651386798
4887 1.7502786439
5055 1.7371358480
5124 1.7350516989
5161 1.7327343058
5260 1.7304363519
5282 1.7296098714
5286 1.7261627517
5355 1.7245981474
5374 1.7221276280
5383 1.7220626542
5495 1.7198883613
5622 1.7188063695
5633 1.7186948753
5691 1.7186519983
5739 1.7186112506
5743 1.7185170012
5812 1.7181492685
5897 1.7179969763
5906 1.7179890335
5934 1.7178157476
6057 1.7176217925
6076 1.7176058506
6130 1.7175087626
6243 1.7175058367
6289 1.7174899975
6331 1.7174633248
6450 1.7174479466
6471 1.7174471043
6523 1.7174399290
6530 1.7174384824
6651 1.7174354320
6693 1.7174310613
6709 1.7174230653
7035 1.7174213472
7069 1.7174212551
7090 1.7174211317
7117 1.7174206173
7123 1.7174195364
7301 1.7174194925
7310 1.7174194169
7322 1.7174193075
7326 1.7174192203
7370 1.7174190217
7419 1.7174188609
7525 1.7174188510
7573 1.7174188243
7613 1.7174187816
7682 1.7174187478
7759 1.7174187254
7782 1.7174187129
7843 1.7174187110
7873 1.7174187039
7947 1.7174186932
7994 1.7174186925
8033 1.7174186826
8160 1.7174186787
8256 1.7174186782
8302 1.7174186771
8306 1.7174186768
8462 1.7174186765
8470 1.7174186765
8489 1.7174186764
8524 1.7174186762
8525 1.7174186760
8561 1.7174186759
8687 1.7174186758
8726 1.7174186758
8740 1.7174186758
8798 1.7174186758
8815 1.7174186757
8927 1.7174186757
8949 1.7174186757
8970 1.7174186757
9012 1.7174186756
9081 1.7174186756
9360 1.7174186756
9364 1.7174186756
9367 1.7174186756
9484 1.7174186756
9502 1.7174186756
9549 1.7174186756
9588 1.7174186756
9768 1.7174186756
10052 1.7174186756
10091 1.7174186756
10094 1.7174186756
10177 1.7174186756
10244 1.7174186756
10485 1.7174186756
10792 1.7174186756
evaluations raw_y
1 40351.1016480944
3 3981.5283368100
12 2722.5280774874
96 2566.3147950914
115 386.7180321391
195 232.2558062087
328 4.3811253510
566 3.9407484042
636 3.6653293704
640 3.4497224520
811 2.8530433460
1073 2.6860900504
1564 2.6766534459
3811 2.6723767521
3830 2.6000719992
3877 2.4576570694
3983 2.4295350959
4004 2.4056057197
4042 2.3893595572
4068 2.3724732371
4129 2.3461646231
4265 2.2108113252
4573 2.1620627256
4761 2.1332606754
4819 2.1131886687
4912 2.1051913559
4958 2.1026181339
5029 2.1018673277
5111 2.0922914506
5227 2.0784981542
5289 2.0655746828
5393 2.0653751941
5439 2.0617445397
5474 2.0585612436
5541 2.0585095049
5599 2.0553065679
5743 2.0549795438
5746 2.0545819404
5857 2.0544468814
5963 2.0534303795
6134 2.0531705361
6515 2.0531459706
6627 2.0531347480
6642 2.0531328069
6674 2.0531294153
6684 2.0531074802
6844 2.0531006589
6894 2.0530986397
6895 2.0530973811
6993 2.0530931482
7007 2.0530926217
7122 2.0530925090
7157 2.0530919518
7164 2.0530909901
7202 2.0530901275
7299 2.0530898517
7309 2.0530898412
7339 2.0530897943
7351 2.0530895986
7391 2.0530895215
7417 2.0530894633
7435 2.0530893014
7506 2.0530889879
7538 2.0530888549
7581 2.0530888179
7583 2.0530887946
7608 2.0530887152
7632 2.0530887010
7755 2.0530886620
7825 2.0530886283
7897 2.0530886061
7903 2.0530885920
7934 2.0530885860
8017 2.0530885842
8024 2.0530885828
8054 2.0530885822
8134 2.0530885724
8150 2.0530885664
8383 2.0530885637
8426 2.0530885626
8495 2.0530885613
8534 2.0530885601
8625 2.0530885599
8664 2.0530885597
8709 2.0530885594
8788 2.0530885594
8796 2.0530885593
8815 2.0530885592
8835 2.0530885591
8874 2.0530885587
8880 2.0530885587
8923 2.0530885586
9015 2.0530885586
9020 2.0530885583
9100 2.0530885583
9155 2.0530885583
9166 2.0530885583
9183 2.0530885582
9256 2.0530885582
9312 2.0530885582
9334 2.0530885582
9344 2.0530885582
9357 2.0530885582
9414 2.0530885582
9428 2.0530885582
9500 2.0530885582
9546 2.0530885582
9583 2.0530885582
9620 2.0530885582
9671 2.0530885582
9714 2.0530885582
9733 2.0530885582
9772 2.0530885582
9788 2.0530885581
9885 2.0530885581
9919 2.0530885581
9932 2.0530885581
9933 2.0530885581
9960 2.0530885581
9966 2.0530885581
9973 2.0530885581
9983 2.0530885581
10006 2.0530885581
10280 2.0530885581
10391 2.0530885581
10539 2.0530885581
10853 2.0530885581
evaluations raw_y
1 263615.6576505381
2 137762.0318028057
5 135917.1242797571
6 90047.2213007620
11 52722.2652938692
12 43113.6425383244
15 4018.2079612624
284 2874.1686131350
392 2075.1321279717
394 840.1455554024
463 545.1470665361
487 70.9691146411
554 4.0967007491
674 3.7160921218
724 3.5784067181
796 3.5200404291
803 3.4442196884
812 3.0631944053
976 3.0442410210
1079 2.8988998973
1318 2.8339105679
1457 2.6054427997
2258 2.5037224700
2617 2.3653749591
2736 2.3272422815
2751 2.1552553066
2951 2.0487822317
3035 1.7165329105
3416 1.4430396868
3602 1.2641481636
3874 1.2386259794
3943 1.2239464097
3978 1.1915358667
4042 1.1836814540
4053 1.1625696115
4073 1.1618864167
4215 1.1591116433
4228 1.1566888300
4256 1.1423586976
4361 1.1396514813
4364 1.1308365787
4709 1.1277054896
4866 1.1275579151
4929 1.1274482916
4985 1.1271889174
4997 1.1271498368
5009 1.1269823592
5056 1.1265211209
5130 1.1264004004
5134 1.1263466246
5239 1.1260066586
5292 1.1259619105
5374 1.1258278478
5451 1.1258047627
5491 1.1257710038
5552 1.1257418132
5602 1.1257409836
5609 1.1257149641
5676 1.1257137855
5701 1.1256930384
5749 1.1256774941
5982 1.1256771138
6033 1.1256719936
6252 1.1256704189
6267 1.1256703044
6268 1.1256701405
6378 1.1256700284
6413 1.1256694760
6432 1.1256692814
6454 1.1256690762
6490 1.1256687488
6555 1.1256685229
6577 1.1256684705
6621 1.1256684348
6625 1.1256680157
6732 1.1256680013
6803 1.1256679683
6811 1.1256678911
6878 1.1256678402
6907 1.1256678248
6930 1.1256677871
6965 1.1256677779
6983 1.1256677463
6985 1.1256677269
7009 1.1256677020
7099 1.1256676599
7186 1.1256676338
7265 1.1256676320
7296 1.1256676184
7350 1.1256676102
7414 1.1256676069
7479 1.1256676012
7581 1.1256675971
7742 1.1256675968
7743 1.1256675959
7760 1.1256675955
7773 1.1256675955
7789 1.1256675948
7802 1.1256675947
7844 1.1256675946
7905 1.1256675944
7908 1.1256675943
7937 1.1256675936
8042 1.1256675935
8183 1.1256675935
8273 1.1256675935
8318 1.1256675935
8394 1.1256675934
8509 1.1256675934
8558 1.1256675934
8581 1.1256675934
8595 1.1256675934
8660 1.1256675934
8698 1.1256675934
8745 1.1256675934
8747 1.1256675934
8793 1.1256675934
8832 1.1256675934
8844 1.1256675934
8865 1.1256675933
8914 1.1256675933
9022 1.1256675933
9077 1.1256675933
9191 1.1256675933
9198 1.1256675933
9262 1.1256675933
9291 1.1256675933
9356 1.1256675933
9381 1.1256675933
9463 1.1256675933
9534 1.1256675933
9588 1.1256675933
9654 1.1256675933
9666 1.1256675933
9867 1.1256675933
9914 1.1256675933
10380 1.1256675933
evaluations raw_y
1 79000.1432195840
3 67515.5269916226
4 61087.1782271062
9 60724.9943710343
11 46368.2875456437
18 31166.4311265772
33 27114.5862464670
38 19587.6742561195
58 12269.7008485142
65 9173.1527348878
92 2354.0572070642
166 639.7563700951
440 564.7990612656
503 379.5899148948
572 182.1437365293
577 64.6132544806
597 37.3282969489
676 3.8542556131
752 3.5191014394
830 3.4381892940
874 3.2184830873
1020 2.8881789230
1272 2.7890798941
1325 2.6961156601
1425 2.6428027664
1601 2.5049899543
2647 2.3803762421
2655 2.3443481145
3006 2.1791494090
3402 2.1740949845
3412 2.0515119480
3491 2.0118531799
3537 1.9904706997
3566 1.8827923545
3678 1.8747343547
3857 1.8684563993
3912 1.8188418640
4045 1.7374582051
4083 1.7173575688
4210 1.7001298411
4379 1.6970987316
4411 1.6906860106
4481 1.6878403673
4539 1.6751213177
4561 1.6719545955
4642 1.6710665048
4683 1.6684255616
4685 1.6669589217
4718 1.6645038332
4825 1.6626183375
4942 1.6623845463
4945 1.6623714583
4961 1.6618512379
5011 1.6609219688
5050 1.6596613165
5092 1.6591911355
5217 1.6591806823
5239 1.6591278517
5247 1.6588459965
5362 1.6587406645
5407 1.6587132081
5452 1.6585392300
5512 1.6585061066
5600 1.6583230363
5782 1.6582602213
5806 1.6582376388
5928 1.6582277634
6031 1.6582262293
6035 1.6582240007
6038 1.6582090864
6116 1.6582070433
6133 1.6582035605
6165 1.6581940886
6184 1.6581931829
6239 1.6581904020
6282 1.6581884536
6324 1.6581860675
6325 1.6581853590
6332 1.6581844493
6348 1.6581833724
6355 1.6581801960
6590 1.6581787269
6748 1.6581781487
6867 1.6581780928
6884 1.6581780499
6914 1.6581779999
6947 1.6581778644
6995 1.6581777260
7066 1.6581776748
7094 1.6581776586
7175 1.6581776522
7183 1.6581776256
7202 1.6581776200
7240 1.6581775851
7345 1.6581775508
7372 1.6581775344
7458 1.6581775192
7464 1.6581775184
7465 1.6581775163
7488 1.6581775111
7565 1.6581775105
7569 1.6581775102
7596 1.6581775017
7650 1.6581775011
7692 1.6581774989
7693 1.6581774940
7752 1.6581774938
7797 1.6581774911
7889 1.6581774888
7999 1.6581774874
8003 1.6581774874
8039 1.6581774870
8051 1.6581774869
8065 1.6581774865
8102 1.6581774862
8114 1.6581774859
8164 1.6581774851
8248 1.6581774850
8344 1.6581774849
8351 1.6581774849
8358 1.6581774849
8366 1.6581774846
8405 1.6581774846
8406 1.6581774844
8482 1.6581774844
8524 1.6581774844
8527 1.6581774844
8537 1.6581774843
8547 1.6581774842
8562 1.6581774841
8722 1.6581774841
8736 1.6581774841
8745 1.6581774841
8763 1.6581774841
8883 1.6581774841
8941 1.6581774841
9002 1.6581774841
9067 1.6581774841
9085 1.6581774841
9108 1.6581774841
9111 1.6581774841
9137 1.6581774841
9254 1.6581774841
9603 1.6581774841
9688 1.6581774841
9705 1.6581774841
9733 1.6581774841
9857 1.6581774841
9879 1.6581774841
9881 1.6581774841
10000 1.6581774841
10068 1.6581774841
10078 1.6581774841
10082 1.6581774841
10102 1.6581774841
10262 1.6581774841
10291 1.6581774841
10319 1.6581774841
10431 1.6581774841
10495 1.6581774841
10646 1.6581774841
10957 1.6581774841
evaluations raw_y
1 104322.8116068284
6 76986.1710598202
14 49278.4451952136
20 38407.7246849305
31 23443.2491391326
59 22708.8183443618
73 17120.6717222440
90 13904.7915078401
94 9195.0469908728
331 7588.4322421765
368 6758.0150531995
454 2544.5099009342
531 2344.6422533852
539 188.9123684811
640 39.8963738094
664 8.4057127875
699 2.8771709571
707 2.8406744976
1092 2.6588487421
1339 2.6488337537
1674 2.6250355476
2386 2.3891052147
4222 2.3387366961
4422 2.3238929859
4502 2.1779524520
4585 2.1231404864
4723 1.9456934224
4894 1.9310812634
4906 1.8976972687
4950 1.8915429527
4954 1.7973913100
5078 1.7681673289
5081 1.7658435937
5095 1.7552990788
5103 1.7021153567
5420 1.6994955308
5447 1.6980192168
5459 1.6919421651
5476 1.6873654495
5546 1.6861012202
5547 1.6845254065
5583 1.6830762198
5616 1.6740648683
5653 1.6728341303
5692 1.6689594084
5740 1.6687347326
5772 1.6677421086
5795 1.6670343987
5810 1.6637763625
5890 1.6633841299
5893 1.6630005676
5913 1.6606105360
6039 1.6597744475
6178 1.6593431222
6209 1.6593284166
6221 1.6591804975
6255 1.6591654826
6271 1.6590814258
6289 1.6587472883
6371 1.6586426249
6379 1.6585608883
6432 1.6583595585
6803 1.6583333719
6816 1.6583271264
6858 1.6582999956
6990 1.6582941427
7010 1.6582843473
7131 1.6582840591
7145 1.6582836502
7157 1.6582751121
7399 1.6582746525
7428 1.6582739203
7448 1.6582736699
7452 1.6582710663
7612 1.6582709711
7623 1.6582708193
7649 1.6582707149
7655 1.6582703820
7705 1.6582699488
7835 1.6582699010
7869 1.6582697615
7911 1.6582696704
7976 1.6582696472
7978 1.6582695738
8068 1.6582694802
8145 1.6582694353
8188 1.6582694014
8329 1.6582693983
8335 1.6582693888
8448 1.6582693850
8458 1.6582693847
8476 1.6582693804
8536 1.6582693767
8566 1.6582693723
8583 1.6582693687
8590 1.6582693683
8687 1.6582693670
8690 1.6582693655
8784 1.6582693642
8835 1.6582693640
8874 1.6582693638
8976 1.6582693637
8982 1.6582693631
9000 1.6582693631
9142 1.6582693630
9170 1.6582693628
9255 1.6582693627
9344 1.6582693627
9431 1.6582693627
9580 1.6582693626
9584 1.6582693626
9603 1.6582693626
9701 1.6582693626
9732 1.6582693626
9778 1.6582693626
9886 1.6582693626
9936 1.6582693626
9959 1.6582693626
9972 1.6582693626
9979 1.6582693626
10193 1.6582693626
10264 1.6582693626
10399 1.6582693626
10521 1.6582693626
10575 1.6582693626
10588 1.6582693626
10623 1.6582693626
10640 1.6582693626
10671 1.6582693626
10822 1.6582693626
10857 1.6582693626
10874 1.6582693626
10894 1.6582693626
10904 1.6582693626
10922 1.6582693626
10988 1.6582693626
11302 1.6582693626
11395 1.6582693626
11556 1.6582693626
11662 1.6582693626
11913 1.6582693626
12248 1.6582693626
evaluations raw_y
1 165659.8920619413
3 58653.4537447901
13 55605.4215711599
14 45759.6622155870
15 41384.6476283985
24 30056.8575063260
38 10820.1345940507
74 8172.3173003701
84 5138.2325299089
125 1184.4968615520
309 676.3940170970
348 110.4479115409
518 68.0343865586
526 42.9256126769
531 31.2396986096
544 6.9262653882
548 4.0985814300
677 3.7957718371
710 3.7268729532
735 3.2241331352
864 3.1934634856
913 3.1672336751
980 2.9194283508
1054 2.8401874663
2318 2.7019302175
2707 2.5501192014
2880 2.4879034855
3505 2.4450868903
3546 2.1609284932
3565 2.1086340693
3689 1.8430928968
3865 1.8333383070
3946 1.6347783145
3988 1.5776311716
4143 1.5377906268
4156 1.5096801007
4289 1.5067536652
4332 1.4692768924
4519 1.4637246438
4539 1.4530505849
4652 1.4495073038
4690 1.4492073308
4744 1.4484944030
4775 1.4481445320
4785 1.4462664135
4830 1.4461919008
4897 1.4459656401
4919 1.4450766606
4983 1.4438403279
5070 1.4425733515
5133 1.4417758551
5356 1.4416550370
5369 1.4414635123
5379 1.4413678564
5400 1.4413274397
5549 1.4412168482
5585 1.4411662336
5636 1.4411582033
5745 1.4411524371
5760 1.4411513196
5761 1.4411490743
5771 1.4410879793
5876 1.4410733267
5930 1.4410710190
6007 1.4410693671
6018 1.4410633689
6079 1.4410617742
6143 1.4410611981
6164 1.4410554396
6312 1.4410519793
6374 1.4410508571
6507 1.4410507063
6535 1.4410506840
6566 1.4410504146
6626 1.4410503662
6636 1.4410502120
6664 1.4410501045
6686 1.4410499895
6687 1.4410499097
6693 1.4410496640
6705 1.4410495192
6742 1.4410494492
6809 1.4410492777
6816 1.4410492685
6938 1.4410492572
6970 1.4410492369
6982 1.4410491029
7039 1.4410490484
7108 1.4410490352
7110 1.4410490154
7180 1.4410490079
7225 1.4410489897
7235 1.4410489851
7354 1.4410489845
7367 1.4410489835
7381 1.4410489798
7418 1.4410489695
7592 1.4410489695
7621 1.4410489678
7624 1.4410489668
7680 1.4410489653
7774 1.4410489649
7783 1.4410489649
7797 1.4410489637
7855 1.4410489634
7860 1.4410489629
7905 1.4410489629
7978 1.4410489624
7993 1.4410489621
8041 1.4410489620
8205 1.4410489619
8217 1.4410489619
8285 1.4410489619
8312 1.4410489619
8371 1.4410489618
8374 1.4410489617
8514 1.4410489617
8646 1.4410489617
8661 1.4410489617
8680 1.4410489617
8699 1.4410489617
8785 1.4410489617
8846 1.4410489617
8898 1.4410489617
8980 1.4410489617
9048 1.4410489617
9251 1.4410489617
9259 1.4410489617
9399 1.4410489617
9448 1.4410489617
9514 1.4410489617
9550 1.4410489617
9613 1.4410489617
9621 1.4410489617
9625 1.4410489617
9767 1.4410489617
9786 1.4410489617
9807 1.4410489617
9840 1.4410489617
9852 1.4410489617
9856 1.4410489617
9930 1.4410489617
9977 1.4410489617
10020 1.4410489617
10138 1.4410489617
10266 1.4410489617
10697 1.4410489617
evaluations raw_y
1 387526.1031735520
3 337402.0060980330
5 226083.8106913530
6 217231.1934556937
10 183513.0047064391
13 165982.0246426043
17 66344.9637407468
30 59958.5696026574
37 50743.2886622151
38 34909.5583294153
65 21566.9998883956
115 9240.8267642606
203 7394.0210409844
282 5126.7845928349
354 2820.5110694554
374 1408.1407476157
476 1247.3330144685
494 730.2828284774
528 238.3762612994
544 8.8407047345
685 4.9884678171
726 3.8930187091
727 3.2953761601
824 2.9845840477
1476 2.8589617967
1522 2.7457985035
2180 2.5905089338
2854 2.4781519802
2881 2.4348408365
3442 2.4226350770
3486 2.3847218773
3650 2.3164551307
3719 2.0222181657
4116 1.7752237096
4236 1.6628480106
4573 1.6264788482
4704 1.5664018770
4802 1.4791105476
4820 1.4679441029
4948 1.4061876791
5060 1.3631790259
5181 1.3435826331
5221 1.3117809633
5373 1.2489928682
5396 1.2239862441
5461 1.1957535121
5675 1.1894660260
5739 1.1850677230
5840 1.1845273356
5871 1.1821826409
5885 1.1810615190
5888 1.1796003569
5892 1.1752029840
5970 1.1728378322
5995 1.1705749852
6135 1.1702823498
6179 1.1691882810
6221 1.1683254601
6280 1.1672528374
6355 1.1669369730
6391 1.1668760434
6402 1.1663707675
6456 1.1659024454
6482 1.1656349016
6596 1.1654474095
6720 1.1648462856
6957 1.1648281032
7050 1.1648138838
7099 1.1647827024
7128 1.1647748344
7163 1.1647565633
7179 1.1647383753
7229 1.1647283090
7309 1.1647180274
7403 1.1646890370
7525 1.1646878366
7550 1.1646835618
7619 1.1646817031
7621 1.1646815446
7679 1.1646785309
7715 1.1646775176
7720 1.1646773471
7721 1.1646743729
7783 1.1646738649
7785 1.1646729057
7816 1.1646705602
7893 1.1646704730
8004 1.1646699446
8086 1.1646691315
8095 1.1646689986
8147 1.1646687748
8224 1.1646686191
8311 1.1646684306
8390 1.1646683278
8427 1.1646683051
8440 1.1646681967
8611 1.1646681881
8633 1.1646681734
8643 1.1646681449
8774 1.1646681369
8794 1.1646681192
8937 1.1646681186
8945 1.1646681119
8982 1.1646681101
9055 1.1646681089
9104 1.1646681073
9180 1.1646681054
9283 1.1646681038
9296 1.1646681027
9444 1.1646681018
9506 1.1646681015
9522 1.1646681013
9657 1.1646681012
9704 1.1646681011
9706 1.1646681010
9823 1.1646681009
9864 1.1646681009
9884 1.1646681009
9904 1.1646681009
9974 1.1646681008
9988 1.1646681008
10057 1.1646681008
10065 1.1646681008
10147 1.1646681008
10153 1.1646681008
10206 1.1646681008
10237 1.1646681008
10254 1.1646681008
10298 1.1646681008
10334 1.1646681008
10388 1.1646681008
10621 1.1646681008
10681 1.1646681008
10703 1.1646681008
10759 1.1646681008
10850 1.1646681008
10856 1.1646681008
11098 1.1646681008
11118 1.1646681008
11151 1.1646681008
11194 1.1646681008
11296 1.1646681008
11352 1.1646681008
11888 1.1646681008
evaluations raw_y
1 86781.5164325783
3 12643.0832730398
11 12637.7942592474
35 8894.8708580529
70 7491.4651478628
88 6052.9396587093
94 5539.2204908848
114 4283.0016223278
117 1690.6808908801
170 963.7747805887
190 862.0257184411
245 554.6513424503
264 527.6586206172
296 450.2196723178
300 137.3616039488
451 18.9089567146
514 15.5479530934
537 5.7187708254
574 4.4445423363
594 3.7934059304
625 3.3074747713
916 3.2209619117
1056 3.1330446810
1213 3.0786953401
1298 2.9864355227
1343 2.6464991532
1524 2.4046295084
1643 2.3703963982
1849 2.3635593233
1939 2.1185007373
1967 1.7758864270
2467 1.7364748374
2634 1.6161857057
2685 1.4866282471
2695 1.4808032143
2861 1.4653158923
2964 1.4418988692
3051 1.3855507765
3091 1.3323977277
3101 1.1445302043
3108 1.1172267241
3124 1.0837212728
3351 1.0123156698
3405 1.0042035578
3639 0.9960343393
3649 0.9888186755
3704 0.9763528381
3723 0.9646769855
3744 0.9629508019
3761 0.9502252355
3808 0.9462852419
3836 0.9441739300
3850 0.9277757239
3889 0.9232057024
4012 0.9221566682
4047 0.9193033549
4111 0.9192528407
4138 0.9183036393
4146 0.9169323521
4212 0.9130031447
4330 0.9111795059
4351 0.9102507405
4442 0.9101359108
4525 0.9093824682
4590 0.9092161697
4596 0.9089384420
4692 0.9088271156
4740 0.9087672749
4773 0.9087411926
4784 0.9084382819
4802 0.9084040118
4824 0.9083050618
4895 0.9082976515
4951 0.9082548215
5027 0.9082046523
5096 0.9081544993
5164 0.9081452946
5219 0.9081304089
5231 0.9081223215
5262 0.9081212932
5268 0.9080913835
5309 0.9080845716
5376 0.9080834089
5442 0.9080828529
5502 0.9080816836
5601 0.9080813097
5644 0.9080782129
5663 0.9080715141
5731 0.9080711032
5769 0.9080696960
5830 0.9080687497
5842 0.9080686212
5849 0.9080684940
5875 0.9080684272
5932 0.9080683205
5935 0.9080677348
5966 0.9080677233
6006 0.9080668582
6046 0.9080662262
6200 0.9080661982
6206 0.9080658985
6338 0.9080658124
6357 0.9080658073
6365 0.9080657481
6371 0.9080657210
6419 0.9080657024
6494 0.9080656986
6506 0.9080656982
6521 0.9080656943
6522 0.9080656724
6534 0.9080656429
6568 0.9080656395
6587 0.9080656353
6612 0.9080656034
6660 0.9080655886
6825 0.9080655884
6830 0.9080655873
6915 0.9080655840
7043 0.9080655836
7074 0.9080655823
7136 0.9080655817
7152 0.9080655807
7172 0.9080655797
7298 0.9080655796
7341 0.9080655794
7445 0.9080655793
7448 0.9080655791
7455 0.9080655790
7499 0.9080655790
7623 0.9080655789
7640 0.9080655789
7645 0.9080655789
7707 0.9080655788
7733 0.9080655788
7894 0.9080655788
7897 0.9080655788
7906 0.9080655788
7956 0.9080655788
7964 0.9080655788
7971 0.9080655787
8045 0.9080655787
8047 0.9080655787
8069 0.9080655787
8151 0.9080655787
8216 0.9080655787
8252 0.9080655787
8257 0.9080655787
8258 0.9080655787
8271 0.9080655787
8292 0.9080655787
8385 0.9080655787
8442 0.9080655787
8604 0.9080655787
8611 0.9080655787
8637 0.9080655787
8681 0.9080655787
8685 0.9080655787
8729 0.9080655787
8799 0.9080655787
8811 0.9080655787
8933 0.9080655787
8934 0.9080655787
8957 0.9080655787
8964 0.9080655787
9016 0.9080655787
9048 0.9080655787
9061 0.9080655787
9083 0.9080655787
9104 0.9080655787
9122 0.9080655787
9231 0.9080655787
9256 0.9080655787
9262 0.9080655787
9305 0.9080655787
9389 0.9080655787
9499 0.9080655787
9511 0.9080655787
9613 0.9080655787
9680 0.9080655787
9719 0.9080655787
9741 0.9080655787
10361 0.9080655787
evaluations raw_y
1 92297.7120887679
6 74803.3895657620
16 59090.0587574899
17 48267.5688318729
37 15838.8072464007
77 15408.7761535456
101 13329.0464266437
120 7351.6075850432
145 5338.5381344197
158 535.5907563504
176 14.4611946483
531 3.0690253708
860 2.9944485171
887 2.9377507538
1213 2.8630447802
1377 2.6885193224
1457 2.6620214796
2251 2.2741969558
3487 2.1287367349
4560 2.1203645455
4772 2.0138860763
4890 1.9678789161
4917 1.8837127550
4932 1.7207880349
4942 1.4817746024
5182 1.4347224515
5210 1.4274348649
5236 1.3622995302
5245 1.3220488678
5248 1.2623415704
5366 1.2604335311
5511 1.1631681493
5557 1.1495637920
5615 1.1439972268
5673 1.1320755322
5676 1.1056219465
5730 1.0464970841
5825 1.0376368424
5928 1.0245323989
6012 1.0071888211
6242 0.9969354239
6263 0.9957273159
6383 0.9955656870
6464 0.9940536207
6484 0.9926969126
6523 0.9912914184
6557 0.9907041048
6604 0.9898448313
6628 0.9897016790
6719 0.9891677551
6778 0.9887158984
6829 0.9886311690
6871 0.9877130556
7047 0.9876401788
7062 0.9873984132
7123 0.9872862860
7182 0.9872287542
7319 0.9871534038
7387 0.9871315557
7402 0.9871051744
7487 0.9870658887
7678 0.9870630434
7735 0.9870471165
7839 0.9870416362
7947 0.9870385009
8119 0.9870375911
8183 0.9870354495
8381 0.9870346997
8382 0.9870346459
8388 0.9870345782
8411 0.9870345760
8417 0.9870332335
8675 0.9870330822
8691 0.9870328966
8794 0.9870328509
8808 0.9870328404
8818 0.9870328244
8829 0.9870328082
8868 0.9870328070
8902 0.9870328064
8935 0.9870327837
8993 0.9870327797
9022 0.9870327515
9033 0.9870327465
9036 0.9870327112
9060 0.9870326887
9120 0.9870326858
9133 0.9870326677
9166 0.9870326564
9275 0.9870326500
9289 0.9870326406
9361 0.9870326387
9451 0.9870326319
9516 0.9870326301
9586 0.9870326276
9595 0.9870326262
9693 0.9870326260
9768 0.9870326258
9792 0.9870326251
9797 0.9870326241
9905 0.9870326237
10006 0.9870326237
10037 0.9870326236
10078 0.9870326236
10103 0.9870326235
10158 0.9870326232
10236 0.9870326232
10342 0.9870326232
10421 0.9870326232
10447 0.9870326231
10453 0.9870326231
10681 0.9870326231
10693 0.9870326231
10718 0.9870326231
10816 0.9870326231
10881 0.9870326231
10920 0.9870326231
11032 0.9870326231
11115 0.9870326231
11158 0.9870326231
11196 0.9870326231
11285 0.9870326231
11315 0.9870326231
11392 0.9870326231
11422 0.9870326231
11475 0.9870326231
11487 0.9870326231
11492 0.9870326231
11551 0.9870326231
11602 0.9870326231
11613 0.9870326231
11718 0.9870326231
11746 0.9870326231
11838 0.9870326231
11870 0.9870326231
11901 0.9870326231
11929 0.9870326231
11931 0.9870326231
12037 0.9870326231
12256 0.9870326231
12644 0.9870326231
12794 0.9870326231
evaluations raw_y
1 116046.8223577702
8 104964.9412040135
9 82138.5189377161
13 57048.4386530058
29 53426.2184724525
31 50557.1139006236
34 30966.8766719418
39 28978.6226853381
50 26984.7007346374
59 9795.3795327125
134 4009.0529335875
270 250.5911186589
411 4.5535163298
555 3.4285424603
604 3.2907121118
684 3.1719873934
881 2.9420510833
1423 2.4391417348
3448 2.4324096068
3455 2.1616547184
3928 2.1213511994
3954 2.0620303455
4026 2.0440836252
4052 1.9998984141
4238 1.9768116669
4335 1.9652721517
4463 1.9634042836
4484 1.9430976396
4578 1.9401794170
4603 1.9394897792
4633 1.9337635991
4733 1.9321450762
4747 1.9300084204
4774 1.9292700548
4859 1.9236234490
4890 1.9235543543
4912 1.9233665258
4916 1.9222906387
4925 1.9196057786
5069 1.9193902045
5102 1.9173710993
5121 1.9171896477
5223 1.9168896341
5302 1.9167430425
5303 1.9156058058
5444 1.9153559772
5482 1.9151110738
5690 1.9150631962
5855 1.9150241239
5899 1.9150142811
5985 1.9150028338
5987 1.9149743998
6022 1.9149732170
6055 1.9149661103
6085 1.9149356360
6259 1.9149333755
6296 1.9149330416
6312 1.9149306000
6318 1.9149229493
6350 1.9149219773
6453 1.9149204662
6699 1.9149199864
6721 1.9149191853
6731 1.9149191509
6736 1.9149189948
6746 1.9149188302
6762 1.9149182632
6826 1.9149176523
6869 1.9149174632
6885 1.9149172256
6971 1.9149165069
7018 1.9149164243
7053 1.9149163837
7071 1.9149162190
7141 1.9149161504
7227 1.9149160788
7336 1.9149160503
7349 1.9149160317
7374 1.9149160198
7464 1.9149160012
7480 1.9149159929
7534 1.9149159676
7582 1.9149159623
7634 1.9149159535
7715 1.9149159535
7733 1.9149159515
7766 1.9149159479
7826 1.9149159427
7862 1.9149159426
7893 1.9149159370
8041 1.9149159370
8047 1.9149159357
8059 1.9149159349
8106 1.9149159343
8163 1.9149159340
8249 1.9149159340
8276 1.9149159339
8302 1.9149159338
8363 1.9149159337
8374 1.9149159337
8378 1.9149159337
8406 1.9149159336
8485 1.9149159336
8490 1.9149159335
8532 1.9149159334
8543 1.9149159333
8625 1.9149159332
8636 1.9149159332
8667 1.9149159332
8681 1.9149159332
8714 1.9149159332
8810 1.9149159332
8816 1.9149159332
8829 1.9149159332
8850 1.9149159332
8892 1.9149159331
8894 1.9149159331
9083 1.9149159331
9100 1.9149159331
9121 1.9149159331
9129 1.9149159331
9176 1.9149159331
9268 1.9149159331
9304 1.9149159331
9374 1.9149159331
9419 1.9149159331
9521 1.9149159331
9577 1.9149159331
9736 1.9149159331
9737 1.9149159331
9835 1.9149159331
9853 1.9149159331
9966 1.9149159331
10254 1.9149159331
10560 1.9149159331
