evaluations raw_y
1 407.1003316287
2 395.5367465345
4 318.5468415749
16 315.5874888860
19 285.5445075697
48 281.3581884208
56 218.6024270270
89 203.2425030173
101 199.9817510040
110 193.7371060483
125 173.2529209869
127 172.8951071856
131 157.6466373888
162 116.4099526324
205 103.2670573964
226 84.5211444481
233 58.7403626376
314 55.5493831863
320 53.3737248710
325 52.1260741512
369 44.4174000960
383 26.0758236217
445 16.4318799354
462 14.8574013203
557 2.8435837911
1062 0.0000000000
6880 2396202.8155858754
evaluations raw_y
1 378.0583408763
2 332.3489340216
3 236.3139697151
18 202.8573713480
63 185.8235638734
80 166.6208224247
82 157.2869856429
86 155.5345168171
103 135.0663993779
108 134.2380495484
110 128.4032911341
125 114.2293825697
139 96.0394960808
162 69.8386741878
172 59.7934731597
244 49.7725574717
246 46.2503663572
253 45.3543795384
296 23.8123407118
327 6.4272790056
1048 0.0000000000
6800 5900887.1056447774
evaluations raw_y
1 305.6768356076
4 288.4068217195
14 283.7292200611
18 244.6882735883
51 196.3188264697
95 191.8834993314
104 178.6287256914
115 170.0617842392
125 155.9539032201
155 142.9403202487
161 139.9548496224
162 117.4778934072
199 107.5997477258
200 69.1151674857
220 66.3375503928
240 65.6396852641
245 42.2028800900
287 37.9048961046
326 28.0834537897
461 21.8106878768
533 11.2584262822
785 8.8162191119
915 0.0000000000
6975 183.9222769188
evaluations raw_y
1 353.9334986309
2 309.3400655116
6 285.8589987090
9 282.8808392142
13 282.7674287486
18 250.0004108382
21 247.8321581979
33 232.2301659543
37 230.1116502631
51 213.3131368320
57 211.4008205876
59 179.4126462922
109 149.8905568117
123 147.5484324557
131 123.1370177056
187 116.6132613105
195 112.0755568459
204 110.5200022758
206 62.0899553950
286 53.3006012236
376 45.1933487426
384 37.7543152894
443 31.4014538091
451 27.9315210466
473 27.4485010977
505 21.7026293111
577 19.0244822437
635 15.7798300823
743 14.8326230681
809 9.9951502347
1065 0.0000000000
6821 95.7018162146
evaluations raw_y
1 240.0880436899
14 223.8516219338
25 185.9567848016
56 183.8589473291
60 183.5616392547
66 180.4740577223
70 179.4134539581
76 139.4754006481
87 127.6535736182
102 118.5044832894
129 86.3643170605
177 85.7040174144
181 79.9742262205
210 75.8946220033
252 59.9341349189
256 57.3267954333
267 45.3789870953
348 34.6779421650
367 30.4802809858
400 22.1052333437
531 17.5428200620
1004 0.0000000000
6757 663216.7432563327
evaluations raw_y
1 421.3739888353
3 334.0611920239
5 326.9187861485
9 325.3268757388
16 319.6416685915
19 314.8221475583
25 305.2489541878
26 279.0947701311
49 264.9840424411
50 261.0299956031
62 254.1045005822
69 241.2072888559
95 230.6625767839
96 208.5419813272
104 205.5126295177
108 199.7953791713
129 195.6576765101
134 189.7707597825
162 180.2003215355
167 122.2455084979
200 121.1694188698
224 116.3002107761
240 96.0695512468
242 90.0836339734
283 67.2448793296
339 62.9681393199
353 57.3029522407
395 44.8617500802
397 41.2909170556
435 25.5269365568
444 25.1410612255
511 10.6044617046
825 0.0000000000
6797 406120.2967885419
evaluations raw_y
1 478.6134712909
2 407.4888374933
3 377.2031797884
11 373.7088238869
14 368.8942787859
15 334.4228068491
25 311.2652940319
53 299.9380719714
57 280.8274097451
80 271.7505671494
87 266.3868231446
92 218.8949118138
133 205.0221513564
148 202.2873561157
162 175.5480318887
187 149.1273873545
207 127.3707929561
269 110.7927306145
288 104.7110013630
295 97.5131618219
325 67.6824653837
378 33.1282340438
572 24.3969069762
600 14.0571964868
895 0.0000000000
7050 215.2380673314
evaluations raw_y
1 381.6656484850
4 373.8554855177
5 326.9521304604
6 302.6393283935
14 292.0650683258
17 275.6454703549
25 252.9388015870
28 220.6114659067
50 215.0779093525
57 188.1444366635
83 186.4541045003
88 144.6300736187
128 133.7115858817
132 123.8486784390
137 97.1562570835
145 78.0925347681
164 74.1864270150
181 70.4486865768
203 64.6656838554
243 60.1912659413
248 42.5595964437
317 20.1788008406
661 1.1600068361
1166 0.0000000000
6887 445477.7187309443
evaluations raw_y
1 287.5285630793
2 278.8974727817
20 253.6870241314
27 251.9437169897
32 251.1817301015
40 250.8438750498
45 242.8056290501
50 219.5603080773
56 195.4175589604
96 194.4521002089
98 187.3821058349
100 187.3097269814
109 177.8306795259
118 169.3558673574
128 168.2550865031
132 149.4786209436
136 144.5373890817
167 116.6920726042
174 110.2547728678
187 108.3279520782
211 91.4427662592
218 83.9215582630
234 83.6668069309
251 69.6070739596
259 27.2526688744
408 5.4217405863
654 3.3127645015
684 0.0000000000
6822 44.8550353168
evaluations raw_y
1 451.5871335348
2 403.1217356888
4 396.3312038531
7 368.3785767053
15 346.5968803395
22 341.8562376886
41 298.2849520405
48 290.5361892899
65 277.2090766836
88 239.1623449003
123 225.1351726506
125 210.7540123250
149 205.2285745196
161 131.6900465904
226 126.3664852158
231 120.6186684354
240 107.7067806295
270 104.1921619555
271 102.8854837132
293 56.6776915430
395 56.2671690469
406 27.7790903631
708 18.6071527963
743 2.7351742975
1014 0.0000000000
6795 1649931.8016616206
evaluations raw_y
1 411.4503794379
6 344.4306646053
24 303.4309343422
56 299.9227790440
92 274.4100708063
103 268.7348339458
105 260.5858011151
109 246.8387637736
115 245.3321288626
133 241.3908747789
134 231.8166086676
152 222.1436787961
163 164.0878182102
165 153.4169123994
204 116.0606758506
249 110.6240434911
271 100.5215594723
288 94.8487408224
295 83.2085775036
303 69.6660637553
334 57.4298625249
371 32.3650906216
486 26.9328328004
547 17.7825483897
573 17.4712434787
631 9.6446452476
695 0.0000000000
6904 201.2196440058
evaluations raw_y
1 469.8341515847
2 362.4141619910
4 308.3450816509
10 266.6414997950
19 240.5151773362
50 214.0241365914
72 213.1121839564
89 193.5442889728
102 193.5409883261
112 183.8179003863
124 165.7027000735
126 148.5958120357
133 135.2424204722
146 131.8584504114
162 125.3505206477
172 118.3242644914
175 117.3786248880
184 111.8175741153
191 102.8727267608
200 78.6862007031
220 70.3460326736
260 62.3316466161
261 53.8583653012
339 44.9485011174
393 42.4348204801
421 39.8521438653
434 24.8421107221
438 19.6745997373
583 8.0062774877
589 2.0358234177
1085 0.0000000000
7052 153.2813832694
evaluations raw_y
1 451.6676949632
4 363.5397807280
15 344.2671279392
36 340.2814730890
47 296.9304323324
51 280.2684726035
68 234.7609597051
111 228.6870740464
125 220.1775158498
128 213.1975537524
135 204.2700253708
138 182.3119937838
173 180.6296621418
183 165.9464868286
200 130.6452170587
223 130.1302126160
241 107.8754269156
264 99.4406681249
277 68.7639702642
291 55.6024860977
415 33.9186057548
460 24.5800201398
561 17.4964167204
599 4.2008314643
1221 0.0000000000
6805 1500226.5854983465
evaluations raw_y
1 437.6388573419
3 430.9150826533
4 346.3567506911
7 300.3552688052
16 299.6048711882
17 279.6533814427
23 254.2686691994
55 225.6672069562
69 222.4301395282
72 201.7022813716
92 167.2225715358
124 160.7304000833
126 143.1780100600
147 137.0516826782
162 125.2652013033
165 121.1504046819
172 101.7099637035
175 98.1591542687
201 91.8275898360
212 71.5825678231
249 56.7879088149
260 50.0710069350
369 26.0840517887
453 25.6582539703
556 22.0821331776
590 6.5511161667
662 0.0000000000
6911 115.1626701806
evaluations raw_y
1 365.2349499424
2 336.7363533133
3 310.7685008510
7 307.7639774812
12 296.3813484083
13 255.5172121294
16 248.2585374720
51 248.1979718369
54 236.7173194187
60 207.9061087192
93 184.1966487039
123 164.2862170278
138 155.6316669370
141 151.6041188085
162 140.3369048950
165 134.2758212147
168 127.9021417305
199 122.7290285986
211 118.7159241307
234 112.1429198770
235 91.9105586077
277 74.9884305234
288 71.1212111025
293 65.8139198790
300 51.5033924278
379 48.6714274928
397 35.3990857234
403 33.3020407839
444 21.3688836531
490 17.4150895334
757 16.2210018452
843 11.3772285215
965 10.2552434368
1250 0.0000000000
7086 145.4486894935
