evaluations raw_y
1 651837.5176047788
2 53792.6568200482
6 27626.0990128464
29 15066.6143979306
44 495.0007510953
65 207.5106635736
136 200.8558421407
145 167.1596329278
207 152.9721734648
287 146.9874990532
403 111.8420866103
462 76.4016892472
480 64.2612450356
501 60.3163433346
523 53.6501878107
603 53.3912367537
608 26.0725754858
653 20.1683140592
804 16.0900682000
830 12.3640431435
944 7.9653902359
1069 6.6728266746
1275 5.2367989692
1330 4.9568088560
1497 2.9331935931
1865 2.8715104426
1905 2.8056267430
1941 2.6586007661
1954 2.1215973146
2113 1.3942737055
2263 1.3144018752
2301 1.2700275324
2413 1.0308265358
2675 0.8654375110
2715 0.5494595227
2868 0.4477045304
2871 0.4105499631
3033 0.4050469672
3061 0.2953278935
3380 0.2672807021
3395 0.2444841079
3516 0.2272913897
3648 0.2139287299
3687 0.1874631647
3689 0.1758598310
3715 0.1421091851
3952 0.0814847007
4183 0.0802800326
4188 0.0796200315
4352 0.0791889359
4397 0.0759632479
4419 0.0647624847
4460 0.0627342832
4469 0.0611480939
4477 0.0455299857
4510 0.0424829127
4528 0.0398126527
4537 0.0383871320
4577 0.0289264158
4638 0.0264179719
4723 0.0244207805
4785 0.0200295471
4987 0.0186085142
5147 0.0135806237
5239 0.0135677650
5321 0.0101978143
5583 0.0090067915
5704 0.0086714800
5722 0.0061854317
5772 0.0047775835
5878 0.0045156822
5992 0.0038644201
6070 0.0037329309
6124 0.0025163867
6136 0.0025010663
6169 0.0018776380
6322 0.0014228290
6463 0.0014111347
6534 0.0009742603
6565 0.0005450209
6644 0.0004952881
6892 0.0004926877
6999 0.0004899359
7026 0.0004667900
7085 0.0003282971
7231 0.0002707510
7247 0.0002080742
7327 0.0001654047
7525 0.0001507022
7569 0.0001420636
7718 0.0001255982
7777 0.0001192655
7781 0.0001082778
7806 0.0001052005
7830 0.0000864755
7906 0.0000728547
7945 0.0000573569
8161 0.0000377758
8473 0.0000296937
8692 0.0000272071
8694 0.0000230593
8871 0.0000181473
9024 0.0000158798
9098 0.0000158241
9105 0.0000155932
9156 0.0000131070
9161 0.0000081373
9210 0.0000042813
9520 0.0000032598
9619 0.0000031593
9862 0.0000028795
9876 0.0000020149
9918 0.0000019731
9960 0.0000018372
9971 0.0000017140
10147 0.0000009079
10620 0.0000009033
10642 0.0000003544
10824 0.0000002772
11067 0.0000001872
11286 0.0000001746
11397 0.0000001002
11529 0.0000000877
11720 0.0000000556
11940 0.0000000546
12030 0.0000000451
12049 0.0000000277
12307 0.0000000268
12407 0.0000000186
12420 0.0000000180
12612 0.0000000150
12621 0.0000000115
12722 0.0000000112
12825 0.0000000103
12913 0.0000000060
13086 0.0000000058
13169 0.0000000033
13179 0.0000000032
13424 0.0000000030
13670 0.0000000029
13681 0.0000000027
13682 0.0000000023
13705 0.0000000016
13873 0.0000000010
14235 0.0000000009
14247 0.0000000007
14347 0.0000000007
14356 0.0000000007
14393 0.0000000007
14459 0.0000000006
14695 0.0000000006
14699 0.0000000004
14763 0.0000000004
14819 0.0000000004
14833 0.0000000002
14977 0.0000000002
15003 0.0000000002
15184 0.0000000001
15250 0.0000000001
15273 0.0000000001
15413 0.0000000001
15694 0.0000000001
15771 0.0000000000
15880 0.0000000000
15882 0.0000000000
15935 0.0000000000
16146 0.0000000000
16175 0.0000000000
16209 0.0000000000
16274 0.0000000000
16375 0.0000000000
16381 0.0000000000
16382 0.0000000000
16435 0.0000000000
16438 0.0000000000
16468 0.0000000000
16586 0.0000000000
16809 0.0000000000
16811 0.0000000000
16925 0.0000000000
17018 0.0000000000
17201 0.0000000000
17214 0.0000000000
17245 0.0000000000
17374 0.0000000000
17878 0.0000000000
18215 0.0000000000
18536 0.0000000000
18758 0.0000000000
18776 0.0000000000
18898 0.0000000000
18913 0.0000000000
18917 0.0000000000
19066 0.0000000000
19092 0.0000000000
19339 0.0000000000
19390 0.0000000000
19480 0.0000000000
19649 0.0000000000
19655 0.0000000000
19916 0.0000000000
20007 0.0000000000
20196 0.0000000000
20282 0.0000000000
21208 0.0000000000
21982 0.0000000000
evaluations raw_y
1 562893.7575931618
2 423388.1710282908
11 284731.6850291298
13 214139.3178209120
36 154012.2616528328
57 112870.6067092357
58 85169.3745157029
64 43496.2204038467
69 37223.0553132072
88 31415.2250830747
91 19477.7817830821
100 18225.1285375937
102 11661.6712994374
118 210.4033095894
151 183.4798621951
490 148.5669242378
528 110.9964796761
545 102.0421022011
641 90.8106923916
655 66.2383484486
675 66.2116130753
709 64.9715095332
731 52.2272704232
771 50.5754647265
824 47.7457193188
852 25.4323486058
949 24.4485886296
968 16.0305236746
1093 15.7066802512
1102 12.5254969821
1148 11.5694814860
1234 10.9256638191
1251 6.6603694521
1258 6.6434429979
1446 6.3064066957
1515 5.5947048344
1522 4.5655273332
1692 2.6361000684
1905 2.5266335737
1933 2.4366518550
1966 2.2364079407
1994 2.2038295761
2001 2.1186411451
2073 1.9769371621
2104 1.4419538889
2118 1.3089455798
2499 1.2705442824
2519 1.2514058748
2567 1.1774017588
2576 0.8490314264
2588 0.8062759827
2643 0.7629813795
2702 0.7296434187
2722 0.6061219681
2843 0.5434408868
2923 0.4748701850
3007 0.4729163727
3050 0.3542825386
3082 0.3042618718
3401 0.2896471549
3523 0.2558267286
3592 0.1469790137
3626 0.1323011637
3712 0.1314035823
3907 0.0834159216
3908 0.0798161120
3988 0.0647645486
4188 0.0540271030
4211 0.0486288442
4238 0.0439507903
4309 0.0269724659
4581 0.0202190632
4819 0.0121499047
4851 0.0047044583
5406 0.0045212383
5592 0.0034626933
5842 0.0032074645
5892 0.0031386290
5922 0.0031055897
5945 0.0025782971
6021 0.0024773936
6024 0.0020816281
6102 0.0020315660
6105 0.0017638708
6139 0.0013256347
6254 0.0010941292
6345 0.0010752221
6346 0.0007595059
6389 0.0007500545
6470 0.0006520354
6479 0.0006040620
6588 0.0005246441
6692 0.0004034311
6744 0.0003557683
6791 0.0002014369
6970 0.0001335379
7127 0.0001294677
7208 0.0000672456
7506 0.0000572975
7555 0.0000546681
7670 0.0000486161
7691 0.0000310676
7706 0.0000291179
7987 0.0000282908
8052 0.0000242223
8093 0.0000209008
8094 0.0000159482
8282 0.0000152835
8364 0.0000143893
8365 0.0000110748
8398 0.0000100716
8444 0.0000054723
8781 0.0000043198
8969 0.0000033062
9000 0.0000021539
9120 0.0000019816
9169 0.0000017409
9223 0.0000009172
9508 0.0000005653
9630 0.0000005494
9709 0.0000003522
9930 0.0000002955
10230 0.0000002404
10281 0.0000001946
10362 0.0000001021
10553 0.0000000986
10583 0.0000000596
11032 0.0000000568
11103 0.0000000567
11148 0.0000000528
11251 0.0000000259
11306 0.0000000240
11321 0.0000000219
11394 0.0000000190
11418 0.0000000157
11463 0.0000000116
11601 0.0000000106
11718 0.0000000070
12037 0.0000000068
12052 0.0000000058
12215 0.0000000033
12514 0.0000000033
12603 0.0000000031
12617 0.0000000028
12647 0.0000000022
12664 0.0000000020
12666 0.0000000017
12733 0.0000000015
12790 0.0000000005
13138 0.0000000004
13268 0.0000000004
13345 0.0000000004
13509 0.0000000003
13556 0.0000000003
13616 0.0000000002
13756 0.0000000002
13812 0.0000000002
13888 0.0000000001
14137 0.0000000001
14330 0.0000000001
14388 0.0000000000
14492 0.0000000000
14688 0.0000000000
14925 0.0000000000
15038 0.0000000000
15048 0.0000000000
15205 0.0000000000
15313 0.0000000000
15562 0.0000000000
15592 0.0000000000
15801 0.0000000000
15856 0.0000000000
15978 0.0000000000
16081 0.0000000000
16287 0.0000000000
16386 0.0000000000
16425 0.0000000000
16697 0.0000000000
16717 0.0000000000
16719 0.0000000000
16998 0.0000000000
17085 0.0000000000
17169 0.0000000000
17429 0.0000000000
17620 0.0000000000
17705 0.0000000000
17761 0.0000000000
17872 0.0000000000
18896 0.0000000000
19524 0.0000000000
evaluations raw_y
1 776934.6231019709
2 132566.8774922216
10 95063.6661268582
13 70660.6802216703
22 59570.1314483007
29 33470.1994769350
33 20977.5357320446
36 18287.4743898238
38 212.4114955462
86 199.0185197987
106 172.8571749277
242 118.4492904843
352 116.2296319366
398 113.8526321086
407 95.6577987506
438 92.0872863844
473 82.6525059399
480 63.8083532522
488 45.7245477639
558 44.2902926824
571 34.7305395049
621 29.9530114383
748 21.9723553138
749 21.4136153676
830 14.8543953505
895 14.2132114234
947 13.6766359109
1004 13.6200971329
1052 12.4544752755
1177 12.4394043796
1220 7.9334190821
1275 7.9161458360
1506 3.2341307805
1933 2.6699423719
2001 2.4629170136
2323 1.2939379017
2482 0.7532640364
2588 0.7350691764
2741 0.7165620993
2839 0.7091679957
2857 0.6762043916
2867 0.4295524447
2944 0.4231177598
2968 0.4007375976
2990 0.2763951947
3323 0.1955237451
3443 0.1718876872
3590 0.1042435501
3725 0.0792296886
3744 0.0692678191
4072 0.0444903451
4078 0.0259491563
4183 0.0248285614
4256 0.0247912168
4456 0.0242188001
4457 0.0237907721
4526 0.0158333049
4785 0.0087104615
4819 0.0086644966
4944 0.0086368683
5052 0.0086309141
5091 0.0082442547
5139 0.0079426869
5143 0.0053968529
5177 0.0052297029
5197 0.0041413671
5314 0.0033548485
5316 0.0026567177
5321 0.0014070769
5338 0.0010802181
5763 0.0009563613
5878 0.0009382342
5969 0.0004859471
6565 0.0002105703
6727 0.0001510677
6948 0.0001508086
7095 0.0001455271
7102 0.0001421751
7151 0.0000615449
7500 0.0000519788
7616 0.0000490900
7830 0.0000320934
7971 0.0000269890
8116 0.0000256204
8183 0.0000159176
8519 0.0000153932
8570 0.0000140079
8694 0.0000114633
8823 0.0000073354
8871 0.0000071035
8925 0.0000045815
9147 0.0000039576
9161 0.0000032358
9339 0.0000030386
9382 0.0000019238
9482 0.0000017358
9520 0.0000013155
9918 0.0000010177
9940 0.0000009162
10067 0.0000009005
10116 0.0000005973
10183 0.0000005401
10350 0.0000004745
10474 0.0000003935
10571 0.0000003089
10589 0.0000003032
10686 0.0000002620
10733 0.0000001983
10792 0.0000001914
10824 0.0000000699
11154 0.0000000669
11518 0.0000000459
11549 0.0000000409
11578 0.0000000384
11737 0.0000000303
11796 0.0000000266
11845 0.0000000175
12105 0.0000000158
12142 0.0000000113
12299 0.0000000111
12350 0.0000000071
12492 0.0000000058
12510 0.0000000048
12722 0.0000000031
12775 0.0000000027
13012 0.0000000025
13127 0.0000000015
13157 0.0000000015
13250 0.0000000011
13470 0.0000000008
13520 0.0000000008
13550 0.0000000007
13620 0.0000000007
13624 0.0000000006
13627 0.0000000006
13632 0.0000000006
13665 0.0000000005
13670 0.0000000003
13735 0.0000000003
13768 0.0000000002
14064 0.0000000002
14106 0.0000000002
14132 0.0000000002
14177 0.0000000001
14312 0.0000000001
14344 0.0000000001
14399 0.0000000001
14545 0.0000000001
14611 0.0000000001
14868 0.0000000000
14901 0.0000000000
15102 0.0000000000
15145 0.0000000000
15341 0.0000000000
15406 0.0000000000
15442 0.0000000000
15570 0.0000000000
15621 0.0000000000
15852 0.0000000000
15882 0.0000000000
16071 0.0000000000
16112 0.0000000000
16259 0.0000000000
16265 0.0000000000
16570 0.0000000000
16841 0.0000000000
16925 0.0000000000
17025 0.0000000000
17273 0.0000000000
17417 0.0000000000
17470 0.0000000000
17540 0.0000000000
17599 0.0000000000
17935 0.0000000000
18247 0.0000000000
19011 0.0000000000
19585 0.0000000000
evaluations raw_y
1 61523.7592630957
13 29682.5229581455
28 20201.1196679692
36 9647.6853043458
46 4043.5235343437
52 2175.6556641767
62 794.0952852270
82 396.5415618439
83 209.3352298522
201 199.5909089870
212 148.1772203715
249 138.2092462674
271 121.9159761118
274 100.5799605272
316 75.4052554366
341 66.6139769281
366 59.4706957308
378 55.0921972909
411 44.8143812357
446 39.9220188145
485 33.1300069410
490 28.1379438446
534 25.6436961059
537 21.7239920861
568 21.7006651543
656 15.4726424073
680 13.9879373118
843 13.9161420918
884 12.1047231142
979 11.1726205707
987 10.0391444372
1149 9.8334239552
1292 8.1055613987
1304 7.4498240227
1336 7.0385700346
1357 7.0220344802
1371 5.8455114513
1381 4.5467247679
1561 4.1023884567
1675 3.8768295539
1802 2.6199659616
1900 2.0131211595
2050 1.9304162450
2118 1.8633129636
2300 1.5690840460
2361 1.3449219109
2520 1.2077675977
2553 1.1840453566
2586 1.0537891335
2614 0.9339527752
2637 0.9157808623
2661 0.9027119864
2700 0.7521917820
2724 0.6017769335
2907 0.4892039821
2967 0.4025370240
3005 0.3789735183
3146 0.2890565320
3297 0.2654527751
3353 0.2501744659
3424 0.1999173714
3449 0.1935334038
3493 0.1316057831
3580 0.0826959320
3837 0.0761814468
3959 0.0753541466
4095 0.0739128942
4189 0.0420741967
4352 0.0268196214
4567 0.0248277586
4613 0.0192656355
4938 0.0166509766
5025 0.0144374927
5060 0.0093477300
5083 0.0088039544
5238 0.0063483182
5280 0.0052654082
5406 0.0048388928
5445 0.0048237742
5688 0.0045417523
5733 0.0031710420
5905 0.0027113019
6029 0.0025786952
6074 0.0022591916
6139 0.0020516317
6293 0.0017839329
6319 0.0014400415
6428 0.0012897022
6471 0.0008574059
6768 0.0003406014
7022 0.0002794247
7063 0.0002656949
7208 0.0002629166
7366 0.0002285488
7380 0.0001977064
7432 0.0001616765
7468 0.0001504279
7476 0.0001488749
7506 0.0001350378
7615 0.0001349111
7686 0.0001258205
7705 0.0001000171
7719 0.0000895892
7757 0.0000300320
8302 0.0000169163
8444 0.0000141918
8545 0.0000132937
8695 0.0000128246
8774 0.0000095788
8811 0.0000071938
8857 0.0000065028
8943 0.0000040336
8969 0.0000035493
9220 0.0000031541
9576 0.0000024599
9630 0.0000016546
9793 0.0000010123
9930 0.0000004704
9945 0.0000003343
10214 0.0000003228
10553 0.0000002892
10710 0.0000001905
10903 0.0000001821
10921 0.0000001442
10966 0.0000001407
11059 0.0000001026
11268 0.0000001006
11285 0.0000000954
11290 0.0000000824
11374 0.0000000740
11423 0.0000000491
11461 0.0000000339
11690 0.0000000308
11858 0.0000000202
12095 0.0000000140
12240 0.0000000126
12332 0.0000000114
12355 0.0000000048
12848 0.0000000026
12949 0.0000000024
12963 0.0000000020
13052 0.0000000017
13188 0.0000000015
13212 0.0000000011
13503 0.0000000010
13578 0.0000000009
13776 0.0000000007
13857 0.0000000006
13983 0.0000000006
14027 0.0000000006
14194 0.0000000004
14237 0.0000000002
14484 0.0000000002
14491 0.0000000002
14688 0.0000000002
14774 0.0000000002
14811 0.0000000001
14950 0.0000000001
14958 0.0000000001
15038 0.0000000001
15092 0.0000000001
15230 0.0000000001
15255 0.0000000001
15420 0.0000000000
15445 0.0000000000
15513 0.0000000000
15533 0.0000000000
15675 0.0000000000
15697 0.0000000000
15740 0.0000000000
15879 0.0000000000
15936 0.0000000000
16287 0.0000000000
16362 0.0000000000
16422 0.0000000000
16510 0.0000000000
16524 0.0000000000
16538 0.0000000000
16547 0.0000000000
16737 0.0000000000
16834 0.0000000000
16885 0.0000000000
17583 0.0000000000
17620 0.0000000000
17816 0.0000000000
17833 0.0000000000
18336 0.0000000000
18449 0.0000000000
18487 0.0000000000
18864 0.0000000000
19636 0.0000000000
19894 0.0000000000
evaluations raw_y
1 1158807.8961852402
2 845117.3401529170
6 578241.8430114374
12 574809.2622018480
15 410830.9545871219
23 405857.5458204174
28 363575.2825282344
34 242951.1786895581
41 143670.3267398986
49 134659.6939409717
63 131823.4418408978
65 63244.3585072923
67 1202.8853248783
111 310.9448979403
612 212.7897048994
628 163.4893922543
673 151.9462381728
677 120.4696102115
720 75.1399987426
830 64.6322642845
878 27.8419306085
993 25.9412747201
1073 12.5340058877
1308 8.7539266149
1340 8.0744751762
1448 6.7905892516
1515 4.3517752167
1884 3.4202889255
1954 2.3880434234
2174 2.3637568920
2198 1.3021198240
2594 0.7347480568
2839 0.7262542373
2868 0.7260285548
2953 0.6719781117
2979 0.3529423968
3440 0.3287190323
3445 0.3265332217
3463 0.2607557310
3547 0.2362587571
3573 0.2358882957
3590 0.2259477182
3722 0.2176690514
3751 0.1621178923
3791 0.1537480213
3806 0.1495369011
3891 0.0823366218
4085 0.0791302141
4137 0.0727891022
4189 0.0436247227
4352 0.0411169365
4722 0.0322987997
4784 0.0253738945
4832 0.0236670014
4871 0.0145978255
4938 0.0099453425
5248 0.0064979219
5337 0.0056534484
5388 0.0055797863
5669 0.0052106971
5688 0.0046522403
5700 0.0046364871
5742 0.0044650911
5803 0.0035827061
5911 0.0029727866
6038 0.0024627767
6199 0.0022748940
6221 0.0018646740
6278 0.0014694633
6352 0.0014302346
6382 0.0013997212
6434 0.0013499169
6471 0.0009777231
6598 0.0005821505
6768 0.0002741536
6922 0.0002705203
6970 0.0002649951
7190 0.0002249731
7247 0.0001423540
7403 0.0001335742
7525 0.0001178683
7673 0.0001143106
7702 0.0000805444
7748 0.0000689602
7830 0.0000355344
8292 0.0000334502
8471 0.0000302743
8593 0.0000297553
8605 0.0000295442
8614 0.0000282291
8649 0.0000195707
8761 0.0000176411
8787 0.0000160074
8803 0.0000155940
8878 0.0000100313
9036 0.0000054161
9396 0.0000053467
9415 0.0000030825
9606 0.0000030082
9682 0.0000019666
9692 0.0000017305
9916 0.0000017155
9918 0.0000017154
9940 0.0000008884
10247 0.0000007522
10290 0.0000006187
10350 0.0000004548
10399 0.0000002829
10616 0.0000002429
10923 0.0000001844
11034 0.0000001725
11066 0.0000001383
11073 0.0000001250
11147 0.0000001112
11176 0.0000000914
11197 0.0000000537
11526 0.0000000531
11578 0.0000000476
11720 0.0000000205
11815 0.0000000123
11907 0.0000000111
12204 0.0000000104
12228 0.0000000085
12414 0.0000000083
12468 0.0000000040
12689 0.0000000026
12969 0.0000000026
12991 0.0000000022
13033 0.0000000016
13132 0.0000000015
13157 0.0000000015
13169 0.0000000013
13193 0.0000000009
13482 0.0000000009
13499 0.0000000007
13511 0.0000000007
13518 0.0000000004
13927 0.0000000003
14002 0.0000000002
14177 0.0000000002
14347 0.0000000001
14671 0.0000000001
14706 0.0000000001
14761 0.0000000001
14918 0.0000000001
14925 0.0000000000
15230 0.0000000000
15313 0.0000000000
15344 0.0000000000
15540 0.0000000000
15590 0.0000000000
15696 0.0000000000
15697 0.0000000000
15728 0.0000000000
15862 0.0000000000
15909 0.0000000000
15983 0.0000000000
16181 0.0000000000
16436 0.0000000000
16598 0.0000000000
16676 0.0000000000
16727 0.0000000000
16732 0.0000000000
16738 0.0000000000
16834 0.0000000000
16885 0.0000000000
17050 0.0000000000
17242 0.0000000000
17357 0.0000000000
17386 0.0000000000
17489 0.0000000000
17833 0.0000000000
17912 0.0000000000
18003 0.0000000000
18268 0.0000000000
18683 0.0000000000
18744 0.0000000000
19135 0.0000000000
19958 0.0000000000
20872 0.0000000000
evaluations raw_y
1 835309.3617749602
2 397653.4688342208
10 343502.5932999246
14 332520.6135800228
21 321156.1324954930
28 204410.3790775898
40 173991.8137205310
45 142844.9790396878
53 136556.7425048476
61 124331.4625827356
69 87063.5973827967
83 73334.2642538362
96 70666.8104840344
110 37440.2886720716
132 19215.9824923026
134 18283.7887041080
136 15652.1939980543
145 3652.5154469834
169 262.0261899834
424 226.8089889350
429 219.9484044910
434 215.7832011636
454 214.2223462598
462 210.5863578470
479 115.7544806073
487 101.5525414321
630 86.1372619686
651 69.3194967078
720 45.6892597786
794 44.9987160092
798 42.3050513018
808 37.4437490314
862 34.1927966637
932 25.8280987902
1026 23.0834816654
1036 22.7804865239
1070 22.1175333792
1075 17.7880258120
1124 13.2451101462
1231 12.6728508427
1283 12.4461221567
1319 12.2175029747
1338 8.9878054833
1377 7.0134043654
1461 4.7094809658
1714 4.6549537170
1827 4.2493614983
1900 2.6477959229
2104 2.4227723007
2214 2.0074762262
2494 1.4546483498
2527 1.3750692041
2651 1.3407761471
2680 0.7946223255
2704 0.7660500346
2847 0.7339647620
3001 0.7270558030
3036 0.5546672610
3132 0.4372255960
3480 0.3762509203
3515 0.3755969144
3538 0.3446900505
3580 0.3295586834
3626 0.2959266384
3712 0.2205819303
3885 0.2170381198
3938 0.2127354560
3946 0.2100921727
3958 0.2077125849
3978 0.1400835563
4189 0.1353058681
4293 0.1316928913
4322 0.0819957361
4597 0.0799972235
4665 0.0656316595
4898 0.0531506215
4938 0.0431907447
5108 0.0392761523
5111 0.0384034557
5202 0.0282809949
5280 0.0252465946
5337 0.0169450563
5688 0.0127671600
6021 0.0119458427
6058 0.0105753713
6105 0.0098377331
6150 0.0040193479
6345 0.0035846853
6458 0.0033647704
6655 0.0025385199
6662 0.0025032908
6794 0.0022996416
6895 0.0018755738
6970 0.0014681436
6989 0.0011686668
7064 0.0010685744
7236 0.0008860614
7417 0.0007069670
7444 0.0004140296
7761 0.0003669671
7795 0.0003514292
7853 0.0002934683
7863 0.0002844282
7889 0.0002721520
7897 0.0002660376
8015 0.0002585794
8041 0.0002415812
8089 0.0001588189
8104 0.0001432320
8242 0.0001392586
8282 0.0000760359
8365 0.0000756718
8582 0.0000547630
8776 0.0000365660
9097 0.0000286483
9353 0.0000162283
9385 0.0000129615
9617 0.0000099567
9626 0.0000066900
9804 0.0000065418
9930 0.0000061839
10019 0.0000059789
10071 0.0000050931
10204 0.0000033320
10221 0.0000032237
10416 0.0000023677
10472 0.0000017287
10746 0.0000012605
10921 0.0000011104
11057 0.0000010483
11096 0.0000009401
11110 0.0000008851
11229 0.0000007606
11374 0.0000007254
11394 0.0000006545
11418 0.0000003742
11578 0.0000003538
11721 0.0000002466
11815 0.0000001055
11972 0.0000000599
12304 0.0000000532
12420 0.0000000529
12446 0.0000000335
12498 0.0000000312
12883 0.0000000289
12969 0.0000000280
13019 0.0000000137
13174 0.0000000111
13280 0.0000000110
13371 0.0000000107
13424 0.0000000105
13512 0.0000000060
13730 0.0000000054
13735 0.0000000036
13873 0.0000000030
14002 0.0000000026
14061 0.0000000011
14355 0.0000000010
14582 0.0000000007
14603 0.0000000007
14688 0.0000000006
14730 0.0000000006
14925 0.0000000003
15024 0.0000000003
15110 0.0000000003
15123 0.0000000003
15133 0.0000000003
15213 0.0000000003
15261 0.0000000002
15938 0.0000000002
15964 0.0000000001
15983 0.0000000001
15991 0.0000000001
16070 0.0000000001
16420 0.0000000001
16477 0.0000000001
16538 0.0000000001
16547 0.0000000000
16738 0.0000000000
16797 0.0000000000
16817 0.0000000000
16827 0.0000000000
16885 0.0000000000
17169 0.0000000000
17285 0.0000000000
17326 0.0000000000
17441 0.0000000000
17761 0.0000000000
17789 0.0000000000
17872 0.0000000000
17997 0.0000000000
18103 0.0000000000
18386 0.0000000000
18450 0.0000000000
18495 0.0000000000
18917 0.0000000000
18978 0.0000000000
20070 0.0000000000
20682 0.0000000000
evaluations raw_y
1 602543.2049921112
11 579589.4865979870
12 324587.7759491670
28 311385.1204945035
30 203114.3492929765
51 196465.8225341286
52 163187.9381027578
64 35706.7672041387
111 17765.4711921895
115 5519.5640914302
136 3854.9391124245
138 1198.0137029545
162 418.7617735083
183 346.5656436651
369 342.5778850735
448 340.0753073707
468 294.9169098388
483 209.3785578683
486 116.1136227615
639 110.0421836672
668 101.7948380970
680 91.4277628185
693 69.0688036056
724 65.7752396334
749 45.1236308088
830 44.1213227015
832 27.6030626908
996 22.7392841501
1191 21.5515988018
1202 18.9356768698
1220 14.3693208287
1274 12.5040867037
1339 12.4764044669
1340 12.4550367608
1345 9.3929913508
1484 9.2047388430
1501 9.1757170113
1592 5.1111141562
1692 4.5287248213
2077 4.4223851674
2079 4.2191175431
2084 4.2008417758
2108 3.9759218147
2146 2.5139639800
2162 2.2788777569
2268 2.0733675394
2361 1.9969098367
2446 1.8674834781
2550 1.5013976861
2690 1.4171354998
2697 1.3988938953
2700 1.3708389956
2724 1.3685418882
2763 1.2371799456
2812 0.8913005881
2891 0.2086336706
3617 0.2059064639
3735 0.1682295136
3822 0.1418828073
3891 0.0538827209
4281 0.0447268031
4352 0.0381597270
4366 0.0330440000
4534 0.0308941530
4613 0.0206162585
4871 0.0167453434
4885 0.0160830458
4938 0.0128745255
5029 0.0089624167
5060 0.0079252862
5248 0.0056420649
5280 0.0046064460
5445 0.0030820356
5688 0.0017087366
5917 0.0016230081
5999 0.0015755517
6024 0.0015468514
6139 0.0015324219
6146 0.0012376270
6196 0.0011538775
6199 0.0010130015
6239 0.0008300607
6293 0.0005304203
6345 0.0004880250
6558 0.0004583632
6650 0.0003040871
6794 0.0002692596
6806 0.0002381854
7003 0.0002031906
7022 0.0001662466
7063 0.0001548848
7064 0.0001523124
7208 0.0001156016
7444 0.0000918761
7474 0.0000897869
7519 0.0000873137
7526 0.0000864536
7576 0.0000611119
7705 0.0000341777
7706 0.0000335396
7761 0.0000303142
8043 0.0000279673
8155 0.0000201886
8369 0.0000154075
8582 0.0000089240
8776 0.0000086717
8840 0.0000066126
8864 0.0000060000
8943 0.0000056270
9000 0.0000042742
9047 0.0000041584
9063 0.0000040482
9112 0.0000033731
9153 0.0000030097
9473 0.0000028841
9537 0.0000017810
9579 0.0000016625
9663 0.0000009658
9930 0.0000007843
10047 0.0000006896
10206 0.0000005838
10221 0.0000005218
10326 0.0000004064
10410 0.0000003090
10486 0.0000002434
10767 0.0000002033
10843 0.0000001998
10921 0.0000001318
10966 0.0000001129
11229 0.0000000652
11333 0.0000000625
11394 0.0000000517
11528 0.0000000516
11586 0.0000000484
11690 0.0000000334
11763 0.0000000210
11868 0.0000000191
11970 0.0000000121
12052 0.0000000109
12330 0.0000000107
12391 0.0000000064
12537 0.0000000064
12642 0.0000000034
12809 0.0000000033
12963 0.0000000020
13235 0.0000000017
13393 0.0000000015
13479 0.0000000011
13655 0.0000000009
13782 0.0000000008
13836 0.0000000007
13884 0.0000000006
13979 0.0000000006
13997 0.0000000005
14009 0.0000000003
14352 0.0000000003
14491 0.0000000002
14575 0.0000000002
14599 0.0000000002
14688 0.0000000001
14904 0.0000000001
15032 0.0000000001
15130 0.0000000001
15176 0.0000000001
15193 0.0000000000
15198 0.0000000000
15205 0.0000000000
15313 0.0000000000
15338 0.0000000000
15355 0.0000000000
15462 0.0000000000
15562 0.0000000000
15590 0.0000000000
15819 0.0000000000
15909 0.0000000000
16036 0.0000000000
16070 0.0000000000
16278 0.0000000000
16404 0.0000000000
16538 0.0000000000
16850 0.0000000000
16890 0.0000000000
16986 0.0000000000
17085 0.0000000000
17191 0.0000000000
17247 0.0000000000
17326 0.0000000000
17360 0.0000000000
17693 0.0000000000
18258 0.0000000000
18597 0.0000000000
18747 0.0000000000
evaluations raw_y
1 456019.0000537293
12 382528.4555960881
22 192891.1791532802
28 70512.4732647601
54 1878.8108455584
86 626.7623778278
93 486.4624831906
122 473.2362928381
262 336.4127018516
378 265.4964952548
399 217.2737085450
503 214.4891806608
514 168.7041139800
544 110.6985470133
627 104.7179107728
701 52.6382995870
744 50.2539532654
808 50.1299301557
818 40.9026144257
847 40.3250924532
920 24.8497374531
923 24.2541711327
961 12.9833783447
1194 12.5851208393
1284 12.4928894770
1288 12.4879249251
1299 10.6407827070
1300 7.1605326940
1583 5.9270507337
1670 5.7370024197
1806 4.5591693667
1952 2.6209715494
2270 2.4027944779
2361 1.5475799401
2528 1.3918641568
2640 1.0620611770
2775 0.7339576451
2826 0.7034388857
2881 0.4997206625
3003 0.4881341203
3066 0.4071663749
3146 0.3163118491
3437 0.2867354164
3525 0.2867033540
3555 0.2718491623
3568 0.2587147360
3569 0.2582784928
3580 0.1471340506
3888 0.1430449467
4051 0.1354402115
4085 0.0703233457
4398 0.0445352687
4498 0.0426665452
4499 0.0348582099
4599 0.0325449222
4648 0.0319446218
4705 0.0265138777
4846 0.0250062039
4944 0.0220577011
5022 0.0212483567
5029 0.0194690015
5060 0.0139121179
5108 0.0137525288
5132 0.0105001171
5154 0.0100011787
5198 0.0088041273
5337 0.0085161925
5363 0.0059007939
5512 0.0046923883
5693 0.0042946545
5742 0.0041877538
5767 0.0023499477
5995 0.0015499540
6301 0.0009605105
6420 0.0008102483
6461 0.0007835856
6684 0.0007651432
6692 0.0006622533
6839 0.0003000350
6891 0.0002778986
7036 0.0002703260
7063 0.0001562402
7259 0.0001424755
7395 0.0001411026
7474 0.0001397606
7489 0.0000619474
7706 0.0000542498
7834 0.0000453494
7875 0.0000390933
7953 0.0000352454
8187 0.0000239482
8426 0.0000201352
8490 0.0000145187
8605 0.0000136081
8746 0.0000098395
9036 0.0000040666
9209 0.0000033770
9223 0.0000028585
9337 0.0000025796
9428 0.0000018579
9542 0.0000017870
9576 0.0000016984
9631 0.0000015328
9819 0.0000013384
9930 0.0000009810
10019 0.0000009158
10040 0.0000006339
10122 0.0000005175
10326 0.0000003224
10718 0.0000003064
10761 0.0000002913
10767 0.0000002332
10769 0.0000002194
10771 0.0000001855
10966 0.0000001723
11013 0.0000001006
11059 0.0000000872
11301 0.0000000541
11394 0.0000000485
11661 0.0000000318
11690 0.0000000213
11703 0.0000000200
12086 0.0000000194
12115 0.0000000191
12121 0.0000000124
12407 0.0000000110
12446 0.0000000070
12468 0.0000000056
12595 0.0000000030
13104 0.0000000026
13211 0.0000000017
13235 0.0000000017
13340 0.0000000016
13479 0.0000000010
13556 0.0000000009
13705 0.0000000008
13768 0.0000000006
13882 0.0000000006
13924 0.0000000005
14078 0.0000000005
14090 0.0000000003
14134 0.0000000003
14194 0.0000000002
14385 0.0000000001
14798 0.0000000001
15009 0.0000000000
15365 0.0000000000
15404 0.0000000000
16013 0.0000000000
16274 0.0000000000
16809 0.0000000000
16950 0.0000000000
17277 0.0000000000
17316 0.0000000000
17361 0.0000000000
17497 0.0000000000
17675 0.0000000000
17878 0.0000000000
17935 0.0000000000
17960 0.0000000000
18669 0.0000000000
18864 0.0000000000
18937 0.0000000000
19412 0.0000000000
19490 0.0000000000
19681 0.0000000000
19885 0.0000000000
20534 0.0000000000
20787 0.0000000000
evaluations raw_y
1 305916.0841918277
2 74852.9241242130
8 52536.6674950809
11 34002.8890374969
12 26719.6372177117
14 17384.8971873179
27 6127.7377456638
34 2020.7553894714
35 411.7097686974
51 400.0590373370
61 375.5344906354
67 303.4616157194
179 225.3938060220
237 214.6450461665
250 214.0012883371
262 186.4420638447
271 137.4957379796
284 111.9584602535
585 102.3643111911
716 90.5399239407
792 73.8370442898
814 69.4964975859
830 54.4610396426
895 45.8342387416
947 44.2148863400
992 37.2261195683
1024 31.8131501392
1126 25.1828063285
1240 24.7704915123
1357 23.3439435114
1378 18.8642795429
1408 14.0771392612
1454 13.7093355790
1476 13.7015890122
1499 9.1182165630
1551 5.2736758428
1618 5.2476595319
1874 5.2452853264
2153 4.0193244852
2530 3.7610230057
2545 3.2021267489
2592 2.4013735607
2698 2.2970613678
2702 1.5867851541
2705 1.4391385373
2866 1.3129280884
3001 1.3124929430
3033 0.7094721839
3571 0.6876423528
3573 0.6742617412
3592 0.4869380974
3664 0.4639807369
3751 0.3987578431
3848 0.3745624261
4022 0.2559965656
4309 0.2115341832
4389 0.1561371083
4557 0.1519920471
4644 0.1427849539
4671 0.1287113554
4710 0.0723160768
5115 0.0710325134
5160 0.0691702157
5236 0.0688552865
5239 0.0454761989
5344 0.0241648799
5639 0.0224533741
5705 0.0220325643
5754 0.0110301183
5874 0.0102078308
6161 0.0098821754
6256 0.0091493621
6260 0.0086715760
6384 0.0046562807
6530 0.0030611515
6633 0.0024327348
6791 0.0023632606
6875 0.0014289404
6895 0.0012347497
7215 0.0009897819
7327 0.0009374923
7337 0.0007106793
7582 0.0006026194
7596 0.0005982063
7651 0.0003867491
7763 0.0002841857
7830 0.0002788794
7908 0.0001795662
8025 0.0001377775
8150 0.0001334161
8297 0.0001085310
8519 0.0000608501
8731 0.0000390235
9012 0.0000299278
9156 0.0000292410
9161 0.0000213151
9251 0.0000166033
9437 0.0000162525
9474 0.0000088482
9566 0.0000070534
9794 0.0000066970
9876 0.0000061858
9916 0.0000036680
10116 0.0000033774
10164 0.0000026551
10268 0.0000015798
10594 0.0000006836
11066 0.0000006647
11067 0.0000006479
11146 0.0000006171
11216 0.0000006130
11266 0.0000005121
11286 0.0000004586
11313 0.0000004576
11316 0.0000004404
11347 0.0000003964
11383 0.0000003617
11397 0.0000003142
11457 0.0000001958
11486 0.0000001876
11695 0.0000001061
11815 0.0000000703
12049 0.0000000530
12120 0.0000000480
12513 0.0000000219
12743 0.0000000213
12828 0.0000000194
12882 0.0000000128
13075 0.0000000104
13278 0.0000000101
13378 0.0000000099
13392 0.0000000059
13424 0.0000000059
13620 0.0000000058
13632 0.0000000055
13711 0.0000000047
13748 0.0000000040
13824 0.0000000031
13835 0.0000000029
13924 0.0000000029
13942 0.0000000027
13986 0.0000000014
14061 0.0000000013
14434 0.0000000012
14479 0.0000000009
14577 0.0000000007
14672 0.0000000007
14763 0.0000000005
14834 0.0000000004
15004 0.0000000003
15054 0.0000000003
15079 0.0000000002
15154 0.0000000002
15316 0.0000000002
15320 0.0000000002
15404 0.0000000002
15552 0.0000000001
15679 0.0000000001
15840 0.0000000001
15852 0.0000000001
15962 0.0000000001
15992 0.0000000001
15998 0.0000000001
16165 0.0000000001
16234 0.0000000001
16257 0.0000000001
16333 0.0000000000
16468 0.0000000000
16487 0.0000000000
16551 0.0000000000
16587 0.0000000000
16776 0.0000000000
16925 0.0000000000
16981 0.0000000000
16990 0.0000000000
17012 0.0000000000
17102 0.0000000000
17149 0.0000000000
17153 0.0000000000
17176 0.0000000000
17422 0.0000000000
17683 0.0000000000
17809 0.0000000000
17878 0.0000000000
17960 0.0000000000
18420 0.0000000000
18684 0.0000000000
18969 0.0000000000
19178 0.0000000000
19456 0.0000000000
20447 0.0000000000
evaluations raw_y
1 584831.0977962461
3 584472.7832782370
4 536086.1562687062
5 472741.3214939798
6 413306.9345739856
15 249245.7824710697
16 235855.2077858013
29 138334.3492481673
38 106311.5851690928
49 64780.9143137773
53 14751.0186787062
76 1231.3512383212
83 181.7484095999
608 163.0699973302
763 143.6840079308
781 137.5116276319
790 115.6153855470
808 115.5986484900
810 113.6291808038
832 110.7456391869
878 108.0703591505
945 107.3738799075
947 104.4548681186
956 99.2578410044
958 81.1533145161
991 79.9302513257
1005 73.8914217940
1033 72.2767931534
1040 69.6998577846
1067 62.6822485493
1083 61.3828263936
1095 57.6021930439
1096 51.4519970652
1105 39.9507910926
1215 35.6686356613
1242 35.6294423215
1261 24.3077928047
1273 23.5584034942
1289 23.0647859398
1308 21.4705735935
1340 15.5402858815
1420 14.1781793219
1485 10.7572369740
1546 9.7298660966
1588 8.2375913852
1635 6.7200208001
1779 4.0187790924
2161 3.2914953195
2535 2.9879538635
2577 2.8875939967
2600 2.7304352977
2702 2.5740462180
2810 2.4410607536
2825 2.4234260817
2843 1.4248239877
2936 1.3815655865
2947 1.0822633801
3109 1.0420792836
3111 0.6829175915
3363 0.2554899594
4032 0.2365171968
4044 0.2352036282
4047 0.0988315239
4309 0.0834512915
4499 0.0658619574
4637 0.0550879812
4887 0.0452119256
4922 0.0283426937
5095 0.0253093432
5177 0.0189702335
5321 0.0142680747
5557 0.0089468440
5763 0.0083312720
5893 0.0047822568
6071 0.0047078844
6161 0.0034548121
6329 0.0032163266
6402 0.0018681660
6440 0.0017384172
6727 0.0014030281
6754 0.0011450607
6774 0.0005705201
6837 0.0004542418
7041 0.0003491870
7403 0.0003098491
7429 0.0002846598
7587 0.0002779917
7616 0.0002644496
7622 0.0002564183
7709 0.0002528184
7772 0.0001931665
7781 0.0001573021
7830 0.0001394720
7843 0.0001389596
7903 0.0001371396
7911 0.0001134440
7945 0.0000853384
7966 0.0000800095
8193 0.0000639417
8297 0.0000497027
8396 0.0000483526
8415 0.0000370872
8454 0.0000301549
8455 0.0000294541
8519 0.0000281019
8546 0.0000225078
8570 0.0000154447
8882 0.0000149581
9012 0.0000109420
9156 0.0000081826
9161 0.0000054677
9379 0.0000043063
9596 0.0000027169
9692 0.0000021062
9940 0.0000017857
10043 0.0000009070
10399 0.0000006550
10515 0.0000005713
10620 0.0000005089
10674 0.0000002286
11066 0.0000002130
11067 0.0000001820
11147 0.0000001184
11197 0.0000000924
11554 0.0000000543
11693 0.0000000534
11721 0.0000000367
12120 0.0000000141
12510 0.0000000137
12543 0.0000000106
12722 0.0000000076
12760 0.0000000060
12847 0.0000000057
12946 0.0000000057
13083 0.0000000048
13130 0.0000000032
13174 0.0000000030
13193 0.0000000024
13378 0.0000000022
13392 0.0000000022
13553 0.0000000018
13608 0.0000000017
13632 0.0000000016
13641 0.0000000014
13682 0.0000000014
13711 0.0000000008
13735 0.0000000007
13897 0.0000000004
14226 0.0000000004
14344 0.0000000003
14434 0.0000000003
14519 0.0000000003
14567 0.0000000002
14580 0.0000000002
14741 0.0000000002
14746 0.0000000001
14834 0.0000000001
15003 0.0000000001
15154 0.0000000001
15166 0.0000000000
15259 0.0000000000
15365 0.0000000000
15402 0.0000000000
15406 0.0000000000
15430 0.0000000000
15543 0.0000000000
15609 0.0000000000
15643 0.0000000000
15775 0.0000000000
15798 0.0000000000
15882 0.0000000000
15962 0.0000000000
16083 0.0000000000
16160 0.0000000000
16796 0.0000000000
16934 0.0000000000
17018 0.0000000000
17153 0.0000000000
17208 0.0000000000
17249 0.0000000000
17391 0.0000000000
17642 0.0000000000
17730 0.0000000000
18108 0.0000000000
18369 0.0000000000
18568 0.0000000000
18628 0.0000000000
18684 0.0000000000
18706 0.0000000000
18799 0.0000000000
18917 0.0000000000
19011 0.0000000000
19271 0.0000000000
19359 0.0000000000
19982 0.0000000000
20817 0.0000000000
evaluations raw_y
1 690109.5384103066
2 102452.0721349778
10 66996.8063240339
12 37986.7255915907
17 14891.9943129135
62 9526.5290646344
63 3697.4492956108
69 1962.0188494963
70 392.4718123035
77 356.4221323123
81 211.6929094741
88 183.8296220157
106 166.8881224906
255 162.4737611101
288 158.0220033075
303 125.0154114912
377 115.7962627196
393 94.1104800238
516 90.7847763595
556 84.3867435552
566 81.6201130270
603 68.0501888697
653 66.1652024732
660 55.5257288049
661 49.4282332374
687 41.0045755049
769 39.2929066645
785 34.4797752769
829 26.5505673995
846 23.3023732296
944 22.2085573626
945 12.5879911377
1069 12.3427663578
1202 12.0454668171
1275 11.6189854266
1289 11.1316930994
1420 9.7529978379
1479 9.7290490870
1544 7.1503447441
1615 4.7146679522
1692 3.5373481779
2270 3.2545210577
2292 3.0758726186
2351 2.7394830193
2354 2.4270071438
2594 1.3949511770
2676 1.3849869161
2810 1.3807080652
2839 1.3746513409
2871 1.3697309750
2931 1.3477304638
3055 1.3256120826
3061 1.1262734893
3082 0.9776623294
3114 0.8740497886
3177 0.7765615474
3207 0.7214379921
3301 0.6115724750
3431 0.4792936882
3622 0.4490287434
3695 0.3115861987
3737 0.2361936218
3854 0.2248414476
3908 0.1473523651
4144 0.1429267247
4183 0.1354525963
4275 0.1120822500
4309 0.0795349140
4582 0.0743318211
4609 0.0576031182
4759 0.0486891168
4793 0.0332441507
4881 0.0330613807
5052 0.0299517491
5072 0.0242964381
5073 0.0228833856
5077 0.0124786762
5422 0.0096661656
5673 0.0082417191
5719 0.0078838408
5743 0.0078686251
5758 0.0049206183
5878 0.0048486605
5908 0.0046600170
5963 0.0039877256
5969 0.0025763489
6278 0.0025453019
6298 0.0024412380
6347 0.0016421206
6406 0.0013548812
6548 0.0012708853
6702 0.0008794985
6705 0.0007773693
6758 0.0007292515
6837 0.0007217016
6855 0.0005081472
7008 0.0005041766
7026 0.0003867372
7041 0.0001762256
7391 0.0001387145
7584 0.0000830865
7748 0.0000709675
7777 0.0000534049
7887 0.0000501151
7908 0.0000435001
8021 0.0000289139
8143 0.0000159615
8378 0.0000159369
8455 0.0000147436
8853 0.0000120786
8948 0.0000115632
8966 0.0000090904
9114 0.0000090818
9122 0.0000087744
9167 0.0000067818
9187 0.0000046702
9236 0.0000017575
9702 0.0000011498
10045 0.0000009219
10089 0.0000005377
10515 0.0000005147
10545 0.0000004925
10682 0.0000003644
10792 0.0000002666
10824 0.0000001691
11147 0.0000001008
11286 0.0000000934
11329 0.0000000921
11436 0.0000000883
11457 0.0000000577
11526 0.0000000368
11780 0.0000000179
12037 0.0000000142
12163 0.0000000110
12337 0.0000000109
12452 0.0000000109
12528 0.0000000093
12537 0.0000000059
12632 0.0000000040
12775 0.0000000032
12808 0.0000000031
12931 0.0000000018
13124 0.0000000017
13168 0.0000000015
13390 0.0000000014
13449 0.0000000013
13518 0.0000000011
13552 0.0000000011
13557 0.0000000006
13812 0.0000000006
13825 0.0000000004
13857 0.0000000003
13927 0.0000000003
13983 0.0000000002
14235 0.0000000001
14321 0.0000000001
14531 0.0000000001
14578 0.0000000001
14670 0.0000000001
14730 0.0000000001
14816 0.0000000001
14925 0.0000000000
15208 0.0000000000
15515 0.0000000000
15534 0.0000000000
15636 0.0000000000
15643 0.0000000000
15859 0.0000000000
16264 0.0000000000
16487 0.0000000000
16540 0.0000000000
16721 0.0000000000
16920 0.0000000000
17323 0.0000000000
17355 0.0000000000
17424 0.0000000000
17664 0.0000000000
17851 0.0000000000
17877 0.0000000000
17904 0.0000000000
17927 0.0000000000
18010 0.0000000000
18026 0.0000000000
18280 0.0000000000
18420 0.0000000000
18438 0.0000000000
18608 0.0000000000
18665 0.0000000000
18684 0.0000000000
18799 0.0000000000
18817 0.0000000000
18898 0.0000000000
19312 0.0000000000
19329 0.0000000000
19490 0.0000000000
20183 0.0000000000
20850 0.0000000000
evaluations raw_y
1 581156.5774415542
2 214574.4884816769
13 116516.7649325530
28 65329.7675119305
48 61370.9762490466
56 35190.7703635001
62 32238.4026140568
84 687.4454907787
107 379.4619845020
264 236.2248698620
287 214.0537791554
400 135.0951169816
478 133.5540621005
479 125.3033504769
480 112.5200916024
488 108.4187823870
523 84.1082458427
653 78.1214490818
660 70.2031612087
717 69.9900760065
720 63.8332037029
744 52.6631526204
748 40.9211065408
763 32.4781244312
878 27.9516740831
944 23.5161869196
1037 23.4244479737
1046 20.0009965676
1073 18.1546710536
1114 15.4511093857
1220 13.1777944613
1275 12.7267769657
1344 12.6151338656
1420 12.5935160864
1437 9.9775808305
1506 6.8014126950
1616 5.6591254100
1934 5.3276480199
1951 5.0331131898
1974 4.2755860513
2013 4.2711858385
2056 3.9134323290
2301 3.1333767325
2365 2.7110035585
2442 2.5225057866
2446 2.0454484659
2540 1.8852387498
2569 1.3593232804
2594 1.2650067639
2695 0.9051747803
2794 0.7585859202
2904 0.7404398578
2923 0.7210490467
2961 0.4689282406
3033 0.3932669437
3278 0.3848640094
3293 0.3691960907
3382 0.3164313506
3407 0.2879806150
3484 0.2329821362
3493 0.2022355016
3536 0.2006168371
3752 0.1760723619
3837 0.0985326987
3978 0.0902116220
4077 0.0848168370
4174 0.0803698962
4178 0.0447546093
4207 0.0444389869
4751 0.0404525725
4938 0.0266549690
4947 0.0259700509
4992 0.0231225472
5060 0.0192197563
5129 0.0175744373
5130 0.0166849612
5198 0.0151536245
5246 0.0111774875
5248 0.0101569846
5277 0.0094415326
5338 0.0052816749
5445 0.0046410520
5664 0.0046169807
5823 0.0041584779
5905 0.0040938605
5961 0.0037994442
5963 0.0030506047
5969 0.0027907322
6060 0.0018651136
6231 0.0017617307
6329 0.0016802691
6350 0.0014275849
6453 0.0013637889
6463 0.0010658094
6534 0.0002722907
7041 0.0001961507
7102 0.0001653836
7403 0.0001491686
7525 0.0000883156
7558 0.0000854428
7702 0.0000579217
7777 0.0000555591
7781 0.0000275966
8150 0.0000153777
8689 0.0000114717
8802 0.0000113399
8871 0.0000091744
8918 0.0000074509
9012 0.0000058828
9064 0.0000055919
9118 0.0000043109
9167 0.0000041283
9210 0.0000014656
9596 0.0000012091
9643 0.0000011319
9726 0.0000010463
9760 0.0000009100
10089 0.0000008934
10174 0.0000008321
10183 0.0000005306
10268 0.0000004387
10515 0.0000003478
10798 0.0000003476
10811 0.0000003307
10824 0.0000001617
11197 0.0000000816
11529 0.0000000795
11565 0.0000000616
11574 0.0000000527
11695 0.0000000305
11894 0.0000000206
11993 0.0000000194
12212 0.0000000151
12319 0.0000000128
12349 0.0000000120
12420 0.0000000104
12545 0.0000000096
12551 0.0000000080
12688 0.0000000065
12689 0.0000000059
12755 0.0000000039
12830 0.0000000035
13088 0.0000000032
13130 0.0000000031
13132 0.0000000027
13179 0.0000000023
13185 0.0000000019
13392 0.0000000013
13412 0.0000000013
13427 0.0000000012
13512 0.0000000012
13553 0.0000000006
13942 0.0000000003
14090 0.0000000002
14269 0.0000000002
14347 0.0000000002
14461 0.0000000002
14515 0.0000000002
14580 0.0000000001
14734 0.0000000001
14741 0.0000000001
14746 0.0000000001
14790 0.0000000000
15154 0.0000000000
15159 0.0000000000
15250 0.0000000000
15273 0.0000000000
15413 0.0000000000
15442 0.0000000000
15447 0.0000000000
15581 0.0000000000
15771 0.0000000000
15824 0.0000000000
15852 0.0000000000
15860 0.0000000000
16264 0.0000000000
16333 0.0000000000
16361 0.0000000000
16410 0.0000000000
16470 0.0000000000
16540 0.0000000000
17201 0.0000000000
17213 0.0000000000
17225 0.0000000000
17391 0.0000000000
17422 0.0000000000
17960 0.0000000000
18369 0.0000000000
18550 0.0000000000
18626 0.0000000000
18734 0.0000000000
18886 0.0000000000
19378 0.0000000000
19749 0.0000000000
20119 0.0000000000
evaluations raw_y
1 180196.0424482428
8 157271.2497459454
21 130913.3616732663
24 110477.9803295594
30 103676.6998857324
32 88902.1109744967
46 19288.6369060721
56 17293.3186839399
69 9212.0347690936
85 359.3657046988
110 115.0012269029
369 114.5090793923
378 109.1310563644
463 108.2784121595
467 75.5900950575
509 73.1135130705
512 34.0354064395
534 33.9008040853
693 32.6474429802
701 27.4193974195
771 26.3636196183
793 23.3549696602
829 22.8671529717
835 22.7633143004
871 21.1685497936
912 18.7508003826
920 16.4750988728
923 12.4396328903
943 12.2251359343
968 7.4380336132
1176 7.0213471266
1178 4.9400479074
1276 4.5798444942
1468 4.5086631304
1511 4.4597294189
1545 3.1600885825
1554 1.7226929259
1920 1.6044160833
1924 1.3160996392
2301 1.1897973788
2335 0.8470410437
2371 0.6654277250
2595 0.6217154680
2642 0.5012109087
2792 0.4719938375
2818 0.4502673215
2843 0.4169796113
2947 0.2828749794
3154 0.2550190109
3312 0.2324076491
3323 0.1556307062
3417 0.1521932124
3449 0.1447455474
3573 0.1434244256
3592 0.0741730329
4001 0.0624757157
4169 0.0262667746
4281 0.0173596681
4710 0.0159451149
4803 0.0150022612
4819 0.0100491633
4881 0.0085758160
5106 0.0053231347
5321 0.0046202255
5344 0.0043571530
5370 0.0043369359
5722 0.0028387809
5780 0.0027192717
5838 0.0024794219
5878 0.0017343275
6042 0.0016104669
6077 0.0013529236
6124 0.0011339267
6169 0.0005438984
6702 0.0004976468
6727 0.0004111432
6832 0.0001464389
7231 0.0001153354
7337 0.0001081830
7340 0.0001073149
7402 0.0000823501
7403 0.0000650847
7500 0.0000380808
7772 0.0000284651
7778 0.0000197648
7911 0.0000167150
7945 0.0000129637
8254 0.0000126109
8279 0.0000121877
8378 0.0000081510
8507 0.0000054539
8605 0.0000045944
8768 0.0000043854
8853 0.0000042129
9114 0.0000018236
9406 0.0000010811
9482 0.0000009262
9692 0.0000009031
9730 0.0000008971
9823 0.0000008502
9858 0.0000006682
10121 0.0000005297
10197 0.0000005228
10292 0.0000004800
10440 0.0000002981
10642 0.0000002942
10657 0.0000002664
10675 0.0000002440
10705 0.0000002114
10733 0.0000001867
10793 0.0000001862
10812 0.0000001540
10844 0.0000001136
10895 0.0000001063
10976 0.0000001043
11011 0.0000001000
11066 0.0000000685
11154 0.0000000544
11176 0.0000000472
11430 0.0000000257
11502 0.0000000191
11864 0.0000000179
11970 0.0000000088
12017 0.0000000066
12037 0.0000000062
12163 0.0000000060
12338 0.0000000040
12578 0.0000000036
12632 0.0000000033
12666 0.0000000026
12745 0.0000000020
12878 0.0000000018
13211 0.0000000012
13411 0.0000000009
13482 0.0000000009
13549 0.0000000007
13557 0.0000000003
13894 0.0000000003
13964 0.0000000002
14184 0.0000000001
14460 0.0000000001
14491 0.0000000001
14679 0.0000000001
14787 0.0000000000
15273 0.0000000000
15344 0.0000000000
15404 0.0000000000
15714 0.0000000000
15837 0.0000000000
15882 0.0000000000
15927 0.0000000000
16172 0.0000000000
16210 0.0000000000
16259 0.0000000000
16477 0.0000000000
16697 0.0000000000
16797 0.0000000000
16834 0.0000000000
16850 0.0000000000
17152 0.0000000000
17169 0.0000000000
17524 0.0000000000
17620 0.0000000000
17730 0.0000000000
17851 0.0000000000
17927 0.0000000000
17960 0.0000000000
18017 0.0000000000
18143 0.0000000000
18396 0.0000000000
18553 0.0000000000
18627 0.0000000000
18692 0.0000000000
18751 0.0000000000
18898 0.0000000000
18978 0.0000000000
19135 0.0000000000
19256 0.0000000000
19492 0.0000000000
19794 0.0000000000
19801 0.0000000000
20075 0.0000000000
20507 0.0000000000
20611 0.0000000000
21591 0.0000000000
evaluations raw_y
1 781463.1777708222
21 347387.7654680185
32 312744.3789779067
50 156568.0211159497
59 133267.7435628677
63 132668.6966237894
66 234.6965834273
738 232.4314304233
768 226.4480398347
782 219.1945738093
809 214.5505089090
810 212.7106037121
817 189.8905455545
823 186.9598961562
945 135.8987571684
991 118.3957847089
1001 102.1995043411
1038 100.2426050965
1148 93.4078539488
1166 47.2726210442
1216 46.1801812766
1217 45.5495081197
1246 44.5751861818
1250 40.6539275771
1258 30.6707126896
1284 28.4740240792
1379 26.5617148368
1399 21.0739309433
1460 13.3003690680
1476 13.0400607265
1477 12.6169833271
1627 9.8639251363
1714 7.9235746664
1737 6.4420149302
1778 3.7602092139
2001 3.5243403608
2290 2.6539119645
2453 2.4504936770
2511 2.2043103517
2592 1.9933393920
2616 1.6992408703
2670 1.5871266442
2694 0.7383207579
2741 0.7274410211
2824 0.6966087045
3033 0.4608482177
3278 0.3983505469
3470 0.3695675629
3489 0.3633897757
3573 0.3557642312
3576 0.3405240527
3590 0.2159297514
3686 0.2080036808
3701 0.1573754221
3705 0.1425724602
3722 0.1074928999
4001 0.0733565228
4371 0.0467572328
4531 0.0417199219
4638 0.0315372242
4785 0.0223136458
4816 0.0129415446
5239 0.0093299701
5314 0.0085866686
5321 0.0054585993
5479 0.0045156284
5912 0.0029694062
5963 0.0026358021
6134 0.0009864471
6744 0.0005076988
6774 0.0002560846
7041 0.0001786150
7290 0.0001559159
7450 0.0001509102
7525 0.0001236461
7702 0.0001112613
7781 0.0000534084
7964 0.0000429511
8280 0.0000417348
8282 0.0000288016
8420 0.0000230403
8577 0.0000208722
8582 0.0000142757
8803 0.0000121971
8871 0.0000091414
8882 0.0000090021
9005 0.0000084780
9014 0.0000082879
9048 0.0000068840
9198 0.0000062897
9216 0.0000040529
9285 0.0000031673
9483 0.0000023826
9566 0.0000019397
9584 0.0000013751
9643 0.0000010158
9760 0.0000006907
10252 0.0000005419
10268 0.0000004487
10669 0.0000003934
10703 0.0000003268
10767 0.0000002089
11059 0.0000001809
11112 0.0000001016
11272 0.0000000757
11418 0.0000000449
11751 0.0000000399
11763 0.0000000362
11815 0.0000000290
11887 0.0000000194
12312 0.0000000187
12328 0.0000000180
12335 0.0000000135
12407 0.0000000116
12413 0.0000000113
12420 0.0000000102
12468 0.0000000070
12648 0.0000000068
12658 0.0000000062
12735 0.0000000055
12790 0.0000000039
12963 0.0000000025
13235 0.0000000011
13553 0.0000000004
14111 0.0000000003
14132 0.0000000002
14226 0.0000000002
14408 0.0000000002
14567 0.0000000002
14710 0.0000000001
14725 0.0000000001
14901 0.0000000001
15004 0.0000000001
15092 0.0000000001
15205 0.0000000001
15230 0.0000000001
15316 0.0000000001
15321 0.0000000000
15338 0.0000000000
15344 0.0000000000
15500 0.0000000000
15628 0.0000000000
15714 0.0000000000
15983 0.0000000000
16151 0.0000000000
16160 0.0000000000
16325 0.0000000000
16397 0.0000000000
16447 0.0000000000
16506 0.0000000000
16639 0.0000000000
16674 0.0000000000
16717 0.0000000000
16738 0.0000000000
16776 0.0000000000
16796 0.0000000000
16925 0.0000000000
17190 0.0000000000
17277 0.0000000000
17289 0.0000000000
17639 0.0000000000
17761 0.0000000000
17789 0.0000000000
17851 0.0000000000
17878 0.0000000000
17946 0.0000000000
18079 0.0000000000
18755 0.0000000000
18772 0.0000000000
18864 0.0000000000
19490 0.0000000000
20149 0.0000000000
evaluations raw_y
1 1491294.3053655224
2 827898.4223384713
15 697237.7488729219
29 696686.4314428216
33 542752.5048895002
38 330513.5923249477
49 275124.5190584737
60 262255.2545237453
66 187402.2360256682
68 179189.0968225927
70 104119.6895417614
107 38579.8215917037
111 24890.2245915764
117 11377.6385470975
134 552.0986988462
450 481.4227712300
465 463.4318472362
475 462.4659628891
487 415.1071357268
488 396.1228956148
621 364.6524653667
630 237.4024435912
645 213.2265486780
776 143.9813981064
798 99.8503579239
945 84.7262602270
1145 75.8143582856
1256 75.0221979417
1286 67.2770009260
1318 59.7888895731
1332 58.7625011556
1336 50.8353536915
1342 50.4743517168
1347 50.2427184694
1364 49.1075558860
1380 25.8922757488
1549 24.3534505651
1560 23.4537537871
1599 20.1731579996
1692 13.6303399264
1721 10.9754009480
1816 9.0844542342
1887 8.1597226373
1932 7.0860050905
2057 6.2158958969
2113 5.6948161509
2386 5.6088102193
2500 5.3446451957
2504 4.1442554324
2600 4.1420467139
2696 2.6052671125
2866 2.1098274223
2923 1.9205641260
3072 1.6168255596
3189 1.4077250511
3422 1.3602191425
3489 1.3388030798
3570 0.8152431427
3573 0.7370995612
3718 0.7216329932
3725 0.6204434725
3908 0.4268605347
4144 0.3389361363
4309 0.2585870246
4488 0.2160342137
4537 0.2077279665
4558 0.1574190839
4776 0.1457624553
4837 0.1405946484
4887 0.1387518193
4926 0.1331584708
4944 0.0893909062
5113 0.0834462145
5147 0.0430753850
5338 0.0426616687
5583 0.0417880430
5595 0.0283739902
5938 0.0214866410
6120 0.0196805940
6124 0.0195516061
6187 0.0115965154
6309 0.0089063471
6384 0.0079128124
6463 0.0071555215
6473 0.0064740449
6709 0.0058772975
6726 0.0044701847
6727 0.0019473571
7185 0.0014706616
7247 0.0013537990
7500 0.0009579606
7582 0.0009138682
7584 0.0007415949
7772 0.0007153551
7777 0.0006571285
7781 0.0004976961
7885 0.0004920725
8090 0.0004008856
8113 0.0002710473
8254 0.0002590598
8358 0.0001857735
8454 0.0001587396
8455 0.0001322442
8734 0.0000669967
9028 0.0000588842
9114 0.0000465100
9167 0.0000327309
9210 0.0000190518
9596 0.0000113374
10158 0.0000084320
10592 0.0000075781
10685 0.0000075031
10727 0.0000074755
10733 0.0000071265
10754 0.0000038079
10824 0.0000036350
10951 0.0000030723
11032 0.0000030274
11066 0.0000022352
11185 0.0000017141
11286 0.0000016794
11305 0.0000014758
11358 0.0000014183
11478 0.0000012893
11506 0.0000011895
11595 0.0000008825
11663 0.0000008135
11687 0.0000007631
11780 0.0000004986
11887 0.0000002910
12120 0.0000002183
12235 0.0000002029
12285 0.0000001884
12299 0.0000001567
12345 0.0000001151
12598 0.0000001007
12722 0.0000000570
12861 0.0000000542
12981 0.0000000512
13009 0.0000000456
13088 0.0000000390
13130 0.0000000334
13232 0.0000000286
13278 0.0000000237
13392 0.0000000185
13395 0.0000000170
13427 0.0000000142
13659 0.0000000120
13677 0.0000000114
13815 0.0000000109
13822 0.0000000099
13867 0.0000000080
13907 0.0000000069
13940 0.0000000062
14007 0.0000000060
14061 0.0000000059
14074 0.0000000059
14106 0.0000000032
14132 0.0000000031
14342 0.0000000030
14347 0.0000000018
14463 0.0000000012
14771 0.0000000012
14779 0.0000000011
14790 0.0000000011
14819 0.0000000010
14830 0.0000000009
14834 0.0000000007
15003 0.0000000007
15159 0.0000000005
15184 0.0000000003
15404 0.0000000002
15543 0.0000000002
15775 0.0000000002
15792 0.0000000002
15850 0.0000000002
15852 0.0000000001
15882 0.0000000001
15935 0.0000000001
15968 0.0000000001
16182 0.0000000001
16280 0.0000000000
16306 0.0000000000
16344 0.0000000000
16375 0.0000000000
16554 0.0000000000
16570 0.0000000000
16838 0.0000000000
16913 0.0000000000
16925 0.0000000000
17025 0.0000000000
17194 0.0000000000
17213 0.0000000000
17369 0.0000000000
17470 0.0000000000
17543 0.0000000000
17626 0.0000000000
17785 0.0000000000
17844 0.0000000000
17888 0.0000000000
18079 0.0000000000
18215 0.0000000000
18259 0.0000000000
18276 0.0000000000
18302 0.0000000000
18346 0.0000000000
18568 0.0000000000
18626 0.0000000000
18785 0.0000000000
18837 0.0000000000
18898 0.0000000000
19038 0.0000000000
19185 0.0000000000
19197 0.0000000000
19263 0.0000000000
19563 0.0000000000
19648 0.0000000000
19649 0.0000000000
19906 0.0000000000
20030 0.0000000000
20121 0.0000000000
20196 0.0000000000
20210 0.0000000000
20368 0.0000000000
20461 0.0000000000
20558 0.0000000000
20850 0.0000000000
21025 0.0000000000
21165 0.0000000000
21729 0.0000000000
22577 0.0000000000
