evaluations raw_y
1 1302.1339530580
2 578.8275454447
6 543.0072026951
29 523.2872371513
36 515.1272088674
62 388.1819051480
125 356.1271209611
133 354.1401521797
148 242.9185436717
185 225.7042521789
221 202.9342766603
480 140.4651906072
923 118.2366110093
1326 118.2278085074
1576 117.7604712721
1665 115.6096757129
1729 106.9662144548
1772 76.3311350464
2354 65.8831882138
2953 55.9899536741
3610 54.9790705466
3820 53.0830981051
3906 50.8067500913
4877 41.4436136252
5274 39.2931576109
5833 38.3145086376
5866 36.2472438191
5922 27.7253454766
6278 26.6326608617
6306 23.6441601559
6540 19.9338462925
6560 17.6634156408
6664 15.9362720143
6773 12.2567821962
6895 11.7552669987
6909 11.3780051066
7002 10.7182154251
7062 10.2585009886
7156 10.1778639024
7247 9.8734256610
7250 9.7068287474
7281 8.8801416574
7653 8.4360249276
7845 8.2429766428
8344 8.2308813219
8379 8.1893046405
8398 8.1728367744
8500 8.1207391345
8649 8.0430494634
8901 8.0429992495
8912 8.0144162219
9036 8.0144041479
9112 8.0011320314
9157 7.9937772506
9371 7.9776463557
9586 7.9711708953
9643 7.9681414991
9692 7.9676779159
9730 7.9672896714
9793 7.9632250375
10118 7.9620855787
10239 7.9616688379
10364 7.9614901653
10424 7.9612850483
10496 7.9605550509
10620 7.9604948950
10733 7.9604680941
10742 7.9602334048
10748 7.9601832741
10790 7.9601271747
10966 7.9599521013
11161 7.9598514296
11526 7.9598068306
11578 7.9597627061
11786 7.9597438002
11970 7.9597313706
11988 7.9597272943
12014 7.9597110680
12136 7.9597110327
12170 7.9596962276
12228 7.9596926649
12335 7.9596876612
12414 7.9596830808
12438 7.9596822553
12585 7.9596806841
12598 7.9596773538
12935 7.9596757322
13078 7.9596753372
13129 7.9596751822
13137 7.9596747532
13169 7.9596737814
13498 7.9596736831
13552 7.9596731582
13820 7.9596731339
13873 7.9596728939
13886 7.9596726918
14352 7.9596726809
14392 7.9596726446
14447 7.9596726387
14459 7.9596725937
14462 7.9596725689
14582 7.9596725540
14603 7.9596725432
14646 7.9596725407
14669 7.9596725294
14693 7.9596724987
14875 7.9596724937
14941 7.9596724865
14993 7.9596724749
15273 7.9596724745
15327 7.9596724718
15356 7.9596724717
15366 7.9596724716
15389 7.9596724713
15418 7.9596724619
15701 7.9596724614
15728 7.9596724609
15757 7.9596724601
15909 7.9596724596
15946 7.9596724574
16425 7.9596724573
16468 7.9596724572
16691 7.9596724572
16721 7.9596724571
16723 7.9596724569
17025 7.9596724569
17044 7.9596724569
17316 7.9596724568
17512 7.9596724568
17645 7.9596724568
17912 7.9596724568
18055 7.9596724568
18070 7.9596724568
18389 7.9596724568
18467 7.9596724568
18607 7.9596724567
18684 7.9596724567
18892 7.9596724567
19312 7.9596724567
19418 7.9596724567
19534 7.9596724567
19589 7.9596724567
19857 7.9596724567
19872 7.9596724567
19970 7.9596724567
20121 7.9596724567
20293 7.9596724567
20528 7.9596724567
22120 7.9596724567
evaluations raw_y
1 1187.4642086385
2 355.2748714324
19 363.6419947761
27 357.8787787072
35 306.4307256562
77 241.8211383798
99 217.3400694970
252 185.6374996182
454 179.3136036941
744 174.0857706489
790 170.7716956990
808 161.5265842273
880 144.2366307717
1006 130.2371605513
1023 112.8828836924
1154 103.4855818578
1323 90.7886798752
1921 87.8265376602
1989 84.1208919785
2052 83.6648869994
2076 68.5921331605
2683 62.4121249641
2947 57.0748276112
3033 51.7699389262
3883 51.0112067901
4206 40.5172937368
4937 36.8167465003
5372 31.2631209110
5700 29.6802890793
5950 21.1968826116
6235 21.0200261734
6323 18.9705750522
6329 18.5209630855
6517 15.8169469461
6599 14.6394396810
6650 14.4219997162
6685 13.6514997428
6705 13.5066590878
6707 13.1577807747
6909 11.6237476467
6959 10.3939031308
7156 10.1475809761
7208 10.1065724340
7248 9.9493631415
7299 9.7163895389
7519 9.4908036781
7651 9.4360407377
7818 9.3340270288
7845 9.1352266761
8070 9.0644501556
8241 9.0470171891
8573 9.0301091620
8613 9.0283150899
8649 9.0236945111
8653 9.0161247360
8787 9.0087534332
8847 8.9902006646
8972 8.9890471812
9063 8.9775928291
9156 8.9771606626
9176 8.9766878285
9198 8.9712278807
9210 8.9631116487
9606 8.9609205529
9730 8.9591357248
9767 8.9589102681
9793 8.9579158232
9876 8.9572226570
10118 8.9563080130
10344 8.9556818622
10424 8.9553958577
10620 8.9553563268
10733 8.9551700282
10748 8.9548546186
11110 8.9548365355
11161 8.9547833008
11246 8.9547549821
11286 8.9547228886
11496 8.9547037387
11545 8.9546923469
11578 8.9546562296
12014 8.9546508212
12044 8.9546465089
12170 8.9546445777
12228 8.9546394972
12335 8.9546369469
12414 8.9546360835
12468 8.9546334260
12518 8.9546322685
12598 8.9546319337
12722 8.9546305578
12731 8.9546305552
12737 8.9546300787
12775 8.9546293696
12941 8.9546284964
13088 8.9546280635
13137 8.9546279290
13169 8.9546274451
13271 8.9546270092
13425 8.9546270036
13498 8.9546269077
13552 8.9546268700
13799 8.9546267468
13820 8.9546266901
13886 8.9546266714
14038 8.9546266409
14061 8.9546265992
14248 8.9546265892
14332 8.9546265629
14447 8.9546265593
14462 8.9546265135
14618 8.9546265019
14834 8.9546264962
14941 8.9546264904
14993 8.9546264866
15010 8.9546264826
15230 8.9546264821
15418 8.9546264778
15850 8.9546264774
15882 8.9546264773
15909 8.9546264773
15946 8.9546264767
15983 8.9546264766
16149 8.9546264765
16228 8.9546264765
16325 8.9546264765
16397 8.9546264765
16425 8.9546264765
16450 8.9546264765
16468 8.9546264763
16540 8.9546264762
16575 8.9546264762
16721 8.9546264762
16723 8.9546264761
17044 8.9546264761
17316 8.9546264761
17474 8.9546264760
17478 8.9546264760
17512 8.9546264760
17645 8.9546264760
17701 8.9546264760
17912 8.9546264760
18007 8.9546264760
18159 8.9546264760
18290 8.9546264760
18350 8.9546264760
18389 8.9546264760
18467 8.9546264760
18607 8.9546264760
18822 8.9546264760
18892 8.9546264760
18963 8.9546264760
18987 8.9546264760
19197 8.9546264760
19226 8.9546264760
19312 8.9546264760
19480 8.9546264760
19503 8.9546264760
19534 8.9546264760
19581 8.9546264760
19589 8.9546264760
19802 8.9546264760
19831 8.9546264760
20069 8.9546264760
20183 8.9546264760
20210 8.9546264760
20426 8.9546264760
20620 8.9546264760
20829 8.9546264760
26761 8.9546264760
65998 8.9546264760
74580 8.9546264760
evaluations raw_y
1 741.2951393467
2 701.5669586908
16 730.0180029594
26 632.5247323833
47 600.1187520283
62 585.8878729938
63 519.2420491146
71 429.5121996303
97 414.8770400961
122 387.3955643111
133 353.0480979380
145 282.6824773555
290 185.7804547688
480 140.3490386376
1511 137.1539668033
1529 136.3853327782
1533 105.7274603628
1975 81.2227042282
2300 68.3412020288
2312 67.9772771865
2757 64.2117648328
2901 63.2758369737
3124 57.2847291728
3752 53.7663171597
4292 46.8435878325
4961 42.8627951463
5456 41.9395755235
6382 36.0508106564
6411 34.0847538296
6540 31.9842663777
6876 31.3299988052
6909 29.1283228184
7003 25.8052105596
7180 25.4462666849
7187 20.5599354373
7200 20.5509264820
7231 18.6098799186
7299 18.3551117125
7346 15.2727861961
7616 14.3105817294
7626 11.6802890465
7845 11.3608494224
7868 11.2578918605
8248 10.7051421159
8344 10.5827238702
8398 10.5567467486
8444 10.5477938009
8500 10.5200479869
8649 10.2795203246
8810 10.1752841843
8912 10.1598982696
9039 10.1575134751
9123 10.1468901146
9129 10.1396995969
9236 10.0745763087
9310 10.0708146865
9482 10.0434803963
9565 10.0384414461
9576 10.0378876097
9586 10.0338940982
9607 10.0209334917
9650 10.0094819312
9692 9.9986828149
9730 9.9926250134
9889 9.9890798621
9891 9.9735977435
10046 9.9674307109
10118 9.9649681040
10326 9.9623641233
10364 9.9603884834
10424 9.9596812916
10496 9.9583347665
10620 9.9557613015
10652 9.9556906712
10714 9.9555398261
10742 9.9545321659
10748 9.9533425442
10790 9.9532548936
10810 9.9527423709
10946 9.9527214718
10966 9.9526367251
11036 9.9520501333
11110 9.9511903858
11286 9.9503757770
11542 9.9503506683
11642 9.9503201780
11661 9.9502814141
11667 9.9502610684
11720 9.9501647658
11885 9.9500578685
11944 9.9498103741
12170 9.9497225928
12228 9.9497033792
12335 9.9496381036
12731 9.9496361915
12779 9.9496275682
12917 9.9496226043
12935 9.9496025347
13169 9.9495965116
13179 9.9495953107
13425 9.9495935948
13498 9.9495921771
13530 9.9495914346
13552 9.9495897708
13711 9.9495893949
13799 9.9495888379
13820 9.9495882765
13983 9.9495880269
14038 9.9495876142
14162 9.9495872167
14226 9.9495870450
14290 9.9495863317
14462 9.9495862921
14517 9.9495861737
14580 9.9495860205
14599 9.9495858884
14693 9.9495858190
14875 9.9495858129
14893 9.9495858089
14941 9.9495857038
15010 9.9495856601
15224 9.9495856587
15273 9.9495856395
15275 9.9495856338
15327 9.9495855958
15404 9.9495855932
15418 9.9495855627
15717 9.9495855565
15882 9.9495855438
15946 9.9495855387
16425 9.9495855370
16547 9.9495855363
16575 9.9495855360
16578 9.9495855358
16689 9.9495855357
16721 9.9495855357
16723 9.9495855354
16740 9.9495855352
16767 9.9495855342
17044 9.9495855341
17150 9.9495855341
17163 9.9495855340
17176 9.9495855340
17199 9.9495855338
17247 9.9495855338
17269 9.9495855338
17316 9.9495855334
17468 9.9495855334
17474 9.9495855334
17512 9.9495855333
17701 9.9495855332
17912 9.9495855332
17996 9.9495855332
18070 9.9495855332
18159 9.9495855332
18183 9.9495855331
18389 9.9495855331
18467 9.9495855331
18487 9.9495855331
18607 9.9495855331
18963 9.9495855331
18987 9.9495855331
19178 9.9495855331
19197 9.9495855331
19251 9.9495855331
19418 9.9495855331
19589 9.9495855331
19760 9.9495855331
19802 9.9495855331
19812 9.9495855331
19823 9.9495855331
19831 9.9495855331
20184 9.9495855331
20210 9.9495855331
20458 9.9495855331
20461 9.9495855331
20620 9.9495855331
20715 9.9495855331
20860 9.9495855331
21068 9.9495855331
21165 9.9495855331
21887 9.9495855331
22862 9.9495855331
evaluations raw_y
1 1072.0068802904
2 642.3534969795
6 627.3173823892
9 579.5398990722
11 530.7507654423
53 455.7088692898
76 356.3559809901
137 299.3314318773
154 270.2529411912
192 237.2189322450
250 219.0048882159
884 142.0102910860
1258 145.6730586516
1465 131.1789031253
1498 123.5593344484
1511 108.1498051256
1802 84.3563954524
2188 69.8297488927
2535 57.2621189307
3055 54.3651286039
3478 51.7359346910
4727 45.7499152383
6573 36.1995987615
6909 35.5793914220
6921 29.2793098856
6959 28.5616450865
7156 26.8314030746
7281 24.2417180745
7298 20.9136563967
7653 14.4995996687
7845 14.2757514403
7868 10.9383040793
8364 10.7596780152
8526 10.7235339596
8605 9.7282572908
9140 9.6514693523
9156 9.5220514243
9157 9.2571713125
9171 9.1931543777
9510 9.1507793290
9586 9.0998801821
9726 9.0764632853
9730 9.0756629422
10118 9.0266412482
10652 9.0251710645
10674 9.0199603961
10714 9.0139605218
10733 9.0116176087
10748 8.9950705086
10824 8.9874283817
10946 8.9822207463
11110 8.9801639303
11246 8.9762441508
11382 8.9731078072
11397 8.9645761461
11636 8.9640787773
11860 8.9631061740
11906 8.9617147843
11915 8.9616900512
11944 8.9612903677
12014 8.9574687607
12231 8.9573128365
12335 8.9567164385
12414 8.9565378506
12513 8.9564409277
12585 8.9563308821
12598 8.9563002122
12722 8.9561380733
12737 8.9557203367
12839 8.9556895158
12935 8.9554572056
12941 8.9551230612
13078 8.9550065129
13169 8.9549588820
13186 8.9549586079
13374 8.9549232812
13427 8.9548983362
13479 8.9548527758
13498 8.9547825313
13552 8.9547639480
13632 8.9547231517
13886 8.9546850107
14132 8.9546783617
14162 8.9546687131
14226 8.9546581692
14426 8.9546574623
14462 8.9546420808
14693 8.9546396554
14834 8.9546385627
14875 8.9546367404
14925 8.9546346233
14941 8.9546324084
15123 8.9546311857
15273 8.9546285695
15418 8.9546274987
15882 8.9546269782
15946 8.9546266926
16575 8.9546266733
16584 8.9546266486
16689 8.9546265890
16767 8.9546265507
16898 8.9546265450
17025 8.9546265385
17044 8.9546264985
17316 8.9546264944
17512 8.9546264901
17645 8.9546264814
17997 8.9546264805
18070 8.9546264789
18467 8.9546264780
18533 8.9546264777
18607 8.9546264767
18863 8.9546264766
19178 8.9546264763
19312 8.9546264763
19490 8.9546264762
19589 8.9546264762
19602 8.9546264762
19823 8.9546264761
19872 8.9546264761
20018 8.9546264761
20077 8.9546264761
20184 8.9546264761
20210 8.9546264760
20428 8.9546264760
20461 8.9546264760
20715 8.9546264760
20729 8.9546264760
20812 8.9546264760
20813 8.9546264760
20860 8.9546264760
21017 8.9546264760
21048 8.9546264760
21061 8.9546264760
21079 8.9546264760
21084 8.9546264760
21208 8.9546264760
21239 8.9546264760
21288 8.9546264760
21673 8.9546264760
21797 8.9546264760
21836 8.9546264760
21905 8.9546264760
21965 8.9546264760
22107 8.9546264760
22182 8.9546264760
22331 8.9546264760
22688 8.9546264760
22711 8.9546264760
23042 8.9546264760
23405 8.9546264760
23527 8.9546264760
23901 8.9546264760
24130 8.9546264760
24260 8.9546264760
24453 8.9546264760
24527 8.9546264760
24819 8.9546264760
25238 8.9546264760
47304 8.9546264760
74503 8.9546264760
evaluations raw_y
1 1144.8499217448
2 678.6784202540
6 645.0794462553
8 582.3954139168
14 561.0533469704
17 448.7020901397
49 480.1860536286
66 474.3802858755
77 311.2959565144
108 242.2902406064
237 225.9096981335
250 174.3365330534
480 156.2256615141
715 109.6614183335
1124 108.1078195145
1468 73.6818578159
1481 71.2513329425
2259 62.0907708486
2639 50.8452020062
3501 48.7812996028
3687 47.1631248555
3783 46.8599666892
4561 46.8434358846
4881 38.3273127828
5147 30.0954677156
5207 29.1858300314
5963 24.6716841093
6445 22.6801842825
6780 22.3540848596
6808 21.0174125738
6909 15.7729786141
7290 14.4606294018
7346 14.4134900262
7454 13.4054053992
7525 12.8153397405
7596 12.5856559268
7615 12.5562086986
7626 11.9791105981
7653 10.7805556580
8070 10.6337989682
8254 10.6246181342
8268 10.4293018023
8455 10.4071232873
8573 10.3086013600
8600 10.2821582627
8649 10.1941052366
8657 10.1577171561
8672 10.1475741564
8787 10.1196894778
8974 10.0501413301
9310 10.0283880925
9353 10.0249882734
9371 10.0234947597
9382 10.0014205531
9586 9.9668802244
9930 9.9648586140
10112 9.9617797197
10118 9.9558800512
10675 9.9540161652
10748 9.9526990283
10790 9.9514709918
10951 9.9512323440
11037 9.9511044611
11161 9.9507467118
11463 9.9506734904
11526 9.9505289145
11578 9.9502348706
11769 9.9502303103
11809 9.9501248245
11868 9.9499530552
11885 9.9499519983
11944 9.9498870132
11988 9.9498656653
12014 9.9497584199
12136 9.9497189300
12170 9.9497068340
12228 9.9496615250
12486 9.9496588813
12543 9.9496546793
12585 9.9496382351
12722 9.9496245245
12737 9.9496191566
12845 9.9496173711
12917 9.9496113804
12941 9.9496107224
13011 9.9496103332
13033 9.9496081891
13088 9.9496045915
13124 9.9496024030
13137 9.9496014323
13169 9.9495981415
13179 9.9495974598
13218 9.9495963820
13235 9.9495951848
13251 9.9495947523
13271 9.9495920025
13362 9.9495916555
13425 9.9495901700
13498 9.9495889176
13552 9.9495874793
13886 9.9495870291
14066 9.9495869158
14162 9.9495869144
14197 9.9495868400
14248 9.9495867922
14290 9.9495864581
14393 9.9495864380
14426 9.9495860250
14462 9.9495860198
14515 9.9495859216
14580 9.9495858293
14669 9.9495857294
14875 9.9495856615
15070 9.9495856579
15073 9.9495856457
15094 9.9495856398
15191 9.9495856347
15220 9.9495855773
15418 9.9495855560
15717 9.9495855546
15882 9.9495855425
15946 9.9495855397
16228 9.9495855368
16425 9.9495855362
16468 9.9495855356
16547 9.9495855355
16575 9.9495855350
16689 9.9495855348
16767 9.9495855343
16894 9.9495855342
16898 9.9495855342
16996 9.9495855342
17011 9.9495855341
17025 9.9495855338
17044 9.9495855337
17169 9.9495855337
17170 9.9495855336
17199 9.9495855334
17316 9.9495855334
17335 9.9495855334
17391 9.9495855333
17422 9.9495855333
17512 9.9495855332
17645 9.9495855332
17701 9.9495855332
17912 9.9495855332
18007 9.9495855332
18055 9.9495855331
18102 9.9495855331
18159 9.9495855331
18183 9.9495855331
18389 9.9495855331
18467 9.9495855331
18607 9.9495855331
18892 9.9495855331
18987 9.9495855331
19178 9.9495855331
19418 9.9495855331
19534 9.9495855331
19589 9.9495855331
19602 9.9495855331
19831 9.9495855331
19991 9.9495855331
20030 9.9495855331
20113 9.9495855331
20183 9.9495855331
20184 9.9495855331
20293 9.9495855331
20550 9.9495855331
20611 9.9495855331
21037 9.9495855331
21910 9.9495855331
evaluations raw_y
1 1578.4694534544
2 848.3298145322
3 849.4474005994
4 588.2130299781
6 578.1682402075
15 504.6793278392
46 459.4725126105
55 419.9270903841
75 415.1643622077
76 291.0686621014
127 289.0823507050
197 282.5506854522
209 275.9145188674
290 264.4917674009
318 251.5306895925
360 247.1993664342
454 241.2563653553
552 198.4537851831
598 188.8563694007
919 168.5208648713
944 141.4866863714
1416 139.8488964720
1464 83.9121430646
1659 79.1234106028
1843 72.9855076383
2115 66.1696957003
2215 52.5095663929
3079 47.5789263395
3178 41.6949017078
5045 36.9828673192
5758 26.7731231481
7120 24.8395660986
7648 23.0891400369
8025 19.7756692502
8197 12.0645922146
8959 10.7612013683
8972 10.3879223653
9310 9.0450431114
9643 8.7227272568
9930 8.5301563450
10032 8.3511158040
10118 8.2380309373
10250 8.2220585683
10364 8.1686518945
10373 8.1351556903
10553 8.1154650729
10748 8.0608609401
10815 8.0376262148
11027 8.0361939033
11082 8.0317886165
11110 8.0080256391
11239 7.9937234832
11306 7.9864281317
11502 7.9824200951
11636 7.9785994249
11789 7.9773883923
11849 7.9767308412
11864 7.9747586607
11868 7.9670398033
11977 7.9659511171
11988 7.9647073656
12044 7.9633533286
12228 7.9633441860
12284 7.9630569592
12328 7.9627961128
12350 7.9620522701
12414 7.9614007485
12585 7.9612253730
12617 7.9608229042
12677 7.9607971185
12722 7.9607434059
12737 7.9602913622
12930 7.9601992173
13078 7.9601976863
13088 7.9600710825
13124 7.9600223264
13179 7.9600004248
13181 7.9599880211
13218 7.9599378305
13264 7.9598765976
13362 7.9598485789
13392 7.9598354305
13498 7.9597631858
13552 7.9597534715
13820 7.9597371246
13886 7.9597214038
14066 7.9597117783
14248 7.9596904131
14459 7.9596902603
14462 7.9596861390
14491 7.9596851809
14580 7.9596822342
14669 7.9596812445
14693 7.9596785846
14941 7.9596781893
14946 7.9596778398
14988 7.9596775694
14993 7.9596771174
15052 7.9596766360
15073 7.9596759073
15154 7.9596750697
15230 7.9596743108
15344 7.9596740752
15406 7.9596738112
15418 7.9596730037
15728 7.9596729930
15882 7.9596728821
15909 7.9596727901
15946 7.9596726023
16228 7.9596725828
16425 7.9596725561
16575 7.9596725445
16723 7.9596724992
16767 7.9596724898
16898 7.9596724839
17150 7.9596724818
17163 7.9596724778
17199 7.9596724757
17269 7.9596724750
17316 7.9596724689
17335 7.9596724662
17468 7.9596724651
17474 7.9596724649
17491 7.9596724639
17512 7.9596724618
17620 7.9596724616
17645 7.9596724596
17701 7.9596724584
18070 7.9596724581
18102 7.9596724580
18218 7.9596724577
18389 7.9596724575
18517 7.9596724575
18593 7.9596724574
18607 7.9596724571
18684 7.9596724570
18892 7.9596724569
18987 7.9596724568
19251 7.9596724568
19376 7.9596724568
19418 7.9596724568
19503 7.9596724568
19581 7.9596724568
19589 7.9596724568
19602 7.9596724568
19831 7.9596724568
20113 7.9596724568
20183 7.9596724568
20184 7.9596724568
20210 7.9596724568
20293 7.9596724568
20426 7.9596724567
20461 7.9596724567
20550 7.9596724567
20656 7.9596724567
20715 7.9596724567
20732 7.9596724567
20844 7.9596724567
20860 7.9596724567
20892 7.9596724567
20912 7.9596724567
21029 7.9596724567
21061 7.9596724567
21079 7.9596724567
21372 7.9596724567
21522 7.9596724567
21822 7.9596724567
21992 7.9596724567
22107 7.9596724567
22195 7.9596724567
22256 7.9596724567
22641 7.9596724567
25341 7.9596724567
evaluations raw_y
1 1221.1403140159
2 642.3525536449
13 472.0855482356
63 413.9757812446
120 277.8786012357
172 189.0879575467
706 183.8800895671
991 172.3148114257
1017 168.6543926626
1073 163.1880455573
1124 147.9948615086
1186 122.0639266195
1255 108.0972777052
1654 105.6371336756
1843 98.2341167606
2066 93.4507753534
2109 83.2616637250
2223 67.6303741234
2529 62.9997241199
2589 38.1554901321
4721 26.8184027708
4816 25.3273464308
5321 18.5912887798
6222 13.1827767602
6306 8.6279188817
6771 8.6065538734
6837 8.4077375310
6959 7.3805166497
6970 6.7668993107
7281 6.6748818041
7371 6.6390610914
7466 6.4301532521
7653 6.2497560687
7845 6.1671603528
7868 6.1112851858
8197 6.0942401394
8248 6.0680645264
8393 6.0638104608
8500 6.0426499549
8582 6.0315795440
8605 6.0269054820
8698 6.0087281889
8864 6.0044766625
8901 5.9989140805
8976 5.9980812278
9036 5.9932218940
9065 5.9912779452
9156 5.9899977626
9167 5.9871800365
9281 5.9850075942
9312 5.9817463013
9354 5.9775780534
9586 5.9743423920
9650 5.9739341256
9663 5.9731548898
9730 5.9721786558
9793 5.9706537824
10118 5.9703636071
10652 5.9701238001
10748 5.9699842620
10979 5.9699395764
11110 5.9698687680
11251 5.9698567468
11286 5.9698283382
11397 5.9698222954
11502 5.9698121729
11634 5.9698108848
11642 5.9698024870
11661 5.9698018454
11667 5.9697883943
11720 5.9697868819
11868 5.9697791914
11944 5.9697693616
12014 5.9697626501
12228 5.9697621525
12335 5.9697583445
12468 5.9697571838
12598 5.9697562188
12839 5.9697559673
12845 5.9697555360
12935 5.9697554223
13088 5.9697551597
13137 5.9697548080
13169 5.9697547428
13271 5.9697546936
13498 5.9697546226
13530 5.9697545697
13711 5.9697544409
13886 5.9697543993
14355 5.9697543974
14362 5.9697543854
14392 5.9697543824
14433 5.9697543798
14434 5.9697543743
14462 5.9697543695
14491 5.9697543660
14517 5.9697543615
14669 5.9697543554
14834 5.9697543534
14875 5.9697543511
14941 5.9697543507
14993 5.9697543478
15191 5.9697543478
15214 5.9697543475
15224 5.9697543474
15230 5.9697543461
15327 5.9697543452
15404 5.9697543447
15418 5.9697543436
15717 5.9697543435
15728 5.9697543433
15850 5.9697543432
15909 5.9697543431
15946 5.9697543428
16397 5.9697543428
16425 5.9697543427
16468 5.9697543427
16721 5.9697543427
16723 5.9697543426
17044 5.9697543426
17316 5.9697543426
17474 5.9697543426
17478 5.9697543426
17645 5.9697543426
17701 5.9697543426
17875 5.9697543426
17927 5.9697543426
17996 5.9697543426
18070 5.9697543426
18215 5.9697543426
18290 5.9697543426
18389 5.9697543426
18467 5.9697543426
18522 5.9697543426
18607 5.9697543426
18835 5.9697543426
18909 5.9697543426
18963 5.9697543426
19197 5.9697543426
19271 5.9697543426
19418 5.9697543426
19589 5.9697543426
19602 5.9697543426
19802 5.9697543426
20210 5.9697543426
20774 5.9697543426
evaluations raw_y
1 1209.9122848006
2 500.1862510671
6 507.4699617892
27 387.1899427778
35 275.8094651667
183 263.9620048135
287 197.6864822191
429 195.1022537808
480 156.2461726024
830 142.4627495036
958 125.6006258124
1134 95.7357298467
1466 89.3563865889
1552 70.4705538430
1759 61.8625187496
3509 55.7068435286
3728 53.8713498498
4017 53.0195046285
4044 46.2195827116
4576 40.9817025541
4578 36.1403293200
5309 31.3061090449
5422 26.3459091126
5606 20.8389868885
5715 17.9862616381
5879 17.0593737322
6222 13.8393193129
6373 13.5949794736
6382 13.0311133875
6527 12.6978948186
6572 11.6531492307
6685 10.7722526271
6705 10.5644661797
6837 10.3377750135
6909 9.6910218030
6957 9.6510204227
6959 9.2650381857
6967 8.9013002059
7127 8.7999667014
7250 8.5606273446
7506 8.5292460751
7653 8.2526494676
7845 8.2241773324
8197 8.2011972470
8248 8.1295998521
8262 8.1193113275
8393 8.1133158848
8573 8.0747451112
8734 8.0480312825
8864 8.0299879040
8871 7.9973701571
9123 7.9939250846
9301 7.9904813734
9310 7.9842991365
9350 7.9835652766
9382 7.9777760515
9475 7.9739329023
9523 7.9703983967
9643 7.9670440707
9730 7.9647324927
9940 7.9643879449
10032 7.9641011751
10118 7.9617501010
10364 7.9615052655
10424 7.9607314460
10496 7.9607054452
10748 7.9601996651
10946 7.9599820118
11161 7.9599650785
11341 7.9599301965
11394 7.9599259757
11397 7.9598576608
11458 7.9598571098
11461 7.9597592124
11660 7.9597451180
11752 7.9597327078
11868 7.9597254025
11944 7.9597225661
12014 7.9596945935
12170 7.9596903280
12335 7.9596849935
12414 7.9596815922
12518 7.9596812468
12647 7.9596786391
12737 7.9596758249
13088 7.9596757522
13137 7.9596752157
13157 7.9596750636
13169 7.9596748668
13179 7.9596744083
13271 7.9596741689
13362 7.9596734383
13498 7.9596733829
13552 7.9596733322
13553 7.9596732642
13570 7.9596732185
13678 7.9596731830
13709 7.9596731587
13726 7.9596730462
13768 7.9596729805
13799 7.9596729733
13820 7.9596728643
13886 7.9596727659
13894 7.9596727407
14012 7.9596726528
14162 7.9596726338
14390 7.9596726317
14392 7.9596726071
14462 7.9596725585
14517 7.9596725374
14580 7.9596725263
14622 7.9596725086
14669 7.9596724927
14875 7.9596724884
14941 7.9596724759
14993 7.9596724696
15324 7.9596724680
15327 7.9596724674
15418 7.9596724626
15570 7.9596724623
15717 7.9596724600
15757 7.9596724590
15946 7.9596724573
16468 7.9596724572
16575 7.9596724571
16689 7.9596724571
16723 7.9596724570
16885 7.9596724569
17025 7.9596724569
17034 7.9596724569
17044 7.9596724568
17316 7.9596724568
17386 7.9596724568
17391 7.9596724568
17474 7.9596724568
17512 7.9596724568
17645 7.9596724568
17701 7.9596724568
17912 7.9596724568
18070 7.9596724568
18340 7.9596724568
18389 7.9596724568
18467 7.9596724568
18593 7.9596724567
18607 7.9596724567
18822 7.9596724567
18963 7.9596724567
18987 7.9596724567
19271 7.9596724567
19396 7.9596724567
19418 7.9596724567
19534 7.9596724567
19589 7.9596724567
19602 7.9596724567
19802 7.9596724567
19812 7.9596724567
19831 7.9596724567
20207 7.9596724567
20210 7.9596724567
20331 7.9596724567
20844 7.9596724567
21461 7.9596724567
24348 7.9596724567
74593 7.9596724567
evaluations raw_y
1 1048.6373673712
2 696.5328117657
6 706.2907353443
11 491.7279472581
66 497.5585991098
78 443.2899469739
93 411.7738593231
120 372.5763654441
122 366.4854398199
145 357.6622766723
167 299.5287813991
183 287.2687487008
245 224.5905961936
393 201.0370448642
785 193.8746156795
942 142.8285000762
1001 138.5563863948
1317 137.7600015101
1319 131.8199304105
1377 121.2010435082
1401 113.3027359194
1470 111.1440322449
1517 110.5762123774
1558 109.6651737857
1588 107.2679845392
1621 106.6310412130
1723 102.6050929685
1797 92.6219813429
1838 89.3002307935
1847 87.6057734117
1960 86.9516614394
2420 76.7988272044
2427 69.1147154308
2750 69.0036401948
2801 68.5572171335
3109 61.7730504277
3701 51.8595091645
5700 30.0208395287
6384 28.7565346716
6599 27.7266792133
6622 25.9523803736
7036 25.3265121753
7156 17.2656592368
7243 17.2463188247
7653 15.4178488260
7738 11.5704858381
7845 9.8064189261
8197 9.6127599868
8212 9.4781444863
8338 9.1030264377
8364 8.6049272697
8573 8.2690389398
8613 8.1315953257
8649 8.0428316409
8770 7.9495592560
8787 7.5849320459
9006 7.2663786745
9354 7.2273962394
9371 7.1476725375
9510 7.1384525213
9576 7.1066267324
9730 7.0874369949
9742 7.0850899115
9793 7.0353612217
9930 7.0226918578
10118 6.9901854515
10424 6.9859468955
10496 6.9808606351
10675 6.9784476620
10742 6.9739074082
10790 6.9733472774
10934 6.9732379094
11036 6.9728918558
11037 6.9724670643
11059 6.9715231320
11061 6.9713987126
11110 6.9694657328
11161 6.9684479818
11284 6.9683988672
11286 6.9667772285
11634 6.9662698936
11654 6.9662563003
11660 6.9658582522
11782 6.9655363479
11915 6.9652879353
12014 6.9651095891
12215 6.9650786827
12228 6.9649743010
12284 6.9649057273
12404 6.9649050945
12414 6.9648981717
12518 6.9648788762
12598 6.9648738766
12617 6.9648602681
12689 6.9648595514
12722 6.9648327727
12775 6.9648163858
12839 6.9648044872
12845 6.9647880162
12917 6.9647789929
12935 6.9647499534
12981 6.9647401312
13137 6.9647355977
13264 6.9647346913
13271 6.9647335422
13425 6.9647308277
13498 6.9647270872
13552 6.9647163023
14248 6.9647160726
14362 6.9647158198
14434 6.9647157872
14462 6.9647151778
14517 6.9647151600
14599 6.9647151460
14602 6.9647148232
14622 6.9647146690
14693 6.9647145107
14739 6.9647141203
14893 6.9647141096
14988 6.9647140902
14993 6.9647140503
15010 6.9647139976
15052 6.9647139834
15066 6.9647139393
15083 6.9647139305
15094 6.9647138175
15220 6.9647137096
15224 6.9647136180
15355 6.9647136126
15418 6.9647134699
15882 6.9647134492
15946 6.9647134126
16488 6.9647134117
16575 6.9647134098
16689 6.9647134079
16723 6.9647134065
16757 6.9647134062
16767 6.9647134061
16797 6.9647134061
16848 6.9647134044
16898 6.9647134041
16910 6.9647134037
16996 6.9647134031
17025 6.9647134026
17044 6.9647134022
17247 6.9647134013
17268 6.9647134012
17316 6.9647134007
17452 6.9647134007
17472 6.9647134004
17491 6.9647134004
17512 6.9647134002
17645 6.9647133999
17912 6.9647133999
17927 6.9647133999
17996 6.9647133998
18070 6.9647133998
18102 6.9647133998
18290 6.9647133998
18340 6.9647133998
18389 6.9647133997
18467 6.9647133997
18607 6.9647133997
18684 6.9647133997
18892 6.9647133997
18963 6.9647133997
18987 6.9647133997
19251 6.9647133997
19312 6.9647133997
19412 6.9647133997
19418 6.9647133997
19439 6.9647133997
19503 6.9647133997
19534 6.9647133997
19602 6.9647133997
19790 6.9647133997
19831 6.9647133997
19872 6.9647133997
20210 6.9647133997
20284 6.9647133997
20363 6.9647133997
20550 6.9647133997
20989 6.9647133997
21452 6.9647133997
evaluations raw_y
1 503.3318495707
2 430.7905800904
46 472.5088375061
55 398.5791781461
106 373.0921980132
119 308.5380919393
187 308.3077806405
216 284.3807231266
252 276.1812134169
254 261.5669917656
369 220.1491432919
598 194.0333239974
734 193.1752930564
752 176.3905168050
884 150.8882298546
1039 141.3660733630
1094 130.1531557215
1313 116.9458364983
1465 110.4269973249
1467 103.3581029799
1506 101.3617535317
1545 92.8181300242
1612 73.5952099804
2063 64.8268696537
2643 47.9637013792
3712 46.1999649589
5095 41.3998655184
5653 40.1066334619
5870 36.9553717883
5879 24.8034002565
6938 21.0624338333
6949 20.9255881511
6967 19.8092252299
7120 14.4200792124
7519 14.2129275170
7543 10.1579325158
7868 9.4609073278
8211 9.2285309135
8268 9.0693165469
8393 8.9743404806
8540 8.8783376954
8573 8.6702457019
8698 8.6670480860
8754 8.6201985935
8849 8.5552028476
8864 8.5458942315
8871 8.3703375641
8972 8.3658273076
9027 8.3504004975
9094 8.3240081010
9122 8.3129420935
9157 8.2761868371
9210 8.2613390372
9284 8.2276865446
9371 8.1231139368
9566 8.1115117070
9586 8.0967479578
9606 8.0788352704
9607 8.0342992846
9643 8.0342528876
9793 8.0156463312
9896 8.0017149607
10118 7.9798151985
10382 7.9784931196
10496 7.9741750460
10620 7.9729969576
10659 7.9694503367
10748 7.9661540082
10824 7.9643952480
11161 7.9622929022
11286 7.9621243004
11306 7.9617868423
11397 7.9616926062
11422 7.9612887853
11496 7.9610318393
11578 7.9608207199
11602 7.9606951145
11752 7.9604450453
11763 7.9602264952
11868 7.9602194082
11944 7.9600501605
12067 7.9599785761
12101 7.9599762539
12136 7.9598639324
12170 7.9598494140
12210 7.9598441944
12328 7.9598400627
12335 7.9598339794
12466 7.9598092293
12486 7.9597960251
12598 7.9597665289
12677 7.9597592418
12722 7.9597412280
12737 7.9597277773
12775 7.9597265285
12779 7.9597149338
12845 7.9597085318
12917 7.9597045045
13100 7.9596968051
13169 7.9596822500
13425 7.9596807570
13498 7.9596791773
13552 7.9596779059
13570 7.9596770547
13711 7.9596757976
13799 7.9596757218
13820 7.9596756029
13886 7.9596742048
14347 7.9596738329
14388 7.9596738227
14392 7.9596736425
14405 7.9596735764
14434 7.9596732009
14491 7.9596730873
14517 7.9596728201
14693 7.9596728129
14834 7.9596728116
14875 7.9596727605
14925 7.9596727061
15070 7.9596726861
15123 7.9596726638
15166 7.9596726544
15214 7.9596726325
15224 7.9596726244
15230 7.9596726040
15327 7.9596725426
15418 7.9596724862
15728 7.9596724789
15946 7.9596724629
16325 7.9596724620
16468 7.9596724609
16547 7.9596724606
16575 7.9596724595
16689 7.9596724590
16723 7.9596724583
16996 7.9596724582
17034 7.9596724581
17044 7.9596724577
17137 7.9596724577
17150 7.9596724575
17169 7.9596724574
17269 7.9596724573
17316 7.9596724572
17335 7.9596724570
17512 7.9596724569
17912 7.9596724568
18007 7.9596724568
18290 7.9596724568
18467 7.9596724568
18533 7.9596724568
18607 7.9596724568
18822 7.9596724568
18963 7.9596724568
19178 7.9596724568
19418 7.9596724567
19503 7.9596724567
19510 7.9596724567
19534 7.9596724567
19589 7.9596724567
19802 7.9596724567
19831 7.9596724567
20210 7.9596724567
20528 7.9596724567
21220 7.9596724567
evaluations raw_y
1 880.8206686150
2 585.5528194481
16 562.5234680654
46 559.8592234536
47 373.0740815057
79 351.7733323284
127 297.4081620184
164 249.6364131661
201 225.7826171252
221 209.1928964523
369 208.6046221905
488 182.0503973044
670 135.4449362046
923 107.1059165018
1039 103.0055887790
1265 97.6776180526
1381 97.0441178766
1468 84.6415659367
1659 67.0824683715
2407 59.0037126290
2815 53.3099046203
2997 52.2320224292
3055 38.1905264321
4670 30.2573812239
6222 27.4280014378
6338 27.1618830776
6597 26.1967110007
6692 25.7657496923
6705 25.1103039298
6707 19.1876256383
6756 17.1951597177
6773 16.6417673056
6909 16.6335329564
7036 14.8610458861
7105 11.7758841661
7153 11.5156731353
7156 9.5674019146
7548 9.5166695328
7653 8.5062476605
7845 7.9398439219
7868 7.6139371573
8197 7.5362112270
8212 7.4107850007
8344 7.3274069318
8364 7.3112963742
8471 7.2971705501
8499 7.2766196046
8519 7.2251256792
8573 7.2086148450
8663 7.2052959769
8680 7.2012246481
8695 7.1709570355
8847 7.1375215100
8901 7.0802206398
9153 7.0797328918
9156 7.0725622399
9169 7.0501166329
9281 7.0484226747
9310 7.0419859256
9350 7.0056350464
9510 7.0017657843
9579 6.9955962794
9586 6.9816487895
9730 6.9737903153
9930 6.9732200031
10118 6.9695933789
10424 6.9692011338
10600 6.9684205597
10714 6.9673439489
10733 6.9667481104
10748 6.9660326618
10790 6.9660129333
10934 6.9658512939
10966 6.9655580483
11161 6.9652828037
11347 6.9651177695
11502 6.9650912491
11506 6.9650587825
11545 6.9649463626
11642 6.9648672179
11752 6.9648431458
11944 6.9648183093
12014 6.9647993991
12037 6.9647708117
12335 6.9647530124
12414 6.9647450328
12585 6.9647342780
12737 6.9647274514
12932 6.9647248574
13011 6.9647220765
13137 6.9647195773
13179 6.9647193692
13271 6.9647165062
13498 6.9647150433
13570 6.9647146591
13873 6.9647143769
13886 6.9647141476
14159 6.9647140949
14162 6.9647139647
14226 6.9647138128
14290 6.9647138114
14355 6.9647137173
14362 6.9647137030
14459 6.9647137012
14462 6.9647136531
14491 6.9647135948
14580 6.9647135804
14599 6.9647135676
14693 6.9647134911
14875 6.9647134791
14941 6.9647134661
15070 6.9647134645
15073 6.9647134618
15094 6.9647134615
15131 6.9647134495
15214 6.9647134387
15220 6.9647134348
15327 6.9647134312
15398 6.9647134272
15404 6.9647134165
15418 6.9647134025
15946 6.9647134022
16425 6.9647134017
16547 6.9647134015
16565 6.9647134010
16575 6.9647134008
16578 6.9647134008
16689 6.9647134003
16723 6.9647134001
16885 6.9647134000
17044 6.9647134000
17137 6.9647133999
17199 6.9647133998
17247 6.9647133998
17316 6.9647133998
17474 6.9647133997
17875 6.9647133997
17912 6.9647133997
17996 6.9647133997
18055 6.9647133997
18070 6.9647133997
18218 6.9647133997
18350 6.9647133997
18389 6.9647133997
18467 6.9647133997
18607 6.9647133997
18729 6.9647133997
18822 6.9647133997
18892 6.9647133997
18963 6.9647133997
18987 6.9647133997
19178 6.9647133997
19197 6.9647133997
19226 6.9647133997
19418 6.9647133997
19490 6.9647133997
19534 6.9647133997
19589 6.9647133997
19602 6.9647133997
19802 6.9647133997
19831 6.9647133997
20122 6.9647133997
20184 6.9647133997
20210 6.9647133997
20426 6.9647133997
20550 6.9647133997
20656 6.9647133997
20715 6.9647133997
20979 6.9647133997
21029 6.9647133997
21560 6.9647133997
25182 6.9647133997
74559 6.9647133997
evaluations raw_y
1 2295.4952276047
2 1009.2381641357
3 990.9350069605
4 887.9530284383
6 658.3350948647
16 624.4215020799
71 542.8404845788
95 462.3917676211
136 336.3869019305
198 252.2160305101
265 209.4729715129
968 185.8964961946
1001 183.1620763846
1134 176.0350970717
1154 154.7937238680
1179 144.6727556931
1262 136.7113387212
1379 135.5707309969
1414 115.3169793196
1659 109.0280040709
1678 101.6912706475
1910 97.1783218078
1912 91.5961749206
1954 61.5917219802
2256 61.1844949039
3069 60.6144588972
3283 57.6436303215
3393 48.5293678009
3738 37.5002077941
6207 30.3963619671
6440 24.8133745860
6909 17.2547694316
6959 13.0505920448
7156 9.3417582793
7634 8.5638428281
7653 8.5047931922
7845 6.3846785369
8393 6.3584460813
8500 6.3380259029
8573 6.3305669509
8651 6.2683141362
8657 6.2626393908
8705 6.2607787463
8805 6.2488298613
8847 6.1599322601
8864 6.1004897878
9041 6.0833091651
9065 6.0692081115
9156 6.0345342241
9371 6.0318963048
9507 6.0290128296
9510 6.0082708939
9586 5.9785819669
10118 5.9735955185
10690 5.9727162680
10742 5.9714862670
10810 5.9710339360
11059 5.9709417653
11110 5.9707004443
11246 5.9706798274
11286 5.9706339149
11305 5.9705684005
11324 5.9705379771
11382 5.9703249800
11397 5.9701145616
11636 5.9701005602
11752 5.9699936594
11868 5.9699885872
11869 5.9699415834
11885 5.9699146908
11970 5.9699106171
11988 5.9699000514
12014 5.9698402808
12215 5.9698212268
12350 5.9697924767
12420 5.9697904277
12468 5.9697807580
12585 5.9697802587
12722 5.9697759625
12731 5.9697706748
12845 5.9697683087
12935 5.9697641599
13088 5.9697640401
13146 5.9697640193
13157 5.9697639138
13169 5.9697618705
13179 5.9697599175
13271 5.9697588447
13362 5.9697577535
13425 5.9697576672
13498 5.9697558745
13768 5.9697556169
13820 5.9697554288
14038 5.9697552267
14114 5.9697552001
14162 5.9697548632
14392 5.9697548268
14461 5.9697546583
14622 5.9697545265
14875 5.9697544616
14941 5.9697544493
15012 5.9697544405
15094 5.9697544377
15123 5.9697543947
15327 5.9697543752
15418 5.9697543573
15757 5.9697543567
15882 5.9697543489
15946 5.9697543475
16264 5.9697543457
16468 5.9697543456
16488 5.9697543454
16565 5.9697543453
16575 5.9697543444
16689 5.9697543439
16723 5.9697543439
16767 5.9697543438
16898 5.9697543437
16910 5.9697543435
17031 5.9697543434
17034 5.9697543432
17044 5.9697543429
17199 5.9697543429
17316 5.9697543428
17422 5.9697543428
17468 5.9697543427
17512 5.9697543427
17645 5.9697543427
17701 5.9697543426
17875 5.9697543426
17996 5.9697543426
18070 5.9697543426
18159 5.9697543426
18290 5.9697543426
18389 5.9697543426
18467 5.9697543426
18607 5.9697543426
18892 5.9697543426
18987 5.9697543426
18990 5.9697543426
19114 5.9697543426
19178 5.9697543426
19187 5.9697543426
19226 5.9697543426
19312 5.9697543426
19418 5.9697543426
19439 5.9697543426
19534 5.9697543426
19589 5.9697543426
19802 5.9697543426
19831 5.9697543426
19857 5.9697543426
19872 5.9697543426
20184 5.9697543426
20210 5.9697543426
20428 5.9697543426
20451 5.9697543426
20528 5.9697543426
20656 5.9697543426
20729 5.9697543426
20844 5.9697543426
20892 5.9697543426
21029 5.9697543426
21068 5.9697543426
21079 5.9697543426
21288 5.9697543426
21433 5.9697543426
21945 5.9697543426
22965 5.9697543426
26006 5.9697543426
46829 5.9697543426
58515 5.9697543426
evaluations raw_y
1 674.1931454971
2 520.3397904512
6 487.8949964207
16 457.3807728598
40 456.3919181381
62 383.0156933495
80 368.0779165530
119 363.0266916592
125 321.6775805019
181 298.9876388306
201 268.2458553214
204 257.0195122518
254 168.0033241036
883 164.7973088323
915 159.1218231442
916 127.5735051608
1251 110.2032835439
1435 107.7070025551
1443 96.5358212519
1462 89.6619559532
1703 89.0130409268
1827 64.7284365589
2120 46.5239214144
3296 44.2713376123
3961 41.7050065140
4674 35.9884206923
4937 31.2833248487
4940 22.9695279275
5733 22.5641277994
5922 18.6367195960
5999 14.1331555161
6256 12.5604552279
6323 11.7414328484
6527 9.4326520751
6756 9.3941413611
6909 7.5200508234
7458 7.4858661653
7543 7.3855987103
7574 7.3722946431
7587 7.3456073102
7634 7.2792424933
7653 7.0404817070
8342 7.0300118279
8364 7.0045313781
8649 6.9895073981
8770 6.9795011920
9198 6.9756621678
9350 6.9720530748
9382 6.9712609076
9510 6.9696254162
9586 6.9671241700
9730 6.9669414986
9793 6.9668135223
9896 6.9664878114
9993 6.9660277149
10118 6.9658313415
10244 6.9657599138
10250 6.9655575816
10364 6.9651555283
10424 6.9650775177
10659 6.9650440581
10712 6.9650243962
10733 6.9649970195
10748 6.9648989441
10790 6.9648745353
10824 6.9648683635
10946 6.9648194406
11126 6.9648180641
11148 6.9648030792
11161 6.9647763184
11246 6.9647711728
11258 6.9647548385
11286 6.9647428667
11636 6.9647413065
11660 6.9647352565
11720 6.9647311425
11849 6.9647295178
11868 6.9647245831
11908 6.9647244138
11970 6.9647241408
12014 6.9647202199
12170 6.9647162072
12518 6.9647157430
12585 6.9647156869
12598 6.9647156045
12647 6.9647153555
12722 6.9647152066
12737 6.9647144076
12941 6.9647143605
13086 6.9647143355
13129 6.9647141859
13137 6.9647139210
13146 6.9647137847
13271 6.9647137164
13425 6.9647136938
13498 6.9647136843
13552 6.9647136283
13553 6.9647136021
13799 6.9647135995
13803 6.9647135565
13820 6.9647135400
13886 6.9647134652
14248 6.9647134396
14462 6.9647134298
14472 6.9647134269
14491 6.9647134255
14517 6.9647134212
14582 6.9647134206
14669 6.9647134174
14875 6.9647134166
14913 6.9647134156
14919 6.9647134147
14925 6.9647134122
14941 6.9647134103
14993 6.9647134059
15094 6.9647134058
15220 6.9647134052
15224 6.9647134036
15327 6.9647134029
15418 6.9647134009
15728 6.9647134004
15946 6.9647133999
16228 6.9647133998
16488 6.9647133998
16547 6.9647133998
16689 6.9647133998
16723 6.9647133997
17050 6.9647133997
17170 6.9647133997
17247 6.9647133997
17316 6.9647133997
17468 6.9647133997
17512 6.9647133997
17645 6.9647133997
18007 6.9647133997
18159 6.9647133997
18183 6.9647133997
18467 6.9647133997
18487 6.9647133997
18607 6.9647133997
18963 6.9647133997
19044 6.9647133997
19178 6.9647133997
19197 6.9647133997
19226 6.9647133997
19396 6.9647133997
19418 6.9647133997
19490 6.9647133997
19589 6.9647133997
19872 6.9647133997
20641 6.9647133997
20744 6.9647133997
evaluations raw_y
1 1386.8682500499
2 939.9361419634
6 784.6125379902
21 642.2052073281
34 617.3522714076
67 594.4586063104
69 585.6122932542
72 552.6169459068
90 459.7284802615
95 438.6508112737
125 423.8280839273
127 364.0727305596
218 304.1913346683
318 218.1511251267
598 209.6474459207
772 142.6378576536
1451 113.9554583275
1491 109.9153282054
1635 102.2332089760
1952 96.8632578674
2040 88.5065636939
2233 63.6774946466
2595 63.5200065371
2631 51.3463005917
2966 44.0424722670
3772 28.1863395584
5768 26.0742537413
5950 25.8245574952
6043 25.2918541215
6087 24.6217953266
6119 23.3750136260
6222 15.3915281135
6382 14.8293246512
6440 14.7473103461
6599 14.6186233980
6662 12.5742750134
6808 12.3577851887
6809 10.8897944562
6909 10.5525534430
7120 10.0439540592
7236 9.5669905501
7616 9.4164550218
7653 9.2780230647
7828 9.2670416214
7845 9.0806194673
8268 9.0699616976
8273 9.0384247057
8302 9.0312091490
8364 8.9984453966
8695 8.9973019673
8706 8.9957853244
8864 8.9771486530
8965 8.9739232501
9048 8.9708869573
9153 8.9705660342
9161 8.9685714693
9196 8.9681724377
9280 8.9676007416
9301 8.9665534988
9350 8.9663472051
9354 8.9623905971
9489 8.9600214297
9566 8.9594024575
9586 8.9587335601
9643 8.9574805240
9730 8.9567211156
9876 8.9566083880
9918 8.9563520630
9930 8.9563377037
10084 8.9561588991
10088 8.9558220666
10118 8.9552210545
10496 8.9550075998
10650 8.9549085416
10733 8.9549013426
10748 8.9547813643
11059 8.9547574421
11148 8.9547269458
11161 8.9547139717
11246 8.9546868083
11286 8.9546790029
11454 8.9546702328
11496 8.9546608532
11578 8.9546536820
11667 8.9546519298
11760 8.9546466343
11797 8.9546433822
11944 8.9546404911
11970 8.9546368629
12014 8.9546324952
12335 8.9546321501
12414 8.9546305277
12430 8.9546301664
12598 8.9546296737
12617 8.9546293198
12647 8.9546286781
12722 8.9546283111
12731 8.9546279401
12935 8.9546276690
13088 8.9546273778
13169 8.9546266997
13873 8.9546266104
13886 8.9546265846
14061 8.9546265835
14143 8.9546265810
14162 8.9546265450
14226 8.9546265298
14461 8.9546265268
14462 8.9546265098
14517 8.9546265004
14580 8.9546264915
14693 8.9546264875
14925 8.9546264872
14941 8.9546264843
14993 8.9546264836
15188 8.9546264836
15214 8.9546264825
15224 8.9546264822
15230 8.9546264819
15313 8.9546264815
15324 8.9546264809
15327 8.9546264787
15404 8.9546264786
15418 8.9546264769
15935 8.9546264767
15946 8.9546264762
16228 8.9546264762
16354 8.9546264761
16468 8.9546264761
16575 8.9546264761
16723 8.9546264761
16885 8.9546264761
16898 8.9546264761
17025 8.9546264761
17044 8.9546264760
17199 8.9546264760
17316 8.9546264760
17512 8.9546264760
17645 8.9546264760
18070 8.9546264760
18290 8.9546264760
18467 8.9546264760
18607 8.9546264760
18835 8.9546264760
18963 8.9546264760
18987 8.9546264760
19178 8.9546264760
19226 8.9546264760
19418 8.9546264760
19492 8.9546264760
19534 8.9546264760
19589 8.9546264760
19831 8.9546264760
20184 8.9546264760
20428 8.9546264760
20615 8.9546264760
21128 8.9546264760
21530 8.9546264760
74542 8.9546264760
evaluations raw_y
1 978.7758855280
2 601.8892608214
6 629.5403466419
8 622.4739307806
21 575.7547400364
23 477.4112143071
24 524.1888503237
28 477.3299088536
70 454.2162867580
74 391.7909157319
77 394.2464348405
119 388.6912226783
130 358.6444478325
164 312.4555474221
171 296.1217205282
201 296.7169602325
250 236.2441379644
367 213.6144833893
771 166.6408698520
1086 143.7176025731
1340 141.3349236394
1377 114.6449962742
1467 100.3531532722
1501 99.9232782828
1772 94.3441415896
1801 93.5152019022
1965 88.2595260335
2032 81.5211253042
2056 77.7083582668
2213 69.0795284002
2265 60.9849206668
2399 60.3437748580
2600 57.9945100813
2760 56.4567454171
3590 55.2361552565
4004 52.7529436628
4083 50.9774399460
4258 42.5487796465
5946 38.6527950728
6222 37.1690553310
6327 34.6104106526
6359 29.6927923542
6517 26.2018931438
6650 25.6672171910
6773 23.2264493971
6809 21.8223813656
6909 17.1351850749
6949 15.9748496169
7156 11.2032877722
7281 11.0223084949
7653 9.7614850258
7845 9.6635452256
8241 9.4298130626
8297 9.3708033182
8364 9.3524915997
8393 9.1819640494
8573 9.1142304080
8787 9.0491779003
8972 9.0468974326
9074 9.0424081373
9123 9.0326180408
9156 9.0167175393
9157 8.9976129373
9354 8.9930782938
9371 8.9895992527
9477 8.9878642403
9510 8.9702331534
9586 8.9680219391
9730 8.9660260975
9793 8.9632186054
10003 8.9624039892
10046 8.9622949173
10118 8.9575565007
10424 8.9574049816
10496 8.9558440023
10748 8.9556494879
10810 8.9554463207
10951 8.9553578708
11110 8.9553187205
11171 8.9552422728
11246 8.9551539045
11284 8.9551519893
11286 8.9549633390
11502 8.9549367662
11578 8.9548494696
11634 8.9548146246
11642 8.9547328105
11883 8.9547251482
11944 8.9547107194
12136 8.9546945394
12170 8.9546903025
12228 8.9546890563
12284 8.9546656509
12414 8.9546619858
12598 8.9546545749
12659 8.9546529214
12677 8.9546517023
12722 8.9546460145
12737 8.9546427015
12917 8.9546410929
12935 8.9546401371
12941 8.9546393662
13078 8.9546386855
13088 8.9546383235
13124 8.9546367650
13137 8.9546342737
13169 8.9546325473
13498 8.9546324445
13886 8.9546318101
14346 8.9546316980
14462 8.9546316518
14517 8.9546316102
14618 8.9546316036
14669 8.9546316018
14875 8.9546315602
14993 8.9546315531
15079 8.9546315525
15094 8.9546315446
15154 8.9546315423
15224 8.9546315315
15230 8.9546315304
15327 8.9546315280
15404 8.9546315278
15418 8.9546315205
15640 8.9546315198
15728 8.9546315193
15757 8.9546315181
15909 8.9546315159
15946 8.9546315152
16149 8.9546315152
16228 8.9546315149
16274 8.9546315149
16425 8.9546315148
16468 8.9546315146
16575 8.9546315144
16723 8.9546315143
16744 8.9546315140
16898 8.9546315140
17044 8.9546315140
17135 8.9546315139
17316 8.9546315139
17335 8.9546315139
17474 8.9546315139
17645 8.9546315139
17701 8.9546315139
17761 8.9546315139
17836 8.9546315139
17925 8.9546315139
17996 8.9546315139
18159 8.9546315138
18290 8.9546315138
18389 8.9546315138
18401 8.9546315138
18467 8.9546315138
18607 8.9546315138
18835 8.9546315138
18892 8.9546315138
18963 8.9546315138
19178 8.9546315138
19312 8.9546315138
19418 8.9546315138
19589 8.9546315138
19602 8.9546315138
19872 8.9546315138
20550 8.9546315138
21358 8.9546315138
