evaluations raw_y
1 86.8001583517
11 85.4752261622
16 84.9441758072
31 84.2750206324
33 83.7570735886
56 80.6525371868
80 79.1393186305
120 74.8257699275
242 74.3944403675
279 72.4120206488
305 72.3658437843
372 61.1752801336
480 60.6084259996
532 56.4814817906
578 55.0848289781
614 52.6770715063
646 49.0761584507
656 34.9580221068
713 29.9439518362
793 28.2487478495
794 19.4620949926
865 11.9515490605
984 9.2876926596
1029 8.7489079252
1102 8.7286629978
1147 8.3372427886
1200 7.1003757528
1218 6.9755686857
1252 6.8189431060
1258 6.5682435324
1265 6.0409413330
1355 3.7482788971
1451 3.5636838558
1479 3.3903098774
1488 2.4454783176
1719 2.2220202131
1869 2.1827837569
1876 2.1105775004
1897 2.1105467339
1911 2.1048340219
1954 2.0856309375
1956 2.0848398286
2024 2.0809892646
2037 2.0780935131
2045 2.0486567938
2092 2.0428414495
2184 2.0379044265
2189 2.0269284010
2209 2.0208436651
2331 2.0181314438
2378 2.0171674078
2391 2.0155114263
2400 2.0143464057
2448 2.0118588303
2472 2.0109821188
2479 2.0095926025
2579 2.0082329405
2608 2.0060630384
2737 2.0038285915
2813 2.0029375267
2918 2.0029174642
2922 2.0019691152
3011 2.0012733280
3021 2.0007161623
3239 2.0006731533
3261 2.0004844264
3299 2.0003860223
3356 2.0002076834
3391 2.0001010886
3411 1.9999693701
3446 1.9999175978
3531 1.9998586544
3570 1.9998345041
3586 1.9998178993
3639 1.9997931630
3640 1.9997219699
3704 1.9996744754
3748 1.9996350378
3758 1.9996324641
3815 1.9996294656
3826 1.9995980868
3839 1.9995848394
3865 1.9995726000
3873 1.9995707169
3876 1.9995557572
3909 1.9995402457
3925 1.9994769500
3978 1.9994740100
4082 1.9994550818
4122 1.9994436673
4164 1.9994311918
4295 1.9994267691
4334 1.9994266137
4365 1.9994236173
4368 1.9994229689
4375 1.9994173489
4446 1.9994070436
4580 1.9994001973
4639 1.9993965883
4759 1.9993956034
4787 1.9993943282
4950 1.9993940052
4958 1.9993937061
4962 1.9993934558
4978 1.9993929960
4998 1.9993909369
5022 1.9993906663
5098 1.9993904958
5101 1.9993891833
5166 1.9993887417
5210 1.9993879646
5219 1.9993878440
5222 1.9993876007
5248 1.9993869620
5364 1.9993866793
5454 1.9993862080
5485 1.9993858944
5688 1.9993858796
5741 1.9993857683
5756 1.9993852784
5936 1.9993851767
6065 1.9993851616
6076 1.9993851459
6103 1.9993851416
6105 1.9993851213
6135 1.9993850508
6156 1.9993850284
6282 1.9993849686
6367 1.9993849608
6379 1.9993849575
6440 1.9993849449
6448 1.9993849303
6504 1.9993849275
6538 1.9993849266
6645 1.9993849170
6646 1.9993849060
6726 1.9993849057
6759 1.9993849037
6787 1.9993848989
6848 1.9993848980
6874 1.9993848951
6932 1.9993848944
6979 1.9993848917
6983 1.9993848916
7067 1.9993848911
7162 1.9993848902
7176 1.9993848882
7273 1.9993848873
7356 1.9993848872
7371 1.9993848863
7399 1.9993848852
7506 1.9993848850
7557 1.9993848850
7573 1.9993848846
7603 1.9993848842
7632 1.9993848841
7668 1.9993848841
7669 1.9993848840
7696 1.9993848835
7966 1.9993848835
7989 1.9993848835
8001 1.9993848835
8020 1.9993848834
8026 1.9993848833
8036 1.9993848833
8080 1.9993848832
8108 1.9993848832
8125 1.9993848831
8145 1.9993848831
8362 1.9993848830
8401 1.9993848830
8413 1.9993848830
8498 1.9993848829
8569 1.9993848829
8682 1.9993848829
8714 1.9993848829
8903 1.9993848829
8914 1.9993848829
8940 1.9993848829
9106 1.9993848829
9119 1.9993848829
9208 1.9993848829
9237 1.9993848829
9248 1.9993848829
9398 1.9993848829
9451 1.9993848829
9453 1.9993848829
9501 1.9993848829
9514 1.9993848829
9526 1.9993848829
9623 1.9993848829
9683 1.9993848829
9730 1.9993848829
9735 1.9993848829
9754 1.9993848829
9824 1.9993848829
9970 1.9993848829
9974 1.9993848829
9975 1.9993848829
9977 1.9993848829
10016 1.9993848829
10034 1.9993848829
10063 1.9993848829
10100 1.9993848829
10150 1.9993848829
10181 1.9993848829
10203 1.9993848829
10230 1.9993848829
10279 1.9993848829
10394 1.9993848829
10485 1.9993848829
10533 1.9993848829
10547 1.9993848829
10645 1.9993848829
10818 1.9993848829
10887 1.9993848829
10980 1.9993848829
11119 1.9993848829
11638 1.9993848829
evaluations raw_y
1 92.7549306315
2 91.3139994704
3 89.0362951012
4 80.6282879997
20 79.2913810729
72 70.4075078287
334 69.6467728189
532 65.6548561572
658 64.7341529703
665 59.6782965629
679 56.7779059865
717 49.7202709720
793 49.3895700610
816 42.6552301126
827 42.1802502524
836 38.7793214355
852 32.8778303931
895 28.9749424484
930 27.3001241101
957 26.1345781667
1032 24.3515863550
1120 24.3099219912
1136 22.0504240287
1269 21.2504369658
1284 20.2063507542
1327 18.4671065122
1371 18.4471021503
1450 18.2380912736
1522 16.7617690498
1751 16.5715505270
1812 16.4562180240
1911 16.4351717978
1945 16.1152689106
2036 16.0836272700
2068 16.0574254998
2167 16.0362887527
2173 15.9750931088
2206 15.9334798390
2239 15.8857746711
2281 15.8617135103
2321 15.8352579802
2403 15.8166971554
2489 15.7925509911
2558 15.7603262386
2613 15.7352682898
2761 15.7313535960
2768 15.7191079967
2786 15.7136821961
2832 15.7060562658
3019 15.7052519841
3067 15.7043847070
3074 15.7028663960
3083 15.7005868672
3148 15.6963140355
3187 15.6934664709
3266 15.6925473417
3303 15.6919221879
3305 15.6898197406
3430 15.6896078034
3450 15.6872330429
3474 15.6868801508
3516 15.6861984423
3529 15.6860403810
3574 15.6853826340
3632 15.6840129699
3754 15.6837302544
4019 15.6834151779
4020 15.6833234960
4057 15.6832658782
4082 15.6831456585
4168 15.6831410908
4177 15.6828976278
4226 15.6828576823
4241 15.6827293335
4357 15.6826826748
4358 15.6825537180
4523 15.6825374983
4530 15.6825095701
4544 15.6824805708
4545 15.6823868394
4682 15.6823810887
4743 15.6823771302
4837 15.6823585464
4843 15.6823531597
4919 15.6823190937
4975 15.6823115887
5146 15.6823115837
5184 15.6823066037
5225 15.6823058929
5275 15.6823047783
5276 15.6823033984
5295 15.6823013857
5331 15.6823007836
5345 15.6822921091
5376 15.6822913388
5516 15.6822913187
5517 15.6822908891
5518 15.6822908883
5525 15.6822886372
5573 15.6822879570
5593 15.6822879196
5698 15.6822875601
5720 15.6822871777
5745 15.6822866946
5773 15.6822865628
5796 15.6822859675
5888 15.6822858321
5907 15.6822855594
5929 15.6822850849
5983 15.6822849523
6015 15.6822848628
6024 15.6822845308
6099 15.6822840649
6119 15.6822840478
6126 15.6822838151
6277 15.6822838059
6281 15.6822835729
6314 15.6822834200
6438 15.6822833599
6463 15.6822833476
6504 15.6822833015
6597 15.6822832584
6635 15.6822832257
6671 15.6822832143
6704 15.6822831980
6763 15.6822831749
6780 15.6822831506
6824 15.6822831461
6830 15.6822831424
6839 15.6822831315
6840 15.6822830975
6943 15.6822830832
7155 15.6822830822
7162 15.6822830657
7238 15.6822830588
7334 15.6822830551
7352 15.6822830523
7419 15.6822830466
7481 15.6822830458
7484 15.6822830450
7505 15.6822830441
7636 15.6822830416
7695 15.6822830409
7809 15.6822830392
7884 15.6822830392
7892 15.6822830391
7944 15.6822830386
7946 15.6822830382
7957 15.6822830380
7989 15.6822830379
8037 15.6822830376
8039 15.6822830372
8113 15.6822830371
8137 15.6822830367
8139 15.6822830366
8185 15.6822830365
8272 15.6822830364
8340 15.6822830363
8361 15.6822830361
8431 15.6822830359
8440 15.6822830359
8507 15.6822830359
8513 15.6822830359
8518 15.6822830358
8540 15.6822830356
8633 15.6822830356
8665 15.6822830355
8666 15.6822830355
8684 15.6822830355
8758 15.6822830354
8790 15.6822830354
8809 15.6822830354
8847 15.6822830354
8888 15.6822830354
8890 15.6822830354
8899 15.6822830353
8915 15.6822830353
8967 15.6822830353
9086 15.6822830353
9201 15.6822830353
9230 15.6822830353
9265 15.6822830353
9267 15.6822830353
9278 15.6822830353
9310 15.6822830353
9346 15.6822830352
9390 15.6822830352
9551 15.6822830352
9556 15.6822830352
9586 15.6822830352
9590 15.6822830352
9652 15.6822830352
9657 15.6822830352
9667 15.6822830352
9749 15.6822830352
9805 15.6822830352
9818 15.6822830352
9826 15.6822830352
9838 15.6822830352
9866 15.6822830352
9871 15.6822830352
9981 15.6822830352
10059 15.6822830352
10069 15.6822830352
10080 15.6822830352
10113 15.6822830352
10138 15.6822830352
10388 15.6822830352
10393 15.6822830352
10397 15.6822830352
10410 15.6822830352
10444 15.6822830352
10445 15.6822830352
10450 15.6822830352
10799 15.6822830352
10942 15.6822830352
11142 15.6822830352
11523 15.6822830352
11823 15.6822830352
evaluations raw_y
1 86.3291607680
4 84.9777402913
19 79.9740211643
45 74.5493727158
69 73.2529038763
92 67.6084350774
111 61.3638228140
271 61.1285394712
343 58.8220963880
359 52.2990019121
479 49.5211803137
484 48.0209089082
507 46.4574668584
538 44.5067864558
542 38.3576313172
546 33.3473965256
594 27.5059578393
672 23.5092984874
680 20.8466890201
712 20.2590757578
757 17.6841288918
767 12.9038173886
854 11.2243631466
896 10.0741637576
921 9.8756339626
967 8.6935397095
999 8.2815077269
1013 8.0453898940
1092 7.6138836155
1105 6.2520226979
1127 5.6877455451
1231 5.6508864437
1298 5.5510060504
1348 5.3743243260
1368 5.0984108532
1377 4.8196085426
1394 4.4177265159
1407 3.9354644828
1459 3.8336578445
1476 3.7996026081
1496 3.7724173230
1542 3.5011980321
1550 3.4988815027
1560 3.2796886877
1569 3.2555193009
1596 2.9449794151
1691 2.8554935256
1719 2.7399348948
1828 2.7299455289
1925 2.6961559725
1987 2.6563110717
2003 2.6126392753
2054 2.5814677456
2072 2.5634934442
2148 2.5420324009
2228 2.5228775611
2242 2.5153995827
2415 2.5119861214
2465 2.5068183231
2512 2.5056235965
2524 2.5041480213
2532 2.4954236102
2565 2.4935984742
2588 2.4876684875
2690 2.4864554789
2710 2.4839444405
2743 2.4838613023
2772 2.4826626569
2780 2.4795397445
2834 2.4788538769
2900 2.4785489427
2963 2.4777480762
3014 2.4770056789
3064 2.4769357737
3117 2.4769240649
3147 2.4750328830
3321 2.4748842286
3394 2.4744692492
3409 2.4744384253
3479 2.4743903434
3521 2.4743094133
3533 2.4742201095
3542 2.4734493124
3720 2.4734473816
3753 2.4734292545
3791 2.4733106317
3883 2.4732893386
3911 2.4732348787
3969 2.4732023601
4044 2.4731482151
4060 2.4731328138
4088 2.4731253298
4148 2.4730726439
4196 2.4730693010
4208 2.4730635487
4287 2.4730545831
4340 2.4730474833
4388 2.4730151437
4433 2.4730085535
4529 2.4730048549
4543 2.4730033795
4572 2.4729993738
4626 2.4729911666
4669 2.4729885111
4695 2.4729851873
4836 2.4729849037
4883 2.4729841617
4901 2.4729826372
4932 2.4729820103
4961 2.4729797045
5080 2.4729790437
5084 2.4729778267
5206 2.4729774924
5215 2.4729768434
5258 2.4729768009
5259 2.4729765252
5312 2.4729761060
5426 2.4729756768
5467 2.4729749811
5555 2.4729748081
5660 2.4729747981
5665 2.4729746769
5712 2.4729743832
5838 2.4729743746
5887 2.4729742970
5952 2.4729741318
6022 2.4729741233
6045 2.4729740991
6066 2.4729740430
6133 2.4729740332
6153 2.4729740234
6176 2.4729739693
6200 2.4729739576
6299 2.4729739253
6322 2.4729739190
6394 2.4729739149
6413 2.4729739096
6429 2.4729739028
6537 2.4729738975
6551 2.4729738927
6577 2.4729738926
6590 2.4729738901
6595 2.4729738866
6655 2.4729738787
6721 2.4729738725
6766 2.4729738711
6773 2.4729738699
6790 2.4729738672
6935 2.4729738641
7129 2.4729738616
7233 2.4729738614
7277 2.4729738613
7293 2.4729738612
7295 2.4729738610
7322 2.4729738605
7353 2.4729738604
7368 2.4729738603
7389 2.4729738601
7471 2.4729738600
7473 2.4729738596
7502 2.4729738595
7552 2.4729738594
7607 2.4729738593
7631 2.4729738592
7651 2.4729738590
7703 2.4729738589
7757 2.4729738589
7830 2.4729738587
7851 2.4729738587
7908 2.4729738587
7934 2.4729738587
7944 2.4729738586
7992 2.4729738586
8139 2.4729738585
8148 2.4729738585
8252 2.4729738585
8264 2.4729738585
8287 2.4729738585
8317 2.4729738585
8326 2.4729738585
8381 2.4729738585
8390 2.4729738585
8402 2.4729738585
8413 2.4729738584
8431 2.4729738584
8607 2.4729738584
8717 2.4729738584
8726 2.4729738584
8746 2.4729738584
8759 2.4729738584
8781 2.4729738584
8882 2.4729738584
8952 2.4729738584
8989 2.4729738584
9048 2.4729738584
9093 2.4729738584
9156 2.4729738584
9171 2.4729738584
9174 2.4729738584
9228 2.4729738584
9263 2.4729738584
9273 2.4729738584
9279 2.4729738584
9384 2.4729738584
9456 2.4729738584
9531 2.4729738584
9644 2.4729738584
9755 2.4729738584
9965 2.4729738584
10028 2.4729738584
10077 2.4729738584
10122 2.4729738584
10136 2.4729738584
10153 2.4729738584
10273 2.4729738584
10295 2.4729738584
10312 2.4729738584
10319 2.4729738584
10383 2.4729738584
10582 2.4729738584
10588 2.4729738584
10752 2.4729738584
10796 2.4729738584
11036 2.4729738584
11627 2.4729738584
evaluations raw_y
1 85.0656665922
2 84.5619856875
15 83.9617175918
35 83.4042166850
42 82.8643735295
56 82.6512276898
73 82.4310733869
78 77.8717376611
99 76.1110522667
117 74.8147932359
180 73.0577576417
271 72.4975915935
358 70.8561701891
512 70.2285976966
529 68.3809665201
531 65.8252702872
582 64.8805613501
588 63.3059012132
597 61.6781631718
649 61.3212305151
713 60.3271512449
758 59.3902464884
817 57.2520566464
856 55.3598256017
918 53.6633513480
956 50.0362264391
966 49.6067772543
1004 48.4715570849
1016 48.3302686259
1061 46.3018477384
1079 45.9206869505
1088 43.5342593447
1150 43.1049523119
1218 42.7940639006
1278 42.2512595010
1347 41.8057045129
1375 40.9209918563
1435 40.7731933660
1448 39.9618303053
1467 39.5578168661
1506 39.5447017885
1523 39.4411469270
1607 38.9493474737
1661 38.7276388568
1783 38.3612861869
1899 38.2810157576
1909 38.2477886623
1934 38.1556823235
2039 38.1485010710
2041 38.0711728463
2074 38.0603215780
2084 38.0133063175
2113 38.0043408371
2203 38.0022673971
2238 37.9647093331
2250 37.9428735954
2293 37.9364157034
2334 37.9257041921
2344 37.9054276252
2502 37.8932337377
2533 37.8925726672
2563 37.8791962619
2608 37.8791478175
2631 37.8709515203
2720 37.8683366710
2754 37.8674413385
2888 37.8633313507
2913 37.8590362682
2953 37.8566423164
3103 37.8554100660
3122 37.8524775340
3141 37.8522645513
3174 37.8512403633
3217 37.8490575011
3311 37.8489156735
3334 37.8482067223
3364 37.8474108606
3388 37.8472654699
3394 37.8461926218
3449 37.8461875057
3564 37.8460344389
3579 37.8456851089
3670 37.8455215094
3706 37.8455155372
3756 37.8452967682
3786 37.8452155512
3798 37.8450697322
3802 37.8449988749
3808 37.8449353333
3847 37.8448951647
3879 37.8448670478
3961 37.8447939300
3967 37.8447115806
3970 37.8446479699
4130 37.8446278203
4147 37.8445639853
4177 37.8445547776
4187 37.8445334015
4239 37.8445162341
4347 37.8444963557
4357 37.8444367639
4446 37.8444191305
4506 37.8444054330
4565 37.8443947199
4587 37.8443830572
4642 37.8443776495
4647 37.8443717185
4790 37.8443699642
4797 37.8443613776
4811 37.8443491878
4959 37.8443490202
4993 37.8443474063
5059 37.8443433203
5084 37.8443427879
5174 37.8443396793
5285 37.8443393864
5306 37.8443383806
5307 37.8443374446
5319 37.8443373835
5342 37.8443361503
5404 37.8443358233
5437 37.8443345361
5516 37.8443343842
5556 37.8443342745
5640 37.8443337061
5642 37.8443332052
5761 37.8443328589
5834 37.8443328523
5839 37.8443327357
5954 37.8443325383
6050 37.8443322953
6228 37.8443322198
6240 37.8443322101
6263 37.8443322053
6277 37.8443321999
6298 37.8443321378
6419 37.8443320951
6523 37.8443320916
6535 37.8443320855
6538 37.8443320836
6589 37.8443320678
6645 37.8443320225
6696 37.8443320190
6748 37.8443320131
6790 37.8443320009
6855 37.8443319947
6906 37.8443319938
6958 37.8443319913
6994 37.8443319835
7119 37.8443319833
7128 37.8443319802
7197 37.8443319795
7209 37.8443319793
7282 37.8443319783
7306 37.8443319777
7307 37.8443319765
7308 37.8443319762
7326 37.8443319743
7347 37.8443319711
7428 37.8443319708
7482 37.8443319700
7491 37.8443319696
7497 37.8443319682
7511 37.8443319675
7547 37.8443319672
7673 37.8443319672
7675 37.8443319659
7744 37.8443319654
7831 37.8443319649
7876 37.8443319647
7907 37.8443319647
8049 37.8443319645
8111 37.8443319644
8145 37.8443319643
8182 37.8443319642
8231 37.8443319641
8254 37.8443319641
8399 37.8443319641
8475 37.8443319640
8480 37.8443319640
8523 37.8443319639
8558 37.8443319639
8642 37.8443319639
8710 37.8443319639
8807 37.8443319638
8817 37.8443319638
8863 37.8443319638
8920 37.8443319638
8932 37.8443319638
8974 37.8443319638
8993 37.8443319638
9041 37.8443319638
9072 37.8443319638
9144 37.8443319638
9189 37.8443319638
9223 37.8443319638
9244 37.8443319638
9309 37.8443319638
9310 37.8443319638
9357 37.8443319638
9401 37.8443319638
9420 37.8443319638
9423 37.8443319638
9434 37.8443319638
9449 37.8443319638
9472 37.8443319638
9728 37.8443319638
9736 37.8443319638
9745 37.8443319638
9775 37.8443319638
9909 37.8443319638
9973 37.8443319638
9982 37.8443319638
10094 37.8443319638
10167 37.8443319638
10210 37.8443319638
10247 37.8443319638
10329 37.8443319638
10378 37.8443319638
10389 37.8443319638
10457 37.8443319638
10568 37.8443319638
10746 37.8443319638
10986 37.8443319638
11265 37.8443319638
evaluations raw_y
1 84.6484320526
15 83.9091858424
29 83.8528315681
32 82.8464273797
33 80.6472856879
34 79.5490742241
40 72.4311976718
78 71.9474229502
79 68.9282990223
136 67.7424249166
148 61.3292583386
212 58.9742356160
356 46.3646177615
419 41.0686785713
462 33.0678729447
497 25.4749608029
581 22.9145722532
599 19.3717610763
648 17.9817608193
780 12.6746625632
828 10.3271916829
838 9.3071457075
870 9.1871842317
949 8.6562244387
953 7.5982121150
1040 7.5909702809
1054 6.3019307722
1104 4.3915774889
1190 4.0261325806
1210 3.9732575454
1234 3.7475967897
1250 3.4179671963
1256 2.6945127996
1363 2.5151109014
1474 2.3953001489
1653 2.3887776188
1661 2.2436498446
1683 2.2363210776
1702 2.2361702758
1786 2.2321392215
1793 2.1469527734
1938 2.1429798702
1973 2.1314313427
1995 2.1113510495
2031 2.1085999836
2066 2.0889124564
2096 2.0638194336
2369 2.0604952368
2480 2.0594290691
2499 2.0576045950
2510 2.0571039317
2512 2.0567420239
2592 2.0547990431
2603 2.0547623275
2613 2.0536919009
2623 2.0509334942
2640 2.0496004750
2738 2.0480039227
2810 2.0477668182
2942 2.0472819876
3021 2.0471335659
3113 2.0464164066
3129 2.0463009547
3153 2.0457973993
3176 2.0454589891
3250 2.0451727983
3255 2.0450888384
3311 2.0450554002
3324 2.0449776975
3382 2.0443686057
3609 2.0442029143
3670 2.0441174239
3697 2.0440556406
3788 2.0439996502
3865 2.0439412412
3923 2.0439328252
4101 2.0439155727
4140 2.0439049599
4180 2.0438580825
4232 2.0438438990
4234 2.0438366337
4235 2.0438355360
4339 2.0438316710
4343 2.0438039019
4402 2.0437963999
4424 2.0437851970
4426 2.0437835909
4470 2.0437791317
4493 2.0437784225
4505 2.0437712295
4536 2.0437491176
4563 2.0437389439
4581 2.0437255919
4593 2.0437170941
4625 2.0437008721
4892 2.0436976021
4893 2.0436888844
4916 2.0436872106
4982 2.0436841893
5016 2.0436840934
5064 2.0436762082
5129 2.0436750275
5131 2.0436743434
5255 2.0436727188
5268 2.0436697102
5480 2.0436671991
5583 2.0436670841
5601 2.0436670321
5602 2.0436663830
5609 2.0436659030
5637 2.0436651836
5704 2.0436645000
5785 2.0436637972
5822 2.0436637909
5935 2.0436636896
5970 2.0436626268
6033 2.0436621999
6219 2.0436621664
6232 2.0436620894
6240 2.0436616080
6399 2.0436614086
6534 2.0436613937
6560 2.0436613479
6614 2.0436613259
6632 2.0436612686
6709 2.0436612657
6748 2.0436612560
6778 2.0436612304
6838 2.0436612197
6856 2.0436611895
6899 2.0436611857
6966 2.0436611778
7022 2.0436611668
7070 2.0436611584
7095 2.0436611553
7190 2.0436611536
7218 2.0436611514
7233 2.0436611506
7244 2.0436611378
7426 2.0436611318
7483 2.0436611231
7534 2.0436611229
7589 2.0436611189
7709 2.0436611158
7823 2.0436611158
7889 2.0436611140
7965 2.0436611138
7997 2.0436611135
8002 2.0436611132
8054 2.0436611115
8160 2.0436611110
8288 2.0436611105
8377 2.0436611093
8574 2.0436611092
8732 2.0436611090
8948 2.0436611090
8983 2.0436611089
9006 2.0436611089
9028 2.0436611089
9078 2.0436611089
9091 2.0436611089
9159 2.0436611088
9222 2.0436611088
9349 2.0436611088
9356 2.0436611088
9379 2.0436611088
9395 2.0436611088
9417 2.0436611088
9452 2.0436611088
9454 2.0436611087
9581 2.0436611087
9641 2.0436611087
9698 2.0436611087
9852 2.0436611087
9864 2.0436611087
9914 2.0436611087
9958 2.0436611087
10046 2.0436611087
10258 2.0436611087
10291 2.0436611087
10306 2.0436611087
10355 2.0436611087
10363 2.0436611087
10381 2.0436611087
10414 2.0436611087
10445 2.0436611087
10547 2.0436611087
10570 2.0436611087
10596 2.0436611087
10636 2.0436611087
10656 2.0436611087
10672 2.0436611087
10711 2.0436611087
10795 2.0436611087
10812 2.0436611087
10864 2.0436611087
10960 2.0436611087
10981 2.0436611087
11085 2.0436611087
11233 2.0436611087
11296 2.0436611087
11333 2.0436611087
11507 2.0436611087
11695 2.0436611087
12130 2.0436611087
evaluations raw_y
1 118.7946728658
2 87.8218266179
46 87.0057826074
85 86.1047352836
95 85.8693725065
121 85.8169594660
140 84.9855967171
156 82.7027100313
213 81.6132889653
247 80.2368939565
278 78.6610188259
297 77.7565570947
323 77.3833615572
327 75.1254763582
475 73.2168200721
513 71.4401506102
653 70.5825636527
657 68.2478888339
672 67.3842334495
759 67.0473512819
791 64.8978387624
829 64.8630041181
865 60.8993193106
926 58.2271770881
980 55.2223590642
1071 55.1006472936
1092 54.2672844743
1115 52.9553283109
1161 52.7183823982
1174 49.1900233585
1208 48.9880103170
1321 48.3144309957
1328 47.6527397802
1336 47.0444760173
1409 47.0243292609
1440 46.9606762739
1463 46.4435044997
1466 46.0887749522
1481 45.9788940118
1525 45.8733781651
1535 45.8013545247
1549 44.9546746666
1654 44.5796051132
1694 44.5425220193
1764 44.1796804689
1782 44.1357428585
1839 44.0772524250
1965 44.0463152406
1967 43.9561065067
2030 43.9355760798
2057 43.7424424540
2066 43.5784902479
2255 43.5269018229
2339 43.4946192664
2368 43.4768646621
2382 43.4330537637
2428 43.4325202956
2448 43.4026542359
2474 43.4015636795
2503 43.3633299148
2681 43.3617935792
2690 43.3520176636
2716 43.3358203519
2788 43.3293065680
2792 43.3213490983
2844 43.3087027189
2902 43.3080824725
2919 43.3079665249
2933 43.2917720249
3090 43.2910422515
3152 43.2904536076
3159 43.2891417225
3232 43.2861730003
3253 43.2854777957
3302 43.2794385188
3457 43.2792872080
3492 43.2783849826
3553 43.2781536803
3607 43.2778636380
3614 43.2773998485
3621 43.2770501596
3661 43.2762657202
3710 43.2760944654
3762 43.2757620529
3765 43.2752467340
3846 43.2750353161
3871 43.2750154261
3979 43.2750100115
4009 43.2749311316
4028 43.2748546024
4078 43.2747353149
4085 43.2746066676
4148 43.2745752658
4161 43.2745475853
4175 43.2744955195
4244 43.2744835483
4258 43.2743525968
4354 43.2743444775
4400 43.2743205010
4421 43.2743181214
4451 43.2743022820
4481 43.2742941046
4490 43.2742542113
4551 43.2742368715
4649 43.2742327551
4680 43.2742259986
4707 43.2742109053
4723 43.2742044025
4732 43.2741999444
4742 43.2741934946
4782 43.2741909785
4804 43.2741848287
4815 43.2741836635
4839 43.2741796813
4883 43.2741414919
5180 43.2741407828
5235 43.2741402847
5297 43.2741384280
5301 43.2741254741
5461 43.2741223202
5639 43.2741218259
5665 43.2741212503
5667 43.2741210688
5680 43.2741203871
5698 43.2741192506
5779 43.2741188214
5788 43.2741182237
5816 43.2741178157
5907 43.2741174296
5908 43.2741171451
5924 43.2741166827
5998 43.2741166774
6008 43.2741164435
6123 43.2741163728
6184 43.2741162234
6281 43.2741161469
6291 43.2741160026
6332 43.2741159426
6337 43.2741158771
6372 43.2741156960
6534 43.2741156800
6543 43.2741156303
6624 43.2741155332
6750 43.2741154784
6863 43.2741154599
6930 43.2741154515
6936 43.2741154307
6959 43.2741154288
6972 43.2741154173
7107 43.2741154113
7115 43.2741154044
7182 43.2741153987
7208 43.2741153975
7234 43.2741153938
7315 43.2741153910
7331 43.2741153857
7403 43.2741153831
7416 43.2741153830
7446 43.2741153819
7483 43.2741153799
7507 43.2741153783
7525 43.2741153764
7600 43.2741153757
7632 43.2741153739
7658 43.2741153731
7721 43.2741153730
7736 43.2741153728
7761 43.2741153711
7919 43.2741153707
7955 43.2741153694
8078 43.2741153690
8224 43.2741153689
8283 43.2741153688
8303 43.2741153687
8454 43.2741153687
8457 43.2741153686
8467 43.2741153684
8545 43.2741153684
8550 43.2741153684
8569 43.2741153683
8582 43.2741153683
8784 43.2741153683
8805 43.2741153683
8878 43.2741153683
8913 43.2741153682
8959 43.2741153682
9019 43.2741153682
9049 43.2741153682
9068 43.2741153682
9151 43.2741153682
9266 43.2741153682
9418 43.2741153682
9473 43.2741153682
9486 43.2741153682
9514 43.2741153682
9518 43.2741153682
9561 43.2741153682
9594 43.2741153682
9618 43.2741153682
9624 43.2741153682
9653 43.2741153682
9659 43.2741153682
9682 43.2741153682
9744 43.2741153682
9766 43.2741153682
9801 43.2741153682
9887 43.2741153682
9943 43.2741153682
9949 43.2741153682
10051 43.2741153682
10129 43.2741153682
10152 43.2741153682
10234 43.2741153682
10334 43.2741153682
10360 43.2741153682
10382 43.2741153682
10427 43.2741153682
10495 43.2741153682
10515 43.2741153682
10519 43.2741153682
10582 43.2741153682
10735 43.2741153682
10893 43.2741153682
10951 43.2741153682
11079 43.2741153682
11598 43.2741153682
evaluations raw_y
1 85.7815917786
13 85.0847565877
23 83.9307507830
49 83.2072693989
56 78.4749769613
163 77.0890246390
173 75.9748883030
201 74.6583410066
281 69.7139688249
296 67.8738001676
564 58.2874669750
594 51.2327635793
747 39.5200395688
774 30.4998439623
775 26.2289430439
840 16.4092230136
966 15.1176263908
1048 13.5201577702
1063 10.3628138041
1084 8.8845870905
1167 8.0823373730
1191 7.5136965337
1285 7.1912445751
1315 6.9297634322
1344 5.4849175717
1372 4.8331659457
1437 4.5869770243
1449 3.5789816547
1471 2.1174397148
1488 2.1066713618
1601 2.0979212217
1617 1.8864189532
1629 1.7986498943
1693 1.3291002249
1697 0.5138808330
1824 0.5049050896
1833 0.2008311274
2199 0.1969312061
2280 0.1942880896
2307 0.1356691305
2377 0.1106722651
2436 0.0722169816
2510 0.0412751370
2529 0.0397672733
2558 0.0311161680
2562 0.0303972785
2664 0.0173832768
2696 0.0151564997
2766 0.0116483312
2785 0.0093790689
2796 0.0034225429
3135 0.0032039796
3144 0.0015475164
3327 0.0008912145
3387 0.0008849412
3392 0.0004550643
3449 0.0004174105
3452 0.0003295915
3522 0.0002245780
3613 0.0002194967
3644 0.0001255956
3772 0.0001196303
3789 0.0000907737
3798 0.0000716479
3867 0.0000688222
3906 0.0000394990
3987 0.0000315931
4045 0.0000282784
4081 0.0000247648
4087 0.0000082077
4360 0.0000065163
4416 0.0000036061
4552 0.0000025797
4595 0.0000012700
4630 0.0000011541
4957 0.0000008709
4998 0.0000008047
5006 0.0000006473
5012 0.0000006392
5028 0.0000005911
5042 0.0000005452
5049 0.0000004365
5062 0.0000004057
5097 0.0000001792
5145 0.0000001304
5225 0.0000000863
5240 0.0000000715
5343 0.0000000221
5661 0.0000000153
5736 0.0000000136
5741 0.0000000133
5755 0.0000000125
5792 0.0000000123
5826 0.0000000114
5901 0.0000000097
5949 0.0000000074
6068 0.0000000047
6090 0.0000000045
6141 0.0000000027
6305 0.0000000020
6367 0.0000000018
6390 0.0000000011
6398 0.0000000007
6561 0.0000000003
6872 0.0000000001
6974 0.0000000001
7000 0.0000000000
7073 0.0000000000
7278 0.0000000000
7377 0.0000000000
7378 0.0000000000
7429 0.0000000000
7511 0.0000000000
7520 0.0000000000
7557 0.0000000000
7727 0.0000000000
7930 0.0000000000
7939 0.0000000000
8075 0.0000000000
8138 0.0000000000
8244 0.0000000000
8284 0.0000000000
8297 0.0000000000
8379 0.0000000000
8587 0.0000000000
8870 0.0000000000
9271 0.0000000000
evaluations raw_y
1 99.5186957262
2 93.5997024960
5 88.7931278644
14 85.6383943778
17 83.0689514225
45 82.6206711817
67 79.7377510854
101 78.0284609862
136 77.3374495553
154 73.1809161739
210 70.6799689766
231 68.1941808259
258 55.3847634715
262 49.0312407846
613 37.6827600905
659 36.4087947388
711 28.1971944047
716 22.7637784556
787 20.5750605721
825 16.7762968653
892 15.1042094623
900 9.5463631763
954 9.4232472720
972 9.1376209968
1028 7.4681546725
1066 7.1983162972
1108 5.6458822973
1203 4.3861027330
1222 2.3234293238
1475 2.2765108962
1497 2.2212721488
1521 2.1822933330
1523 2.1177004555
1560 2.0932664926
1635 2.0392707507
1728 2.0274729063
1732 2.0251373339
1737 2.0245221144
1746 2.0158937570
1760 2.0146987543
1772 2.0093018269
1784 1.9932618817
1811 1.9932180202
1832 1.9747636050
1851 1.9724983256
1910 1.9276753252
2067 1.9157564556
2103 1.9150346084
2109 1.8811077092
2135 1.8736458944
2229 1.8726830300
2265 1.8591670625
2284 1.8565555502
2341 1.8457319871
2370 1.8394470598
2386 1.8304621404
2624 1.8264995891
2634 1.8232049911
2700 1.8175146499
2730 1.8174184049
2739 1.8145589807
2817 1.8143466035
2822 1.8129190437
2823 1.8118433709
2848 1.8097486753
2884 1.8091506445
2960 1.8071152136
3136 1.8068282262
3149 1.8065176607
3214 1.8064034005
3247 1.8058099302
3280 1.8052390959
3330 1.8051989619
3352 1.8051180921
3377 1.8050808329
3430 1.8046604443
3466 1.8046209979
3488 1.8046184722
3507 1.8045103534
3523 1.8043612651
3547 1.8042108483
3572 1.8041938682
3577 1.8041616640
3587 1.8040363834
3641 1.8039522151
3642 1.8038207039
3710 1.8037592900
3746 1.8035284969
3859 1.8034974831
3962 1.8034865803
3995 1.8033776774
4099 1.8033651742
4131 1.8033461191
4135 1.8032393141
4196 1.8031462838
4391 1.8031302278
4421 1.8031003549
4537 1.8030978397
4621 1.8030853345
4648 1.8030752664
4656 1.8030642249
4686 1.8030620261
4694 1.8030517419
4826 1.8030487525
4888 1.8030410733
4913 1.8030403618
4916 1.8030373717
5022 1.8030362867
5025 1.8030353721
5082 1.8030352124
5099 1.8030330421
5117 1.8030330107
5127 1.8030318852
5135 1.8030314100
5175 1.8030282059
5182 1.8030272117
5222 1.8030263027
5279 1.8030262278
5289 1.8030250027
5372 1.8030234270
5384 1.8030211337
5597 1.8030209910
5739 1.8030208874
5805 1.8030205571
5854 1.8030202474
5925 1.8030202460
5928 1.8030201263
5948 1.8030200277
5964 1.8030199102
6087 1.8030198456
6106 1.8030197892
6177 1.8030196769
6297 1.8030196244
6355 1.8030196111
6368 1.8030195889
6385 1.8030195730
6444 1.8030195597
6455 1.8030194964
6572 1.8030194625
6649 1.8030194571
6656 1.8030194516
6708 1.8030194233
6836 1.8030194226
6849 1.8030194083
6901 1.8030194045
6970 1.8030194036
6980 1.8030193970
7005 1.8030193918
7139 1.8030193916
7206 1.8030193911
7228 1.8030193907
7261 1.8030193886
7269 1.8030193880
7312 1.8030193859
7380 1.8030193855
7407 1.8030193842
7414 1.8030193831
7419 1.8030193828
7446 1.8030193827
7542 1.8030193808
7575 1.8030193803
7717 1.8030193792
7860 1.8030193791
7968 1.8030193790
7992 1.8030193789
8054 1.8030193787
8064 1.8030193785
8107 1.8030193785
8113 1.8030193785
8139 1.8030193783
8164 1.8030193783
8239 1.8030193782
8267 1.8030193782
8307 1.8030193781
8323 1.8030193781
8335 1.8030193781
8432 1.8030193781
8467 1.8030193780
8501 1.8030193779
8537 1.8030193779
8568 1.8030193779
8688 1.8030193779
8723 1.8030193779
8776 1.8030193779
8799 1.8030193779
8845 1.8030193779
8989 1.8030193778
9093 1.8030193778
9171 1.8030193778
9200 1.8030193778
9209 1.8030193778
9214 1.8030193778
9353 1.8030193778
9365 1.8030193778
9374 1.8030193778
9431 1.8030193778
9484 1.8030193778
9532 1.8030193778
9569 1.8030193778
9596 1.8030193778
9622 1.8030193778
9690 1.8030193778
9709 1.8030193778
9737 1.8030193778
9777 1.8030193778
9799 1.8030193778
9870 1.8030193778
9935 1.8030193778
10013 1.8030193778
10052 1.8030193778
10130 1.8030193778
10207 1.8030193778
10259 1.8030193778
10290 1.8030193778
10291 1.8030193778
10458 1.8030193778
10714 1.8030193778
10985 1.8030193778
11162 1.8030193778
evaluations raw_y
1 89.5604991402
6 82.1619960910
60 82.1365562819
61 81.9207423870
63 81.2237983700
65 77.8710005388
79 73.6807423462
111 71.2805764776
120 68.7934841355
126 66.0103330071
378 53.9290625494
496 50.0644471216
539 48.5127983766
574 45.7586307933
632 38.0382151124
685 37.5554060529
730 34.9955875038
806 27.9140112813
906 25.5877207326
1080 23.3001859247
1177 22.3030745877
1243 21.4278501110
1292 20.9135078029
1459 20.2896707494
1558 20.2366373235
1589 19.9422085447
1668 19.2733732769
1768 19.0822574846
1808 18.6877329996
1895 18.4882064150
2191 18.3776962273
2283 18.2947110115
2452 18.1961787600
2490 18.1679132365
2551 18.0910305520
2587 18.0370895948
2611 17.9688931821
2657 17.9340353452
2915 17.9223220340
2927 17.9065034266
2988 17.8987980454
2992 17.8984573143
3036 17.8661530770
3174 17.8615752400
3219 17.8485083993
3230 17.8375506074
3453 17.8359749264
3479 17.8336691988
3510 17.8286144198
3548 17.8261385466
3687 17.8217116600
3741 17.8212046137
3810 17.8184497272
4005 17.8183102397
4016 17.8179275209
4154 17.8169790015
4193 17.8166483183
4204 17.8163156206
4220 17.8157341174
4364 17.8153313530
4438 17.8153185753
4491 17.8150698441
4496 17.8149299932
4540 17.8147352690
4582 17.8145924030
4742 17.8144939483
4775 17.8144250754
4827 17.8142780176
5022 17.8142658523
5061 17.8142551966
5122 17.8142104124
5139 17.8141989273
5202 17.8141478516
5359 17.8141459286
5361 17.8141401197
5404 17.8141240563
5437 17.8141119194
5541 17.8141031350
5617 17.8140988145
5644 17.8140926147
5659 17.8140772633
5927 17.8140772575
5972 17.8140716067
6050 17.8140684524
6133 17.8140664041
6439 17.8140663426
6493 17.8140657640
6526 17.8140645616
6598 17.8140645392
6617 17.8140644036
6720 17.8140642835
6722 17.8140639783
6765 17.8140636317
6766 17.8140631006
6814 17.8140626177
6905 17.8140624821
6978 17.8140624467
7027 17.8140622100
7079 17.8140618761
7128 17.8140615678
7142 17.8140614057
7169 17.8140613987
7295 17.8140613050
7396 17.8140612516
7422 17.8140612498
7441 17.8140612323
7444 17.8140612075
7462 17.8140611945
7517 17.8140611173
7546 17.8140610867
7603 17.8140610811
7638 17.8140610744
7683 17.8140610334
7727 17.8140610248
7841 17.8140610110
7904 17.8140610053
7919 17.8140609863
7971 17.8140609793
8133 17.8140609653
8245 17.8140609631
8246 17.8140609619
8289 17.8140609585
8318 17.8140609490
8457 17.8140609487
8500 17.8140609467
8555 17.8140609456
8646 17.8140609450
8725 17.8140609435
8766 17.8140609421
8935 17.8140609420
9006 17.8140609420
9046 17.8140609418
9053 17.8140609417
9074 17.8140609414
9079 17.8140609410
9199 17.8140609410
9256 17.8140609409
9268 17.8140609407
9287 17.8140609407
9327 17.8140609406
9338 17.8140609405
9403 17.8140609405
9421 17.8140609404
9491 17.8140609404
9498 17.8140609403
9627 17.8140609402
9697 17.8140609402
9703 17.8140609402
9755 17.8140609402
9757 17.8140609402
9901 17.8140609401
9911 17.8140609401
10094 17.8140609401
10122 17.8140609401
10129 17.8140609401
10142 17.8140609401
10157 17.8140609401
10225 17.8140609401
10249 17.8140609401
10281 17.8140609401
10420 17.8140609401
10438 17.8140609401
10687 17.8140609401
10722 17.8140609401
10728 17.8140609401
10758 17.8140609401
10842 17.8140609401
10844 17.8140609401
10868 17.8140609401
10894 17.8140609401
10931 17.8140609401
11054 17.8140609401
11177 17.8140609401
11221 17.8140609401
11224 17.8140609401
11269 17.8140609401
11290 17.8140609401
11324 17.8140609401
11336 17.8140609401
11363 17.8140609401
11386 17.8140609401
11389 17.8140609401
11390 17.8140609401
11419 17.8140609401
11470 17.8140609401
11529 17.8140609401
11647 17.8140609401
11649 17.8140609401
11664 17.8140609401
11746 17.8140609401
11907 17.8140609401
11937 17.8140609401
11944 17.8140609401
11965 17.8140609401
12130 17.8140609401
12247 17.8140609401
12356 17.8140609401
12542 17.8140609401
12963 17.8140609401
evaluations raw_y
1 99.0581100672
2 93.4449524958
3 88.7346181153
8 86.6488092413
15 83.6308271452
91 81.4470055420
121 81.1071794959
125 80.9766538608
129 80.2939928568
137 74.3150226174
301 71.6795857405
747 70.5344470402
756 67.0229058611
793 58.3986917961
809 55.7175542574
831 41.5073866944
986 33.6594739276
1113 25.3713673128
1149 23.5703117965
1262 21.4723831131
1275 18.5377835385
1442 18.1811730646
1486 17.4116668072
1570 17.1855476893
1572 15.9861911837
1589 15.9575137060
1631 13.7829708772
1665 13.2574521130
1707 12.6421427874
1712 12.4029300823
1723 12.3694355330
1757 11.6484006964
1873 11.3665299735
1913 11.2282696747
1922 10.9143693882
2012 10.3444414870
2203 10.3121051768
2284 10.2206814622
2433 10.2029370058
2466 10.1409012481
2530 10.1201302157
2613 10.1155982841
2619 10.0763981701
2624 10.0383365923
2751 10.0273685547
2757 10.0117645086
2827 9.9864212512
2936 9.9571274380
3150 9.9569156582
3205 9.9549058195
3208 9.9505717578
3232 9.9502647099
3284 9.9404501347
3445 9.9394908340
3454 9.9363622689
3622 9.9360162581
3635 9.9357273579
3674 9.9353381315
3735 9.9352230356
3753 9.9347146262
3805 9.9332592100
3883 9.9330872202
3916 9.9330354396
3949 9.9325386583
4015 9.9319885614
4117 9.9316668095
4143 9.9316375805
4168 9.9315811111
4195 9.9314755156
4239 9.9313877738
4253 9.9312938039
4261 9.9312010731
4264 9.9309372600
4341 9.9306570694
4392 9.9305954344
4781 9.9305792140
4873 9.9305521242
4930 9.9305353907
4939 9.9305223038
4970 9.9305185541
4999 9.9304957832
5071 9.9304939696
5147 9.9304908018
5153 9.9304815286
5191 9.9304715719
5245 9.9304683253
5352 9.9304611594
5464 9.9304561053
5532 9.9304558966
5606 9.9304557006
5630 9.9304551631
5666 9.9304515074
5708 9.9304501940
5861 9.9304500570
5876 9.9304500354
5897 9.9304497969
5915 9.9304494011
5939 9.9304493202
5943 9.9304490985
5969 9.9304490974
5977 9.9304486355
5981 9.9304485547
6021 9.9304480908
6152 9.9304476986
6415 9.9304476841
6416 9.9304476067
6418 9.9304475920
6437 9.9304475215
6447 9.9304474093
6564 9.9304473707
6599 9.9304472874
6684 9.9304471921
6740 9.9304471767
6775 9.9304471119
6823 9.9304471070
6935 9.9304470862
6950 9.9304470726
6958 9.9304470205
7033 9.9304470084
7035 9.9304470015
7067 9.9304469985
7112 9.9304469861
7208 9.9304469841
7210 9.9304469758
7268 9.9304469653
7272 9.9304469603
7278 9.9304469470
7365 9.9304469441
7387 9.9304469427
7424 9.9304469422
7436 9.9304469410
7457 9.9304469406
7463 9.9304469362
7470 9.9304469344
7473 9.9304469283
7534 9.9304469260
7626 9.9304469242
7632 9.9304469218
7689 9.9304469215
7690 9.9304469190
7702 9.9304469184
7821 9.9304469178
7823 9.9304469134
8087 9.9304469133
8177 9.9304469132
8214 9.9304469132
8222 9.9304469127
8280 9.9304469125
8335 9.9304469124
8390 9.9304469122
8416 9.9304469122
8459 9.9304469119
8513 9.9304469119
8649 9.9304469118
8690 9.9304469116
8921 9.9304469116
9002 9.9304469116
9118 9.9304469116
9146 9.9304469115
9221 9.9304469115
9233 9.9304469115
9277 9.9304469115
9291 9.9304469115
9312 9.9304469115
9327 9.9304469115
9392 9.9304469115
9464 9.9304469115
9471 9.9304469115
9492 9.9304469115
9514 9.9304469115
9522 9.9304469115
9542 9.9304469115
9549 9.9304469115
9724 9.9304469115
9858 9.9304469115
9907 9.9304469115
9946 9.9304469115
9949 9.9304469115
10152 9.9304469115
10171 9.9304469115
10181 9.9304469115
10240 9.9304469115
10288 9.9304469115
10399 9.9304469115
10423 9.9304469115
10516 9.9304469115
10527 9.9304469115
10637 9.9304469115
10755 9.9304469115
10761 9.9304469115
10858 9.9304469115
10986 9.9304469115
11057 9.9304469115
11094 9.9304469115
11316 9.9304469115
11858 9.9304469115
evaluations raw_y
1 85.7137296425
3 85.4512053819
7 78.2654476525
68 76.4071921594
71 73.6201803549
110 72.9320116280
144 67.5764119878
208 65.9327201103
300 60.5394648721
371 55.3352860151
468 40.7878143284
553 20.7918234451
684 17.7343236557
720 16.9862672618
816 8.3684049568
1050 8.0855288032
1075 5.2351522498
1153 5.1160793108
1273 5.0042686555
1309 4.8217507079
1316 4.2355848339
1318 3.4691305398
1364 3.3061460669
1395 3.1889645995
1413 2.3846097873
1544 2.2240629677
1694 2.2117968401
1771 2.1430788663
1849 2.0930585884
1878 2.0912354945
1883 2.0903640841
1902 2.0886147326
1960 2.0880639567
1995 2.0830947108
2056 2.0827276132
2060 2.0739143435
2112 2.0645977006
2177 2.0578561138
2238 2.0560942852
2283 2.0543466411
2323 2.0524415833
2334 2.0521566557
2344 2.0509059375
2397 2.0505494628
2469 2.0494109626
2474 2.0492508120
2478 2.0485774102
2549 2.0485293089
2553 2.0473539322
2579 2.0467515816
2621 2.0466121008
2660 2.0461915074
2666 2.0457627961
2738 2.0457333902
2775 2.0454918428
2830 2.0454642984
2834 2.0453633202
2835 2.0447399085
2926 2.0446128237
2936 2.0445278638
2940 2.0444766463
2979 2.0444595047
3003 2.0444542892
3026 2.0442687516
3046 2.0442259724
3127 2.0440056954
3221 2.0439769524
3313 2.0439387436
3409 2.0439264046
3420 2.0438008966
3470 2.0437862281
3537 2.0437836959
3556 2.0437520901
3679 2.0437493117
3682 2.0437078475
3792 2.0436991279
3841 2.0436896688
3962 2.0436894848
4031 2.0436834653
4090 2.0436770564
4156 2.0436750220
4214 2.0436732576
4272 2.0436706917
4282 2.0436694274
4354 2.0436686312
4410 2.0436664856
4446 2.0436654671
4520 2.0436646367
4621 2.0436625336
4895 2.0436624009
4903 2.0436622088
4939 2.0436620072
5026 2.0436617028
5038 2.0436616768
5053 2.0436616428
5167 2.0436616210
5181 2.0436614268
5257 2.0436614212
5297 2.0436614120
5301 2.0436613984
5337 2.0436613199
5453 2.0436612862
5497 2.0436612795
5507 2.0436612633
5537 2.0436612484
5549 2.0436612390
5580 2.0436612380
5581 2.0436612065
5584 2.0436611682
5937 2.0436611678
5939 2.0436611649
6018 2.0436611427
6113 2.0436611404
6139 2.0436611374
6159 2.0436611297
6244 2.0436611241
6374 2.0436611193
6472 2.0436611173
6513 2.0436611167
6527 2.0436611151
6570 2.0436611136
6640 2.0436611124
6817 2.0436611116
6842 2.0436611111
6897 2.0436611110
6911 2.0436611108
6916 2.0436611106
6941 2.0436611105
6946 2.0436611102
6947 2.0436611101
6996 2.0436611101
7055 2.0436611101
7069 2.0436611096
7142 2.0436611094
7181 2.0436611094
7232 2.0436611093
7297 2.0436611092
7307 2.0436611091
7436 2.0436611091
7443 2.0436611091
7447 2.0436611090
7463 2.0436611090
7498 2.0436611089
7616 2.0436611089
7693 2.0436611089
7697 2.0436611088
7864 2.0436611088
7988 2.0436611088
7999 2.0436611088
8023 2.0436611087
8209 2.0436611087
8222 2.0436611087
8223 2.0436611087
8290 2.0436611087
8466 2.0436611087
8502 2.0436611087
8676 2.0436611087
8824 2.0436611087
8872 2.0436611087
8939 2.0436611087
9060 2.0436611087
9072 2.0436611087
9191 2.0436611087
9238 2.0436611087
9335 2.0436611087
9354 2.0436611087
9452 2.0436611087
9493 2.0436611087
9578 2.0436611087
9621 2.0436611087
9675 2.0436611087
9783 2.0436611087
10062 2.0436611087
10615 2.0436611087
evaluations raw_y
1 91.4538868621
5 84.1270233646
86 83.4896922251
113 82.5056898930
116 81.8121425322
170 81.3874001125
180 78.5502932710
182 77.1492949701
284 76.2971807228
299 74.6475902196
332 74.4154480840
402 69.6915748301
422 27.5423501115
11320 31.8415459515
evaluations raw_y
1 89.6877984474
3 88.1440725407
14 87.0666052858
36 86.9050560048
43 85.9536110663
74 85.8551543636
80 81.3316054781
221 79.4264750642
261 74.6047183248
323 74.1670783732
393 67.6149712084
663 47.7396074342
848 41.9952886233
917 39.8832993829
944 28.8403227801
1056 22.4852085351
1076 21.5541128908
1158 20.3553339690
1305 18.3537099754
1312 16.2145639906
1335 14.8725805837
1360 14.8020795861
1405 13.5936704272
1476 11.7249024296
1486 11.6411923723
1520 10.8861847508
1567 8.5672546530
1722 7.9263691847
1862 7.9197457960
1866 7.6743332470
1920 7.3461543752
1935 7.2371861371
2015 7.2239171556
2050 7.0094750277
2125 6.9364727669
2153 6.7326307700
2208 6.7277636827
2214 6.5914463918
2332 6.3802353375
2440 6.3662678916
2448 6.3514444182
2473 6.2889940869
2482 6.2116890044
2545 6.1489047867
2547 6.1105440958
2574 6.0361068937
2684 6.0111847022
2752 5.9822358547
2834 5.9618039943
2835 5.9556291843
2849 5.9057635060
2900 5.8967719454
2903 5.8835133895
2932 5.8807508917
2994 5.8414326619
3041 5.8389608501
3046 5.8304596999
3176 5.8297878742
3178 5.8297686895
3183 5.8277234997
3201 5.8160824428
3228 5.8066506220
3270 5.8046997712
3389 5.7994688875
3493 5.7980925627
3531 5.7952589906
3568 5.7917632814
3669 5.7878953193
3743 5.7872774709
3886 5.7867780703
3907 5.7863752669
3947 5.7855032693
3964 5.7849708549
3994 5.7846513528
4017 5.7845267865
4066 5.7841780230
4121 5.7831340957
4165 5.7827448695
4316 5.7826772762
4329 5.7820882469
4409 5.7818743396
4480 5.7818415301
4569 5.7816258677
4687 5.7815746982
4700 5.7814018224
4906 5.7813901882
4928 5.7813852470
4936 5.7813634673
4942 5.7813530067
5013 5.7813007183
5112 5.7812996034
5149 5.7812919500
5195 5.7812895253
5218 5.7812778856
5227 5.7812664006
5252 5.7812595377
5386 5.7812500574
5411 5.7812391282
5416 5.7812306840
5485 5.7812273223
5507 5.7812260316
5596 5.7812192580
5629 5.7812179367
5648 5.7812171227
5664 5.7812155986
5668 5.7812120026
5690 5.7812074767
5830 5.7812063625
5863 5.7812044277
5998 5.7812036308
6039 5.7812018400
6074 5.7812011735
6130 5.7812011571
6132 5.7812010278
6158 5.7812008190
6199 5.7812003315
6214 5.7811997411
6261 5.7811990348
6266 5.7811985483
6473 5.7811984795
6516 5.7811980808
6690 5.7811979852
6695 5.7811979169
6765 5.7811978649
6800 5.7811978378
6818 5.7811976700
6831 5.7811976657
6867 5.7811976488
6884 5.7811976230
6987 5.7811975577
7005 5.7811975498
7074 5.7811975154
7166 5.7811974387
7323 5.7811974329
7415 5.7811974280
7485 5.7811974249
7550 5.7811974227
7551 5.7811974206
7553 5.7811974113
7561 5.7811974100
7564 5.7811974095
7581 5.7811973934
7702 5.7811973909
7756 5.7811973904
7832 5.7811973895
7846 5.7811973889
7856 5.7811973888
7868 5.7811973855
7886 5.7811973809
7962 5.7811973802
7985 5.7811973782
7992 5.7811973756
8182 5.7811973748
8309 5.7811973746
8405 5.7811973738
8466 5.7811973731
8554 5.7811973730
8656 5.7811973730
8675 5.7811973728
8708 5.7811973726
8770 5.7811973725
8775 5.7811973724
8826 5.7811973722
8931 5.7811973721
9072 5.7811973720
9077 5.7811973720
9108 5.7811973720
9116 5.7811973719
9164 5.7811973719
9180 5.7811973719
9266 5.7811973718
9325 5.7811973718
9468 5.7811973718
9483 5.7811973718
9565 5.7811973718
9616 5.7811973718
9702 5.7811973718
9714 5.7811973718
9750 5.7811973718
9754 5.7811973718
9802 5.7811973718
9803 5.7811973718
9815 5.7811973718
9852 5.7811973718
10007 5.7811973718
10032 5.7811973718
10055 5.7811973718
10150 5.7811973718
10158 5.7811973718
10165 5.7811973718
10191 5.7811973718
10203 5.7811973718
10230 5.7811973718
10235 5.7811973718
10436 5.7811973718
10444 5.7811973718
10476 5.7811973718
10498 5.7811973718
10539 5.7811973718
10554 5.7811973717
10747 5.7811973717
10829 5.7811973717
10853 5.7811973717
10926 5.7811973717
10940 5.7811973717
10950 5.7811973717
10964 5.7811973717
10998 5.7811973717
11033 5.7811973717
11043 5.7811973717
11212 5.7811973717
11247 5.7811973717
11320 5.7811973717
11360 5.7811973717
11450 5.7811973717
11480 5.7811973717
11524 5.7811973717
11555 5.7811973717
11567 5.7811973717
11569 5.7811973717
11706 5.7811973717
11775 5.7811973717
11923 5.7811973717
11975 5.7811973717
12106 5.7811973717
12586 5.7811973717
12825 5.7811973717
evaluations raw_y
1 85.3179056231
2 79.2891613960
10 78.6136935685
15 75.5543935310
40 75.0557389231
88 74.2885036747
122 68.7782077015
146 64.0321204282
358 54.6202944726
425 40.8876344971
532 37.0614630248
590 14.5288647764
844 7.6354478795
989 6.9689761033
1086 2.3396878671
1136 2.2434249376
1156 1.9853244759
1326 1.7001882130
1404 1.6640615474
1444 0.9583261553
1570 0.6232367940
1597 0.4965211892
1756 0.3981668355
1833 0.3027052158
1951 0.1609712702
2005 0.1562778772
2010 0.1280271548
2043 0.0577145031
2190 0.0561769209
2205 0.0492724018
2208 0.0223621919
2386 0.0136140459
2470 0.0128854883
2548 0.0106643861
2549 0.0091123021
2586 0.0038734262
2640 0.0038667433
2746 0.0037076914
2823 0.0035830026
2862 0.0026218943
2975 0.0011122850
3022 0.0008409246
3091 0.0007822915
3103 0.0006979636
3152 0.0004095691
3190 0.0001671314
3291 0.0001137495
3516 0.0000982872
3525 0.0000877095
3535 0.0000218973
3772 0.0000144025
3897 0.0000086608
3988 0.0000076162
3990 0.0000066884
4051 0.0000066157
4053 0.0000066145
4103 0.0000051933
4123 0.0000035786
4136 0.0000034504
4197 0.0000017449
4268 0.0000016053
4411 0.0000014034
4436 0.0000011484
4510 0.0000005307
4556 0.0000003490
4596 0.0000002622
4707 0.0000001771
4852 0.0000001492
4908 0.0000000994
4909 0.0000000990
5009 0.0000000965
5010 0.0000000613
5043 0.0000000564
5101 0.0000000463
5121 0.0000000457
5122 0.0000000369
5161 0.0000000280
5195 0.0000000274
5250 0.0000000161
5304 0.0000000135
5332 0.0000000119
5376 0.0000000115
5388 0.0000000050
5431 0.0000000046
5443 0.0000000028
5570 0.0000000025
5590 0.0000000023
5608 0.0000000021
5641 0.0000000020
5673 0.0000000016
5679 0.0000000009
5789 0.0000000008
5797 0.0000000005
5912 0.0000000003
5956 0.0000000003
5979 0.0000000003
6054 0.0000000001
6214 0.0000000001
6215 0.0000000001
6330 0.0000000001
6339 0.0000000000
6454 0.0000000000
6456 0.0000000000
6523 0.0000000000
6662 0.0000000000
6837 0.0000000000
6971 0.0000000000
7030 0.0000000000
7047 0.0000000000
7074 0.0000000000
7244 0.0000000000
7428 0.0000000000
7622 0.0000000000
8049 0.0000000000
evaluations raw_y
1 106.6900405946
2 102.5997368539
3 92.0626400974
17 88.2266796971
20 87.2328689328
28 86.4058263595
41 82.8287452212
78 82.6034300119
115 80.1394639875
119 79.8335333174
135 76.2493735024
141 72.9936265869
172 71.2520044651
189 70.6721948307
285 67.1011631111
354 63.5580979067
504 62.0483315665
547 53.1441123693
639 48.6748084642
660 32.7492123315
772 23.1529193413
905 20.8954603248
971 17.7539213219
995 11.5653836465
1077 11.4083354518
1227 11.0159395353
1237 7.8967332316
1275 7.8209530795
1401 7.6131563314
1493 7.5890610430
1565 7.4779850771
1571 7.1133921644
1606 6.6810696547
1639 6.5726063971
1682 6.5375423990
1767 6.1124605387
1820 5.9285875336
1888 5.7922167022
1950 5.6888562808
1989 5.2658453958
2262 5.1509934245
2308 5.1028976119
2378 5.0308579659
2421 4.9475110392
2490 4.9377773564
2565 4.9087979681
2666 4.8177221009
2780 4.8169180633
2796 4.8130927551
2921 4.8036635499
2983 4.8006947543
2985 4.7958366572
2993 4.7954813167
3035 4.7739217198
3045 4.7507667008
3340 4.7504620201
3372 4.7383990289
3485 4.7379889888
3519 4.7336365293
3523 4.7317489053
3588 4.7303505458
3644 4.7249373046
3797 4.7216974306
3832 4.7213325978
3965 4.7204874211
4001 4.7179191336
4039 4.7171448021
4128 4.7170716401
4193 4.7169675679
4209 4.7165686127
4232 4.7158664219
4343 4.7154843307
4481 4.7151679599
4539 4.7148373683
4575 4.7147211536
4642 4.7143274326
4838 4.7141571301
4859 4.7140005686
5187 4.7139962577
5198 4.7139821540
5241 4.7138592544
5360 4.7138574649
5447 4.7138449800
5485 4.7138097913
5551 4.7138020035
5575 4.7137859212
5702 4.7137775536
5726 4.7137769858
5734 4.7137734693
5751 4.7137722453
5777 4.7137648933
5817 4.7137603441
5872 4.7137567189
5881 4.7137511794
5944 4.7137407503
5963 4.7137398609
6027 4.7137396577
6162 4.7137395212
6194 4.7137381751
6239 4.7137356208
6253 4.7137355797
6276 4.7137298196
6310 4.7137287422
6339 4.7137286949
6455 4.7137284122
6494 4.7137270630
6503 4.7137267167
6543 4.7137261546
6549 4.7137261283
6570 4.7137255210
6676 4.7137249330
6759 4.7137246922
6761 4.7137245532
6828 4.7137240027
6861 4.7137234287
6929 4.7137227436
7152 4.7137227078
7225 4.7137224969
7319 4.7137223599
7590 4.7137223391
7631 4.7137223125
7647 4.7137223075
7651 4.7137222934
7654 4.7137222880
7667 4.7137222601
7675 4.7137222575
7807 4.7137222505
7811 4.7137222503
7812 4.7137222415
7849 4.7137222377
7861 4.7137222112
7963 4.7137222065
8006 4.7137222042
8022 4.7137221862
8087 4.7137221857
8098 4.7137221693
8165 4.7137221536
8186 4.7137221447
8576 4.7137221434
8582 4.7137221418
8584 4.7137221406
8628 4.7137221366
8720 4.7137221348
8762 4.7137221346
8818 4.7137221308
9077 4.7137221304
9174 4.7137221298
9208 4.7137221295
9257 4.7137221289
9320 4.7137221287
9343 4.7137221284
9384 4.7137221279
9472 4.7137221278
9548 4.7137221276
9713 4.7137221276
9746 4.7137221275
9840 4.7137221274
9962 4.7137221274
9975 4.7137221274
10007 4.7137221272
10245 4.7137221272
10308 4.7137221272
10328 4.7137221272
10343 4.7137221272
10350 4.7137221272
10397 4.7137221272
10483 4.7137221272
10490 4.7137221272
10535 4.7137221272
10577 4.7137221272
10611 4.7137221272
10699 4.7137221272
10742 4.7137221272
10948 4.7137221272
10966 4.7137221271
11109 4.7137221271
11154 4.7137221271
11156 4.7137221271
11255 4.7137221271
11273 4.7137221271
11377 4.7137221271
11382 4.7137221271
11395 4.7137221271
11529 4.7137221271
11563 4.7137221271
11608 4.7137221271
11625 4.7137221271
11629 4.7137221271
11655 4.7137221271
11660 4.7137221271
11691 4.7137221271
11735 4.7137221271
11755 4.7137221271
11798 4.7137221271
11818 4.7137221271
11825 4.7137221271
11836 4.7137221271
11837 4.7137221271
11847 4.7137221271
12015 4.7137221271
12024 4.7137221271
12079 4.7137221271
12164 4.7137221271
12177 4.7137221271
12245 4.7137221271
12477 4.7137221271
12488 4.7137221271
12529 4.7137221271
12619 4.7137221271
12623 4.7137221271
12841 4.7137221271
12913 4.7137221271
12943 4.7137221271
13103 4.7137221271
13488 4.7137221271
13675 4.7137221271
