evaluations raw_y
1 349706647.8794075251
2 108234290.5163147151
3 38324871.4033736065
5 22048495.6979062632
19 16431474.7946224958
21 1673866.4309782437
35 595022.5209603528
72 107395.9800969579
121 35293.4371221200
149 10998.6178404344
254 4688.7325676612
272 711.9281716456
286 44.2833795665
471 29.1978760087
474 21.5662301837
581 20.8533055606
749 19.4475673166
835 19.2893129085
855 18.8395940108
922 18.4211127093
957 17.6186290977
1624 17.5405780125
1664 17.2853813618
1698 16.7079965718
1742 16.7030000685
1775 15.5545178694
1928 15.4298300685
1934 15.4146428629
1953 14.8062144883
1981 14.0738360122
2104 13.8919746661
2219 13.7642017965
2274 13.1492952683
2306 12.6712345492
2371 12.3243639842
2385 11.9688415835
2477 11.8996013166
2499 11.5874528968
2665 11.5564187638
2733 11.4576439965
2850 11.1692730796
2871 10.4865999913
2928 10.4702595025
3038 10.3351729947
3051 9.8225827860
3094 9.4009777879
3104 9.1733046582
3160 8.7695623003
3334 8.7330915008
3362 8.6930757332
3393 8.6560674727
3407 8.5623950489
3414 8.5277786947
3440 8.4809202637
3456 8.4060980971
3458 8.2565825505
3468 8.2415949907
3476 8.2125299133
3485 8.0402976142
3497 7.7604750757
3514 7.6202182990
3535 7.6138581242
3606 7.5591219183
3608 7.4367961177
3621 7.3459533578
3628 7.2300951279
3650 6.9991550465
3671 6.8890112711
3685 6.3181855203
3747 6.2309774930
3756 6.2072648997
3760 6.1283501829
3764 6.1158468996
3783 6.0677732685
3798 6.0444236293
3801 5.9255603112
3837 5.7469112427
3864 5.7413169813
3869 5.6860877511
3881 5.6665770918
3896 5.6186704766
3920 5.5977252753
3939 5.5776035832
3946 5.4937617725
3956 5.4821973614
3961 5.4371483889
3971 5.4034945029
3984 5.2529998212
3985 5.1867713191
4011 5.1841512250
4012 5.1401425269
4029 4.9454704436
4040 4.8707976077
4053 4.7431580137
4086 4.7065916380
4098 4.5677262321
4112 4.3886134126
4114 4.3761766612
4134 4.2767337139
4143 4.1608629277
4156 3.9193073801
4179 3.8720022032
4209 3.7478649892
4211 3.5192261901
4225 3.4446860580
4274 3.4357225237
4279 3.2901681383
4387 3.2663216465
4395 3.2396461981
4397 3.1756520325
4405 3.1506987410
4409 3.0224093587
4448 2.8582654266
4467 2.5605488875
4488 2.5081680611
4491 2.5047233784
4511 2.4461691479
4514 2.0706209988
4866 1.9678258876
4901 1.9664634355
4919 1.9162847636
4936 1.8652354008
4945 1.8218595683
4958 1.7602429451
4974 1.6860180731
5055 1.5957107510
5081 1.5619103059
5098 1.5316575702
5148 1.4404302221
5161 1.3803125984
5176 1.3123066791
5220 1.2515031939
5389 1.2396633681
5428 1.2267804746
5434 1.1828708795
5458 1.1456128607
5460 1.1156818740
5538 1.1031658619
5541 1.0919499749
5576 1.0206368535
5670 0.9463016599
5908 0.9321278392
5992 0.8936146769
6056 0.8458486496
6060 0.8456908743
6092 0.8432450507
6102 0.8192228782
6140 0.8166440901
6205 0.8117355411
6207 0.7052638955
6319 0.6524032142
6479 0.6443009212
6550 0.6094019520
6842 0.6081593524
6873 0.6053642010
6888 0.5870555877
6962 0.5578443835
7109 0.5495166710
7194 0.5313260708
7197 0.5302081894
7250 0.5058492424
7272 0.4849992084
7432 0.4645177547
7468 0.4384094024
7505 0.4049703578
7757 0.3971101585
7782 0.3748593544
7864 0.3711047304
7872 0.3613852918
8196 0.3592995822
8319 0.3561647091
8432 0.3464170908
8472 0.3333615371
8593 0.3223178582
8726 0.3181205256
8786 0.3175855485
8835 0.3072320686
8846 0.2972851036
9000 0.2746413655
9044 0.2585100411
9140 0.8763251686
evaluations raw_y
1 12374485.1132749896
4 9618385.2538717110
10 5253082.4486145116
20 2185538.9785591192
40 727167.3631654009
52 105711.9619673579
108 90994.0628124622
146 19912.8184485428
197 8790.4254908269
251 7278.4536893706
272 7149.4402185868
295 3471.0506752307
308 2982.4318656075
315 737.0466402479
422 325.6523451890
471 157.2098465683
602 143.9980361126
736 142.9701305779
895 137.5354170516
908 135.0729623904
1684 134.7999870355
1692 134.5407511630
1711 134.5059685628
1714 133.4742446888
1814 133.0049858983
1823 131.5335675831
1874 131.3692573304
1878 130.2663216170
1909 129.6454209967
1977 128.7286738123
2019 126.3588439965
2037 125.4053063604
2059 123.1295702652
2072 120.9860987588
2081 119.8917430012
2124 118.9391488188
2165 118.4343796607
2181 111.5382569365
2226 111.3446470642
2262 101.3351251172
2277 92.6570251400
2384 91.3964774528
2397 91.3460803045
2410 89.7030997738
2476 89.2020533821
2504 89.0604405415
2506 88.7981814736
2514 87.9544435735
2531 87.6124280161
2537 87.0879502290
2544 86.2542398893
2551 82.8515520691
2567 82.6682410850
2598 81.9580265853
2599 78.1534842927
2643 76.4208313469
2650 74.7300308732
2665 74.5498369694
2671 73.5454173733
2715 72.5970724963
2731 71.6417837635
2749 71.4757173318
2756 69.6547608076
2769 66.8008640483
2784 66.1638256526
2800 65.0179860147
2840 64.8637526964
2855 64.3528674804
2856 63.8141485701
2866 63.2685556611
2885 60.7260717405
2891 60.5401276846
2906 57.6026741958
2964 56.7510526054
2987 56.1790222652
3003 55.2896989455
3008 54.3821439688
3025 53.9141580066
3042 52.7163049320
3068 51.2163440797
3069 50.1058388747
3078 49.3311610577
3099 46.2452539629
3125 46.0170289784
3151 45.9369024567
3153 45.8338937352
3163 45.2426374744
3178 44.4054452659
3180 43.6237358737
3182 43.5480546902
3207 42.6401100222
3221 42.4605913767
3238 41.5652126249
3256 40.9979563117
3297 40.7183184115
3308 40.6119578179
3312 39.2461551752
3325 39.1014127469
3340 38.8382359686
3343 38.7018763263
3358 38.3411826763
3371 38.2279847224
3376 38.1742698333
3388 37.5734884002
3392 35.5275912985
3426 34.8481395829
3434 33.5074235076
3440 33.3694301173
3446 31.2079787162
3558 30.8250153818
3563 30.7603335169
3564 30.3883837910
3565 30.1272282235
3574 29.6327784606
3625 29.5269565695
3638 29.2179772503
3650 28.6233627431
3662 28.3532396720
3672 28.3392962901
3675 27.6698313143
3690 26.8622541532
3743 25.4465245998
3761 25.0172267587
3776 24.7492401678
3782 24.1814158288
3786 24.0049924448
3822 23.7295501270
3830 21.0983454478
3871 20.7484821879
4007 20.0827986864
4037 19.7941867790
4054 18.9107989951
4077 18.8524858361
4091 17.9619113440
4113 17.2318304051
4232 16.6156536743
4300 16.5826384011
4305 16.5402736435
4314 15.8331166705
4379 15.5888182999
4385 15.5318782873
4392 15.2564415577
4394 14.9294950481
4415 13.8705822098
4485 13.3870233477
4533 12.9940868349
4638 12.6715036767
4649 12.2173393252
4691 11.8293747228
4701 11.5493743525
4756 11.3211871992
4812 10.9848884468
4859 10.5573830197
4975 10.1833923228
5068 10.0203087200
5170 10.0184495061
5199 9.7132617294
5209 9.4303920281
5253 8.9725979873
5300 7.7717607456
5476 7.7604878285
5597 7.7073075004
5602 7.6583306197
5636 7.4973823218
5737 7.1434715500
5765 6.5987248365
5843 6.5692944767
5892 6.1999617766
5895 6.1654913072
5976 6.1345168782
5988 5.8450062700
6071 5.5368100904
6138 5.4750860995
6169 5.4559793459
6191 5.3668576557
6226 5.3388110602
6231 4.8772300486
6332 4.7611074483
6518 4.1191977842
6671 4.0055095408
6768 3.9144033154
6823 3.3611654129
7313 3.3108376101
7608 3.2977555637
7609 3.2660895383
7618 3.1858039969
7623 3.0210003953
7651 2.9942921777
7703 2.9899786693
7746 2.9142871023
7761 2.9104933901
7803 2.8548839548
7866 2.7823683194
7897 2.7060509108
7931 2.6541445663
8084 2.4669706822
8091 2.4437190819
8097 2.4136752790
8136 2.1858420615
8254 2.0344261160
8259 1.9409115348
8301 1.8824276855
8418 1.8335389464
8518 1.7472175922
8843 1.5775955083
9043 1.5063572101
9052 1.3859926540
9129 1.2947973013
9318 1.2812687688
9345 7.2617838752
evaluations raw_y
1 52812026.7182398960
3 44631545.0355090201
5 7465883.7269166708
20 1367286.4534213915
38 905124.4892816520
40 739733.5684350738
55 737058.6606428531
70 268754.6171877211
77 221510.6536770579
152 27069.1607254180
264 19569.8630407440
266 6365.2618614627
343 1679.5241115363
415 1482.0946675844
452 1476.7513213582
459 1286.5241460321
460 253.2766233777
516 173.8914063188
517 110.3257776602
530 100.1968039713
534 92.2671483420
539 65.8897583215
553 3.5877700868
726 2.6797975822
739 0.8676606040
872 0.5762994363
1246 0.5416191685
1275 0.4352506624
1716 0.3734119405
1824 0.3355455513
1909 0.3038259417
1932 0.3013272608
1981 0.2518219639
2046 0.1915518874
2141 0.1816548260
2221 0.1260029160
2350 0.1220597220
2418 0.0890661950
2476 0.0719413033
2528 0.0410844494
2552 0.0366379739
2651 0.0348738951
2732 0.0100095801
2906 0.0087136763
2939 0.0073467816
3141 0.0069309872
3154 0.0046518533
3710 0.0040086508
3762 0.0039446305
3828 0.0030760070
3888 0.0027429893
4015 0.0025522607
4049 0.0018344952
4078 0.0016769775
4203 0.0012229528
4212 0.0011708708
4260 0.0010868986
4291 0.0010820695
4310 0.0010535587
4417 0.0009872382
4682 0.0009536426
4696 0.0005804444
4869 0.0005069741
4987 0.0004427274
5102 0.0003962976
5131 0.0003614839
5222 0.0003314301
5269 0.0003000121
5333 0.0002295323
5555 0.0002110220
5580 0.0001667462
5747 0.0001579646
5782 0.0001342516
5808 0.0001216625
5865 0.0001184967
5894 0.0000641713
6197 0.0000494781
6239 0.0000460661
6260 0.0000346660
6430 0.0000216284
6461 0.0000168983
6946 0.0000143351
6981 0.0000113957
6998 0.0000088777
7011 0.0000068720
7038 0.0000067037
7074 0.0000061842
7124 0.0000036498
7396 0.0000034942
7516 0.0000032515
7616 0.0000032481
7640 0.0000020962
7651 0.0000019761
7700 0.0000012017
7841 0.0000009475
7982 0.0000007385
8094 0.0000005271
8128 0.0000005170
8171 0.0000002483
8258 0.0000001767
8330 0.0000001089
8617 0.0000000548
8811 0.0000000380
8994 0.0000000245
9005 0.0000000093
9375 0.0000000042
9382 0.0000000037
9472 0.0000000006
9961 0.0000000002
10202 0.0000000001
10235 0.0000000000
10373 0.0000000000
10779 0.0000000000
10924 0.0000000000
11093 0.0000000000
11121 0.0000000000
11185 0.0000000000
11310 0.0000000000
11482 0.0000000000
11505 0.0000000000
11670 0.0000000000
11695 0.0000000000
12320 0.0000000000
evaluations raw_y
1 46999875.2012416720
2 3042641.8601383851
13 122935.0354457528
158 22762.7796084307
212 4983.0112958458
272 1807.7276931721
282 1571.7510913976
295 497.1390818800
334 302.3244396520
351 62.4513583652
395 28.1495202207
841 26.7581915882
942 26.4294741314
1005 24.2305211837
1045 23.5867493182
1105 23.5530244906
1152 23.3491953681
1163 23.0255090938
1260 22.8696499449
1386 22.1343030599
1416 21.8563005588
1522 21.4362770038
1567 21.0563232282
1613 20.3572936747
1618 20.0473127478
1651 19.3847859254
1690 18.8714345080
1734 17.9607392807
1970 17.4311125687
2026 17.4177365695
2131 17.3205011444
2244 17.2189629722
2312 17.1029739277
2324 17.0435127544
2325 16.6176967464
2402 16.2576478510
2510 15.5605014496
2513 15.3933441990
2546 14.9403326887
2624 14.0924769417
2661 14.0474057561
2686 13.6358263448
2722 13.3110232890
2734 12.6087506407
2909 11.8479577632
3315 11.1559267441
3453 11.0267765865
3468 10.9040287939
3505 10.8823326376
3526 10.8669197776
3536 10.7587086521
3539 10.7360384300
3559 10.0303252600
3762 9.9939188475
3833 9.9276247890
3883 9.8994511518
3925 9.6699655334
3929 9.3544825121
3968 8.9983323284
4036 8.7851542237
4265 8.6653446802
4285 8.1745826178
4328 8.1508795983
4370 7.1715149970
4401 6.6149420186
4659 6.5986807975
4682 6.5278792150
4686 6.4460969631
4689 6.3544595723
4695 6.3231873832
4700 6.0074026094
4734 5.6983723813
4775 5.3327408510
4808 5.1569121802
4881 5.0634478941
4912 5.0049127281
4916 4.9991425342
4924 4.9567461444
4938 4.8614332699
4956 4.8308296053
4963 4.8118134364
4967 4.7765560562
4972 4.6842540505
4979 4.6708360232
4983 4.4716229652
5086 4.4436548377
5099 4.1715530459
5131 4.1427771623
5138 4.0713521951
5151 3.9708014270
5167 3.9333528292
5175 3.8786373046
5221 3.7650201572
5305 3.7395704386
5310 3.7265108471
5327 3.7210635705
5329 3.7035625326
5332 3.6623303366
5343 3.5896047852
5351 3.5119807785
5395 3.4834385986
5410 3.4534665291
5420 3.4338863386
5423 3.3942779835
5434 3.3720692179
5438 3.2909604491
5455 3.2742448707
5462 3.1467749788
5472 3.0106026414
5493 2.9825558272
5495 2.9522471097
5500 2.7345200290
5538 2.7048478103
5539 2.5742654572
5633 2.5734106961
5636 2.5707887382
5637 2.4816165240
5688 2.4256883011
5712 2.3988038016
5725 2.3418443461
5762 2.3253724522
5765 2.3193993676
5774 2.2667462442
5788 2.1886836822
5797 2.1105700798
5817 2.0804282379
5825 2.0077064256
5833 1.9054572726
5855 1.8893761718
5881 1.8736255035
5905 1.8267260757
5923 1.7808414122
5931 1.7273385211
5951 1.6287745580
5955 1.6122199594
5969 1.6043825174
5981 1.5336896210
5995 1.5154463547
6003 1.4449216184
6043 1.4200049805
6069 1.4165425266
6071 1.3823617721
6072 1.3611001191
6093 1.3037893741
6095 1.2908085931
6099 1.2481612606
6142 1.2255610257
6170 1.2221267187
6174 1.2126029829
6176 1.1803009363
6208 1.1723945462
6223 1.1275592495
6236 1.1144285661
6250 1.0769442052
6270 1.0526246798
6282 1.0292008284
6296 0.9882820808
6305 0.9309312679
6339 0.8841195401
6366 0.8450833884
6369 0.8443847471
6373 0.8122346688
6395 0.8036109886
6398 0.7683159479
6412 0.7390103252
6416 0.7252734172
6421 0.6996402419
6467 0.6655937063
6504 0.6426543106
6617 0.6382006845
6643 0.6228310956
6675 0.6205300905
6679 0.5727752613
6724 0.5698534496
6744 0.5522671706
6766 0.5286675344
6779 0.4662169126
6821 0.4481179128
6878 0.4326905654
6888 0.4237282188
7060 0.4147307946
7136 0.3944671745
7209 0.3794619392
7230 0.3751484959
7238 0.3686326999
7335 0.3581301435
7381 0.3519909052
7393 0.3490202348
7402 0.3356794557
7413 0.3261769379
7418 0.2950470767
7423 0.2886721979
7503 0.2381493466
7635 0.2107300625
7809 0.2027764876
7811 0.1986878885
7867 0.1977734554
7900 0.1931844548
7991 0.1862723458
8045 0.1775169312
8088 0.1770277278
8118 0.1747733695
8120 0.1528532429
8279 0.1228530216
8359 0.3383500490
evaluations raw_y
1 2210027208.2254123688
5 1020333906.6443750858
8 309402019.0001386404
13 33650688.9208169430
29 26092018.9810265042
30 8152713.3507918976
33 2281227.4818342570
41 565996.4419491349
139 262021.9784285236
142 52538.1164481658
156 16277.6034475952
220 512.2524867523
296 262.0498586127
314 133.2222585326
353 76.0926932205
361 62.6238273773
372 10.7917247638
390 5.9620480526
432 0.8021678324
553 0.5104972697
756 0.0953514474
1145 0.0794930486
1512 0.0786367936
1781 0.0782895679
1806 0.0782000363
1920 0.0779260282
2007 0.0776362961
2108 0.0773537502
2148 0.0772359755
2199 0.0771799899
2207 0.0770714724
2218 0.0762029715
2220 0.0758033809
2261 0.0756679860
2277 0.0756512066
2286 0.0749950745
2298 0.0743219688
2312 0.0742772566
2351 0.0729164032
2378 0.0726190965
2384 0.0712635825
2421 0.0709708641
2433 0.0709471755
2437 0.0699228271
2457 0.0698343875
2465 0.0692776400
2498 0.0672476280
2515 0.0631449541
2577 0.0608955736
2641 0.0583480906
2681 0.0571844589
2808 0.0539572371
2869 0.0512743468
2953 0.0446299029
2973 0.0430397346
2977 0.0369230246
3124 0.0357710723
3155 0.0339757826
3185 0.0321935310
3277 0.0258224492
3306 0.0221322678
3317 0.0210195363
3325 0.0208418377
3351 0.0126827052
3396 0.0107062408
3540 0.0102362820
3546 0.0096345254
3557 0.0087494618
3610 0.0050189713
3626 0.0035550233
3672 0.0034767231
3676 0.0031790321
3691 0.0024438228
3693 0.0020361769
3720 0.0013313014
3773 0.0010988658
3811 0.0008658166
3970 0.0008000463
4003 0.0007934080
4060 0.0007198459
4116 0.0005933096
4167 0.0004967497
4270 0.0004619711
4297 0.0003281454
4315 0.0003146944
4503 0.0002952396
4515 0.0002621054
4712 0.0002156113
4855 0.0001610621
4968 0.0001420022
5035 0.0001375445
5117 0.0001291727
5235 0.0001221875
5304 0.0001169214
5315 0.0001123823
5348 0.0000891564
5364 0.0000858181
5410 0.0000746248
5426 0.0000573154
5440 0.0000523206
5640 0.0000446376
5673 0.0000384119
5755 0.0000358477
5822 0.0000330575
5899 0.0000301143
5921 0.0000252414
5959 0.0000218711
6144 0.0000197286
6158 0.0000177720
6296 0.0000167006
6424 0.0000165047
6460 0.0000102527
6496 0.0000099537
6682 0.0000090327
6726 0.0000078740
6800 0.0000062188
6890 0.0000048010
6912 0.0000044021
7022 0.0000040827
7081 0.0000033851
7100 0.0000033785
7282 0.0000032497
7325 0.0000024881
7457 0.0000020215
7676 0.0000020099
7754 0.0000020085
7796 0.0000012842
7902 0.0000012626
7961 0.0000012526
7977 0.0000011672
7982 0.0000009709
8018 0.0000005797
8247 0.0000004412
8430 0.0000004401
8437 0.0000004267
8439 0.0000003805
8511 0.0000003770
8539 0.0000002939
8618 0.0000002651
8622 0.0000001939
8738 0.0000001849
8758 0.0000001818
8786 0.0000001790
8822 0.0000001733
8835 0.0000001616
8854 0.0000001215
8986 0.0000000511
9249 0.0000000433
9355 0.0000000389
9402 0.0000000339
9536 0.0000000238
9680 0.0000000207
9710 0.0000000201
9762 0.0000000182
9763 0.0000000160
9809 0.0000000135
9846 0.0000000071
9956 0.0000000068
10073 0.0000000064
10089 0.0000000062
10125 0.0000000057
10173 0.0000000017
10439 0.0000000007
10595 0.0000000007
10642 0.0000000001
11150 0.0000000001
11374 0.0000000001
11412 0.0000000001
11433 0.0000000001
11445 0.0000000001
11502 0.0000000000
11630 0.0000000000
11842 0.0000000000
11911 0.0000000000
12049 0.0000000000
12147 0.0000000000
12164 0.0000000000
12209 0.0000000000
12265 0.0000000000
12597 0.0000000000
12994 0.0000000000
13354 0.0000000000
evaluations raw_y
1 52504210.5207640752
2 5026470.5657870788
16 3985647.6024482790
18 2810920.0726858634
26 1787564.2624741173
39 1489090.6702295982
40 402586.6406174706
51 19986.7004258234
110 12510.3879523595
221 8933.4758747957
257 6170.2109489156
308 608.1375096209
328 180.1896415126
396 131.0081905248
412 128.3453988718
497 127.4423567280
515 126.1392016654
517 118.8011617161
525 108.4850398366
664 106.9494422369
667 105.8951767010
723 105.4417637813
772 105.0418655419
903 104.2772864580
1296 104.2224285039
1326 104.2210345585
1327 104.1377947250
1353 104.0479318454
1362 103.0871631530
1407 103.0524705754
1476 103.0081624003
1490 102.8770221291
1538 102.5280896039
1556 102.3474166958
1592 100.5467919409
1625 99.7859403782
1649 99.1824098153
1726 98.8065847014
1793 98.2217811321
1798 97.7777868527
1822 97.6832554805
1830 95.1810792697
1863 90.0681521127
1935 89.0790018059
1937 84.8985957811
1957 84.8071452684
1978 81.6561324136
1988 73.0874913777
2032 62.0750325364
2052 60.8191215572
2079 56.1591530814
2088 53.6627355490
2098 49.2798298169
2128 49.0448594210
2133 43.4196413352
2141 36.6290032182
2145 33.6905362066
2146 24.3348104682
2157 13.8982385794
2176 13.8037040320
2206 10.4007194722
2218 8.1117201176
2225 6.8679085879
2226 5.0191702343
2229 1.8498274031
2235 1.1095174580
2317 0.4416011198
2325 0.3288638828
2345 0.2649637900
2372 0.2346254487
2384 0.1405916090
2420 0.0415563006
2476 0.0345814432
2489 0.0309221251
2496 0.0270502682
2516 0.0250143567
2521 0.0226749881
2529 0.0163460209
2546 0.0014059137
2672 0.0006202769
2727 0.0002603113
2732 0.0000800551
2899 0.0000465283
3089 0.0000294934
3126 0.0000194020
3257 0.0000119632
3316 0.0000074582
3369 0.0000065908
3375 0.0000063134
3430 0.0000061086
3464 0.0000059184
3522 0.0000009921
3791 0.0000009553
3813 0.0000002989
3917 0.0000001714
4120 0.0000000618
4161 0.0000000584
4380 0.0000000133
4509 0.0000000113
4547 0.0000000052
4634 0.0000000051
4673 0.0000000005
4751 0.0000000005
4887 0.0000000003
5043 0.0000000002
5096 0.0000000002
5110 0.0000000000
5414 0.0000000000
5457 0.0000000000
5691 0.0000000000
5793 0.0000000000
5821 0.0000000000
5892 0.0000000000
6201 0.0000000000
6228 0.0000000000
6438 0.0000000000
6584 0.0000000000
6599 0.0000000000
7065 0.0000000000
evaluations raw_y
1 32068724.0774121806
3 24513422.4098526351
4 5831198.0852421913
8 4321001.6165401284
31 3396645.6038127029
32 1810200.9482656005
45 402470.8027188248
55 3910.1860206952
152 3188.6872920493
309 541.5345873981
332 515.8118957584
362 514.5634362167
410 360.2752313833
525 314.3974917317
691 284.7612291029
814 283.6516117071
949 280.4285949078
1074 276.3644970780
1092 274.6824182141
1093 272.5621286556
1100 260.6872591064
1107 256.1622987427
1211 255.7982975273
1259 246.2193224641
1291 221.6001976330
1334 216.8931277685
1415 203.8110188725
1424 190.4503257634
1598 189.1667406879
1640 185.3130389737
1791 170.8836525740
2028 165.2759739952
2055 151.8218813440
2063 149.6995640387
2106 149.2372527373
2140 140.2221325038
2191 137.5464731856
2227 132.2195056737
2276 130.7115751817
2298 129.0247472235
2377 120.5847481263
2443 107.2044245556
2594 103.6567021706
2642 103.3584438047
2651 102.9498686273
2652 99.8712060638
2694 98.6290476881
2723 97.3853338585
2733 96.6633871422
2736 94.3042714716
2741 92.4702693288
2749 90.9942750551
2751 83.1614854936
2766 81.1345391655
2776 74.3617025406
2873 66.7135253082
2919 66.4123906720
2928 63.5777382600
2964 59.5063652298
2965 59.1944118429
2969 54.1244109305
3049 52.2880096531
3097 51.4166605729
3108 50.6516097041
3134 50.0516405557
3135 49.8199474220
3136 47.6342699261
3149 47.4287064196
3150 46.9201794685
3180 45.5890599897
3202 45.3767494418
3212 44.3798915808
3219 42.6347193862
3235 42.4305942935
3249 39.4068625103
3256 38.4136391050
3268 36.8611401570
3287 34.5804065102
3306 34.2938494893
3374 33.2042900735
3375 33.0914461031
3389 31.9533008805
3412 31.9431273760
3416 31.6267034468
3418 31.6008233986
3430 30.7446419603
3464 30.2611097315
3468 29.8030416605
3475 29.7882757530
3480 29.1449994008
3486 28.2357884993
3510 27.2029809954
3550 27.0504072656
3554 26.9414050528
3557 26.2232935673
3564 25.8833171539
3571 25.7553023560
3578 25.5224779741
3583 24.5953689291
3594 23.8803453528
3640 22.6553332438
3653 21.0771241193
3684 18.2466678429
3757 17.9713470067
3793 17.9506488462
3796 16.2447231456
3837 16.0674784372
3845 15.0345722542
3847 14.9536658070
3868 14.9020992291
3883 14.3878836803
3886 14.1616194345
3909 13.5944394361
3913 13.1422026440
3941 13.0442037083
3944 12.9598735439
3957 12.1918034217
3969 11.9600374335
3993 11.3204732048
4010 11.3181598578
4025 9.9265262992
4032 9.2687544141
4085 9.0400316582
4140 8.9989602390
4153 8.7013543603
4155 8.4269048562
4166 8.3691284840
4173 7.8083534337
4187 7.5006639891
4205 7.2129846067
4223 7.0198200428
4240 6.2400981343
4267 5.4679838649
4333 5.3447960432
4339 4.9706075014
4366 4.3271150575
4486 4.1469056315
4499 4.0631522959
4520 4.0285695563
4537 3.9330635009
4552 3.8589529299
4566 3.6362599985
4580 3.5972242955
4587 3.5384634450
4592 3.4622115851
4605 3.4615506458
4615 3.4605060139
4616 3.2294358623
4638 3.1247699918
4664 2.9809246830
4686 2.8217186709
4698 2.7365877423
4712 2.6983024509
4724 2.5922046847
4739 2.5239465904
4748 2.1144432526
4834 1.9880013938
4873 1.9726308254
4890 1.9078456706
4897 1.8524496836
4920 1.8285636907
4924 1.6679942868
4984 1.6522958673
5014 1.5837952204
5036 1.5743812313
5039 1.5539918309
5044 1.5177178580
5048 1.4615535829
5063 1.4178085409
5086 1.3322536121
5094 1.2913621824
5098 1.1945323896
5125 1.1313232945
5244 1.1075720002
5258 1.0283984012
5293 0.9950924578
5299 0.9552281713
5304 0.9379065267
5333 0.9325703050
5352 0.8099807365
5435 0.7603574199
5545 0.7306725011
5637 0.7145831158
5639 0.6749050734
5642 0.6567317494
5665 0.5813042610
5681 0.5640446520
5736 0.5605626235
5740 0.5013551961
5802 0.4181877625
5853 0.4168356245
5895 0.3127534332
6149 0.3091567040
6199 0.2997906775
6214 0.2830941828
6257 0.2811462003
6266 0.2577362804
6285 0.2503359124
6385 0.2461375522
6407 0.2087473694
6490 0.2036731453
6574 0.1782542581
6618 0.1474009091
6630 0.1467302293
6641 0.1114404283
6784 0.1091367112
6824 0.0948107978
7018 0.0915423619
7097 0.0896099440
7128 0.0892794732
7134 0.0766604510
7180 0.0735551702
7214 0.0732257698
7292 0.0692621447
7337 0.0658481689
7354 0.0526688140
7439 0.0394968743
7704 0.0281390261
7842 0.0238844071
7965 0.0222950112
7974 0.0469890634
evaluations raw_y
1 76018168.6011162698
2 57494616.2604490668
6 11026773.8802379239
13 4422929.9348006984
14 2732871.1626531277
21 307149.3016717345
116 123253.9158624295
149 39766.9640096783
151 3549.3379356158
266 386.1923596601
285 227.8212471232
313 151.4610563944
409 128.9926188488
441 77.7086158533
524 69.3416616723
536 64.7863731289
623 64.4120037587
646 61.5411454434
827 60.8764710045
1369 60.8350823176
1410 60.7886241585
1421 60.3258085037
1441 60.1430408219
1520 59.1905161068
1591 59.1064951078
1592 58.8333978098
1601 57.9289158867
1682 57.1336699530
1731 56.9454591887
1732 56.6533678210
1770 55.0098791298
1824 53.1700329710
1856 50.8635185713
1894 48.4503204405
1971 44.6792735571
1982 42.7849422611
1997 37.8868735014
2040 32.5209462520
2044 29.7647967480
2074 24.1712412133
2082 24.1442904528
2097 15.9896881777
2107 9.0059859367
2123 5.7279839319
2128 0.9156597085
2233 0.3652040239
2304 0.0822752742
2393 0.0549690049
2399 0.0464987552
2420 0.0322784449
2433 0.0194833790
2450 0.0084262898
2483 0.0046136828
2487 0.0027265283
2495 0.0007226619
2607 0.0004727611
2608 0.0000896316
2731 0.0000629603
2853 0.0000293211
2904 0.0000129016
3117 0.0000127011
3136 0.0000090863
3152 0.0000078050
3220 0.0000005308
3405 0.0000001746
3411 0.0000001298
3696 0.0000000495
3811 0.0000000398
3957 0.0000000146
4062 0.0000000127
4148 0.0000000066
4213 0.0000000015
4298 0.0000000010
4426 0.0000000008
4478 0.0000000001
4840 0.0000000000
4868 0.0000000000
4928 0.0000000000
5043 0.0000000000
5105 0.0000000000
5258 0.0000000000
5260 0.0000000000
5310 0.0000000000
5365 0.0000000000
5377 0.0000000000
5528 0.0000000000
5679 0.0000000000
5915 0.0000000000
6297 0.0000000000
evaluations raw_y
1 5475476.0429272726
4 207512.5058573824
14 85611.3092476922
23 30950.8242992759
105 4431.2086696166
131 1153.6642908978
224 1138.3930931429
248 805.4228422102
266 257.5409961731
387 190.6207549511
423 152.5905326073
475 100.1579913190
483 92.3923980907
539 78.9932620983
582 66.6476860195
595 40.8125286757
647 36.6589534133
938 36.6124724573
978 35.6077547115
984 35.3712428272
1009 34.8709293054
1026 34.1593866671
1397 33.7381919830
1451 32.3728408666
1519 30.1959322287
1582 27.4201622341
1772 27.1798574154
1804 24.4285850195
1892 21.5236423588
1985 15.5512420539
1993 14.1651879643
2038 13.4329340583
2050 12.1379741240
2066 6.3036644329
2147 0.4585070293
2252 0.3396891853
2370 0.3198470769
2374 0.2249542513
2406 0.2210342406
2409 0.2030970209
2414 0.1318654452
2430 0.0878026965
2432 0.0854722063
2438 0.0716228994
2462 0.0529829971
2472 0.0031991468
2643 0.0005565048
3013 0.0005519383
3075 0.0005208117
3092 0.0000880476
3271 0.0000496748
3506 0.0000036229
3993 0.0000022819
4017 0.0000012585
4077 0.0000009327
4189 0.0000006174
4235 0.0000005030
4356 0.0000003204
4415 0.0000000147
4775 0.0000000024
4902 0.0000000014
5151 0.0000000009
5419 0.0000000008
5427 0.0000000006
5430 0.0000000001
5434 0.0000000001
5440 0.0000000001
5647 0.0000000000
5697 0.0000000000
6031 0.0000000000
6120 0.0000000000
6153 0.0000000000
6259 0.0000000000
6362 0.0000000000
6396 0.0000000000
6483 0.0000000000
6528 0.0000000000
6552 0.0000000000
7134 0.0000000000
evaluations raw_y
1 182907653.8393256068
2 807706.8120374117
19 140486.2740034619
30 95566.6122400230
47 26636.5239502368
90 9754.1948561687
116 5086.2586019080
145 2393.0203878691
171 372.0574058378
244 134.8105039790
255 80.6807390096
365 64.0096502481
385 4.6872354498
665 2.1070028160
1055 1.6239364741
1918 1.6069950481
1957 1.5065882477
2043 1.4196344698
2165 1.3515432682
2256 1.2003284387
2374 1.1480761860
2509 1.1301502142
2513 1.1031258033
2541 0.9768013346
2576 0.9744264145
2746 0.9728214339
2832 0.9186715954
2946 0.8684661596
3044 0.8671740859
3065 0.8520851682
3077 0.8395598788
3102 0.6973930227
3162 0.6709537519
3289 0.6616968921
3379 0.6599451951
3467 0.6577636102
3469 0.5621733157
3490 0.5513829638
3630 0.5301125792
3661 0.4987431122
3697 0.4741387764
3783 0.4565633999
3797 0.4549228364
3842 0.3981520313
3900 0.3872259105
3998 0.3841374455
4063 0.3779028938
4130 0.3648407793
4162 0.3435889966
4208 0.3319918025
4213 0.3223822620
4278 0.2975947673
4284 0.2463493562
4584 0.2453773072
4610 0.2429063839
4645 0.2242774743
4683 0.2155286017
4690 0.2059719066
4713 0.1931372648
4753 0.1882048564
4764 0.1712757559
4789 0.1402848038
5027 0.1271797525
5108 0.1268441490
5125 0.1208870698
5133 0.1090029484
5178 0.1052797582
5183 0.0928666629
5206 0.0919021525
5209 0.0702405393
5223 0.0589470568
5235 0.0576354639
5260 0.0516893362
5298 0.0472287158
5299 0.0383363727
5305 0.0295783868
5378 0.0262723223
5395 0.0151456467
5440 0.0147893698
5454 0.0026886542
5470 0.0005726045
5949 0.0005582838
5993 0.0005128234
6011 0.0004437346
6022 0.0004000844
6054 0.0003555522
6058 0.0003509297
6065 0.0002620378
6102 0.0002603754
6115 0.0002321253
6143 0.0001946803
6206 0.0001832344
6218 0.0001458444
6300 0.0001348296
6310 0.0001310065
6316 0.0001242355
6365 0.0001207893
6369 0.0001167397
6378 0.0001159689
6385 0.0001094854
6393 0.0001091338
6394 0.0001010383
6410 0.0000750938
6420 0.0000665300
6491 0.0000648915
6501 0.0000631249
6511 0.0000623627
6514 0.0000591330
6529 0.0000540172
6548 0.0000496305
6554 0.0000459752
6592 0.0000409227
6607 0.0000376728
6618 0.0000322846
6643 0.0000167435
6712 0.0000143582
6732 0.0000116672
6830 0.0000113883
6875 0.0000101335
6889 0.0000083119
6899 0.0000079088
6918 0.0000059977
6937 0.0000052188
6943 0.0000035873
7000 0.0000024350
7009 0.0000017447
7213 0.0000013265
7225 0.0000013007
7241 0.0000012559
7263 0.0000010146
7287 0.0000008401
7301 0.0000007286
7307 0.0000007089
7317 0.0000004027
7321 0.0000003654
7334 0.0000003244
7481 0.0000003079
7486 0.0000002515
7499 0.0000001434
7581 0.0000000563
7667 0.0000000383
7715 0.0000000382
7727 0.0000000371
7756 0.0000000294
7763 0.0000000265
7782 0.0000000248
7803 0.0000000181
7839 0.0000000156
7852 0.0000000110
7877 0.0000000069
7992 0.0000000051
8035 0.0000000044
8040 0.0000000031
8048 0.0000000024
8076 0.0000000018
8114 0.0000000017
8116 0.0000000013
8139 0.0000000008
8180 0.0000000003
8344 0.0000000002
8366 0.0000000001
8417 0.0000000001
8489 0.0000000001
8512 0.0000000000
8575 0.0000000000
8617 0.0000000000
8630 0.0000000004
evaluations raw_y
1 278807656.5087093711
3 183380295.8952897191
4 68619680.0990689695
7 52990314.8763384745
11 40729032.0308566317
13 25395566.0054122582
15 13881463.7342470493
19 10685933.9669173174
21 7643436.5584166050
23 3057066.9627072364
42 1720642.8421530225
53 1035424.8567227430
94 427910.5113248645
114 236698.9928040744
116 151737.0763671890
140 26089.9684840259
145 17471.4513169574
197 14133.5333354122
231 9998.1174239644
234 9417.2298527157
260 5899.9570935723
264 4422.8519167046
265 4218.8378874638
269 3808.1081002229
275 1017.3490410195
345 715.4729529605
349 165.3990603164
404 105.7165564842
420 62.2830615972
439 30.6232636821
486 20.5042312349
516 20.0146230339
574 0.6262921763
845 0.3374696433
967 0.2918249191
1407 0.2880593062
1491 0.2878415322
1729 0.2857872526
1747 0.2800280232
1855 0.2786393951
1871 0.2765490061
1922 0.2765087076
1926 0.2732771385
1941 0.2697088484
1957 0.2660471216
1988 0.2605174987
2033 0.2588233105
2057 0.2569757954
2075 0.2437297678
2110 0.2416752243
2168 0.2315110846
2223 0.2275955177
2288 0.2243815197
2320 0.1975936314
2447 0.1945093668
2476 0.1904654628
2528 0.1843467260
2539 0.1808177823
2543 0.1785623211
2558 0.1675974468
2590 0.1662154926
2600 0.1568614806
2669 0.1530870108
2865 0.1491457079
2926 0.1470704504
2955 0.1383195041
2994 0.1278216403
3087 0.1275938722
3156 0.1168494849
3163 0.1153905007
3186 0.1113216465
3211 0.1072436972
3269 0.1020403162
3349 0.0880320920
3552 0.0802482140
3590 0.0777636168
3633 0.0751959501
3665 0.0655547669
3775 0.0612044973
3904 0.0538178699
3969 0.0466943599
3983 0.0417094086
4193 0.0405087068
4298 0.0376047089
4324 0.0330261151
4361 0.0301649292
4438 0.0283365442
4472 0.0254645597
4620 0.0239159962
4634 0.0223487852
4664 0.0218044177
4701 0.0217263894
4710 0.0205611593
4723 0.0188058276
4745 0.0149350193
4824 0.0134499552
4825 0.0129041389
4868 0.0087700906
5003 0.0086684640
5035 0.0081690006
5044 0.0081106114
5050 0.0065561918
5065 0.0062441360
5143 0.0053889101
5147 0.0052691569
5159 0.0048369919
5179 0.0044317571
5219 0.0040521207
5267 0.0039325985
5302 0.0039059082
5306 0.0031580740
5330 0.0030956245
5337 0.0026586637
5380 0.0019869150
5455 0.0019684127
5485 0.0019217618
5487 0.0017476277
5489 0.0017445869
5509 0.0016634811
5515 0.0014025481
5529 0.0013911039
5551 0.0013359649
5561 0.0011945911
5585 0.0011248600
5600 0.0009921647
5619 0.0009634995
5669 0.0008795872
5671 0.0008265779
5789 0.0008027505
5810 0.0007912415
5822 0.0007781611
5825 0.0007760898
5827 0.0007632871
5830 0.0007506557
5831 0.0006812510
5854 0.0006693465
5860 0.0006297885
5871 0.0005845399
5927 0.0005501033
5936 0.0005332861
5950 0.0004942335
5959 0.0004755032
6009 0.0004560554
6013 0.0004490791
6021 0.0004183117
6045 0.0003565514
6076 0.0003381960
6087 0.0003108804
6125 0.0002565919
6175 0.0002447161
6191 0.0002364151
6207 0.0002241317
6241 0.0002172076
6246 0.0002170876
6254 0.0002160332
6255 0.0002094960
6279 0.0002038441
6308 0.0002032656
6311 0.0001968206
6325 0.0001944922
6332 0.0001939833
6333 0.0001886344
6342 0.0001831555
6344 0.0001819601
6352 0.0001795570
6359 0.0001632606
6360 0.0001610887
6372 0.0001429008
6470 0.0001403121
6518 0.0001332840
6543 0.0001324922
6564 0.0001272892
6570 0.0001238658
6578 0.0001071755
6631 0.0000985037
6649 0.0000980074
6674 0.0000913562
6675 0.0000842515
6687 0.0000639708
6712 0.0000555970
6759 0.0000530988
6778 0.0000514487
6832 0.0000431310
6846 0.0000363058
6919 0.0000359405
6935 0.0000339468
6957 0.0000327080
6968 0.0000305323
6986 0.0000273069
7000 0.0000208654
7035 0.0000191248
7095 0.0000177275
7106 0.0000163172
7128 0.0000160952
7156 0.0000143747
7166 0.0000142950
7174 0.0000130418
7189 0.0000109191
7219 0.0000104284
7221 0.0000086338
7232 0.0000073507
7242 0.0000072476
7369 0.0000070453
7398 0.0000066314
7403 0.0000052048
7446 0.0000049728
7475 0.0000045296
7490 0.0000036316
7503 0.0000032577
7571 0.0000023107
7580 0.0000021405
7584 0.0000018697
7592 0.0000018535
7680 0.0000015641
7714 0.0000013926
7767 0.0000013446
7772 0.0000012747
7774 0.0000011417
7782 0.0000009867
7825 0.0000009644
7849 0.0000009537
7856 0.0000006941
7881 0.0000006472
7929 0.0000005914
7945 0.0000005875
7954 0.0000005532
7965 0.0000004988
7968 0.0000004667
7978 0.0000004421
7991 0.0000003976
7999 0.0000003856
8010 0.0000002651
8011 0.0000002094
8104 0.0000002035
8121 0.0000001966
8135 0.0000001752
8137 0.0000001538
8149 0.0000001078
8275 0.0000001077
8284 0.0000000998
8290 0.0000000987
8298 0.0000000929
8323 0.0000000884
8343 0.0000000793
8365 0.0000000631
8393 0.0000000489
8428 0.0000000460
8440 0.0000000417
8451 0.0000000392
8480 0.0000000392
8487 0.0000000373
8522 0.0000000353
8534 0.0000000342
8539 0.0000000321
8542 0.0000000321
8549 0.0000000290
8555 0.0000000286
8570 0.0000000238
8582 0.0000000218
8585 0.0000000217
8609 0.0000000162
8616 0.0000000149
8629 0.0000000115
8689 0.0000000097
8717 0.0000000092
8732 0.0000000074
8764 0.0000000039
8774 0.0000000039
8793 0.0000000029
8805 0.0000000016
8908 0.0000000016
8948 0.0000000014
8976 0.0000000013
8993 0.0000000013
9013 0.0000000009
9024 0.0000000007
9040 0.0000000004
9049 0.0000000003
9060 0.0000000001
9137 0.0000000000
9184 0.0000000000
9212 0.0000000000
9230 0.0000000000
9309 0.0000000000
9338 0.0000000000
9339 0.0000000000
9366 0.0000000000
9446 0.0000000000
9449 0.0000000000
9463 0.0000000000
9528 0.0000000000
9531 0.0000000000
9548 0.0000000000
9554 0.0000000000
9643 0.0000000000
9740 0.0000000000
evaluations raw_y
1 86524771.0731787086
2 54092152.1636884660
4 27733466.4339550026
12 25533111.8044422008
14 10865689.7493719775
17 933828.6453149077
60 565553.3095622676
91 482224.4213965710
115 48337.8763765249
155 32631.1755491653
165 32304.5508349206
196 1580.4623507098
313 1160.2303441530
319 647.3929074381
337 126.8112803168
373 80.0258647970
400 17.7560970098
489 16.0178090838
566 6.0722042767
753 5.3457895429
772 3.6021301287
799 3.6016525879
875 3.2725670374
1049 3.2197467406
1624 3.2176759814
1733 3.2108654671
1753 3.1767334168
1824 3.1286093334
1845 3.1197714777
1878 3.0640685282
1897 2.9694058437
1965 2.8707510790
2036 2.8656036664
2074 2.8464101429
2103 2.8330764447
2133 2.8214598614
2151 2.8139483534
2158 2.8048275480
2159 2.5432945416
2216 2.3957812125
2365 2.3885827276
2587 2.3838274361
2592 2.2347499179
2688 2.2264572772
2729 2.1360641075
2814 2.1351695130
2900 2.1278819232
2986 1.9816991617
2993 1.9122839218
3131 1.7649859732
3366 1.7290859985
3386 1.7177540447
3415 1.6274037105
3441 1.5690295093
3510 1.5160713460
3512 1.4705829677
3686 1.4430314566
3744 1.4112260359
3761 1.3514085301
3776 1.3160170716
3801 1.3150761379
3853 1.3009412197
3857 1.2947258171
3882 1.2903236628
3884 1.2883691049
3904 1.2674669736
3921 1.2549667727
3940 1.2548535568
3942 1.2545898137
3943 1.2184349668
3950 1.2028908887
3974 1.1727550792
3985 1.1691642559
4008 1.1655191477
4016 1.1390861504
4017 1.1284877972
4020 1.1228431779
4058 1.0391385032
4148 1.0304206509
4189 1.0121913828
4200 0.9957695597
4201 0.9929117052
4207 0.9902177616
4219 0.9679795723
4226 0.9444214522
4229 0.9280446812
4238 0.9031521028
4252 0.9019660612
4278 0.9007167469
4291 0.8648227084
4317 0.8400829014
4332 0.8393350582
4336 0.8381616124
4355 0.8012338404
4443 0.7821013527
4455 0.7760813568
4457 0.7736226107
4468 0.7572469394
4484 0.7438078810
4498 0.7146615503
4515 0.7000506706
4526 0.6863511577
4572 0.6498661908
4582 0.6327414530
4675 0.6152860673
4704 0.6109468695
4716 0.5810404459
4733 0.5756134874
4783 0.5523881339
4798 0.5378288677
4807 0.5360961094
4816 0.5226594305
4823 0.5062888691
4839 0.4605965574
4875 0.4398485279
4899 0.4341329869
4907 0.4013711655
4912 0.3809157573
4931 0.3798776393
5004 0.3611598446
5011 0.3495385251
5062 0.3430008285
5089 0.3398389775
5090 0.3390816142
5091 0.3298111541
5096 0.2976778369
5213 0.2963595400
5217 0.2942438865
5221 0.2890609449
5225 0.2880037651
5230 0.2823188756
5236 0.2815191061
5259 0.2745496960
5260 0.2692611405
5296 0.2616939789
5313 0.2452360747
5331 0.2371042322
5460 0.2359176771
5466 0.2234779368
5517 0.2211577314
5525 0.2191444577
5537 0.2056767832
5547 0.2005244766
5572 0.1993055488
5609 0.1989707360
5613 0.1959444899
5621 0.1944077572
5635 0.1920586191
5647 0.1823005066
5655 0.1782651250
5674 0.1736889715
5705 0.1592981318
5814 0.1509188087
5843 0.1453844878
5856 0.1378812875
5898 0.1282108314
5915 0.1180816922
6003 0.1173196392
6121 0.1157586175
6160 0.1114015216
6161 0.1105206323
6178 0.1054911702
6205 0.1030078686
6283 0.0999362206
6401 0.0866210670
6512 0.0766702951
6606 0.0726353770
6645 0.0682045051
6738 0.0676824270
6762 0.0674177230
6782 0.0623683025
6801 0.0602279065
6813 0.0566455708
6874 0.0509643386
6925 0.0452289083
6936 0.0377988639
7039 0.0365835009
7131 0.0309858294
7215 0.0228490784
7335 0.0170670047
7525 0.0167074992
7581 0.0164575424
7591 0.0155477220
7644 0.0128749782
7929 0.0127371055
8020 0.0117160074
8170 0.0094322715
8197 0.0091429966
8213 0.0082687830
8272 0.0068517271
8280 0.0067537100
8307 0.0064142069
8384 0.0051158053
8478 0.0037704551
8563 0.0033898490
8620 0.0032794902
8628 0.0197935069
evaluations raw_y
1 7534086.1793743977
6 1912008.1836985983
10 67703.0910444290
23 51730.5579703447
63 41652.3079838765
76 33985.0220546419
84 10822.5719170945
106 5623.6536574173
120 1376.8541860913
160 251.2540221984
210 233.7829021766
237 131.3045981135
351 0.5392156332
804 0.1192867207
2136 0.1159180225
2249 0.1155441556
2268 0.1091887476
2273 0.0987434390
2275 0.0949859413
2389 0.0904790863
2413 0.0873209847
2429 0.0752986271
2526 0.0636399518
2529 0.0583797699
2545 0.0524769039
2554 0.0335896026
2573 0.0267161430
2718 0.0258329633
2866 0.0197098396
2975 0.0125687688
3061 0.0090615940
3247 0.0082427756
3305 0.0078907076
3384 0.0077169768
3402 0.0065142546
3498 0.0055442183
3526 0.0046618783
3538 0.0040915830
3540 0.0037600900
3625 0.0035495474
3700 0.0030193316
3817 0.0029228044
3867 0.0028797353
3883 0.0022844340
3974 0.0014455066
4253 0.0010659249
4298 0.0008778986
4706 0.0006550536
4744 0.0005463480
4815 0.0005441395
4849 0.0005289286
4884 0.0005116386
4957 0.0004576596
4994 0.0004478553
5014 0.0003055267
5021 0.0002311013
5520 0.0001908933
5556 0.0001672984
5669 0.0001517056
5734 0.0001462143
5841 0.0000872374
6077 0.0000797401
6121 0.0000650799
6275 0.0000574073
6283 0.0000543988
6364 0.0000264092
6839 0.0000194478
6897 0.0000140279
7017 0.0000103801
7247 0.0000085876
7255 0.0000077036
7275 0.0000049053
7686 0.0000043015
7689 0.0000040769
7703 0.0000038367
7715 0.0000029623
7783 0.0000021246
7806 0.0000013899
7936 0.0000013288
8067 0.0000012805
8167 0.0000012621
8200 0.0000012560
8201 0.0000012228
8238 0.0000008060
8321 0.0000007068
8347 0.0000006282
8429 0.0000005329
8486 0.0000003003
8597 0.0000002653
8699 0.0000001750
8969 0.0000001434
8985 0.0000001188
9043 0.0000001048
9109 0.0000000877
9231 0.0000000526
9345 0.0000000407
9351 0.0000000205
9538 0.0000000170
9578 0.0000000135
9629 0.0000000069
9781 0.0000000044
9822 0.0000000040
9900 0.0000000037
9985 0.0000000022
10085 0.0000000016
10087 0.0000000010
10194 0.0000000009
10284 0.0000000008
10366 0.0000000007
10435 0.0000000006
10476 0.0000000004
10551 0.0000000002
10590 0.0000000002
10701 0.0000000000
10982 0.0000000000
10992 0.0000000000
11118 0.0000000000
11132 0.0000000000
11173 0.0000000000
11497 0.0000000000
11503 0.0000000000
11613 0.0000000000
11728 0.0000000000
11929 0.0000000000
12182 0.0000000000
12211 0.0000000000
12226 0.0000000000
12299 0.0000000000
12846 0.0000000000
evaluations raw_y
1 2344376351.9287123680
2 989183367.1341025829
4 639940432.8412332535
5 341280977.4474483132
6 329000281.5350041389
9 20039252.2970612496
13 5272772.9364234544
30 4161179.6250754604
31 2617822.9092908725
39 1221782.2441849001
64 1015237.5689763507
67 99612.0173940382
80 54244.5096180013
148 8956.4539557421
164 3814.1018900885
238 1632.1734373146
248 1543.4270606414
311 1041.1854163891
315 98.9143025721
392 70.4959642236
421 43.4088952153
438 39.0769504131
501 37.5518166735
688 31.6145826113
711 26.7329724736
844 19.3199294701
932 18.8181705824
981 18.7532071909
1046 16.6114638304
1118 15.7634574734
1225 15.6452684936
1240 15.5023362806
1538 15.4676010005
1564 15.2766094848
1655 15.2394369756
1722 15.1062894003
1865 15.0944352747
1894 15.0693305236
1936 14.9115635499
2006 14.7834581791
2039 14.5447792886
2147 14.5118878269
2154 14.4407184045
2240 14.3199652462
2244 14.2588238792
2298 14.1612956961
2318 14.0537949490
2367 13.9703694229
2389 13.9657655143
2399 13.9227933834
2407 13.8009017748
2465 13.4884567599
2479 13.4514714626
2526 12.9964706168
2552 12.7308735309
2590 12.7187873802
2602 12.6507226040
2667 12.6260471807
2699 12.1833597940
2716 12.0414506251
2751 12.0111022270
2833 11.9285438283
2941 11.8802386143
2966 11.3180022454
2988 10.9695449251
3220 10.9536944129
3304 10.7931755371
3322 10.6953757950
3392 10.5106519804
3401 10.4977502021
3460 10.4820954849
3465 10.4123298386
3513 10.3331113138
3527 10.2184880841
3540 10.1496364317
3565 9.8538157702
3630 9.4112452537
3694 9.3497106086
3742 9.3266419951
3782 9.3246454825
3785 9.2381498236
3793 9.0819109152
3808 8.9892583900
3825 8.7276624297
3861 8.5710678281
3881 8.5411107223
3888 8.2897678442
3915 8.1775617653
3918 8.1726080272
3949 8.0971256586
3963 7.9240057648
3969 7.8162092282
3985 7.7768771236
4048 7.6381047015
4071 7.4913049808
4081 7.4777942240
4084 7.4328801836
4109 7.2974554233
4140 7.2115971258
4155 7.1185112165
4159 7.0848387545
4166 7.0375071381
4168 6.9541741469
4181 6.8511191618
4204 6.6577020785
4216 6.5570094107
4266 6.4860124376
4334 6.4559869789
4335 6.3676500647
4337 6.3043824896
4360 6.1382900321
4375 6.1085419893
4376 5.8783120718
4404 5.7891144046
4419 5.7728359042
4448 5.7281405399
4454 5.2879774385
4505 5.2660373281
4578 5.1311656398
4600 5.1200870769
4611 5.0798817848
4628 5.0362868106
4661 4.9613105577
4673 4.8812428918
4685 4.7563077262
4697 4.7531326475
4710 4.7105733819
4720 4.6138554225
4731 4.5468159545
4741 4.5349810346
4748 4.1636614185
4815 4.1025394961
4818 4.0902177971
4819 4.0630024032
4828 4.0182182966
4833 4.0181501354
4847 3.8817852833
4849 3.7702841963
4857 3.6569936933
4936 3.6467363968
4980 3.6358184777
5000 3.5886334661
5017 3.5499776221
5037 3.5351820361
5040 3.5088280274
5066 3.5023930949
5094 3.4818042229
5109 3.4091334491
5120 3.3821245084
5150 3.3513582836
5178 3.3424021505
5206 3.2368278962
5226 3.2102176804
5237 3.1652116185
5243 3.1620134774
5269 3.1128501572
5281 3.0593429884
5286 2.9957480768
5316 2.9210796577
5346 2.8692853246
5387 2.8572928524
5414 2.8024382265
5447 2.7910233681
5487 2.7591398479
5490 2.7510830525
5512 2.7480804553
5517 2.7219589273
5558 2.6960912871
5561 2.6875327111
5562 2.6639032336
5611 2.6312250239
5617 2.5621817373
5648 2.5130828411
5691 2.4769094221
5721 2.4735106158
5730 2.4332352275
5731 2.3759405306
5768 2.3663778169
5786 2.3548217403
5794 2.2155804837
5877 2.1335775165
5932 2.1094963533
5972 2.0560285401
6054 2.0545129286
6063 2.0336153849
6100 1.9158694767
6191 1.8954805433
6241 1.8087061591
6308 1.7800618464
6354 1.7113361963
6362 1.6943934283
6509 1.6570323245
6718 1.6239043790
6781 1.5692794142
6883 1.5264366173
6896 1.5234685590
6913 1.5140211437
6943 1.4544194183
6980 1.3405464269
7008 1.2889675486
7254 1.2880410469
7315 1.2209731964
7440 1.1779208806
7481 1.1411662612
7605 1.1361310663
7656 1.0877597960
7700 1.0384646285
7774 1.0279494445
8162 1.0131498247
8240 0.9967906393
8296 0.9910115318
8334 0.9539570589
8480 0.9453661130
8513 0.9244053943
8537 0.8757519974
8602 0.8311409791
8637 2.2429801537
evaluations raw_y
1 8324334.4293637462
6 7846517.9889883064
7 6133432.7046696609
8 1347608.7245714238
27 1273325.4485614558
30 252857.5183255037
42 114208.4160425595
66 89264.5438183647
97 69786.4180682588
115 3407.5342657857
157 2629.8340087681
230 716.0455090928
248 584.2964084524
264 305.0300290557
271 37.5909656259
535 33.6255502277
556 28.9926754206
649 20.8752550741
651 20.6094258456
887 19.7806830819
1400 19.6154020867
1463 19.5529313682
1485 19.3978503598
1495 18.8584878883
1621 18.7539729033
1639 16.8536594283
1661 16.8067081070
1679 16.3659194874
1732 16.2594732383
1743 16.0340563503
1773 15.7221537765
1794 13.3077316166
1889 12.2487250379
1891 9.9314610256
1912 9.1646124307
1952 7.6635373960
1962 4.0509888263
2049 3.9200454775
2125 2.4392169402
2169 1.6042622980
2180 0.9755710033
2196 0.8093573512
2215 0.5723144812
2239 0.3473724087
2269 0.0180417163
2414 0.0166965117
2470 0.0074336230
2573 0.0040864129
2647 0.0036276169
2687 0.0027027342
2692 0.0003607757
3114 0.0003523746
3138 0.0001909593
3152 0.0001827907
3173 0.0000970345
3178 0.0000671335
3342 0.0000359395
3387 0.0000331263
3490 0.0000091050
3674 0.0000078389
3743 0.0000060542
3826 0.0000054307
3890 0.0000048063
3899 0.0000019759
3942 0.0000017432
4024 0.0000015645
4030 0.0000015222
4039 0.0000013267
4073 0.0000012643
4077 0.0000010190
4104 0.0000009037
4117 0.0000003526
4206 0.0000001570
4215 0.0000001411
4222 0.0000000355
4282 0.0000000321
4332 0.0000000137
4707 0.0000000035
4789 0.0000000032
4957 0.0000000014
4983 0.0000000012
5200 0.0000000011
5222 0.0000000009
5241 0.0000000003
5311 0.0000000003
5351 0.0000000000
5528 0.0000000000
5678 0.0000000000
5797 0.0000000000
5853 0.0000000000
5868 0.0000000000
6000 0.0000000000
6289 0.0000000000
6303 0.0000000000
7380 0.0000000000
