evaluations raw_y
1 48298085.7738172114
14 42414772.5505156294
17 37751611.6594227701
22 22097268.9194706939
32 14111096.9386770371
34 8193835.5350283552
35 4269428.3761425521
41 3349712.5127080735
50 3336366.2015465545
61 1668792.7846344199
66 1574190.3277376040
122 904354.3296933158
160 357712.9872203767
194 270035.7900532506
198 236145.1354096066
205 110338.2627124616
240 53672.7570699208
322 31581.1568562774
331 18318.5109967753
341 7244.5585030768
354 2921.8423377854
497 2093.0144575795
543 1929.8760761601
551 935.3243336517
591 661.4691625820
736 220.2699837143
901 140.3419723257
938 124.3383826301
1026 89.1811249179
1063 86.5370911064
1107 49.6723681995
1140 35.1173490004
1183 19.4107511938
1289 17.7133220881
1342 16.7003874216
1353 13.1962687165
1372 10.2792646231
1429 5.6847846417
1533 4.4520772452
1588 2.4345291404
1688 1.7185961390
1689 1.5075085634
1726 1.3989351669
1795 1.1675242945
1868 1.1113153872
1871 0.7296517236
1919 0.7156495196
1993 0.6633336963
2063 0.6237584323
2115 0.5090658724
2322 0.4644851885
2330 0.4330430756
2707 0.4280311389
2876 0.4268316249
2933 0.4268307030
2994 0.4257523027
3151 0.4233524341
3189 0.4220502088
3288 0.4209288870
3667 0.4197376278
3747 0.4187182037
3803 0.4186924781
3811 0.4183080801
3848 0.4174963047
3920 0.4171554908
3938 0.4164767319
3973 0.4142613582
4068 0.4114634806
4077 0.4095518643
4192 0.4091252620
4194 0.4081927778
4228 0.4076730726
4295 0.4063022778
4326 0.4053609706
4372 0.3988675118
4399 0.3978707395
4459 0.3922082011
4486 0.3724051261
4598 0.3691546934
4616 0.3628670473
4627 0.3564428207
4722 0.3544437962
4757 0.3532484745
4788 0.3509829839
4790 0.3288569931
4845 0.3109081085
4879 0.3108935571
4930 0.2827843139
5164 0.2733817497
5190 0.2580178149
5237 0.2398792974
5381 0.1968792841
5397 0.1926374388
5517 0.1893820263
5526 0.1749164062
5533 0.1730800565
5544 0.1554533344
5554 0.1523605714
5656 0.1192806053
5667 0.0713912655
5782 0.0690110517
5830 0.0470777567
5943 0.0375655038
5983 0.0236571768
6162 0.0148014997
6229 0.0132564539
6282 0.0039693338
6368 0.0022491564
6506 0.0015338834
6635 0.0008606539
6793 0.0007511520
6825 0.0007440080
6838 0.0004338266
6886 0.0002768310
7032 0.0002663260
7049 0.0002204616
7068 0.0001721439
7193 0.0001693643
7204 0.0001302103
7210 0.0001301421
7212 0.0001001138
7287 0.0000732574
7310 0.0000094940
7720 0.0000011832
8037 0.0000010795
8105 0.0000010685
8129 0.0000009350
8215 0.0000005130
8262 0.0000004837
8432 0.0000002767
8467 0.0000002752
8472 0.0000000769
8702 0.0000000647
8818 0.0000000605
8837 0.0000000280
8874 0.0000000225
8878 0.0000000198
8983 0.0000000116
8986 0.0000000109
9037 0.0000000083
9082 0.0000000055
9153 0.0000000039
9220 0.0000000034
9236 0.0000000013
9446 0.0000000001
9822 0.0000000001
9856 0.0000000001
10072 0.0000000000
10249 0.0000000000
10284 0.0000000000
10286 0.0000000000
10414 0.0000000000
10497 0.0000000000
10568 0.0000000000
10706 0.0000000000
10863 0.0000000000
10864 0.0000000000
10891 0.0000000000
11172 0.0000000000
11187 0.0000000000
11342 0.0000000000
11370 0.0000000000
11452 0.0000000000
11593 0.0000000000
11687 0.0000000000
11827 0.0000000000
12220 0.0000000000
evaluations raw_y
1 364280518.1350919604
2 32845813.0547512993
5 16602804.4684904758
9 13751171.7549761999
11 13680510.1354537010
23 9822642.1240167767
24 5817596.1997227669
26 5590152.5880146343
37 5280323.4184322450
42 2947880.6019010041
54 2296882.8218721957
83 2295319.7105175517
90 1760233.7097569085
108 1123021.4049160474
114 603513.4957064406
133 349174.3085225080
134 215753.2501145885
186 193682.6978080094
208 106447.5335412821
216 29632.0781803842
312 17793.7477444482
319 13524.4638437479
335 12900.3844164177
337 8273.6580553344
358 2032.0477140724
594 1591.7797645290
627 1313.6701363072
656 443.8214145283
890 411.6891904831
892 229.5376370840
982 132.0923319969
989 62.1851275778
1024 36.2870001726
1300 24.3846072450
1475 22.6755871941
1476 18.6443606465
1565 16.4971623713
1574 13.6085783280
1650 12.1248014731
1856 9.5075671696
1976 9.2931606677
2009 9.2420193794
2077 9.0066193356
2095 8.7419200781
2149 8.7333730507
2210 8.5957526030
2214 8.3331094943
2349 8.3077194916
2484 8.2909788673
2510 8.2789027543
2558 8.2610226261
2710 8.2512336861
2730 8.2374867128
2885 8.2353757767
2977 8.2337223194
3078 8.2288737964
3083 8.2288162928
3172 8.2270856044
3185 8.2235765300
3216 8.2188201867
3281 8.2059022939
3360 8.2057174898
3403 8.1927662003
3406 8.1920553137
3446 8.1767776220
3472 8.1757566524
3522 8.1650385340
3577 8.1649635994
3587 8.1550282213
3730 8.1367338272
3794 8.1329781095
3820 8.1142062093
3875 8.0565662572
4099 8.0293273764
4142 8.0039293527
4187 7.9996156442
4233 7.9752633550
4266 7.9710091122
4278 7.8814833730
4359 7.8715771454
4399 7.8465818095
4418 7.7767714071
4471 7.7599652850
4610 7.6199831440
4661 7.3643217770
4684 7.2658367063
4898 7.2231197311
4903 7.1972050879
4926 7.0091489460
5024 6.7187404205
5101 6.6860676407
5108 6.6472455243
5141 6.2222546796
5529 6.1915558239
5637 6.1656151752
5647 6.1471425847
5726 6.0217618740
5836 5.9983371608
5849 5.8751548343
5918 5.8380437205
5933 5.8364510114
5944 5.7118891226
5987 5.5899609605
6065 5.4523454833
6122 5.3087103102
6175 5.2811351349
6260 5.1939666373
6327 5.0773688993
6456 4.9772371075
6558 4.9409524157
6662 4.5582814812
6760 4.5443086054
6852 4.4543991417
7092 4.3421972154
7155 4.2508758482
7281 4.2221109705
7299 4.1197993633
7405 4.0140059701
7529 3.9505754049
7534 3.7482661479
7647 3.7230574549
7676 3.7073030504
7738 3.7041395025
7740 3.5907165752
7769 3.5133698547
7858 3.4372762189
7898 3.3907438868
7932 3.3153173372
8092 3.3024901016
8120 3.1817037312
8240 3.0565088292
8598 2.9786444817
8616 2.9765665281
8645 2.9219717934
8683 2.8591822026
8736 2.7229720784
8980 2.6956195174
9091 2.6814560350
9159 2.6281782620
9215 2.5905667049
9235 2.4722702690
9425 2.4255358088
9539 2.3774386943
9670 2.2957440372
9683 2.2211015667
9810 2.2108532404
9884 2.1867869436
9966 2.1530757762
9975 2.1209491918
10003 2.0841981880
10041 2.0566599156
10050 1.9751921381
10056 1.7798407767
10197 1.7694047955
10484 1.6523567042
10637 1.5471769352
11074 1.5323945550
11201 1.5075719063
11241 1.4604028058
11360 1.4201503447
11461 1.3839682661
11546 1.3363622770
11662 1.3259981883
11682 1.3253244655
11689 1.2867468360
11755 1.2558077786
11784 1.2150921424
11831 1.2048091898
11854 1.2011277249
11933 1.1948025717
11938 1.1873803086
11965 1.1836407070
11984 1.1598948964
12020 1.1429030689
12063 1.1344381659
12133 1.0880672673
12227 1.0561757583
12341 1.0445021581
12342 0.9911358425
12378 0.9727533301
12408 0.9670781703
12563 0.9608006096
12572 0.8957793989
12634 0.8889396563
12820 0.8781699681
12873 0.8486757628
12993 0.8403684044
13050 0.8230018747
13127 0.8198453735
13130 0.8180902944
13142 0.7936063899
13200 0.7753480714
13280 0.7712622594
13290 0.7671731618
13309 0.7607588755
13359 0.7244511561
13473 0.7166443146
13568 0.7159861215
13592 0.7111667642
13645 0.6996188522
13794 0.6835677433
13872 0.6804207096
13908 0.6406917031
14016 0.6295750820
14058 0.6107821617
14095 0.5648039998
14183 0.5525175755
14349 0.5382145016
14374 0.5253343501
14423 0.5187917415
14435 0.5048196757
14438 0.4971360378
14451 0.4798770500
14505 0.4748617081
14519 0.4704994642
14522 0.4678152293
14533 0.4572760222
14559 0.4527041637
14635 0.4170493721
14661 0.4143805527
14747 0.4121301586
14755 0.4001231179
14784 0.3922091860
14797 0.3821865482
14806 0.3701133554
14857 0.3670627420
14870 0.3632450501
14887 0.3449062147
14936 0.3397673837
14956 0.3264009687
14990 0.3097542844
15013 0.2982234559
15075 0.2958843040
15099 0.2821523865
15143 0.2801740328
15145 0.2801727692
15154 0.2693015734
15159 0.2634348184
15179 0.2583534906
15193 0.2384043886
15251 0.2254882524
15286 0.2220147282
15337 0.2189315710
15417 0.2118616855
15475 0.2108858712
15482 0.2070257026
15501 0.2068052649
15516 0.1917373853
15543 0.1887410633
15547 0.1841115447
15560 0.1804130183
15569 0.1728441954
15623 0.1723913886
15688 0.1508602085
15773 0.1419541762
15824 0.1370124340
15909 0.1366648307
15913 0.1324025498
15930 0.1276598475
15955 0.1273749080
15958 0.1210450597
16046 0.1164674862
16048 0.1156231069
16067 0.1134358101
16076 0.1099901803
16090 0.1074953112
16105 0.1023648993
16111 0.1022835962
16132 0.0935830561
16221 0.0910813514
16225 0.0855026678
16280 0.0810305051
16295 0.0783928591
16315 0.0720486800
16322 0.0708473546
16349 0.0691606100
16365 0.0609488268
16397 0.0583817248
16455 0.0579015149
16469 0.0568911541
16498 0.0482250431
16571 0.0434973051
16698 0.0434887992
16716 0.0427872659
16727 0.0425010565
16733 0.0424011829
16746 0.0421531552
16753 0.0420723310
16762 0.0415699482
16765 0.0411825915
16790 0.0407970312
16798 0.0405702617
16803 0.0405275755
16809 0.0401252785
16816 0.0400311286
16817 0.0389855058
16831 0.0386005899
16841 0.0370675356
16857 0.0359227825
16897 0.0354118072
16941 0.0345713362
16943 0.0343459021
16949 0.0328754588
16954 0.0325834491
16963 0.0316388887
16974 0.0310700181
16990 0.0300821679
17011 0.0295986831
17014 0.0283801216
17024 0.0260321919
17045 0.0255960604
17066 0.0244755189
17070 0.0215658275
17101 0.0204899929
17129 0.0196443138
17135 0.0175393110
17208 0.0167853726
17215 0.0153548894
17232 0.0152803649
17292 0.0116618193
17362 0.0109805976
17363 0.0089639651
17372 0.0084213061
17388 0.0047272414
17512 0.0047172979
17525 0.0041997932
17526 0.0040570716
17546 0.0039727523
17553 0.0035833600
17558 0.0030438154
17576 0.0030116529
17584 0.0027507408
17597 0.0022148414
17636 0.0018360881
17650 0.0015481646
17690 0.0015074145
17691 0.0013761566
17849 0.0013626540
17887 0.0012949031
17902 0.0012608933
17906 0.0012534481
17919 0.0011446001
17967 0.0011022575
17972 0.0010605851
17998 0.0010176207
18000 0.0009373846
18045 0.0008924327
18058 0.0008760219
18068 0.0008576166
18104 0.0006808550
18136 0.0006772803
18171 0.0005599027
18264 0.0004858135
18285 0.0003516186
18443 0.0003256230
18538 0.0003237611
18553 0.0003140793
18571 0.0003102642
18573 0.0003012502
18589 0.0002888858
18610 0.0002761281
18653 0.0002680768
18657 0.0002466968
18684 0.0002406734
18686 0.0002339044
18697 0.0002300559
18716 0.0002249710
18730 0.0002083124
18742 0.0001709338
18848 0.0001635526
18867 0.0001513437
18895 0.0001344107
18917 0.0001247162
18959 0.0001219691
19001 0.0001205274
19059 0.0001166795
19077 0.0001152395
19093 0.0001130006
19104 0.0001128590
19105 0.0001119370
19118 0.0001104838
19127 0.0001075475
19135 0.0001067576
19137 0.0001049388
19147 0.0001026976
19151 0.0000928229
19222 0.0000905369
19230 0.0000868516
19259 0.0000857155
19263 0.0000818392
19300 0.0000813531
19317 0.0000775887
19328 0.0000752431
19335 0.0000638644
19346 0.0000537183
19384 0.0000507549
19417 0.0000426039
19454 0.0000407416
19509 0.0000396990
19548 0.0000396325
19598 0.0000390268
19604 0.0000388559
19612 0.0000372707
19620 0.0000364310
19629 0.0000351173
19638 0.0000322433
19665 0.0000313757
19697 0.0000312090
19717 0.0000282024
19727 0.0000274934
19752 0.0000236540
19762 0.0000198784
19814 0.0000181838
19920 0.0000167371
19926 0.0000151119
19984 0.0000147043
19994 0.0000144419
19999 0.0000142116
20005 0.0000134497
20012 0.0000125717
20016 0.0000124750
20021 0.0000122609
20055 0.0000118084
20059 0.0000117616
20067 0.0000111917
20069 0.0000110447
20075 0.0000107007
20094 0.0000086769
20147 0.0000077210
20224 0.0000074822
20307 0.0000058600
20319 0.0000050064
20401 0.0000046725
20418 0.0000044115
20499 0.0000042111
20604 0.0000039400
20626 0.0000038886
20627 0.0000038846
20638 0.0000037204
20664 0.0000037070
20665 0.0000034167
20669 0.0000030996
20715 0.0000030897
20737 0.0000030345
20747 0.0000028529
20762 0.0000028517
20772 0.0000026913
20790 0.0000025409
20827 0.0000025136
20831 0.0000025076
20855 0.0000025013
20867 0.0000023449
20887 0.0000022722
20899 0.0000022262
20912 0.0000021904
20931 0.0000021614
20935 0.0000021409
20938 0.0000021223
20947 0.0000021092
20950 0.0000020564
20961 0.0000017923
20981 0.0000017433
21001 0.0000014656
21073 0.0000014161
21091 0.0000013778
21102 0.0000013148
21142 0.0000012978
21147 0.0000012839
21158 0.0000012274
21176 0.0000011431
21185 0.0000011313
21206 0.0000010198
21219 0.0000009923
21222 0.0000009419
21248 0.0000007629
21278 0.0000006081
21304 0.0000004622
21462 0.0000004439
21472 0.0000004313
21481 0.0000004105
21483 0.0000003975
21512 0.0000003779
21521 0.0000003713
21529 0.0000003369
21545 0.0000003165
21553 0.0000002771
21590 0.0000002308
21656 0.0000002248
21700 0.0000002127
21702 0.0000001938
21715 0.0000001754
21721 0.0000001613
21744 0.0000001381
21778 0.0000001176
21815 0.0000001055
21883 0.0000000964
21889 0.0000000867
21938 0.0000000715
21967 0.0000000657
22023 0.0000000605
22048 0.0000000589
22054 0.0000000537
22081 0.0000000516
22095 0.0000000483
22106 0.0000000416
22109 0.0000000374
22171 0.0000000366
22181 0.0000000344
22189 0.0000000316
22190 0.0000000304
22221 0.0000000300
22250 0.0000000248
22259 0.0000000320
evaluations raw_y
1 39213586552.1604461670
2 23666236231.0024833679
3 3610601446.0288591385
4 2954642274.2236986160
9 437083497.6460513473
36 216361111.9113644361
54 121172945.1335245669
63 116466109.9105413705
64 43498901.2220136672
67 7084868.2608890254
81 6070471.8504923852
120 5872700.8077726085
134 1114999.5202436030
225 989826.1762971261
230 347540.4811484888
264 167892.1767257023
267 119629.2173536293
305 63900.7754001425
352 61483.4090410005
354 55144.1652982613
378 11797.2697123820
392 6166.2043222941
465 5720.5802674047
468 5023.3827592674
470 3997.3475366339
521 3418.5432387390
542 3374.3747712192
544 2884.0116404378
565 1562.9378588266
669 1206.6380612676
706 919.3492828229
708 556.6567591223
762 121.5439922189
983 88.1839735435
1017 75.2314029804
1117 65.9456373391
1140 34.5160855480
1204 10.9289962835
1582 7.1209357440
1658 2.4842954206
1884 2.2469649699
1890 1.4134451423
1963 0.8911814297
2060 0.6314006763
2120 0.2618288407
2279 0.2341002428
2300 0.0363263805
2677 0.0335501001
2778 0.0322471722
2802 0.0270390950
2846 0.0216005592
2874 0.0179454072
3298 0.0177430519
3425 0.0176030615
3440 0.0175079145
3460 0.0174837923
3494 0.0172835933
3559 0.0171851997
3607 0.0169797526
3725 0.0169452186
3876 0.0169226352
4031 0.0168435263
4060 0.0167562399
4063 0.0166945350
4077 0.0166214298
4082 0.0165595588
4116 0.0164401360
4279 0.0162419283
4392 0.0161703787
4450 0.0156973867
4473 0.0155186624
4568 0.0155104757
4574 0.0148436977
4600 0.0147705782
4650 0.0142211482
4696 0.0140018391
4728 0.0135105093
4784 0.0123301451
4840 0.0106454739
4881 0.0079735992
5251 0.0072394633
5320 0.0071992470
5381 0.0058276541
5566 0.0056922330
5570 0.0055226211
5599 0.0053706809
5613 0.0051743534
5644 0.0044842056
5718 0.0038000199
5783 0.0036856573
5834 0.0030630314
5883 0.0022313817
6075 0.0021005087
6096 0.0018943409
6108 0.0012892761
6347 0.0011499624
6457 0.0008899789
6767 0.0008681081
6782 0.0007603298
6906 0.0007541768
6961 0.0006590601
7044 0.0006421979
7137 0.0006107484
7167 0.0005922038
7287 0.0005667017
7337 0.0005044261
7530 0.0004531409
7701 0.0004079651
7835 0.0003829363
7936 0.0003805514
7981 0.0003660993
8009 0.0003272751
8040 0.0002571795
8136 0.0002464735
8222 0.0002213500
8260 0.0002070848
8330 0.0001995643
8390 0.0001885032
8442 0.0001818938
8475 0.0001721839
8636 0.0001544180
8654 0.0001044676
8959 0.0000997466
9127 0.0000877835
9323 0.0000802126
9359 0.0000623481
9416 0.0000615109
9477 0.0000565037
9517 0.0000516625
9618 0.0000505877
9725 0.0000437916
10050 0.0000407606
10153 0.0000352041
10464 0.0000344559
10536 0.0000338273
10559 0.0000328846
10738 0.0000276766
10805 0.0000231572
10884 0.0000187133
11035 0.0000178429
11038 0.0000170872
11157 0.0000163828
11184 0.0000162615
11186 0.0000160291
11218 0.0000069877
12126 0.0000065270
12138 0.0000051995
12263 0.0000049758
12331 0.0000046813
12521 0.0000046455
12570 0.0000040566
12597 0.0000033976
12681 0.0000032485
12811 0.0000026753
12905 0.0000024491
12967 0.0000022551
13081 0.0000022321
13260 0.0000020597
13283 0.0000014362
13441 0.0000012255
13609 0.0000011415
13626 0.0000011388
13695 0.0000010015
13727 0.0000005125
13988 0.0000004149
14705 0.0000002919
14878 0.0000002688
14881 0.0000002611
14961 0.0000002088
15121 0.0000001795
15360 0.0000001684
15378 0.0000001453
15440 0.0000000954
15642 0.0000000953
15662 0.0000000847
15781 0.0000000688
15857 0.0000000624
15941 0.0000000565
15975 0.0000000417
16042 0.0000000349
16142 0.0000000324
16332 0.0000000287
16339 0.0000000276
16407 0.0000000237
16421 0.0000000190
16563 0.0000000178
16654 0.0000000177
16673 0.0000000175
16678 0.0000000164
16698 0.0000000161
16718 0.0000000152
16761 0.0000000128
16796 0.0000000106
16844 0.0000000105
16847 0.0000000085
17055 0.0000000055
17269 0.0000000022
17340 0.0000000018
17399 0.0000000014
17488 0.0000000012
17628 0.0000000010
17760 0.0000000009
18009 0.0000000006
18044 0.0000000006
18076 0.0000000006
18162 0.0000000005
18188 0.0000000003
18504 0.0000000002
18638 0.0000000001
18682 0.0000000001
18819 0.0000000001
19020 0.0000000001
19031 0.0000000001
19043 0.0000000001
19065 0.0000000001
19074 0.0000000001
19194 0.0000000000
19197 0.0000000000
19223 0.0000000000
19602 0.0000000000
19798 0.0000000000
19951 0.0000000000
20058 0.0000000000
20060 0.0000000000
20061 0.0000000000
20177 0.0000000000
20264 0.0000000000
20479 0.0000000000
20523 0.0000000000
20571 0.0000000000
20707 0.0000000000
20733 0.0000000000
20759 0.0000000000
20768 0.0000000000
20771 0.0000000000
20951 0.0000000000
21366 0.0000000000
21798 0.0000000000
evaluations raw_y
1 72973615.4094726443
5 69159384.5042351037
6 45705960.5634863749
18 38369909.5264790431
23 27892294.2512695976
24 14009073.7963029798
35 12426236.4752940051
50 12216693.2505008392
59 11744619.2553796452
73 10021605.3690406494
89 2466962.1023782250
99 2098761.6307729348
123 1872789.4301542118
127 1646664.2611502509
140 1471551.7930443494
173 1282797.3738321308
216 787575.4808501056
249 730710.9428881642
261 528079.6465118416
273 120603.4198685535
314 71637.1986655949
317 65697.0343572395
371 63350.7858275226
381 57501.6902740891
384 12097.6900599102
402 9166.4631942070
440 4692.8022759165
457 3490.3682047224
552 2323.7905327110
564 1034.1329288837
641 378.4957064771
738 320.1676195916
772 272.5398340726
782 207.3652859588
888 38.2537036081
1172 37.0139987593
1249 11.0789676870
1420 7.5014762888
1492 7.1369928737
1599 6.7988951310
1617 4.8053486623
1665 4.4424143056
1688 4.0310109017
1770 4.0292806521
1779 3.4207203596
1965 3.3406880831
2162 3.3167329619
2244 3.2602387877
2296 3.2183211559
2328 3.1690446275
2377 3.1478760851
2416 3.1234865996
2595 3.1219330642
2768 3.1122320347
2774 3.1120471696
2820 3.1103316885
2834 3.0760351038
2871 3.0368430749
3005 3.0247880908
3142 2.9861085094
3152 2.9543126112
3191 2.8298951693
3457 2.7277782265
3602 2.6996825030
3708 2.6143603163
3767 2.5950881315
3792 2.5934907070
3825 2.5927377798
3852 2.5475765557
3888 2.5034783405
3921 2.4305824257
3926 2.4023164142
3984 2.1658985481
4165 1.9915431321
4611 1.8559215768
4938 1.8316426982
4962 1.7944000906
5045 1.7541038566
5057 1.7061996424
5140 1.6967634412
5182 1.6692842436
5330 1.6162390445
5357 1.5980328551
5439 1.5358540001
5605 1.5282712782
5642 1.4308369464
5761 1.3620052564
5788 1.3609073696
5814 1.3018106137
6049 1.2751925875
6170 1.2441708574
6216 1.2327805998
6257 1.2279099773
6351 1.1904836254
6412 1.1812989582
6462 1.1474105166
6538 1.1373437633
6607 1.1111695834
6639 1.0939088597
6697 1.0812930737
6747 1.0549655100
6850 0.9725705608
6894 0.9467663532
6941 0.9181476570
6989 0.8712298496
7153 0.8588517273
7165 0.8489511210
7193 0.8487676370
7298 0.8179796274
7316 0.7564048058
7556 0.7140472802
7831 0.6952283398
7917 0.6937787700
7974 0.6803980479
8013 0.6070888245
8349 0.5901303032
8391 0.5662776597
8523 0.5427653285
8595 0.5345791434
8606 0.5204983983
8662 0.4915802198
8849 0.4886957989
8894 0.4698252765
8918 0.4183210228
9015 0.4069324546
9075 0.3859798087
9136 0.3704233917
9298 0.3696928150
9299 0.3582590191
9714 0.3525672751
9717 0.3427683205
9725 0.3404003923
9789 0.3383188065
9830 0.3262469847
9850 0.3190580703
9906 0.3101313436
9927 0.3007104515
10078 0.2995722849
10108 0.2960677342
10126 0.2938198043
10172 0.2860018558
10198 0.2821072117
10239 0.2816383989
10281 0.2699021872
10288 0.2601831311
10315 0.2236858561
10390 0.2083506852
10633 0.2048658995
10859 0.1939273742
10962 0.1917570809
11000 0.1886364270
11033 0.1738383908
11074 0.1680188609
11115 0.1407466727
11357 0.1302406253
11424 0.1298428025
11429 0.1035494785
11530 0.1010431861
11688 0.0949776081
11695 0.0813080933
11718 0.0803121614
12296 0.0784796461
12328 0.0725577544
12397 0.0636526611
12617 0.0628703983
12655 0.0588258610
12691 0.0584188292
12713 0.0562661524
12718 0.0514406266
12754 0.0399195552
13186 0.0368771904
13282 0.0329815153
13370 0.0269344245
13496 0.0238414033
13522 0.0196028333
13723 0.0131213268
13832 0.0127235391
13864 0.0119936940
14003 0.0093561567
14300 0.0080348678
14323 0.0072992865
14352 0.0065095600
14461 0.0062674409
14513 0.0049053157
14595 0.0036906645
14781 0.0034557797
14977 0.0031063270
14984 0.0030905448
15058 0.0029622430
15068 0.0027410770
15163 0.0027223503
15201 0.0026410339
15244 0.0025552463
15281 0.0024591235
15314 0.0023412249
15422 0.0022624789
15439 0.0022176727
15478 0.0020314310
15547 0.0019463008
15665 0.0018003115
15721 0.0015325204
15877 0.0015301128
15884 0.0010891809
16130 0.0010485215
16229 0.0009634249
16329 0.0009022451
16344 0.0008392136
16354 0.0007279742
16589 0.0006990591
16608 0.0006030090
16718 0.0004890857
16985 0.0003948250
17064 0.0003829235
17129 0.0003555010
17152 0.0002842184
17235 0.0002676487
17459 0.0001885038
17592 0.0001794467
17822 0.0001742167
17864 0.0001710509
17912 0.0001606327
17918 0.0001450452
17956 0.0001394852
18076 0.0001133830
18234 0.0001024928
18445 0.0000906712
18543 0.0000782542
18592 0.0000646781
18707 0.0000619950
18730 0.0000588304
18787 0.0000586459
18820 0.0000578573
18861 0.0000543588
18876 0.0000468747
18953 0.0000463101
19006 0.0000449050
19025 0.0000323950
19336 0.0000307552
19374 0.0000290020
19400 0.0000287735
19424 0.0000280539
19454 0.0000245241
19540 0.0000200078
19566 0.0000196272
19585 0.0000163153
19741 0.0000155592
19757 0.0000151684
19831 0.0000132223
20159 0.0000114002
20237 0.0000071268
20336 0.0000063205
20546 0.0000062455
20584 0.0000059850
20610 0.0000056957
20622 0.0000053544
20670 0.0000043782
20688 0.0000038964
20890 0.0000036277
20900 0.0000032272
20981 0.0000025857
21073 0.0000024108
21143 0.0000017096
21232 0.0000012230
21503 0.0000008745
21668 0.0000007569
21906 0.0000005588
22049 0.0000005298
22143 0.0000005078
22185 0.0000002743
22316 0.0000002455
22399 0.0000001923
22438 0.0000001819
22445 0.0000001387
22460 0.0000001136
22768 0.0000000929
22863 0.0000000813
23026 0.0000000736
23039 0.0000000732
23056 0.0000000687
23072 0.0000000622
23082 0.0000000587
23151 0.0000001021
evaluations raw_y
1 526737247.4634055495
2 42803555.1770489067
14 42181825.3646245375
23 14764997.8361062538
37 4099954.8749501840
95 2984105.2642964292
120 1711478.4355471437
144 1094184.7537161782
170 737930.5809353043
227 157355.1827508731
287 141782.4140979430
302 66215.9771520556
342 18720.8475996487
358 16021.1826477834
403 5409.4386471666
470 4547.4043740444
498 4124.3519069456
502 3548.0701408967
563 654.7520020223
790 239.6587526151
863 111.6318913869
969 67.7859010432
1129 63.1996038569
1131 53.9595518287
1184 38.6322775796
1248 37.7604747184
1260 37.1803997391
1262 32.3005505550
1268 20.8546170260
1293 14.2502109837
1329 8.1230590840
1386 2.2524800125
1526 1.9544238530
1600 1.4334646140
1628 0.9295389603
1675 0.6732554387
1828 0.3765356075
1846 0.3656038227
1901 0.3229607146
2000 0.2146360290
2020 0.2029282189
2031 0.1810336947
2043 0.0548541474
2246 0.0422813495
2331 0.0394417592
2471 0.0355380461
2576 0.0327996808
2762 0.0326435575
2804 0.0324547234
2884 0.0324269529
2948 0.0316559919
3333 0.0316421127
3402 0.0316162343
3422 0.0315893221
3435 0.0315826335
3518 0.0314644406
3648 0.0314587159
3680 0.0314514587
3736 0.0313148664
3872 0.0312555879
3903 0.0311195786
3950 0.0310900756
4165 0.0309178892
4179 0.0307825478
4210 0.0306674598
4370 0.0299246067
4567 0.0293321428
4613 0.0288358990
4672 0.0281322206
4690 0.0275672748
4779 0.0269472130
4839 0.0267959353
4867 0.0261687040
4914 0.0245000472
5084 0.0236253010
5169 0.0224122588
5221 0.0216649937
5223 0.0175019161
5284 0.0167807117
5435 0.0114450710
5664 0.0096092977
5747 0.0091238330
5861 0.0070230068
5975 0.0063663946
6049 0.0054626519
6075 0.0044162552
6113 0.0042847650
6218 0.0034052229
6231 0.0033367474
6404 0.0026874471
6504 0.0024783966
6719 0.0022538110
6796 0.0021190755
6849 0.0020300551
6966 0.0018565387
7058 0.0017298171
7078 0.0016494088
7106 0.0016277717
7182 0.0015880333
7264 0.0013024873
7420 0.0012198613
7425 0.0011458500
7456 0.0011162568
7493 0.0010167565
7646 0.0009874774
7672 0.0008759994
7868 0.0008006663
7973 0.0007144186
8061 0.0006181070
8084 0.0005422720
8154 0.0005401136
8267 0.0004397869
8454 0.0004259194
8511 0.0003154435
8528 0.0002710834
8845 0.0001424996
8996 0.0001159735
9176 0.0001137558
9240 0.0001029199
9687 0.0000975513
9748 0.0000939014
9793 0.0000881219
9799 0.0000753595
10017 0.0000738675
10068 0.0000680706
10110 0.0000675596
10128 0.0000660218
10130 0.0000540971
10217 0.0000446008
10377 0.0000370627
10379 0.0000366244
10384 0.0000303328
10552 0.0000281321
10555 0.0000245119
10713 0.0000208308
10872 0.0000197996
10931 0.0000124855
11010 0.0000124682
11069 0.0000105562
11471 0.0000103706
11539 0.0000101964
11556 0.0000089876
11568 0.0000087243
11583 0.0000086064
11586 0.0000066860
11721 0.0000047869
11774 0.0000041000
11836 0.0000029842
11935 0.0000020900
12048 0.0000013342
12262 0.0000012028
12859 0.0000009969
12921 0.0000007425
13061 0.0000006802
13113 0.0000004831
13380 0.0000004744
13431 0.0000003343
13484 0.0000003196
13609 0.0000003013
13631 0.0000002562
13769 0.0000002559
13809 0.0000002315
13848 0.0000002199
13928 0.0000001686
13958 0.0000001366
14005 0.0000001188
14149 0.0000001045
14309 0.0000000713
14451 0.0000000295
14631 0.0000000194
14887 0.0000000193
15146 0.0000000180
15172 0.0000000077
15245 0.0000000072
15571 0.0000000045
15707 0.0000000035
15729 0.0000000029
15936 0.0000000011
16062 0.0000000011
16129 0.0000000011
16287 0.0000000008
16418 0.0000000004
16421 0.0000000004
16722 0.0000000003
16773 0.0000000001
16940 0.0000000001
16976 0.0000000001
17254 0.0000000000
17260 0.0000000000
17343 0.0000000000
17468 0.0000000000
17487 0.0000000000
17507 0.0000000000
17788 0.0000000000
17864 0.0000000000
17994 0.0000000000
18130 0.0000000000
18226 0.0000000000
18287 0.0000000000
18376 0.0000000000
18385 0.0000000000
18505 0.0000000000
18527 0.0000000000
18687 0.0000000000
18819 0.0000000000
19026 0.0000000000
19081 0.0000000000
19119 0.0000000000
19167 0.0000000000
19722 0.0000000000
evaluations raw_y
1 2486674819.9388480186
2 327904359.5655977726
3 140976662.8147590160
6 130430374.2244717181
7 62806745.5502868146
12 62794072.2088840976
14 37242587.8611416891
22 31284763.4943436384
24 28947761.9726916812
35 23808160.3990009055
36 20501865.5231487975
55 4841290.3765699202
76 3877951.8638534988
109 1288174.7173854301
162 1173893.1324816318
225 12231.3756668941
373 1218.4074315802
579 895.4667246747
655 199.9453472537
835 160.2397833238
876 146.4815368768
899 60.6563094085
999 30.1774642404
1118 28.7732233678
1186 4.6742418464
1281 2.8053387191
1580 2.4710082267
1651 2.3455671985
1728 1.3288923920
1732 1.3127913033
1775 1.2896283871
1834 1.0443837109
1850 0.8811213779
1939 0.8036555506
2029 0.7957138530
2078 0.7774227562
2133 0.7292348803
2233 0.7262922735
2234 0.7239023161
2264 0.6695456602
2271 0.6410679617
2357 0.6263312821
2660 0.6246803873
2744 0.6235866752
2791 0.6232750417
2826 0.6229391336
2888 0.6217971555
2934 0.6217185842
3027 0.6212672275
3041 0.6211380833
3048 0.6209826313
3099 0.6205480559
3126 0.6204838123
3159 0.6184545679
3202 0.6182573086
3323 0.6181383219
3365 0.6158737820
3469 0.6155743779
3541 0.6120290437
3574 0.6110838463
3586 0.6095452440
3620 0.6050099022
3839 0.6012847625
3871 0.5968587916
3948 0.5958102907
3985 0.5889206589
4005 0.5783485722
4089 0.5709563117
4207 0.5698463746
4223 0.5506462812
4229 0.5397198852
4375 0.5147235953
4490 0.5083853672
4522 0.4744488401
4561 0.4520167612
4598 0.4228150946
4607 0.3870824439
4873 0.3209983536
4983 0.3205451009
5084 0.3112947480
5260 0.2901805891
5396 0.2628126443
5427 0.2557138475
5466 0.2465282854
5505 0.2080493049
5648 0.1947052089
5777 0.1776528648
5843 0.1531739546
6110 0.1198522099
6203 0.0997221464
6648 0.0972756174
6689 0.0849771028
6908 0.0764130101
6999 0.0733899753
7039 0.0690712050
7098 0.0648492837
7130 0.0618616400
7184 0.0608664626
7198 0.0532322575
7242 0.0403068723
7320 0.0400169653
7450 0.0208553103
7689 0.0192544121
7855 0.0169502086
7904 0.0166177508
7925 0.0106720898
8047 0.0102710560
8085 0.0081440226
8133 0.0067457895
8200 0.0057188800
8411 0.0051312885
8435 0.0046592966
8554 0.0044328701
8669 0.0033128903
8748 0.0025734402
8890 0.0024402874
8903 0.0016701137
9145 0.0013351047
9211 0.0011740447
9215 0.0011700514
9235 0.0008563949
9492 0.0008376925
9505 0.0006087582
9665 0.0005731047
9679 0.0005078058
9727 0.0004309073
9751 0.0004066229
9866 0.0003759195
9989 0.0003057231
10112 0.0002922649
10261 0.0002804442
10264 0.0002719236
10281 0.0002588009
10303 0.0002243948
10326 0.0001950890
10361 0.0001831310
10381 0.0001555412
10564 0.0001426399
10600 0.0001012026
10873 0.0000759125
11113 0.0000726809
11146 0.0000643911
11150 0.0000604188
11232 0.0000496493
11291 0.0000462963
11436 0.0000436936
11484 0.0000393590
11487 0.0000375210
11529 0.0000298461
11607 0.0000240440
11645 0.0000220358
11658 0.0000206270
11807 0.0000200079
11921 0.0000142263
11955 0.0000122469
12027 0.0000103396
12118 0.0000095418
12226 0.0000079900
12290 0.0000055701
12300 0.0000055265
12450 0.0000049336
12452 0.0000037495
12454 0.0000031479
12532 0.0000027476
12708 0.0000021591
12716 0.0000020154
12828 0.0000015514
12847 0.0000015481
12911 0.0000013933
12918 0.0000012491
12947 0.0000005593
13161 0.0000004454
13253 0.0000004207
13321 0.0000002521
13739 0.0000001385
13860 0.0000000377
14021 0.0000000372
14163 0.0000000132
14469 0.0000000092
14533 0.0000000073
14705 0.0000000069
14709 0.0000000057
14728 0.0000000043
14936 0.0000000040
14986 0.0000000036
15148 0.0000000029
15153 0.0000000017
15183 0.0000000016
15227 0.0000000013
15420 0.0000000009
15426 0.0000000002
15823 0.0000000000
15838 0.0000000000
16070 0.0000000000
16367 0.0000000000
16558 0.0000000000
16611 0.0000000000
16653 0.0000000000
16684 0.0000000000
16714 0.0000000000
16869 0.0000000000
17022 0.0000000000
17124 0.0000000000
17151 0.0000000000
17300 0.0000000000
17389 0.0000000000
17548 0.0000000000
17586 0.0000000000
17594 0.0000000000
17677 0.0000000000
17772 0.0000000000
17782 0.0000000000
17869 0.0000000000
17980 0.0000000000
18344 0.0000000000
18659 0.0000000000
evaluations raw_y
1 193508336.7519640326
10 169836622.9103281200
11 146768369.8257811666
18 83435652.1722081304
22 77267693.2195296884
24 49195276.0269965455
27 39879971.1788629815
40 35124153.4321473464
41 27803152.1231052801
42 17737261.0087575875
47 17543619.2899776399
63 13644195.3312031552
74 5759411.0807655109
130 3431676.8917987808
193 877908.9024464453
215 842922.8320876996
222 659460.1030606447
266 638699.6480867255
268 400654.6911696743
270 217320.2165903368
280 150992.8020375132
293 108911.9202605988
302 78442.0308270450
330 67925.5685440654
332 58991.5216104483
388 54621.3500693000
399 48783.7706003528
407 28840.4249132299
434 18186.9896521291
484 17966.3212191675
501 6191.1312949933
534 2606.9563203763
548 1083.9930351942
642 648.5146976651
825 547.9076227197
902 239.1327238741
936 145.5884086378
942 114.1195053981
1113 105.8683491789
1147 68.6457004983
1322 35.5617586348
1350 20.7886154166
1610 19.3303022905
1611 14.3654896787
1646 9.8629663708
1755 3.5703930943
1793 3.4396130492
1994 2.3162135549
2083 2.0288962015
2095 1.6712270192
2149 1.4428199422
2167 1.3838626008
2322 1.3760226105
2340 1.1715099465
2457 1.1618215409
2586 1.1412257795
2637 1.1160584114
2742 1.0941564615
2824 1.0888274537
2932 1.0821622490
3090 1.0713486776
3147 1.0670304811
3189 1.0603514413
3241 1.0498284217
3256 1.0491901473
3288 1.0421911397
3307 1.0192697993
3327 0.9952397719
3357 0.9688199847
3375 0.9549385036
3573 0.9471888678
3614 0.9306986856
3624 0.9121996856
3683 0.9044608150
3689 0.8674383059
3959 0.8628776480
3979 0.8454513430
3992 0.8318864661
4001 0.8206279177
4036 0.8046161244
4070 0.7993789422
4200 0.7989304110
4213 0.7648695597
4373 0.7431690058
4418 0.7428011290
4465 0.7380810877
4496 0.7323197180
4546 0.7050783268
4595 0.7026097861
4704 0.6977249569
4724 0.6554724017
4852 0.6220288124
4977 0.6012969265
5110 0.5989968307
5130 0.5848981482
5133 0.5816348261
5185 0.5784812702
5264 0.5642822463
5360 0.5560360973
5368 0.5371053104
5373 0.5143424796
5457 0.5005394620
5659 0.4783524267
5706 0.4656973305
5767 0.4455091472
5824 0.4345612095
6106 0.4321074158
6297 0.4309064296
6302 0.4271266087
6326 0.4245535894
6352 0.4048771751
6412 0.3965140501
6506 0.3917250299
6529 0.3902044499
6547 0.3844429827
6606 0.3781206977
6652 0.3728776349
6684 0.3436043968
6712 0.3331394752
6975 0.3322170076
7096 0.3221374856
7178 0.3125691496
7275 0.3067327546
7313 0.2701567038
7663 0.2685974107
7695 0.2591407922
7724 0.2466785883
7834 0.2453338921
7932 0.2450166596
7963 0.2329233989
8060 0.2179626031
8085 0.2066172841
8230 0.2043308960
8252 0.1916353371
8257 0.1828482931
8322 0.1696785630
8503 0.1614104369
8783 0.1606411979
8859 0.1462801607
8936 0.1444068466
8988 0.1423574242
9010 0.1369708189
9076 0.1352491815
9151 0.1322709093
9162 0.1274403328
9173 0.1265095905
9177 0.1251334481
9187 0.1222577033
9193 0.1218107507
9203 0.1181808664
9237 0.1079651217
9407 0.1030885297
9521 0.0951150670
9699 0.0943655509
9748 0.0878895852
9971 0.0872188007
10196 0.0804027207
10244 0.0786857808
10291 0.0761011680
10334 0.0691902989
10383 0.0650160087
10436 0.0609379559
10571 0.0584812456
10660 0.0574743473
10794 0.0574463246
10844 0.0513264636
10857 0.0502338379
10861 0.0469709807
10963 0.0442018815
11006 0.0415201968
11018 0.0373626812
11121 0.0352681078
11237 0.0325973979
11265 0.0290636137
11426 0.0282903394
11521 0.0277020475
11548 0.0247957115
11587 0.0210546267
11633 0.0168564630
11983 0.0136542538
12064 0.0135869440
12137 0.0135421607
12237 0.0125659639
12248 0.0110721849
12381 0.0103352298
12403 0.0101948423
12452 0.0100516253
12484 0.0072912458
12760 0.0067305943
12780 0.0065871226
12837 0.0061435446
12872 0.0057919407
13121 0.0053492448
13134 0.0050929752
13214 0.0045349640
13353 0.0042869888
13366 0.0037937198
13415 0.0035945465
13479 0.0029312051
13747 0.0028863584
13754 0.0027670510
13780 0.0024923775
13933 0.0021567539
14084 0.0020658995
14132 0.0017676626
14357 0.0017402540
14368 0.0017195013
14398 0.0015941173
14435 0.0015776028
14488 0.0015373538
14496 0.0014034303
14559 0.0011762477
14629 0.0011368465
14668 0.0009308081
15297 0.0008786745
15345 0.0008238450
15390 0.0007492712
15415 0.0007035702
15519 0.0005529626
15675 0.0004808046
15735 0.0004711494
15842 0.0003993164
15873 0.0003979168
15906 0.0003479657
16053 0.0003347896
16061 0.0003324115
16134 0.0003277047
16266 0.0003105621
16317 0.0002683528
16332 0.0002620592
16436 0.0002261967
16522 0.0001948865
16523 0.0001885637
16811 0.0001812343
16929 0.0001793149
16936 0.0001421364
17223 0.0001385500
17419 0.0001260036
17505 0.0001142189
17552 0.0001136677
17568 0.0001069219
17620 0.0001025713
17641 0.0000931130
17825 0.0000827977
17896 0.0000804496
17960 0.0000670639
18115 0.0000664729
18175 0.0000607595
18182 0.0000597840
18326 0.0000576925
18356 0.0000499972
18496 0.0000451328
18519 0.0000414736
18621 0.0000395441
18654 0.0000394747
18661 0.0000389564
18754 0.0000340274
18844 0.0000304800
18899 0.0000300754
18917 0.0000248351
18987 0.0000237189
19149 0.0000211339
19157 0.0000209373
19205 0.0000208389
19251 0.0000194271
19267 0.0000165766
19269 0.0000161057
19443 0.0000154010
19447 0.0000152682
19481 0.0000143965
19573 0.0000140139
19610 0.0000126000
19835 0.0000125574
19841 0.0000124266
19910 0.0000121052
19942 0.0000110724
19975 0.0000107354
20015 0.0000103171
20059 0.0000088709
20086 0.0000081843
20216 0.0000081531
20336 0.0000078205
20374 0.0000077560
20384 0.0000051490
20562 0.0000045994
20692 0.0000039612
20771 0.0000036424
20927 0.0000034169
20939 0.0000032992
21085 0.0000032603
21269 0.0000031049
21272 0.0000026052
21301 0.0000024277
21322 0.0000022934
21356 0.0000020501
21381 0.0000018020
21717 0.0000016712
21744 0.0000013529
21976 0.0000012084
21997 0.0000011884
22035 0.0000010603
22146 0.0000010004
22241 0.0000008471
22328 0.0000007668
22345 0.0000007595
22346 0.0000007284
22352 0.0000007040
22390 0.0000004771
22635 0.0000004141
22662 0.0000002596
22930 0.0000013954
evaluations raw_y
1 19235052.2171280682
20 16298565.6139535084
22 8981765.4844192956
42 5582758.9390842402
71 5217861.1391891725
88 3804999.7005902492
100 2745625.5574808381
111 1817927.3972000768
145 1596544.0042481660
156 1431571.0143966249
169 858469.6220386215
197 482026.9726114520
241 163005.2283317175
266 66455.6183572742
322 47148.6687606373
328 24389.0899570598
373 1014.5072848096
611 877.8373589351
617 681.4872816734
650 560.8065311064
654 134.0209007774
861 102.0386901366
924 81.2651635398
988 69.9101781549
1011 40.9935273471
1063 19.7544894022
1142 19.6159663227
1484 18.3726473473
1725 18.1950877730
1768 17.0415463860
1778 16.7871998429
1906 16.5104610246
2064 16.4038726703
2194 16.3257679029
2255 16.1903678750
2400 16.1508144735
2497 15.9438580984
2704 15.9386723836
2742 15.6272051951
2788 15.4942334398
2816 15.1376744250
2844 14.7944448716
2946 14.2747375312
3025 13.4287049683
3041 12.9441170051
3175 12.0838552995
3193 11.8785673586
3225 11.7394153535
3310 9.0626304585
3351 7.8759800645
3362 5.5398429323
3629 3.3550267191
3727 1.1083025572
3925 1.0503944516
4037 0.5265786426
4282 0.1791222982
4301 0.1206043368
4444 0.0257229248
4772 0.0211298693
4946 0.0198775089
4962 0.0106667316
5032 0.0072709946
5169 0.0066702620
5251 0.0022711481
5326 0.0020490131
5452 0.0016551302
5529 0.0013122226
5588 0.0008489606
5630 0.0004072883
5765 0.0000968045
6037 0.0000297998
6371 0.0000162800
6482 0.0000138808
6523 0.0000112448
6655 0.0000076951
6707 0.0000065839
6749 0.0000016217
6955 0.0000013173
7007 0.0000008587
7125 0.0000006213
7188 0.0000003383
7307 0.0000002347
7351 0.0000002172
7376 0.0000000105
7769 0.0000000041
8235 0.0000000029
8297 0.0000000029
8324 0.0000000028
8364 0.0000000025
8375 0.0000000013
8416 0.0000000007
8429 0.0000000004
8668 0.0000000004
8722 0.0000000003
8725 0.0000000003
8794 0.0000000002
8824 0.0000000002
8848 0.0000000002
8875 0.0000000002
8889 0.0000000002
8902 0.0000000001
8931 0.0000000001
8934 0.0000000001
9048 0.0000000000
9089 0.0000000000
9143 0.0000000000
9296 0.0000000000
9348 0.0000000000
9395 0.0000000000
9435 0.0000000000
9582 0.0000000000
9610 0.0000000000
9621 0.0000000000
9683 0.0000000000
9817 0.0000000000
9866 0.0000000000
9885 0.0000000000
9921 0.0000000000
9975 0.0000000000
10106 0.0000000000
10127 0.0000000000
10328 0.0000000000
10479 0.0000000000
10761 0.0000000000
11122 0.0000000000
evaluations raw_y
1 225440434.1204763055
2 48214819.7291213423
9 34799868.2389274016
11 17689915.9823055193
13 16531816.3441469446
16 12579865.8458227031
21 6180687.4947783090
23 3119301.8461059630
39 508404.0320471900
154 265499.4271713718
181 59330.6417857787
273 38211.4864248982
279 28025.8365965109
290 5884.0072489288
432 2427.0233687785
557 1098.7395980877
584 790.1579840612
660 405.8018974328
757 366.7534381445
779 320.4048601507
780 62.3222862507
1093 56.5095592425
1109 33.1440801505
1274 32.8574512899
1335 30.1006789745
1397 24.5495759544
1426 23.8539268289
1541 21.0338259112
1724 20.8258621995
1822 20.5665796785
1879 20.5251082484
2059 20.3100413387
2291 20.2505083107
2425 20.2437677056
2430 20.2404765500
2502 20.2248663101
2614 20.2156960394
2823 20.2145268423
2855 20.2046125076
2874 20.1978736749
2943 20.1821486964
3087 20.1632547576
3134 20.1563276742
3136 20.1491679168
3138 20.1422795554
3173 20.0749775484
3235 20.0562888534
3310 19.9785686567
3595 19.8638959714
3728 19.8444904230
3739 19.8017188058
3761 19.7447870483
3804 19.7179973714
3868 19.7118292323
3910 19.6148293329
3911 19.6040809990
3932 19.5436090247
4000 19.5118752123
4005 19.4113668934
4029 19.2817890812
4079 19.2585767793
4088 19.1840685438
4126 19.0726025951
4169 18.8948836548
4181 18.8864523811
4205 18.7568796183
4219 18.4004981700
4258 18.0982626721
4279 17.6964161771
4442 15.4470679834
4622 14.7388549268
4637 13.4053642448
4755 12.8128446112
4786 12.7236124471
4838 9.4822100439
4864 8.9773589602
4939 8.0499514045
5004 7.7251480355
5070 7.6636621046
5072 7.4455492657
5081 6.4496547824
5153 5.6515700388
5241 5.5859156279
5244 5.4575906397
5258 4.7400177891
5291 4.2307183312
5372 3.8523219361
5381 2.9355779371
5386 1.7146111951
5428 1.5379588408
5458 1.0221304153
5629 0.5928073923
5782 0.2887222958
5848 0.2468532386
5910 0.2068369003
5974 0.1896224169
6028 0.1893744618
6033 0.0621274502
6055 0.0555125440
6184 0.0367356316
6311 0.0285454860
6368 0.0211481114
6389 0.0161240141
6452 0.0040511124
6481 0.0034074601
6769 0.0023222551
6808 0.0014250086
6821 0.0013065114
6941 0.0012959157
6964 0.0009061183
7015 0.0005131893
7096 0.0004367302
7239 0.0002368441
7265 0.0002144293
7303 0.0001963774
7384 0.0000631791
7494 0.0000515288
7606 0.0000398286
7638 0.0000213150
7679 0.0000148747
7781 0.0000096213
7976 0.0000053068
8070 0.0000032568
8095 0.0000031131
8108 0.0000017455
8342 0.0000009294
8410 0.0000008830
8414 0.0000008794
8441 0.0000003693
8460 0.0000002538
8499 0.0000002526
8569 0.0000000322
8822 0.0000000306
8980 0.0000000240
9043 0.0000000088
9175 0.0000000069
9325 0.0000000045
9398 0.0000000030
9466 0.0000000023
9479 0.0000000018
9552 0.0000000014
9641 0.0000000002
9894 0.0000000002
9938 0.0000000002
9986 0.0000000001
10087 0.0000000000
10169 0.0000000000
10243 0.0000000000
10380 0.0000000000
10624 0.0000000000
10712 0.0000000000
10937 0.0000000000
11037 0.0000000000
11202 0.0000000000
11282 0.0000000000
11415 0.0000000000
11885 0.0000000000
evaluations raw_y
1 4600587041.8284626007
2 4500061432.1866283417
4 3183800521.8762450218
5 2171975589.9457292557
7 657817022.5829862356
8 628032825.6902352571
9 543745670.4548777342
11 483538031.9942461252
12 125280804.8776574731
16 43331364.1135431379
18 36705362.2604624256
19 26807896.0573828891
27 2221324.8103360250
204 1828778.3740495518
243 1313470.8950484656
280 586573.1833913719
297 268021.4404735129
321 153429.3136190456
330 66137.0673426780
341 42938.3588246296
469 27377.3530738933
491 4576.6060567719
563 3563.2359558707
571 3395.0283015512
608 2620.5957738136
625 1980.8028372034
658 538.4152385709
730 463.6783521594
793 241.0912950936
891 173.6079149615
927 64.7705672295
954 38.8944403106
1236 30.0661466837
1299 24.6799733740
1447 18.2066033126
1449 11.6946258937
1463 8.6508452461
1542 5.8131086603
1588 4.9558911749
1660 3.0633647096
1741 1.7170331881
1783 1.5616972987
2008 1.5251561143
2064 1.4956053684
2236 1.4427235549
2327 1.4386942754
2359 1.4041126093
2368 1.3509840243
2435 1.3475687651
2476 1.2906112160
2690 1.2772274377
2865 1.2672366134
2951 1.2645177056
2998 1.2597495801
3001 1.2509172227
3006 1.2224109259
3040 1.2080162532
3077 1.1801047451
3087 1.1771410162
3128 1.1684332325
3212 1.1599070168
3307 1.0712502336
3400 1.0507455305
3430 1.0010417520
3433 0.9330249354
3468 0.7466668315
3619 0.6907648350
3780 0.6753086803
3793 0.5404697465
3893 0.5113848596
3934 0.2901423412
4073 0.1738736708
4204 0.1551278781
4207 0.1449463413
4254 0.1088681291
4434 0.0725967184
4485 0.0672597516
4673 0.0425665171
4749 0.0281549492
4832 0.0252171717
4862 0.0208425570
5051 0.0160156413
5055 0.0126214606
5085 0.0087849929
5288 0.0074293651
5347 0.0064751252
5353 0.0064066924
5411 0.0056308714
5462 0.0054149425
5488 0.0035532593
5609 0.0032346510
5625 0.0017615717
5712 0.0015319421
5893 0.0004777912
6401 0.0003375470
6500 0.0002927646
6610 0.0002838979
6668 0.0002640504
6703 0.0002276614
6707 0.0002074510
6744 0.0001525118
6844 0.0001450929
6885 0.0001363937
6894 0.0000595216
7184 0.0000525567
7266 0.0000483857
7276 0.0000438125
7379 0.0000237093
7483 0.0000199569
7563 0.0000163761
7615 0.0000121031
7745 0.0000092164
7774 0.0000073929
7907 0.0000037451
7921 0.0000037192
8157 0.0000028985
8176 0.0000023328
8282 0.0000017521
8400 0.0000016620
8403 0.0000010075
8419 0.0000005223
8551 0.0000004351
8851 0.0000003544
8887 0.0000002291
8918 0.0000001922
8961 0.0000001273
9031 0.0000001063
9158 0.0000000786
9161 0.0000000534
9438 0.0000000429
9448 0.0000000178
9671 0.0000000176
9674 0.0000000068
9680 0.0000000038
9878 0.0000000025
10149 0.0000000021
10230 0.0000000010
10403 0.0000000009
10471 0.0000000005
10481 0.0000000003
10745 0.0000000002
10816 0.0000000001
10835 0.0000000000
11038 0.0000000000
11222 0.0000000000
11281 0.0000000000
11296 0.0000000000
11302 0.0000000000
11582 0.0000000000
11619 0.0000000000
11700 0.0000000000
11773 0.0000000000
11854 0.0000000000
11966 0.0000000000
12016 0.0000000000
12068 0.0000000000
12136 0.0000000000
12191 0.0000000000
12210 0.0000000000
12251 0.0000000000
12269 0.0000000000
12462 0.0000000000
13087 0.0000000000
evaluations raw_y
1 52810514.5859446228
3 43222181.9391378835
4 39078853.3475904539
5 30794560.8135813698
11 28025555.1822943166
14 27785248.2994289696
17 9559203.2640622761
21 6631935.3053777106
28 6197188.6427166453
42 2396386.8768966370
87 540926.2599153513
131 256887.4219530064
148 84660.9971455803
226 72264.8914183555
231 67462.7316607214
240 49877.7637906628
261 48110.2774371194
286 27126.0109588846
304 26718.3137142941
322 15937.7637166391
344 2652.6182871428
425 1762.1271211034
464 757.9796138440
508 584.5112163467
575 352.9040922419
794 275.9089450442
805 257.8416799815
851 248.2568747983
900 209.2991795298
926 130.0476077360
947 85.3522124596
1050 67.2072467070
1064 47.3466273149
1138 17.6582813293
1183 11.5769602450
1306 7.5677520294
1387 6.2871653319
1429 5.5600457275
1437 5.0708707899
1481 2.2735203697
1637 1.9211717811
1764 1.6631788680
1767 1.0556660225
1933 0.9616761485
2025 0.8448628255
2056 0.8285507765
2213 0.7951706712
2337 0.7807302012
2394 0.7657337428
2574 0.7624318757
2602 0.7560504520
2860 0.7559196232
3021 0.7546815525
3057 0.7529580633
3116 0.7528987638
3180 0.7481684172
3187 0.7468408374
3332 0.7426760096
3539 0.7181122788
3651 0.7159168958
3653 0.6999003336
3778 0.6816712318
3790 0.6794474986
3800 0.6771876098
3821 0.6545578491
4024 0.6307764681
4064 0.5900486459
4163 0.5691506467
4288 0.5060958746
4335 0.4541459719
4407 0.4516569801
4425 0.4391540662
4462 0.4032149745
4476 0.4009710132
4481 0.3945667933
4515 0.3911715356
4527 0.3771740510
4530 0.3697421567
4553 0.3198814857
4595 0.2646651134
4602 0.2254436707
4669 0.2055286768
4844 0.1937878572
4847 0.1853759908
4925 0.1674176563
4927 0.0950802099
5025 0.0701362425
5070 0.0670181373
5093 0.0468818941
5218 0.0416683032
5236 0.0384165173
5312 0.0136206221
5519 0.0114517044
5536 0.0070255456
5541 0.0052681611
5755 0.0052584473
5806 0.0024679008
5894 0.0008946210
6230 0.0008330916
6246 0.0005283291
6297 0.0004594471
6309 0.0004156434
6317 0.0003797910
6370 0.0002758332
6412 0.0002445539
6440 0.0000775082
6566 0.0000771384
6567 0.0000689207
6637 0.0000210471
6843 0.0000093115
6883 0.0000086130
7027 0.0000059763
7065 0.0000056425
7174 0.0000052170
7247 0.0000032998
7255 0.0000030108
7256 0.0000024028
7375 0.0000017811
7445 0.0000016626
7473 0.0000016500
7491 0.0000012606
7506 0.0000002858
7754 0.0000000667
8096 0.0000000664
8124 0.0000000471
8136 0.0000000372
8289 0.0000000277
8296 0.0000000268
8345 0.0000000183
8416 0.0000000172
8450 0.0000000094
8596 0.0000000087
8611 0.0000000069
8621 0.0000000057
8730 0.0000000056
8734 0.0000000025
8751 0.0000000011
8891 0.0000000007
8975 0.0000000005
9014 0.0000000004
9138 0.0000000003
9139 0.0000000002
9301 0.0000000002
9303 0.0000000001
9333 0.0000000001
9413 0.0000000001
9442 0.0000000000
9486 0.0000000000
9666 0.0000000000
9704 0.0000000000
9817 0.0000000000
9871 0.0000000000
9913 0.0000000000
9994 0.0000000000
9997 0.0000000000
10104 0.0000000000
10106 0.0000000000
10195 0.0000000000
10409 0.0000000000
10601 0.0000000000
10602 0.0000000000
10874 0.0000000000
10895 0.0000000000
10991 0.0000000000
11071 0.0000000000
11375 0.0000000000
11770 0.0000000000
evaluations raw_y
1 27123979.3442225084
4 22184540.4302345030
5 16568616.4316441379
9 11559375.2616045792
13 6619563.4503001319
23 2336785.5988648240
61 2081369.8197187204
99 1746109.0882744568
102 1446272.6772679605
112 1327080.2863580324
124 705493.8596555125
125 662082.6592755250
128 255686.5787214050
175 234443.3867000083
182 179662.4636759119
190 90150.6680493107
207 80987.2985843903
232 78390.2604555513
263 43923.3891532527
286 31027.1344490504
291 9242.3686272166
343 5091.5313295962
413 4819.6596679650
421 1645.9252033492
448 1322.2905889428
474 983.3102564933
487 379.1835368673
626 175.6626332404
891 168.2081585320
998 158.4239283779
1029 151.6041449704
1084 137.1558122698
1092 133.4969220506
1120 122.4427812823
1128 122.1538548720
1196 119.6312607514
1263 117.9342211701
1326 117.2656418166
1494 116.9545554208
1526 116.0378439795
1793 115.9542226128
2086 115.9427953868
2105 115.9273610958
2127 115.9246508277
2136 115.8826265062
2218 115.8677590041
2384 115.8468449129
2412 115.8417575474
2439 115.8393284959
2470 115.8356656465
2488 115.8235109626
2502 115.8172688586
2504 115.7904444553
2544 115.7282915379
2592 115.7258383592
2616 115.6541236014
2637 115.6272565649
2684 115.6131474182
2761 115.5599277885
2768 115.4828926803
2783 115.4370995719
2961 114.9681056904
3040 114.8221246467
3069 114.6007235872
3152 113.9867004559
3200 113.8225671360
3280 112.9986541838
3354 112.6136162944
3401 112.4071377950
3468 111.9987367468
3532 111.7643172148
3548 111.2301208019
3601 110.6828411673
3624 105.8771000808
3774 104.4036151563
3793 99.9884424703
3868 98.3170711938
3962 97.4673166231
3994 96.9597645465
4006 88.4220895823
4131 76.9255410897
4405 72.9755569402
4414 70.3052008043
4441 62.4222605981
4442 49.2010103367
4551 31.3058191305
4698 23.8196425222
4712 17.6262311580
4743 13.3555385418
4751 11.5459854948
4800 8.2007068246
4804 7.3354764747
4826 3.6753219853
4851 3.0595213359
4870 1.9983139935
4908 0.5684097631
4924 0.3365460101
5085 0.2394066321
5167 0.2006415172
5181 0.1859599235
5182 0.1511373362
5245 0.0654829223
5263 0.0225791443
5524 0.0131470186
5681 0.0128258506
5738 0.0066037028
5839 0.0048444053
5867 0.0047465751
5886 0.0016142362
6016 0.0010767505
6334 0.0006825214
6341 0.0004363019
6344 0.0003182109
6379 0.0001898872
6701 0.0001642040
6739 0.0000983982
6850 0.0000334600
7103 0.0000297365
7139 0.0000077394
7237 0.0000045998
7395 0.0000039328
7444 0.0000033554
7510 0.0000027325
7553 0.0000008370
7699 0.0000002959
7958 0.0000002553
7989 0.0000002453
8101 0.0000001376
8142 0.0000000488
8276 0.0000000484
8291 0.0000000483
8425 0.0000000425
8467 0.0000000205
8515 0.0000000146
8525 0.0000000059
8675 0.0000000019
8830 0.0000000017
9005 0.0000000014
9041 0.0000000006
9201 0.0000000006
9213 0.0000000005
9223 0.0000000003
9311 0.0000000002
9312 0.0000000002
9385 0.0000000001
9404 0.0000000001
9556 0.0000000001
9580 0.0000000000
9662 0.0000000000
9700 0.0000000000
9792 0.0000000000
9932 0.0000000000
10038 0.0000000000
10209 0.0000000000
10239 0.0000000000
10296 0.0000000000
10302 0.0000000000
10351 0.0000000000
10507 0.0000000000
10525 0.0000000000
10626 0.0000000000
10689 0.0000000000
11215 0.0000000000
evaluations raw_y
1 173920035.1611135900
3 57220795.2960131764
12 44933746.6021011174
23 38914948.7012664229
26 28747175.5028259531
42 27928638.9672030285
56 27856062.4142563194
61 18339748.3035782129
74 13330011.9681404848
84 12821953.1487070546
99 9244282.4557414912
120 4902624.7405520352
124 3762128.8948349683
134 2308286.5808357196
148 1281697.9289768604
163 323541.1986358089
230 287643.9001258411
250 164268.0855570460
290 161378.3935839677
296 12686.6932059186
361 12575.9176420131
419 11447.2380860410
444 7322.4986073982
497 4031.6946053389
508 3372.9617118219
512 2404.0421241070
550 1450.6398833655
560 1022.8342762461
648 491.9650379197
753 164.4361264248
1102 88.6565588989
1233 52.2298575202
1268 12.1538248434
1663 8.5431386998
1692 5.4527939271
1701 1.3063378554
2189 1.2986260436
2235 1.2400859930
2309 1.1669781810
2334 1.1520902045
2384 1.1314616540
2423 1.1207539903
2506 1.1014242283
2625 1.0934901745
2688 1.0911800241
2764 1.0888723317
3008 1.0885613582
3132 1.0882850159
3162 1.0882699004
3177 1.0882088570
3181 1.0881357081
3182 1.0878095529
3238 1.0876615617
3294 1.0876360763
3301 1.0872104779
3390 1.0870831328
3434 1.0865233732
3513 1.0864716082
3524 1.0855958186
3598 1.0848355309
3665 1.0821682482
3790 1.0816599335
3799 1.0803759339
3818 1.0792169118
3841 1.0781979265
3864 1.0762208045
3902 1.0744700141
3917 1.0735640331
3990 1.0707808014
4047 1.0618284800
4138 1.0520244393
4205 1.0470317581
4342 1.0435310118
4343 1.0405936262
4380 1.0272205615
4403 1.0240957151
4412 0.9993763754
4640 0.9880746183
4771 0.9607967124
4811 0.9488469926
4840 0.9466237482
4874 0.9351787362
4905 0.9162378522
4960 0.9141496416
5010 0.8944596464
5190 0.8627201348
5212 0.8587865757
5314 0.8552688395
5420 0.8528370825
5434 0.8527918691
5466 0.8247583780
5579 0.8166020558
5667 0.8120280885
5691 0.7796102286
5798 0.7517162105
5826 0.7424348728
5926 0.7365367433
5931 0.7357824909
5973 0.7044701423
6345 0.7044294750
6387 0.6928318953
6409 0.6886988737
6476 0.6751781505
6481 0.6701007711
6533 0.6644898187
6536 0.6613484968
6549 0.6415728593
6596 0.6107942799
6744 0.6105926010
6833 0.5782048897
6966 0.5704747670
6981 0.5675474204
7048 0.5615016869
7264 0.5603031956
7289 0.5552846208
7303 0.5409974528
7336 0.5294300263
7390 0.5041126458
7580 0.4848154177
7900 0.4790413910
7941 0.4783001635
7961 0.4688431296
8016 0.4646746361
8050 0.4485810004
8086 0.4414167614
8194 0.4408248400
8290 0.4195152614
8498 0.4164986498
8570 0.4074809780
8573 0.3994804246
8588 0.3817667680
8655 0.3702191267
8788 0.3692275329
8795 0.3614248706
8946 0.3284270773
9113 0.3173750547
9250 0.3149025718
9307 0.3089811636
9320 0.2998243523
9515 0.2936035964
9573 0.2929809952
9574 0.2907100853
9578 0.2869387460
9595 0.2792810208
9720 0.2639566075
9802 0.2618996006
9828 0.2610365874
9858 0.2591527481
9892 0.2573823169
9900 0.2566823719
9901 0.2304376569
9909 0.2256720827
10171 0.2216926808
10276 0.2073974292
10618 0.2025570923
10668 0.1935090798
10754 0.1880798782
10802 0.1869073880
10852 0.1819235762
10876 0.1696609132
10932 0.1642503678
11053 0.1617537707
11220 0.1578025679
11366 0.1453807481
11417 0.1346105843
11609 0.1344873117
11806 0.1335450358
11900 0.1332465350
11995 0.1332239671
12007 0.1283776252
12100 0.1233864686
12119 0.1183378566
12290 0.1150521464
12325 0.1117357219
12503 0.1105237275
12564 0.1073486026
12572 0.1058415124
12590 0.1052314128
12602 0.1023088726
12623 0.1009103069
12655 0.0952127863
12721 0.0928560639
12908 0.0865565797
13160 0.0804432165
13174 0.0782098720
13180 0.0758159758
13480 0.0747542847
13643 0.0712809242
13728 0.0710342319
13794 0.0709708863
13830 0.0628380271
13974 0.0620931804
14024 0.0584328298
14065 0.0504719333
14416 0.0446013692
14870 0.0425740442
14883 0.0415503998
14923 0.0364727241
15133 0.0361100421
15167 0.0354274041
15197 0.0342360496
15215 0.0324186742
15322 0.0313437963
15417 0.0270486985
15480 0.0264724045
15506 0.0246988318
15516 0.0245597906
15554 0.0224133710
15607 0.0219888531
15701 0.0217459939
15727 0.0213201049
16022 0.0210853265
16026 0.0201973413
16098 0.0187347059
16106 0.0172044772
16131 0.0145269913
16252 0.0124717113
16310 0.0122678657
16348 0.0113724366
16392 0.0112623941
16409 0.0090803650
16417 0.0075126533
16434 0.0069937703
16452 0.0012399605
16751 0.0011869738
16785 0.0008489984
16803 0.0007273539
17158 0.0007232332
17177 0.0006885092
17210 0.0006847114
17224 0.0006172002
17264 0.0005855026
17389 0.0005663881
17439 0.0005634081
17502 0.0005596095
17516 0.0005256432
17566 0.0005073001
17674 0.0004352194
17691 0.0004220359
17726 0.0004119957
17800 0.0003999880
17834 0.0003964266
17847 0.0003353422
18062 0.0003240497
18193 0.0003115433
18194 0.0002487278
18632 0.0002346831
18716 0.0002167912
18728 0.0002128877
18793 0.0002101444
18795 0.0002006328
18801 0.0001972972
18819 0.0001935142
18839 0.0001893528
18936 0.0001713771
19003 0.0001655359
19097 0.0001552483
19250 0.0001515741
19264 0.0001436327
19314 0.0001346653
19465 0.0001174127
19721 0.0001156031
19745 0.0001088707
19798 0.0001076135
19813 0.0001042699
19825 0.0000995935
19864 0.0000923322
19955 0.0000836826
20287 0.0000815857
20324 0.0000754547
20386 0.0000719773
20433 0.0000719669
20440 0.0000675740
20518 0.0000626890
20640 0.0000622917
20653 0.0000610850
20656 0.0000584333
20704 0.0000536124
20776 0.0000507249
20784 0.0000387902
21074 0.0000380215
21115 0.0000345703
21139 0.0000337230
21244 0.0000319694
21269 0.0000310277
21313 0.0000306522
21359 0.0000274579
21360 0.0000260605
21398 0.0000215174
21602 0.0000203858
21604 0.0000158728
21829 0.0000156711
21920 0.0000264920
evaluations raw_y
1 70749189.5838337541
2 41261251.9025405273
4 32916778.5788041465
7 28879678.4681913592
8 17409169.6666377373
14 3280302.0611095643
75 1420521.2850527267
129 728945.9028759415
147 412282.1966329827
158 333714.5436144625
184 55782.1179796397
223 55757.8823396398
250 9972.8576939218
364 4664.0045651556
436 2698.7775579066
457 2306.3091375926
458 1327.8480569452
531 1218.7983124949
593 856.5727219816
682 489.4711387886
689 211.8676972836
740 117.8413280698
899 82.5971957292
1015 75.1088692578
1017 49.8430653543
1085 48.5772892783
1161 20.0655857361
1233 18.6242845858
1333 13.7288348003
1369 6.6859211720
1476 3.1240011584
1565 2.6328906418
1918 2.5480967497
2012 2.2308443514
2156 2.2244040833
2284 2.2120040933
2330 2.1998021316
2358 2.1878793163
2532 2.1845178363
2585 2.1835107011
2618 2.1823569587
2758 2.1811750745
2772 2.1796568563
2871 2.1776694341
2994 2.1764179238
3067 2.1757931646
3077 2.1750433318
3139 2.1741537253
3159 2.1736809901
3178 2.1734667170
3204 2.1731109419
3237 2.1714619140
3261 2.1703465158
3300 2.1701308602
3303 2.1696287443
3371 2.1696002746
3393 2.1693650573
3397 2.1652838705
3426 2.1621799425
3447 2.1610433583
3458 2.1548297275
3496 2.1531909665
3510 2.1518726909
3514 2.1502077288
3541 2.1459202456
3727 2.1399256817
3737 2.1390284665
3844 2.1359457150
3878 2.1134315972
3916 2.1056710145
3989 2.0837998020
4005 2.0678963673
4030 2.0408770145
4133 2.0287944160
4223 1.9606001106
4243 1.9294272827
4307 1.8852415350
4447 1.7251472134
4520 1.6002590254
4544 1.4455418751
4611 1.4372866908
4833 1.4016276325
4857 1.3841940569
4890 1.3653155335
4899 1.3606458138
4988 1.3475056758
4993 1.3465193046
4994 1.2082921892
5082 1.0928614774
5253 0.9018278255
5643 0.8769174873
5647 0.8699871813
5730 0.8640307116
5739 0.8121723202
5777 0.7606717258
5900 0.7340382737
5927 0.7192130954
5934 0.7148223741
5945 0.6717862982
5970 0.5720647789
6020 0.5485051284
6070 0.4847388968
6155 0.4470003371
6289 0.4349131923
6366 0.3635329262
6546 0.3037969427
6660 0.2571488713
6702 0.2211809269
6752 0.1983901665
6895 0.1648723975
7143 0.1584961056
7151 0.1443633972
7197 0.1018705220
7215 0.0220880557
7764 0.0159604955
7812 0.0111873287
7925 0.0092442383
7953 0.0061108169
8232 0.0056791293
8353 0.0041725048
8379 0.0034071636
8453 0.0032256784
8488 0.0028967506
8549 0.0028752124
8587 0.0021316189
8652 0.0020596694
8862 0.0020195370
8871 0.0016993271
9022 0.0015750911
9032 0.0013256138
9034 0.0012986475
9069 0.0011707239
9149 0.0008421484
9398 0.0008392934
9431 0.0008085623
9554 0.0007364398
9627 0.0006662230
9664 0.0005842562
9726 0.0004746906
9755 0.0004604458
9849 0.0003754077
9857 0.0003406662
9964 0.0002967131
10053 0.0002074446
10155 0.0001952736
10330 0.0001781217
10375 0.0001723782
10431 0.0001694486
10442 0.0001377722
10608 0.0001255056
10727 0.0000988654
10830 0.0000897049
10894 0.0000873555
10998 0.0000830882
11008 0.0000698421
11049 0.0000648938
11102 0.0000435089
11414 0.0000395200
11479 0.0000324214
11567 0.0000271617
11578 0.0000264604
11640 0.0000219667
11739 0.0000213203
11752 0.0000201084
11800 0.0000167328
11826 0.0000152412
11869 0.0000114395
12065 0.0000100141
12166 0.0000073943
12416 0.0000047349
12508 0.0000033077
12568 0.0000025296
13000 0.0000019417
13024 0.0000018257
13039 0.0000012458
13143 0.0000010910
13203 0.0000010819
13295 0.0000006591
13300 0.0000005481
13487 0.0000004708
13515 0.0000003490
13521 0.0000003427
13621 0.0000001909
13661 0.0000001666
13713 0.0000001623
13786 0.0000001177
14019 0.0000000113
14706 0.0000000094
14722 0.0000000093
14792 0.0000000078
14843 0.0000000048
14855 0.0000000021
15162 0.0000000007
15574 0.0000000006
15691 0.0000000005
15807 0.0000000001
16053 0.0000000001
16078 0.0000000001
16139 0.0000000000
16328 0.0000000000
16744 0.0000000000
16882 0.0000000000
16884 0.0000000000
17654 0.0000000000
17781 0.0000000000
18245 0.0000000000
evaluations raw_y
1 189878917.6111715138
9 82827832.2790063769
23 60841986.5852772743
25 33392467.1114327535
28 23120380.5991093516
33 2174945.0375649394
157 1027150.1043897328
201 429754.4315426548
240 345173.8015561643
245 320475.3626558142
246 96296.5287357611
302 68323.6485204044
315 38554.8754612521
343 16355.5218730489
376 12727.0844841820
386 4266.3330707914
442 3476.9068983275
561 3132.2632166446
631 2316.8628755468
639 670.6985356026
846 312.0619640085
1003 120.8583424891
1338 113.2374001842
1366 103.7189479251
1488 99.8776521011
1635 98.6746089070
1643 93.7849744425
1740 93.0759031642
1895 92.9710357969
1944 92.9604461742
1959 92.8153419963
1980 91.9952840756
2095 91.9465114874
2169 91.9307809599
2282 91.9138068502
2300 91.9000467949
2315 91.8673477640
2333 91.8354260282
2357 91.8095004759
2395 91.7982856425
2431 91.6875080668
2482 91.6797469785
2554 91.6697595030
2562 91.6391039904
2623 91.5478725481
2665 91.5331546806
2724 91.4978173755
2857 91.3369701600
2984 91.2813295773
3059 91.2410289388
3107 91.1218424426
3171 91.0657416824
3174 90.7011472843
3222 90.4994015947
3252 90.2635644382
3315 89.9977219163
3441 89.0568387879
3470 88.3147405511
3506 88.3074229062
3648 87.8937891871
3673 84.8510911649
3818 84.3059751236
3823 83.9448691403
3834 83.8562420244
3886 83.4416300933
3916 83.3914709030
3976 81.2613968997
4016 77.5855718127
4024 77.5081515310
4066 76.5614956455
4120 72.8538162440
4159 70.9513834413
4171 68.7634057759
4278 65.0312871238
4282 61.9521022585
4283 60.8706044280
4340 59.0833135443
4345 58.1831074018
4360 55.8776804416
4366 52.3098221774
4438 40.9968208626
4555 39.1075837133
4566 16.5247060786
4607 9.5315623774
4664 7.0074465575
4671 6.0488452645
4690 0.9028126949
4854 0.3739103529
5061 0.2792489824
5075 0.1771964634
5150 0.1600659220
5246 0.1315031060
5323 0.0829259840
5340 0.0725004577
5377 0.0687457428
5383 0.0404328957
5392 0.0141424495
5539 0.0084993194
5776 0.0073659746
5791 0.0068379516
5806 0.0058129394
5812 0.0032123682
5857 0.0020337304
5935 0.0016078635
6048 0.0013836929
6065 0.0010963694
6162 0.0006125857
6262 0.0004141931
6289 0.0003473566
6453 0.0001313862
6535 0.0001035235
6575 0.0000901280
6634 0.0000825632
6663 0.0000651223
6681 0.0000201194
6876 0.0000164446
6948 0.0000131233
6978 0.0000129220
6995 0.0000094391
7053 0.0000063892
7059 0.0000036922
7214 0.0000024204
7357 0.0000022082
7407 0.0000011334
7493 0.0000009250
7592 0.0000008563
7594 0.0000004876
7621 0.0000002477
7754 0.0000001346
7839 0.0000000953
7870 0.0000000804
7875 0.0000000199
8099 0.0000000190
8177 0.0000000119
8428 0.0000000079
8501 0.0000000051
8604 0.0000000029
8633 0.0000000028
8687 0.0000000018
8699 0.0000000012
8882 0.0000000005
8946 0.0000000004
9099 0.0000000001
9258 0.0000000000
9523 0.0000000000
9614 0.0000000000
9615 0.0000000000
9679 0.0000000000
9755 0.0000000000
9934 0.0000000000
9991 0.0000000000
10094 0.0000000000
10100 0.0000000000
10308 0.0000000000
10416 0.0000000000
10729 0.0000000000
