evaluations raw_y
1 21.1081658483
5 18.9567601907
6 11.9490953620
10 8.7958119513
23 2.1814999722
885 2.1348335157
951 1.8576928624
1115 1.4802018872
6350 0.7596323737
8037 0.7295586862
8107 0.6126242982
8164 0.5019166999
8351 0.4005909973
8366 0.3594069415
8592 0.3467455859
8668 0.3426886397
8681 0.2903807119
8751 0.2481359332
8789 0.2112483666
9080 0.2112059618
9112 0.1660274570
9188 0.1363849345
9227 0.1145799787
9294 0.0207241308
9769 0.0172817537
10000 0.0121000478
10167 0.0100409708
10330 0.0058653211
10548 0.0043429587
10550 0.0038752315
10651 0.0027495714
10908 0.0027037575
10934 0.0006869930
11113 0.0006279218
11169 0.0004683835
11316 0.0004200763
11354 0.0004061836
11377 0.0003924689
11397 0.0002260231
11462 0.0001879852
11583 0.0001878302
11716 0.0001838555
11726 0.0001418779
11855 0.0001190346
11903 0.0001041157
11911 0.0000879774
11942 0.0000553788
12044 0.0000432763
12077 0.0000376029
12209 0.0000132455
12576 0.0000109664
12577 0.0000072674
12627 0.0000071786
12639 0.0000057159
12727 0.0000029156
12917 0.0000026557
12969 0.0000026375
13049 0.0000019431
13085 0.0000012237
13239 0.0000004511
13560 0.0000001079
14109 0.0000001009
14129 0.0000000732
14155 0.0000000675
14332 0.0000000588
14381 0.0000000561
14390 0.0000000490
14433 0.0000000256
14569 0.0000000771
evaluations raw_y
1 3.0807651501
40 2.2089378644
718 1.4336503771
782 1.3329285035
2901 0.6514545628
3266 0.5960072215
3297 0.5569395878
3379 0.3875847518
3385 0.2905034982
3689 0.2377251842
3918 0.0946954547
4302 0.0852949492
4375 0.0642211487
4384 0.0504521403
4469 0.0221239943
4592 0.0179624096
5031 0.0157825988
5090 0.0139530611
5120 0.0136835599
5210 0.0128232184
5215 0.0114720750
5224 0.0082188426
5330 0.0053983628
5350 0.0040567220
5500 0.0031434289
5657 0.0030530414
5665 0.0024600283
5671 0.0009909169
5884 0.0007021677
6243 0.0005935787
6244 0.0005719059
6248 0.0004111397
6309 0.0003933472
6326 0.0001601179
6665 0.0001177426
6755 0.0001161780
6826 0.0000809102
6847 0.0000763069
6865 0.0000503741
7080 0.0000440868
7144 0.0000419969
7165 0.0000405053
7174 0.0000351195
7189 0.0000270461
7236 0.0000182761
7458 0.0000109294
7532 0.0000011756
8353 0.0000009182
8419 0.0000007161
8454 0.0000005585
8512 0.0000014715
evaluations raw_y
1 35.3698202880
3 31.2057384773
6 25.4214974671
8 10.7653619136
9 5.3007708636
56 4.9485183439
106 2.7374125306
289 1.6752710015
2303 1.0494915364
6560 0.8562128931
6728 0.4435208634
7211 0.4297559295
7226 0.2377197896
7572 0.2376776416
7637 0.1911276431
7717 0.1298398661
7938 0.1145569806
8094 0.0890917210
8222 0.0844976991
8274 0.0603924735
8320 0.0481371424
8373 0.0401837715
8649 0.0287894771
8780 0.0131126312
9025 0.0128125271
9026 0.0098806970
9148 0.0073114226
9153 0.0041130997
9272 0.0022788995
9483 0.0017535311
9643 0.0016614935
9800 0.0009157881
9821 0.0005736813
9865 0.0005159814
9998 0.0003853666
10181 0.0003151197
10346 0.0001559977
10486 0.0001142608
10566 0.0000879756
10697 0.0000496850
10993 0.0000263326
11153 0.0000178596
11194 0.0000107842
11439 0.0000067354
11492 0.0000065753
11519 0.0000046787
11615 0.0000046043
11796 0.0000019043
11871 0.0000013666
12146 0.0000011377
12165 0.0000054747
evaluations raw_y
1 39.3359688214
2 14.9721135844
7 5.3283313140
64 4.7910931329
293 3.1642418618
365 2.5128743912
375 1.9323789981
1215 1.3553529220
2310 0.9156800280
2968 0.9039600487
3252 0.4733825058
4570 0.2999105777
4711 0.2561849265
5131 0.2403141746
5234 0.1416050451
5515 0.1169635322
5536 0.1168241291
5588 0.1027367456
5705 0.0647691370
5789 0.0330887267
6729 0.0267040536
6782 0.0195526409
6989 0.0117519876
7204 0.0092350759
7254 0.0056645903
7594 0.0030375044
7756 0.0004634671
8315 0.0003148126
8598 0.0001760005
8906 0.0001500092
8968 0.0001411684
9004 0.0000905379
9070 0.0000166224
9515 0.0000123336
9824 0.0000098301
9829 0.0000087030
9969 0.0000086575
9978 0.0000076557
10002 0.0000063556
10048 0.0000061480
10061 0.0000049936
10110 0.0000039340
10149 0.0000029232
10277 0.0000229018
evaluations raw_y
1 35.6036818515
4 34.1227495647
6 11.2928547513
11 10.3007835882
27 9.4177123172
40 7.1903178501
48 4.0933651931
64 2.9237662465
293 2.7698565688
1144 2.2731433545
2820 1.8669057089
3247 1.6600130530
3963 51.9253870133
evaluations raw_y
1 40.5118065529
2 18.8869391026
4 13.9060554099
12 11.6279060520
16 9.2789647951
91 6.1498080998
125 4.3281203529
140 1.3279446665
689 0.5786099242
2168 3.6934487242
evaluations raw_y
1 33.0781749618
2 12.5993438071
3 12.7429345940
6 10.2756222988
8 10.3062631736
12 9.0374340722
24 8.6776886789
36 4.5826036741
67 4.0135915228
119 3.1360256227
240 2.8021643878
634 1.9933089189
1255 1.7917173781
1527 0.9375259024
2654 11.5628727099
evaluations raw_y
1 23.1956795365
2 12.9403092514
13 10.1418050743
18 2.4889562243
171 2.1072562449
549 1.9280216143
1348 1.8181227155
3050 1.3029411381
4464 1.3302006245
4658 0.6870161124
4813 0.4791869016
4904 0.4643928848
4991 0.3966610528
5020 0.3131480940
5140 0.2345151418
5173 0.1926125282
5315 0.1295346623
5482 0.0737946068
5768 0.0662834358
5879 0.0624745666
5935 0.0604842020
6077 0.0452810204
6107 0.0385086558
6112 0.0337018172
6156 0.0265971291
6283 0.0121454911
6462 0.0112048328
6558 0.0099323412
6610 0.0083867773
6676 0.0081091461
6736 0.0028577426
6784 0.0016173839
7241 0.0012790441
7270 0.0011588040
7549 0.0003532338
7811 0.0003160870
7814 0.0002353210
7936 0.0001525722
8066 0.0001111061
8084 0.0000762473
8291 0.0000700469
8353 0.0000420008
8539 0.0000306006
8553 0.0000175949
8873 0.0000171014
8880 0.0000096377
9139 0.0000094706
9159 0.0000090784
9166 0.0000081421
9262 0.0000047056
9290 0.0000550159
evaluations raw_y
1 7.8675204704
31 6.7722962520
32 2.1029267009
338 1.3995713213
366 0.8837623895
4139 54.9092763271
evaluations raw_y
1 45.7001360802
2 35.0535546056
3 9.3107970044
13 6.2032192667
92 3.7304845318
133 3.3650786819
137 3.2404820083
935 2.3896168662
1039 0.7499162563
2234 40.3480656725
evaluations raw_y
1 36.3817919276
2 5.5169633090
18 5.2192104376
60 3.5217545720
71 1.6446998786
1777 1.2697594571
4067 1.1165436327
6116 31.1529332706
evaluations raw_y
1 26.9016638166
2 19.4191030846
8 13.4654268770
9 8.3042048909
20 3.7454059034
37 4.2263384309
66 3.9572535580
162 1.8796662601
851 1.3620104576
1482 1.0962663791
3134 0.4137535094
3556 0.3391072638
3617 0.2069935153
3783 0.2052466942
3798 0.1689734616
3963 0.0868483671
4071 0.0539881816
4083 0.0518826153
4132 0.0397838154
4461 0.0297988058
4542 0.0252992362
4585 0.0218692658
4646 0.0180182186
4748 0.0096778311
4872 0.0095309023
5123 0.0092892326
5167 0.0056406740
5212 0.0053986558
5292 0.0051400822
5324 0.0039913316
5336 0.0019505917
5500 0.0018997431
5505 0.0016131474
5547 0.0014361331
5692 0.0012272115
5730 0.0011454330
5753 0.0006941755
5754 0.0006498720
5941 0.0005204483
6038 0.0004575787
6049 0.0003676104
6122 0.0002576594
6269 0.0001933561
6290 0.0001784054
6332 0.0001509963
6382 0.0001456470
6405 0.0001162703
6485 0.0000798575
6545 0.0000762344
6549 0.0000575559
6654 0.0000517656
6663 0.0000456027
6787 0.0000207516
6840 0.0000199617
7129 0.0000105472
7424 0.0000069116
7503 0.0000043396
7776 0.0000034351
7841 0.0000016681
8013 0.0000014030
8061 0.0000012668
8166 0.0000004053
8182 0.0000068069
evaluations raw_y
1 3.5544069338
221 2.8784135864
324 2.8219318122
362 1.1930519284
2023 1.1703609667
7486 1.0657490005
7574 1.0148786861
7605 0.9513470965
7707 0.6964391166
7721 0.6714828101
7767 0.5169425446
7905 0.3307090016
8051 0.1906840061
8319 0.0881833320
8487 0.0759118704
8583 0.0523032830
8666 0.0279091023
8947 0.0257879130
9010 0.0238353959
9071 0.0156044673
9253 0.0149000232
9268 0.0131830730
9288 0.0084261122
9468 0.0074936047
9572 0.0063164375
9700 0.0030189155
9844 0.0028974302
9924 0.0013781144
10031 0.0003898228
10485 0.0001363337
11032 0.0001292023
11069 0.0000854258
11073 0.0000799952
11138 0.0000762686
11159 0.0000507067
11234 0.0000374501
11400 0.0000356764
11446 0.0000345621
11447 0.0000317259
11531 0.0000231107
11649 0.0000110338
11854 0.0000071196
11958 0.0000070644
11975 0.0000029614
12250 0.0000017853
12400 0.0000012793
12524 0.0000009886
12629 0.0000006493
12797 0.0000004999
12804 0.0000015304
evaluations raw_y
1 33.5922110432
3 24.5034803052
7 23.2298030834
12 13.4302776573
14 5.9952066652
15 2.5415455246
595 1.7937943060
1117 1.6937019581
6230 1.6552867845
6509 1.4884129733
6934 1.3750609524
7512 1.3615817278
7642 1.3479917234
7653 1.3432421887
7697 1.3136576314
8258 1.2908583895
8266 1.2200206761
8476 1.1786412969
8519 1.0655006727
8550 1.0583616937
8602 1.0438372461
8607 0.9636675846
8632 0.9508174037
8673 0.8333015976
8697 0.8234232039
8717 0.7378729515
8748 0.6715414002
8752 0.4790899176
8755 0.1880752244
8949 0.1712267789
8978 0.1624049198
9006 0.1352329497
9010 0.0654571327
9067 0.0574903333
9089 0.0493674273
9107 0.0430527057
9119 0.0407482813
9143 0.0403538236
9152 0.0390623651
9164 0.0362648869
9205 0.0304022733
9219 0.0296202991
9221 0.0240664010
9242 0.0222051772
9305 0.0172043573
9308 0.0133828071
9309 0.0105972909
9500 0.0083121795
9523 0.0082060777
9624 0.0068816513
9682 0.0066414701
9710 0.0061619390
9757 0.0025073734
9817 0.0023989187
9918 0.0012091930
10320 0.0008611805
10377 0.0007433834
10557 0.0004516085
10589 0.0004183290
10616 0.0004161639
10628 0.0004005168
10715 0.0001558009
11028 0.0001448186
11040 0.0000726297
11166 0.0000527591
11343 0.0000333978
11428 0.0000304993
11576 0.0000205123
11748 0.0000149824
11835 0.0000129875
11854 0.0000099374
11971 0.0000044229
12168 0.0000024834
12441 0.0000098372
evaluations raw_y
1 40.1746591109
4 24.8775736805
6 23.0901795166
12 17.0875740226
13 12.4259472669
16 5.3142448004
22 1.0786940636
2755 0.7828371596
6376 0.2642819418
8676 4.7736022578
