evaluations raw_y
1 88.5271343843
2 88.0660624215
3 86.6790127516
5 86.5208940415
6 86.1495510559
26 86.0401439662
28 85.9254975951
29 85.6095981681
60 84.6613803871
79 83.5826373096
95 83.3554143670
109 80.5311220091
163 79.0807720360
198 76.6768109702
201 74.5129402024
212 74.2744607991
213 74.1960960569
218 70.0436447461
231 68.5126366291
232 65.5513153584
233 61.0910436316
250 57.1782411738
259 32.6764343016
334 27.9090045430
362 23.8545504275
365 21.9217913615
376 18.0203234939
381 17.0089403919
382 15.5202438268
396 14.6241310721
401 10.5960102843
407 9.6582975818
448 7.5307122480
490 7.1584363050
520 6.7990031807
523 6.4347416162
524 6.2254125029
546 5.2137515261
605 4.6535592964
655 4.4918820100
726 4.2277816751
749 3.5071152052
826 3.3454904286
849 3.2260791568
1004 3.1332026775
1006 2.8372831492
1294 2.7601545137
1313 2.6996486326
1389 2.6513134455
1650 2.6441488881
1699 2.6385033687
1703 2.6362141349
1748 2.6262090428
1820 2.6245885445
1836 2.6180735037
1846 2.6103397385
1855 2.6098565361
1898 2.6077279353
1921 2.6033262261
1963 2.6008327524
2118 2.5989870466
2187 2.5989844358
2192 2.5978717771
2219 2.5976327298
2222 2.5971745773
2239 2.5943927022
2319 2.5935598061
2353 2.5932867787
2418 2.5920861238
2572 2.5919083349
2623 2.5916954851
2723 2.5915690461
2727 2.5915191074
2753 2.5914762309
2793 2.5912894448
2833 2.5912351854
2866 2.5912049597
2892 2.5911674917
2902 2.5911601328
2913 2.5910382107
2961 2.5909652279
3072 2.5909152609
3110 2.5908595734
3140 2.5907899946
3180 2.5907498595
3207 2.5907259573
3264 2.5906816507
3365 2.5906719046
3389 2.5906621999
3397 2.5906427096
3420 2.5906313692
3441 2.5906297295
3542 2.5906244172
3566 2.5906026323
3591 2.5905995318
3593 2.5905905951
3629 2.5905796279
3742 2.5905759192
3765 2.5905703801
3842 2.5905675882
3894 2.5905672562
3913 2.5905664769
3924 2.5905649817
3952 2.5905631339
3973 2.5905608344
3979 2.5905596230
3981 2.5905594334
4051 2.5905559521
4068 2.5905558391
4100 2.5905552763
4152 2.5905541982
4215 2.5905527509
4268 2.5905516343
4331 2.5905509004
4379 2.5905500885
4397 2.5905498758
4467 2.5905497217
4528 2.5905494687
4592 2.5905494542
4630 2.5905494518
4635 2.5905493718
4676 2.5905492466
4712 2.5905489507
4717 2.5905489474
4728 2.5905487451
4769 2.5905485886
4795 2.5905485565
4815 2.5905483863
4840 2.5905481355
4897 2.5905480039
5059 2.5905479594
5099 2.5905479463
5133 2.5905479396
5139 2.5905478998
5167 2.5905478943
5198 2.5905478914
5200 2.5905478755
5213 2.5905478668
5214 2.5905478527
5227 2.5905478508
5285 2.5905478340
5289 2.5905478320
5326 2.5905478234
5337 2.5905478212
5338 2.5905477880
5402 2.5905477860
5451 2.5905477709
5573 2.5905477645
5617 2.5905477635
5664 2.5905477536
5719 2.5905477512
5741 2.5905477480
5770 2.5905477453
5802 2.5905477429
5824 2.5905477423
5833 2.5905477410
5986 2.5905477403
6008 2.5905477400
6015 2.5905477382
6079 2.5905477381
6083 2.5905477368
6144 2.5905477348
6192 2.5905477328
6410 2.5905477323
6442 2.5905477321
6445 2.5905477318
6499 2.5905477317
6515 2.5905477315
6516 2.5905477314
6542 2.5905477312
6577 2.5905477312
6637 2.5905477309
6644 2.5905477309
6647 2.5905477309
6665 2.5905477308
6696 2.5905477308
6725 2.5905477307
6746 2.5905477307
6759 2.5905477306
6800 2.5905477306
6826 2.5905477305
6875 2.5905477305
6897 2.5905477304
6937 2.5905477304
6966 2.5905477303
7073 2.5905477303
7092 2.5905477303
7108 2.5905477302
7127 2.5905477302
7266 2.5905477302
7311 2.5905477301
7427 2.5905477301
7461 2.5905477301
7468 2.5905477301
7513 2.5905477301
7556 2.5905477301
7640 2.5905477301
7696 2.5905477301
7716 2.5905477301
7827 2.5905477301
7836 2.5905477301
7888 2.5905477301
7901 2.5905477301
7931 2.5905477301
7977 2.5905477301
8033 2.5905477301
8080 2.5905477301
8144 2.5905477301
8174 2.5905477301
8225 2.5905477301
8227 2.5905477301
8229 2.5905477301
8382 2.5905477301
8394 2.5905477301
8533 2.5905477301
8534 2.5905477301
8535 2.5905477301
8601 2.5905477301
8654 2.5905477301
8707 2.5905477301
8725 2.5905477301
8738 2.5905477301
8800 2.5905477301
8827 2.5905477301
8888 2.5905477301
9022 2.5905477301
9032 2.5905477301
9055 2.5905477301
9061 2.5905477301
9124 2.5905477301
9167 2.5905477301
9385 2.5905477301
9485 2.5905477301
9560 2.5905477301
9693 2.5905477301
9829 2.5905477301
10202 2.5905477301
evaluations raw_y
1 89.5312562579
2 85.9996001912
5 79.6771024065
58 76.5904233210
77 76.2319390064
82 68.9833566194
92 59.6007295684
148 57.4956549897
175 40.4333463463
194 27.5011228683
205 25.2972543799
209 24.3735544224
217 23.9934181378
229 21.5451557360
232 16.1766637525
248 15.5279964832
266 14.4380465738
275 12.5863919516
298 11.3303247262
302 10.9801076461
304 8.9322267836
312 8.6114144236
326 8.5885931987
330 8.5802200753
342 7.0738368233
361 6.2951050860
368 6.2677686156
375 6.0098339770
394 4.0734025948
399 4.0095937859
410 2.5759113291
429 2.2348975153
473 2.2249746601
478 2.2203098239
480 2.0940283257
497 2.0146685025
508 2.0055196756
533 1.7845062513
598 1.3564818091
637 1.2978193316
658 1.1236198566
677 1.1197891747
686 1.0876385686
710 0.9904525950
819 0.9601373525
845 0.9140625618
858 0.8734683750
911 0.8281446417
913 0.7998960038
1025 0.7791847341
1034 0.7726349978
1150 0.7507668344
1258 0.7340791662
1382 0.7261223701
1451 0.7182259144
1461 0.7180371653
1497 0.7154623126
1521 0.7061509896
1540 0.7022343549
1691 0.7007368624
1792 0.6997708707
1853 0.6975356470
1908 0.6955878548
1996 0.6955007872
2086 0.6954535457
2092 0.6953519120
2119 0.6953501999
2143 0.6952381243
2155 0.6945576747
2169 0.6943837165
2175 0.6943027127
2176 0.6942033749
2188 0.6941774079
2221 0.6941253651
2240 0.6938980492
2278 0.6935540845
2302 0.6932959804
2349 0.6928358759
2428 0.6927108045
2477 0.6925558557
2536 0.6924514104
2666 0.6923542225
2690 0.6923290220
2698 0.6923066554
2701 0.6922997571
2704 0.6922648051
2709 0.6922365810
2781 0.6921992225
2844 0.6921493063
2853 0.6920489309
2944 0.6919908035
3028 0.6919796773
3077 0.6919383546
3153 0.6919354008
3206 0.6919326310
3222 0.6919122159
3310 0.6918898217
3433 0.6918857184
3459 0.6918854745
3480 0.6918821577
3482 0.6918806457
3496 0.6918799303
3498 0.6918780022
3517 0.6918771617
3537 0.6918769894
3587 0.6918762795
3599 0.6918719194
3613 0.6918710035
3614 0.6918702080
3661 0.6918686187
3668 0.6918659796
3764 0.6918644683
3846 0.6918638065
3847 0.6918631605
3869 0.6918626127
3880 0.6918614964
3943 0.6918605088
4081 0.6918604145
4084 0.6918596274
4101 0.6918589034
4151 0.6918587466
4212 0.6918586432
4236 0.6918583369
4294 0.6918580057
4333 0.6918574645
4536 0.6918574564
4559 0.6918573339
4572 0.6918572764
4646 0.6918572081
4731 0.6918572002
4761 0.6918571877
4791 0.6918571519
4811 0.6918570920
4886 0.6918570911
4894 0.6918570383
4943 0.6918570353
4950 0.6918570306
4977 0.6918570287
4994 0.6918570219
5028 0.6918569850
5111 0.6918569832
5125 0.6918569552
5266 0.6918569521
5293 0.6918569434
5353 0.6918569430
5363 0.6918569401
5367 0.6918569328
5379 0.6918569325
5394 0.6918569312
5452 0.6918569277
5473 0.6918569246
5481 0.6918569207
5603 0.6918569199
5708 0.6918569193
5715 0.6918569167
5779 0.6918569143
5973 0.6918569141
5988 0.6918569130
6056 0.6918569129
6090 0.6918569128
6102 0.6918569125
6144 0.6918569125
6226 0.6918569124
6251 0.6918569124
6262 0.6918569122
6272 0.6918569120
6281 0.6918569120
6296 0.6918569118
6327 0.6918569117
6359 0.6918569115
6427 0.6918569115
6470 0.6918569114
6583 0.6918569114
6584 0.6918569113
6735 0.6918569113
6742 0.6918569113
6776 0.6918569113
6806 0.6918569113
6812 0.6918569113
6830 0.6918569113
6900 0.6918569112
7000 0.6918569112
7134 0.6918569112
7183 0.6918569112
7234 0.6918569112
7284 0.6918569112
7310 0.6918569112
7427 0.6918569112
7477 0.6918569112
7544 0.6918569112
7611 0.6918569112
7736 0.6918569112
7741 0.6918569112
7763 0.6918569112
7772 0.6918569112
7777 0.6918569112
7876 0.6918569112
7971 0.6918569112
8015 0.6918569112
8087 0.6918569112
8110 0.6918569112
8211 0.6918569112
8294 0.6918569112
8298 0.6918569112
8316 0.6918569112
8388 0.6918569112
8533 0.6918569112
8613 0.6918569112
8916 0.6918569112
9345 0.6918569112
evaluations raw_y
1 96.7242630733
2 88.4551475869
7 84.9194876457
24 84.7844044054
37 83.8068275674
61 83.4235805476
74 79.4053875453
84 76.0929141267
109 70.9688619686
116 68.2590455585
156 67.0560268250
168 63.6469817517
183 58.7167456261
191 58.1798151443
222 58.1442433710
233 55.6292549124
241 51.6164773328
274 49.7164596927
281 48.0587556186
317 48.0198327837
324 46.5638207808
325 45.9090091462
347 43.4344042301
349 40.6345859783
410 40.1273913226
446 38.5154507521
484 37.9324904900
508 37.6262257965
540 37.1617984084
566 37.0342604862
574 36.9688693474
581 36.6294470966
589 36.5303567097
754 36.3905831636
808 36.2515354316
844 36.1819324889
987 36.1659152799
1022 36.1411819325
1054 36.1061083512
1095 36.0981617753
1254 36.0889205216
1278 36.0812805236
1313 36.0545249483
1378 36.0351427146
1389 36.0281836372
1436 36.0067977376
1608 35.9936577728
1683 35.9918858165
1764 35.9886308323
1783 35.9862581061
1802 35.9845898205
1814 35.9830291270
1876 35.9769099105
1931 35.9764607449
1945 35.9735014362
2034 35.9719507476
2060 35.9715776272
2139 35.9712174754
2150 35.9692889293
2179 35.9691605550
2192 35.9685521641
2256 35.9683325512
2260 35.9683167069
2277 35.9676832442
2297 35.9663868954
2340 35.9660290597
2343 35.9659464127
2380 35.9656947429
2394 35.9655751367
2434 35.9651963448
2486 35.9649626431
2524 35.9649220862
2593 35.9648276921
2654 35.9645643881
2657 35.9645283118
2770 35.9645144261
2771 35.9644862408
2782 35.9644843764
2783 35.9642160803
2866 35.9640890800
2933 35.9640711932
3040 35.9640254550
3136 35.9640172064
3196 35.9639781575
3243 35.9639638240
3277 35.9639367158
3285 35.9639265615
3410 35.9639190158
3494 35.9639132087
3524 35.9639109614
3534 35.9638873655
3730 35.9638855624
3822 35.9638834266
3836 35.9638824363
3854 35.9638811497
3926 35.9638809646
3972 35.9638806180
3983 35.9638803307
4033 35.9638799996
4089 35.9638787481
4112 35.9638780227
4232 35.9638775332
4260 35.9638769319
4314 35.9638767530
4324 35.9638763357
4424 35.9638761955
4440 35.9638761860
4504 35.9638759535
4573 35.9638758517
4657 35.9638757383
4662 35.9638756607
4746 35.9638756416
4758 35.9638755350
4759 35.9638754732
4809 35.9638754676
4860 35.9638754385
4918 35.9638754244
4922 35.9638754141
4943 35.9638753751
5016 35.9638753528
5110 35.9638753415
5121 35.9638753295
5176 35.9638753127
5182 35.9638753112
5195 35.9638753068
5202 35.9638752934
5206 35.9638752855
5235 35.9638752826
5269 35.9638752775
5282 35.9638752763
5298 35.9638752699
5304 35.9638752526
5375 35.9638752407
5500 35.9638752405
5527 35.9638752321
5641 35.9638752242
5655 35.9638752220
5792 35.9638752217
5826 35.9638752213
5901 35.9638752197
5912 35.9638752195
5938 35.9638752192
5997 35.9638752191
6017 35.9638752190
6019 35.9638752183
6064 35.9638752180
6080 35.9638752179
6145 35.9638752174
6173 35.9638752162
6268 35.9638752161
6330 35.9638752159
6353 35.9638752157
6399 35.9638752156
6418 35.9638752156
6420 35.9638752155
6548 35.9638752153
6629 35.9638752152
6679 35.9638752152
6700 35.9638752152
6723 35.9638752151
6740 35.9638752151
6784 35.9638752151
6862 35.9638752150
6913 35.9638752150
6925 35.9638752150
6959 35.9638752150
6981 35.9638752150
6993 35.9638752150
7035 35.9638752150
7036 35.9638752150
7137 35.9638752150
7170 35.9638752150
7188 35.9638752150
7191 35.9638752149
7214 35.9638752149
7337 35.9638752149
7358 35.9638752149
7370 35.9638752149
7393 35.9638752149
7411 35.9638752149
7458 35.9638752149
7461 35.9638752149
7500 35.9638752149
7565 35.9638752149
7756 35.9638752149
7884 35.9638752149
7920 35.9638752149
8069 35.9638752149
8106 35.9638752149
8233 35.9638752149
8423 35.9638752149
8603 35.9638752149
8819 35.9638752149
9126 35.9638752149
evaluations raw_y
1 115.5288821566
2 93.9597256997
3 89.7747781018
13 87.8092041241
18 86.5014650906
25 85.1824760006
38 84.5787805513
51 84.0190941283
61 83.9798933741
64 82.0320817436
66 81.0017901993
70 78.3806480779
101 77.8738838462
122 76.8359102832
135 75.5283440122
167 72.1546174006
168 67.7223072388
188 61.2548339842
204 59.9928468403
211 53.6206780192
222 52.7326020082
240 46.8612833962
271 43.8377978625
272 33.1764882200
290 32.6324622011
292 32.0064078199
296 30.8303981128
298 22.7109600453
301 22.0075884434
326 21.3872782769
361 21.3431178933
364 20.9691307548
369 18.9370519324
377 16.2465366937
393 14.7340312226
408 14.4588280631
418 14.1489108679
435 13.0355716303
455 11.3759444417
461 11.1628694045
473 10.6547306252
560 9.8394349266
601 9.5310151384
679 9.3310981168
760 9.2920084781
764 9.2080929512
768 9.1877226602
793 9.1813923824
800 9.1251574945
805 9.0000287434
952 8.9897856471
957 8.9613963381
983 8.9584841055
1017 8.8765405607
1197 8.8711181665
1226 8.8635617824
1227 8.8500251628
1267 8.8368397451
1291 8.8257516919
1304 8.8186937464
1371 8.8175646731
1398 8.7916658874
1478 8.7850063849
1525 8.7810766087
1542 8.7776339447
1608 8.7695923631
1670 8.7643719984
1734 8.7638351261
1791 8.7613817340
1810 8.7613085387
1811 8.7599924591
1812 8.7578575443
1866 8.7542609273
1911 8.7511291088
2039 8.7504331814
2128 8.7500695248
2163 8.7500319604
2169 8.7499511459
2198 8.7498294630
2199 8.7496589520
2204 8.7488396296
2242 8.7465732885
2282 8.7457355239
2372 8.7454282358
2395 8.7452726533
2467 8.7450973035
2469 8.7444471136
2577 8.7444101764
2620 8.7442761811
2625 8.7441934764
2658 8.7439114689
2667 8.7435872086
2780 8.7433346876
2975 8.7432191895
2995 8.7431803152
3027 8.7431499280
3067 8.7430966807
3090 8.7430636711
3118 8.7430203557
3211 8.7430162477
3212 8.7430077388
3217 8.7429130712
3318 8.7429044782
3349 8.7428856034
3479 8.7428816152
3491 8.7428624227
3497 8.7428540336
3509 8.7428505446
3532 8.7428283958
3586 8.7428084875
3683 8.7428053808
3685 8.7428012993
3762 8.7427928690
3825 8.7427898529
3828 8.7427886177
3840 8.7427847340
3842 8.7427772228
3923 8.7427717059
3954 8.7427713869
4017 8.7427678663
4117 8.7427666023
4133 8.7427654441
4157 8.7427652607
4167 8.7427633265
4168 8.7427620945
4177 8.7427598822
4195 8.7427566267
4232 8.7427564576
4381 8.7427558828
4383 8.7427555812
4439 8.7427544977
4466 8.7427538331
4498 8.7427530929
4508 8.7427524853
4673 8.7427524782
4703 8.7427524529
4708 8.7427522135
4711 8.7427521439
4716 8.7427519612
4803 8.7427516552
4813 8.7427514324
4816 8.7427513284
4821 8.7427513020
4863 8.7427512525
4936 8.7427512401
4976 8.7427511091
5072 8.7427509091
5115 8.7427508521
5149 8.7427508051
5174 8.7427506979
5348 8.7427506945
5398 8.7427506603
5431 8.7427506570
5488 8.7427506455
5525 8.7427506372
5531 8.7427505919
5695 8.7427505899
5708 8.7427505698
5849 8.7427505634
5914 8.7427505570
5964 8.7427505570
6017 8.7427505517
6040 8.7427505513
6063 8.7427505437
6077 8.7427505434
6226 8.7427505429
6258 8.7427505385
6336 8.7427505378
6441 8.7427505377
6459 8.7427505367
6461 8.7427505365
6494 8.7427505362
6554 8.7427505354
6585 8.7427505346
6676 8.7427505339
6715 8.7427505337
6742 8.7427505337
6798 8.7427505337
6806 8.7427505334
6830 8.7427505330
6838 8.7427505329
6844 8.7427505328
6878 8.7427505328
6907 8.7427505327
6967 8.7427505326
6989 8.7427505326
7084 8.7427505325
7102 8.7427505325
7116 8.7427505324
7133 8.7427505323
7158 8.7427505323
7176 8.7427505323
7207 8.7427505323
7225 8.7427505322
7271 8.7427505322
7313 8.7427505322
7566 8.7427505322
7585 8.7427505322
7588 8.7427505321
7620 8.7427505321
7668 8.7427505321
7705 8.7427505321
7728 8.7427505321
7732 8.7427505321
7807 8.7427505321
7889 8.7427505321
7939 8.7427505321
7966 8.7427505321
7982 8.7427505321
7987 8.7427505321
8015 8.7427505321
8156 8.7427505321
8170 8.7427505321
8261 8.7427505321
8356 8.7427505321
8438 8.7427505321
8463 8.7427505321
8480 8.7427505321
8504 8.7427505321
8596 8.7427505321
8612 8.7427505321
8635 8.7427505321
8676 8.7427505321
8765 8.7427505321
8766 8.7427505321
8811 8.7427505321
8871 8.7427505321
8875 8.7427505321
9044 8.7427505321
9059 8.7427505321
9140 8.7427505321
9168 8.7427505321
9186 8.7427505321
9259 8.7427505321
9301 8.7427505321
9350 8.7427505321
9433 8.7427505321
9592 8.7427505321
9608 8.7427505321
9727 8.7427505321
9829 8.7427505321
9866 8.7427505321
10026 8.7427505321
10122 8.7427505321
10509 8.7427505321
10587 8.7427505321
evaluations raw_y
1 88.3615459238
4 86.2849538335
44 86.1538526116
45 84.9851240560
48 84.8874472405
56 83.7617051023
58 80.1058682159
160 79.0954920240
161 78.6462104163
175 78.0098086172
178 77.5003061885
192 73.7887045092
242 72.2213317434
325 71.5615231527
379 71.2830864195
384 70.3941041730
396 67.3031788928
446 67.1676814788
460 66.7879353368
491 65.7396120326
508 64.8788238119
587 64.0771529011
649 63.6145913585
658 63.1775531379
687 62.9205099288
707 62.8074782207
752 62.7548292510
801 62.6744582214
830 62.5145914083
867 62.4979958464
921 62.3965990423
996 62.3655662601
1048 62.3550366249
1055 62.3529365708
1068 62.3222344588
1099 62.3086913659
1103 62.2987468571
1141 62.2978296735
1146 62.2729474573
1249 62.2602416492
1261 62.2357617014
1383 62.2248521735
1391 62.2238887484
1417 62.2162248682
1492 62.2124852844
1500 62.2099837567
1505 62.2029536198
1522 62.1999496117
1594 62.1968515220
1600 62.1964386945
1624 62.1948994264
1658 62.1877339657
1665 62.1829610681
1842 62.1826310229
1843 62.1797888734
1847 62.1775498484
1866 62.1740847213
1891 62.1734414246
1932 62.1685281975
2107 62.1684188101
2245 62.1677419344
2263 62.1672079757
2368 62.1671183354
2386 62.1654217328
2393 62.1651820754
2400 62.1644546568
2498 62.1640167521
2547 62.1636984019
2552 62.1628202494
2643 62.1627139096
2652 62.1623361046
2730 62.1621321211
2820 62.1620142041
2824 62.1618905464
2849 62.1614788167
2906 62.1614261768
2912 62.1614137626
2914 62.1613854205
2978 62.1613709004
2991 62.1612592693
3063 62.1609640546
3125 62.1609370106
3190 62.1609185063
3279 62.1609094855
3336 62.1608663517
3402 62.1608496317
3412 62.1608428861
3419 62.1608342696
3448 62.1608282886
3452 62.1608073872
3475 62.1608004325
3570 62.1607700774
3588 62.1607626365
3737 62.1607555802
3783 62.1607461320
3793 62.1607428743
3834 62.1607370075
3836 62.1607340075
3843 62.1607269486
3877 62.1607205129
3892 62.1607194470
3916 62.1607192585
3993 62.1607173764
4015 62.1607133269
4056 62.1607115740
4169 62.1607064389
4201 62.1607063336
4324 62.1607054915
4358 62.1607053430
4430 62.1607048524
4440 62.1607030953
4496 62.1607022306
4613 62.1607008356
4632 62.1607001407
4688 62.1606994982
4751 62.1606984752
4876 62.1606984495
4920 62.1606982224
4960 62.1606976266
5048 62.1606975288
5060 62.1606974031
5232 62.1606973297
5258 62.1606972481
5259 62.1606972124
5349 62.1606971904
5366 62.1606970370
5498 62.1606969796
5663 62.1606969492
5664 62.1606969364
5707 62.1606969235
5720 62.1606968919
5819 62.1606968852
5862 62.1606968824
5872 62.1606968629
5923 62.1606968111
6175 62.1606968074
6180 62.1606968067
6193 62.1606968016
6330 62.1606968015
6351 62.1606967991
6371 62.1606967969
6372 62.1606967937
6519 62.1606967919
6572 62.1606967902
6706 62.1606967897
6763 62.1606967894
6811 62.1606967892
6832 62.1606967881
6986 62.1606967878
6991 62.1606967870
7141 62.1606967870
7204 62.1606967868
7206 62.1606967867
7225 62.1606967867
7240 62.1606967867
7244 62.1606967866
7278 62.1606967866
7327 62.1606967865
7367 62.1606967865
7417 62.1606967863
7443 62.1606967862
7553 62.1606967861
7670 62.1606967861
7681 62.1606967861
7789 62.1606967861
7790 62.1606967861
7836 62.1606967861
7845 62.1606967860
8159 62.1606967860
8189 62.1606967860
8193 62.1606967860
8239 62.1606967860
8264 62.1606967860
8275 62.1606967860
8305 62.1606967860
8502 62.1606967860
8526 62.1606967860
8617 62.1606967860
8685 62.1606967860
8699 62.1606967860
8760 62.1606967860
8834 62.1606967860
8989 62.1606967860
9080 62.1606967860
9135 62.1606967860
9194 62.1606967860
9225 62.1606967860
9326 62.1606967860
9371 62.1606967860
9374 62.1606967860
9408 62.1606967860
9546 62.1606967860
9567 62.1606967860
9597 62.1606967860
9616 62.1606967860
9633 62.1606967860
9658 62.1606967860
9760 62.1606967860
9833 62.1606967860
10095 62.1606967860
10577 62.1606967860
evaluations raw_y
1 88.7107302705
7 88.3380302726
14 86.2070087386
41 86.0228087799
46 85.2699666287
57 85.0572856803
64 85.0545868169
66 84.5348469418
92 84.1784438044
105 84.0346084249
117 82.6677161944
130 82.1147900098
134 81.7325196760
135 79.8948908403
146 77.4473013578
202 76.7423051709
203 74.7212204099
221 73.5752716813
230 72.3946112854
234 72.2884903001
244 68.2661993379
281 66.6650403494
308 66.5589871754
312 66.5121300545
313 65.1764388092
317 62.2524553910
324 60.8206712445
359 52.1857461964
466 51.2260710443
479 49.5960216810
512 47.8552861780
522 46.9626470914
531 46.5203626624
592 46.4333158264
623 45.7825078361
644 45.3211209595
668 44.7150578117
695 44.4348264408
705 44.3007427466
740 43.9212027908
795 43.5928791475
835 43.5768356363
848 43.5299689019
877 43.2350854467
1124 43.2201208478
1144 43.1641937071
1233 43.1265459333
1330 43.0864935307
1344 43.0498002373
1419 43.0271392069
1441 43.0164585383
1507 42.9911212471
1585 42.9907291613
1608 42.9594666992
1664 42.9513766089
1685 42.9498382274
1747 42.9496435488
1763 42.9411990343
1809 42.9339852398
1874 42.9321043246
1961 42.9291538944
1976 42.9175566728
2175 42.9175304182
2194 42.9173439241
2197 42.9151315081
2216 42.9131739763
2235 42.9130106293
2312 42.9126586940
2316 42.9118753670
2337 42.9111798564
2464 42.9107337576
2480 42.9092401461
2511 42.9090295090
2617 42.9087931522
2718 42.9082193712
2863 42.9081411805
2953 42.9081351653
2976 42.9078084260
3046 42.9077568109
3088 42.9077466613
3104 42.9077373043
3140 42.9075497261
3226 42.9074585973
3305 42.9074473702
3322 42.9074395764
3359 42.9074222918
3447 42.9073974004
3471 42.9073619746
3472 42.9073592098
3523 42.9073489996
3593 42.9072974425
3711 42.9072865587
3823 42.9072852413
3839 42.9072620237
3969 42.9072545054
4041 42.9072505742
4083 42.9072492772
4113 42.9072454424
4152 42.9072409158
4279 42.9072387442
4327 42.9072386709
4332 42.9072376656
4388 42.9072360110
4395 42.9072359644
4455 42.9072351875
4462 42.9072349103
4509 42.9072348035
4517 42.9072340396
4524 42.9072339463
4533 42.9072324442
4608 42.9072323387
4613 42.9072320386
4621 42.9072318666
4624 42.9072318108
4676 42.9072315823
4700 42.9072314589
4714 42.9072307314
4783 42.9072303855
4888 42.9072301072
4966 42.9072299527
5006 42.9072298926
5010 42.9072298615
5017 42.9072297781
5094 42.9072296929
5102 42.9072296691
5108 42.9072295482
5178 42.9072295378
5318 42.9072294684
5340 42.9072294522
5424 42.9072294048
5460 42.9072294025
5491 42.9072293865
5540 42.9072293745
5558 42.9072293699
5568 42.9072293691
5577 42.9072293652
5597 42.9072293444
5598 42.9072293442
5620 42.9072293314
5667 42.9072293304
5680 42.9072292934
5706 42.9072292932
5775 42.9072292899
5789 42.9072292891
5798 42.9072292873
5835 42.9072292662
5975 42.9072292659
6027 42.9072292649
6038 42.9072292523
6207 42.9072292471
6312 42.9072292469
6321 42.9072292454
6373 42.9072292448
6378 42.9072292430
6422 42.9072292417
6435 42.9072292416
6459 42.9072292405
6479 42.9072292401
6507 42.9072292375
6542 42.9072292373
6595 42.9072292369
6619 42.9072292363
6648 42.9072292355
6749 42.9072292342
6965 42.9072292335
7040 42.9072292334
7054 42.9072292334
7078 42.9072292333
7095 42.9072292332
7190 42.9072292332
7235 42.9072292331
7282 42.9072292331
7284 42.9072292331
7290 42.9072292331
7312 42.9072292330
7356 42.9072292330
7359 42.9072292329
7392 42.9072292329
7393 42.9072292328
7455 42.9072292328
7469 42.9072292328
7480 42.9072292328
7529 42.9072292327
7572 42.9072292327
7622 42.9072292327
7661 42.9072292327
7673 42.9072292327
7687 42.9072292326
7692 42.9072292326
7696 42.9072292326
7723 42.9072292326
7733 42.9072292326
7798 42.9072292326
7892 42.9072292326
7901 42.9072292326
7992 42.9072292326
7995 42.9072292326
8054 42.9072292325
8088 42.9072292325
8132 42.9072292325
8135 42.9072292325
8245 42.9072292325
8340 42.9072292325
8347 42.9072292325
8394 42.9072292325
8422 42.9072292325
8522 42.9072292325
8525 42.9072292325
8536 42.9072292325
8558 42.9072292325
8586 42.9072292325
8655 42.9072292325
8725 42.9072292325
8735 42.9072292325
8870 42.9072292325
8883 42.9072292325
8925 42.9072292325
8942 42.9072292325
8957 42.9072292325
9004 42.9072292325
9105 42.9072292325
9183 42.9072292325
9251 42.9072292325
9376 42.9072292325
9405 42.9072292325
9431 42.9072292325
9466 42.9072292325
9552 42.9072292325
9820 42.9072292325
10305 42.9072292325
evaluations raw_y
1 86.5033334608
27 86.4367786137
29 85.1209729227
49 84.7327654877
59 84.5692231420
63 83.0069956090
68 81.9277898549
70 80.2339768135
82 79.7388946207
84 78.6874861284
87 77.2606209902
100 76.4997109076
120 75.7782375345
122 74.6951155995
125 71.7685195317
135 58.0900814967
152 55.1887914240
175 51.8875340535
177 49.2746383542
196 31.2540506785
230 25.4380584951
324 25.3738929598
357 22.8959021641
371 21.2113481001
389 16.0319198118
415 14.2123338515
418 13.2424505281
443 11.8448102006
468 9.8525711457
476 9.5791017429
486 9.0690664204
495 9.0176795000
503 8.4010506693
505 8.2987091311
515 8.0083292154
521 7.6597784457
563 7.5396652755
579 7.4403205687
627 7.0995355607
654 6.8358187377
656 6.7689954988
670 6.7515079441
685 6.5639777059
728 6.4742968737
761 6.3474799024
762 6.2260794050
765 5.7683333697
822 5.7228471182
853 5.6409087316
875 5.4109804075
1100 5.3052101970
1249 5.2356595026
1277 5.2242756493
1338 5.2032609397
1473 5.1384012437
1530 5.1229759931
1689 5.1196874276
1745 5.1181382488
1752 5.1142962649
1780 5.1127153393
1797 5.1040065035
1802 5.0989307917
1907 5.0920846986
1929 5.0900990376
1981 5.0896532562
2004 5.0879191379
2060 5.0828147112
2098 5.0798692824
2127 5.0798176894
2205 5.0741826315
2254 5.0722442692
2284 5.0714781729
2338 5.0705009958
2364 5.0664337468
2610 5.0662231127
2675 5.0654626737
2680 5.0653576236
2699 5.0647109690
2811 5.0646666966
2824 5.0643780168
2866 5.0641323052
2952 5.0639628832
3005 5.0637873990
3102 5.0636641605
3120 5.0633925754
3128 5.0633848733
3212 5.0633808157
3223 5.0632532154
3234 5.0632316801
3242 5.0630942867
3274 5.0630151968
3452 5.0629303927
3631 5.0629231825
3704 5.0628323351
3796 5.0628245522
3921 5.0628164876
3981 5.0628130995
3985 5.0628109883
4003 5.0628061898
4031 5.0627934343
4068 5.0627809119
4082 5.0627724757
4147 5.0627695577
4181 5.0627644223
4223 5.0627508965
4734 5.0627506117
4760 5.0627457859
4765 5.0627450085
4824 5.0627446376
4879 5.0627446303
4880 5.0627440011
4941 5.0627426431
4947 5.0627419920
4977 5.0627406125
5080 5.0627395727
5185 5.0627395395
5193 5.0627395097
5237 5.0627390208
5281 5.0627385943
5361 5.0627383055
5507 5.0627382866
5510 5.0627380340
5543 5.0627380254
5628 5.0627380013
5686 5.0627378799
5794 5.0627378495
5801 5.0627378411
5824 5.0627378072
5848 5.0627377297
5934 5.0627377003
5949 5.0627376971
5953 5.0627376490
5969 5.0627376246
6138 5.0627376238
6139 5.0627376091
6153 5.0627375840
6176 5.0627375297
6249 5.0627375254
6303 5.0627375206
6348 5.0627375097
6487 5.0627375025
6493 5.0627374916
6591 5.0627374848
6673 5.0627374799
6706 5.0627374762
6762 5.0627374696
6891 5.0627374695
6893 5.0627374681
6898 5.0627374664
6966 5.0627374661
7007 5.0627374640
7028 5.0627374632
7087 5.0627374620
7181 5.0627374617
7194 5.0627374614
7239 5.0627374598
7414 5.0627374595
7435 5.0627374590
7469 5.0627374586
7486 5.0627374586
7487 5.0627374582
7519 5.0627374582
7551 5.0627374579
7608 5.0627374576
7621 5.0627374574
7674 5.0627374571
7723 5.0627374570
7804 5.0627374568
8003 5.0627374568
8047 5.0627374568
8059 5.0627374567
8060 5.0627374567
8067 5.0627374567
8122 5.0627374566
8125 5.0627374566
8207 5.0627374566
8238 5.0627374565
8264 5.0627374565
8322 5.0627374565
8332 5.0627374565
8356 5.0627374565
8384 5.0627374565
8424 5.0627374565
8425 5.0627374565
8470 5.0627374565
8471 5.0627374565
8562 5.0627374565
8594 5.0627374565
8735 5.0627374565
8738 5.0627374564
8926 5.0627374564
8985 5.0627374564
9109 5.0627374564
9123 5.0627374564
9124 5.0627374564
9142 5.0627374564
9395 5.0627374564
9425 5.0627374564
9426 5.0627374564
9559 5.0627374564
9667 5.0627374564
9763 5.0627374564
9776 5.0627374564
9799 5.0627374564
9829 5.0627374564
9852 5.0627374564
9932 5.0627374564
10020 5.0627374564
10078 5.0627374564
10185 5.0627374564
10226 5.0627374564
10470 5.0627374564
10488 5.0627374564
10605 5.0627374564
10780 5.0627374564
10817 5.0627374564
10868 5.0627374564
10999 5.0627374564
11116 5.0627374564
11546 5.0627374564
evaluations raw_y
1 86.4551849060
3 85.3736947786
47 85.0989399048
51 85.0170013272
57 84.9524722564
59 84.7878465707
63 84.6275924930
68 84.1275402576
69 83.5125493534
84 83.2538571692
87 83.1143094446
112 82.3070850147
150 81.8745957835
161 81.4231951218
165 80.3689265016
170 78.0480456524
192 77.6725279860
200 77.5997190028
224 74.9805304191
235 74.3812829922
245 74.2966394077
253 74.1774802462
259 73.3051721999
294 72.2660524167
315 71.8209599805
324 71.6595337735
339 71.1266323765
405 71.1182966233
416 70.3375765829
433 70.3224465400
468 70.0237520854
566 70.0055101387
574 69.9994657646
580 69.9239549576
584 69.8650508000
618 69.8470072155
623 69.7861369715
641 69.7561004850
653 69.7308912108
659 69.6807833289
702 69.6802607105
705 69.6237861572
718 69.6050801128
749 69.6025585794
791 69.5939801001
879 69.5927217810
902 69.5808635071
939 69.5637856045
968 69.5500877966
1017 69.5327317426
1168 69.5208087418
1308 69.5080023985
1400 69.5043134999
1447 69.4988183955
1461 69.4987919449
1494 69.4986658248
1528 69.4958207975
1688 69.4939313525
1751 69.4928347829
1783 69.4926994649
1850 69.4923414749
1863 69.4916559854
1904 69.4913080862
1943 69.4912296286
1992 69.4905976145
2041 69.4904498538
2089 69.4899119731
2187 69.4898664862
2192 69.4898428962
2201 69.4898153948
2218 69.4897187597
2233 69.4896263486
2284 69.4895945503
2303 69.4894622730
2355 69.4894547547
2360 69.4894235249
2381 69.4892661286
2454 69.4891973552
2495 69.4890807533
2509 69.4890084498
2588 69.4890016600
2607 69.4889450955
2609 69.4889341322
2622 69.4888842443
2734 69.4888526075
2832 69.4888498041
2834 69.4888270963
2910 69.4887804940
3034 69.4887779682
3109 69.4887711157
3126 69.4887683129
3162 69.4887679968
3163 69.4887609171
3181 69.4887560977
3279 69.4887407660
3453 69.4887405885
3464 69.4887387292
3482 69.4887381642
3497 69.4887362760
3534 69.4887345385
3616 69.4887335693
3654 69.4887332728
3716 69.4887324474
3751 69.4887322160
3756 69.4887319881
3792 69.4887319054
3795 69.4887311256
3860 69.4887309581
3891 69.4887308741
3956 69.4887302918
4025 69.4887302771
4041 69.4887301004
4068 69.4887299795
4076 69.4887296476
4203 69.4887295955
4238 69.4887295207
4278 69.4887293833
4372 69.4887293532
4405 69.4887292555
4471 69.4887292221
4488 69.4887291969
4508 69.4887291832
4590 69.4887291652
4684 69.4887291432
4720 69.4887291240
4721 69.4887291201
4725 69.4887291170
4740 69.4887291094
4774 69.4887290921
4851 69.4887290899
4886 69.4887290781
4888 69.4887290505
4990 69.4887290486
5005 69.4887290360
5055 69.4887290308
5063 69.4887290246
5117 69.4887290241
5152 69.4887290229
5166 69.4887290208
5228 69.4887290195
5242 69.4887290190
5245 69.4887290187
5335 69.4887290123
5354 69.4887290120
5387 69.4887290101
5449 69.4887290086
5461 69.4887290080
5485 69.4887290079
5512 69.4887290079
5535 69.4887290078
5562 69.4887290071
5629 69.4887290069
5662 69.4887290063
5729 69.4887290062
5742 69.4887290050
5769 69.4887290046
5970 69.4887290046
6031 69.4887290046
6061 69.4887290043
6084 69.4887290042
6141 69.4887290041
6146 69.4887290041
6164 69.4887290040
6181 69.4887290040
6188 69.4887290038
6382 69.4887290038
6403 69.4887290038
6433 69.4887290037
6438 69.4887290037
6483 69.4887290037
6527 69.4887290037
6576 69.4887290037
6608 69.4887290036
6685 69.4887290036
6738 69.4887290036
6744 69.4887290036
6755 69.4887290036
6787 69.4887290036
6792 69.4887290036
6793 69.4887290036
6822 69.4887290036
6892 69.4887290036
6998 69.4887290036
6999 69.4887290036
7031 69.4887290036
7065 69.4887290036
7094 69.4887290036
7155 69.4887290036
7164 69.4887290036
7173 69.4887290036
7552 69.4887290036
7635 69.4887290036
7710 69.4887290036
7711 69.4887290036
7739 69.4887290036
7898 69.4887290036
8051 69.4887290036
8105 69.4887290036
8130 69.4887290036
8205 69.4887290036
8209 69.4887290036
8409 69.4887290036
8956 69.4887290036
9028 69.4887290036
evaluations raw_y
1 86.7050876738
19 86.3892061394
69 86.2928008919
73 85.5989707267
93 85.2736344541
100 85.1118752771
120 84.5738059656
124 84.0294489274
133 83.9979654356
134 83.8428158171
138 83.3204046857
141 83.2196075304
147 80.7787325720
160 80.5118711118
162 76.1634148514
169 73.0039856626
207 71.8771181541
233 71.7241651380
267 69.7554579591
310 68.7879116213
333 68.2668649139
344 68.0997007121
372 67.7295545035
380 67.0730537350
396 65.5047776953
416 65.1461036591
430 64.6766465968
442 64.2597586972
483 64.1871897601
505 64.0323291230
508 63.9171691802
535 63.6285131035
568 63.3133955861
586 63.3116367336
592 63.0221207358
604 62.8028929366
616 62.7643283135
685 62.7341680729
694 62.6986561257
695 62.6396428201
715 62.5391587911
726 62.5207029109
795 62.5102682313
811 62.3536038208
932 62.3260672745
1136 62.3226674876
1141 62.2799032354
1194 62.2795258004
1214 62.2746570773
1227 62.2218395404
1325 62.2071836031
1498 62.2047073196
1521 62.1998927899
1531 62.1918357528
1546 62.1851940386
1583 62.1843611504
1657 62.1774507400
1727 62.1760814902
1855 62.1721604464
1874 62.1714593768
1884 62.1705329837
1905 62.1700899530
1945 62.1683641674
2024 62.1675735551
2066 62.1669188139
2080 62.1652644188
2105 62.1652163424
2123 62.1647837782
2152 62.1643623437
2177 62.1635753010
2255 62.1632154510
2431 62.1629760725
2441 62.1626113789
2492 62.1625755510
2514 62.1622914216
2517 62.1621359471
2572 62.1619733103
2578 62.1618279094
2603 62.1617896592
2616 62.1616219682
2653 62.1615231315
2715 62.1613047638
2756 62.1612701247
2857 62.1610476396
2958 62.1609683388
2987 62.1608986483
3150 62.1608433609
3193 62.1608131128
3218 62.1607984332
3298 62.1607981502
3331 62.1607810363
3350 62.1607806960
3367 62.1607475044
3512 62.1607344236
3562 62.1607306071
3686 62.1607270438
3729 62.1607267736
3751 62.1607254602
3777 62.1607249926
3785 62.1607207817
3813 62.1607194149
3815 62.1607190756
3816 62.1607091316
3857 62.1607059538
3907 62.1607055637
3991 62.1607036754
4091 62.1607029888
4108 62.1607020161
4185 62.1607008766
4275 62.1607004724
4304 62.1606997466
4380 62.1606994363
4384 62.1606986461
4476 62.1606981892
4587 62.1606981228
4591 62.1606979447
4625 62.1606979005
4645 62.1606978969
4652 62.1606977035
4681 62.1606975562
4708 62.1606975412
4718 62.1606974850
4732 62.1606974364
4736 62.1606974174
4750 62.1606973580
4829 62.1606972872
4836 62.1606972493
4843 62.1606972301
4908 62.1606971915
4915 62.1606971184
4985 62.1606969640
5017 62.1606969427
5107 62.1606969365
5173 62.1606969003
5178 62.1606968910
5211 62.1606968699
5213 62.1606968651
5261 62.1606968638
5285 62.1606968520
5296 62.1606968482
5325 62.1606968303
5371 62.1606968270
5392 62.1606968244
5466 62.1606968198
5494 62.1606968177
5516 62.1606968116
5557 62.1606968111
5631 62.1606968097
5650 62.1606968087
5687 62.1606968070
5688 62.1606968058
5726 62.1606968052
5756 62.1606968045
5766 62.1606968037
5774 62.1606968035
5787 62.1606968026
5795 62.1606967973
5841 62.1606967950
5888 62.1606967938
5923 62.1606967912
6028 62.1606967907
6106 62.1606967905
6123 62.1606967897
6199 62.1606967896
6229 62.1606967891
6312 62.1606967882
6317 62.1606967881
6340 62.1606967877
6359 62.1606967877
6428 62.1606967877
6445 62.1606967875
6455 62.1606967871
6493 62.1606967871
6525 62.1606967870
6527 62.1606967869
6556 62.1606967866
6606 62.1606967865
6647 62.1606967865
6711 62.1606967863
6734 62.1606967863
6811 62.1606967863
6868 62.1606967862
6876 62.1606967862
6883 62.1606967862
6984 62.1606967861
7169 62.1606967860
7271 62.1606967860
7454 62.1606967860
7473 62.1606967860
7524 62.1606967860
7526 62.1606967860
7575 62.1606967860
7578 62.1606967860
7649 62.1606967860
7679 62.1606967860
7705 62.1606967860
7805 62.1606967860
7815 62.1606967860
7862 62.1606967860
7865 62.1606967860
7891 62.1606967860
7899 62.1606967860
7928 62.1606967860
7929 62.1606967860
8022 62.1606967860
8032 62.1606967860
8043 62.1606967860
8103 62.1606967860
8109 62.1606967860
8119 62.1606967860
8142 62.1606967860
8144 62.1606967860
8280 62.1606967860
8293 62.1606967860
8329 62.1606967860
8464 62.1606967860
8564 62.1606967860
8621 62.1606967860
8669 62.1606967860
8760 62.1606967860
9123 62.1606967860
9428 62.1606967860
evaluations raw_y
1 86.2028985753
12 85.3798042828
20 84.6211342419
24 82.1074650915
53 79.9649052313
93 79.6179485923
96 76.0574203607
102 68.8033169710
114 66.7185205130
127 66.5057441051
141 52.4587218496
190 36.4598138894
208 33.0885087233
234 27.8031744465
235 19.7827110434
283 17.7937550950
337 15.1993037117
339 14.3901912571
344 11.2952816328
359 10.7315320820
369 3.7956607110
479 3.6861138429
492 2.4366105806
508 2.1108103065
509 1.9803293932
544 1.8563060881
555 1.6695122037
626 1.5614506394
634 1.4461867483
636 1.2278357741
677 1.1651289151
685 1.0568324730
699 1.0288388717
741 0.8641903282
902 0.8390339827
999 0.8079476224
1046 0.7697645150
1143 0.7465173876
1148 0.7464836036
1257 0.7459734566
1280 0.7311390737
1313 0.7173009666
1448 0.7170162677
1491 0.7089993928
1499 0.7086077596
1541 0.7040942258
1601 0.7030256170
1706 0.7025167369
1739 0.7009588536
1780 0.7007490127
1786 0.6992362139
1804 0.6978222836
1869 0.6948613068
2055 0.6942371893
2113 0.6937131426
2194 0.6936927939
2197 0.6936499434
2213 0.6931070427
2311 0.6929084561
2329 0.6928481489
2379 0.6926833080
2414 0.6925576056
2476 0.6924856233
2542 0.6924479295
2601 0.6921261947
2793 0.6920982354
2824 0.6920948731
2856 0.6920860390
2865 0.6920773238
2889 0.6920723011
2904 0.6920028903
3018 0.6919861867
3066 0.6919580087
3097 0.6919351064
3157 0.6919061317
3332 0.6919029283
3337 0.6918967369
3370 0.6918844761
3497 0.6918815711
3510 0.6918812269
3515 0.6918799687
3533 0.6918774333
3596 0.6918737320
3666 0.6918727989
3702 0.6918702675
3707 0.6918695723
3749 0.6918682329
3776 0.6918661010
3808 0.6918658006
3851 0.6918656964
3896 0.6918640676
3939 0.6918637450
3972 0.6918626104
3998 0.6918619631
4026 0.6918614113
4029 0.6918613526
4057 0.6918597158
4140 0.6918595531
4165 0.6918591379
4166 0.6918587779
4197 0.6918583443
4274 0.6918581038
4378 0.6918576607
4510 0.6918575824
4542 0.6918573787
4574 0.6918573337
4588 0.6918572850
4604 0.6918571414
4764 0.6918571409
4877 0.6918571328
4899 0.6918570987
4943 0.6918570415
4951 0.6918570278
4954 0.6918569873
5068 0.6918569751
5106 0.6918569669
5114 0.6918569626
5159 0.6918569436
5290 0.6918569378
5352 0.6918569365
5368 0.6918569347
5425 0.6918569321
5451 0.6918569302
5523 0.6918569262
5529 0.6918569241
5536 0.6918569224
5604 0.6918569205
5627 0.6918569204
5660 0.6918569175
5751 0.6918569174
5766 0.6918569166
5834 0.6918569160
5900 0.6918569148
5922 0.6918569142
5936 0.6918569136
5960 0.6918569136
5967 0.6918569133
6003 0.6918569133
6008 0.6918569133
6048 0.6918569129
6142 0.6918569126
6157 0.6918569124
6182 0.6918569124
6211 0.6918569123
6254 0.6918569122
6274 0.6918569119
6296 0.6918569118
6426 0.6918569117
6428 0.6918569117
6457 0.6918569116
6533 0.6918569115
6535 0.6918569115
6544 0.6918569115
6589 0.6918569114
6593 0.6918569113
6832 0.6918569113
7012 0.6918569113
7030 0.6918569113
7045 0.6918569112
7094 0.6918569112
7127 0.6918569112
7137 0.6918569112
7173 0.6918569112
7234 0.6918569112
7363 0.6918569112
7401 0.6918569112
7415 0.6918569112
7517 0.6918569112
7661 0.6918569112
7718 0.6918569112
7809 0.6918569112
7812 0.6918569112
7847 0.6918569112
7936 0.6918569112
8027 0.6918569112
8054 0.6918569112
8073 0.6918569112
8126 0.6918569112
8136 0.6918569112
8173 0.6918569112
8184 0.6918569112
8307 0.6918569112
8407 0.6918569112
8466 0.6918569112
8477 0.6918569112
8493 0.6918569112
8619 0.6918569112
8626 0.6918569112
8664 0.6918569112
8670 0.6918569112
8684 0.6918569112
8784 0.6918569112
8791 0.6918569112
8805 0.6918569112
8819 0.6918569112
9025 0.6918569112
9026 0.6918569112
9049 0.6918569112
9239 0.6918569112
9344 0.6918569112
9484 0.6918569112
9858 0.6918569112
evaluations raw_y
1 104.0913025198
2 91.1702267816
4 88.6510069885
11 87.1587811489
44 86.9734260234
45 86.3034625693
59 86.2657226969
64 86.2343161774
65 86.0369540951
66 82.5610172069
130 65.3434320071
173 56.6573677488
336 54.3066899114
345 52.7885877057
371 44.8335846522
397 24.4393001471
514 20.6469644160
526 17.4424766425
562 15.3989282404
595 12.4878004956
605 11.4876610555
646 11.2580490179
665 10.0559198845
696 9.4658864861
711 8.6799782112
733 8.2839282589
746 8.0261481515
795 8.0191889901
805 7.7910789061
837 7.3392864090
860 6.7962452065
1013 6.7560910759
1017 6.5371238469
1022 6.2475023579
1042 5.7497093519
1134 5.0885248630
1201 4.7437113381
1261 2.6848710318
1348 2.3419957748
1501 2.1016792659
1681 2.0465781978
1799 2.0352907064
1849 2.0146421685
1879 1.8393542254
1984 1.6205826342
2104 1.6069368177
2162 1.4594010562
2192 1.1755691547
2218 1.0718785372
2233 1.0420465013
2287 0.6483079086
2292 0.6437077191
2404 0.5846430031
2405 0.5821604568
2451 0.5449364465
2452 0.4985533460
2578 0.4458557656
2829 0.3220101660
2834 0.2441237041
2871 0.2267084451
2897 0.2152272042
2904 0.1494284515
2981 0.1459017623
3005 0.1372671002
3050 0.1305253333
3076 0.1033752153
3359 0.0977959526
3379 0.0967731249
3412 0.0852309167
3463 0.0834601762
3471 0.0749174995
3538 0.0596214588
3633 0.0503935511
3661 0.0468282891
3951 0.0287600674
4130 0.0198525246
4308 0.0191354259
4372 0.0171309835
4566 0.0151672962
4767 0.0149368207
4915 0.0147512947
4962 0.0145764727
5036 0.0143104598
5044 0.0142736173
5068 0.0131586233
5150 0.0128365407
5393 0.0127684161
5400 0.0125265792
5426 0.0121110419
5527 0.0116220603
5553 0.0088904357
5610 0.0059228591
5691 0.0041985916
6282 0.0038947787
6289 0.0037998940
6325 0.0036864532
6327 0.0036602577
6390 0.0035858415
6404 0.0035531758
6412 0.0028354609
6454 0.0023338789
6576 0.0014109689
6790 0.0013136929
6801 0.0009336963
6982 0.0009229985
6987 0.0009140319
7052 0.0008845360
7107 0.0008773010
7120 0.0004893310
7304 0.0004202658
7412 0.0003441376
7423 0.0003259517
7520 0.0002966106
7669 0.0002699006
7770 0.0002395753
7905 0.0002373294
7961 0.0001414269
7990 0.0001151034
8238 0.0000869042
8306 0.0000835483
8370 0.0000634912
8387 0.0000543237
8576 0.0000482823
8586 0.0000452169
8642 0.0000289306
8671 0.0000241671
8868 0.0000171419
9120 0.0000069068
9382 0.0000065791
9403 0.0000047072
9473 0.0000028297
9625 0.0000025744
9824 0.0000019086
9884 0.0000016086
9930 0.0000010064
9956 0.0000003870
10100 0.0000001831
10239 0.0000001642
10419 0.0000001172
10442 0.0000000649
10651 0.0000000489
10663 0.0000000472
10798 0.0000000464
10817 0.0000000425
10828 0.0000000250
10973 0.0000000127
10993 0.0000000118
11112 0.0000000118
11162 0.0000000117
11199 0.0000000042
11374 0.0000000029
11482 0.0000000025
11538 0.0000000012
11652 0.0000000010
11792 0.0000000009
11836 0.0000000005
12061 0.0000000003
12134 0.0000000003
12269 0.0000000001
12285 0.0000000001
12301 0.0000000001
12304 0.0000000001
12372 0.0000000001
12432 0.0000000001
12434 0.0000000000
12488 0.0000000000
12533 0.0000000000
12654 0.0000000000
12669 0.0000000000
12679 0.0000000000
12898 0.0000000000
12902 0.0000000000
12937 0.0000000000
13077 0.0000000000
13233 0.0000000000
13325 0.0000000000
13421 0.0000000000
13440 0.0000000000
13449 0.0000000000
13569 0.0000000000
13687 0.0000000000
13700 0.0000000000
13744 0.0000000000
13752 0.0000000000
13763 0.0000000000
13822 0.0000000000
13982 0.0000000000
14037 0.0000000000
14064 0.0000000000
14116 0.0000000000
14163 0.0000000000
14270 0.0000000000
14460 0.0000000000
15019 0.0000000000
evaluations raw_y
1 92.0946316626
2 88.7203912662
5 88.0666032388
10 87.2966322743
11 87.2438710558
24 86.3182958231
44 86.1644665518
58 85.7928342751
88 84.6858933561
115 82.7122720753
123 82.3404725330
136 81.1259973825
139 81.0753814621
142 77.9186976482
156 76.7541332591
160 76.5921012109
168 70.3671443877
205 67.1248070489
221 63.6820040996
269 61.0598484524
290 58.8024236203
313 58.2438798492
314 51.4103647608
331 50.2921765894
337 50.0408887183
384 44.4707539286
429 43.1732874888
432 41.0596081634
446 40.8438449846
468 40.8112831152
470 40.4131866292
481 40.1182740695
519 39.6546094561
522 39.5277512392
537 38.7976110838
551 36.9200138689
601 36.5903792321
605 35.5451035257
650 35.2461199016
662 35.1200255213
666 35.1011923671
703 33.6984336988
711 33.5967534531
717 32.8163757513
739 32.4606066864
787 32.2257488213
804 31.8999439005
878 31.6914212326
990 31.5295271112
994 31.1771408339
1168 31.1601585733
1200 30.9271442028
1453 30.8384095425
1483 30.7992390932
1489 30.7179947458
1522 30.5963875470
1597 30.4031063945
1727 30.3494986933
1799 30.2335009537
2054 30.1896068125
2085 30.1887394340
2144 30.1685075049
2176 30.1673778637
2192 30.1446486274
2208 30.1215794638
2472 30.1200749027
2488 30.1187274283
2509 30.1115264568
2520 30.1113135315
2577 30.1080341819
2592 30.1070159343
2617 30.1061925308
2629 30.1026546852
2674 30.1003899971
2701 30.0995724688
2769 30.0989864969
2775 30.0929216716
2902 30.0928488196
2936 30.0928036523
2942 30.0926878029
2965 30.0923827449
3002 30.0898608903
3182 30.0866481100
3399 30.0854715058
3469 30.0854006887
3556 30.0849305414
3597 30.0847257952
3620 30.0842993117
3687 30.0842306717
3693 30.0839505377
3710 30.0835943529
3796 30.0831824195
3872 30.0827857032
4180 30.0826735639
4265 30.0826563096
4271 30.0824945226
4354 30.0824601834
4406 30.0824357478
4451 30.0824125679
4507 30.0823286349
4668 30.0823119462
4715 30.0823028383
4773 30.0822933683
4799 30.0822866217
4836 30.0822780105
4838 30.0822736486
4903 30.0822735379
4926 30.0822651303
4942 30.0822562614
5015 30.0822314402
5205 30.0822279906
5287 30.0822278889
5313 30.0822277615
5368 30.0822272769
5420 30.0822257391
5444 30.0822231920
5445 30.0822217504
5454 30.0822216336
5491 30.0822210018
5495 30.0822192535
5505 30.0822182761
5556 30.0822175251
5628 30.0822170347
5659 30.0822163743
5711 30.0822158878
5750 30.0822148524
5753 30.0822136020
5774 30.0822132110
5860 30.0822128961
5958 30.0822126607
6124 30.0822126187
6180 30.0822122799
6206 30.0822122526
6226 30.0822121000
6252 30.0822119789
6291 30.0822119612
6294 30.0822117911
6316 30.0822117719
6344 30.0822116805
6449 30.0822116657
6493 30.0822116356
6538 30.0822115781
6569 30.0822115551
6592 30.0822115385
6679 30.0822115299
6683 30.0822114874
6762 30.0822114549
6861 30.0822114521
6875 30.0822114429
6891 30.0822114414
6897 30.0822114320
6920 30.0822114245
6922 30.0822114204
6936 30.0822113937
7009 30.0822113868
7040 30.0822113812
7122 30.0822113751
7134 30.0822113749
7163 30.0822113743
7188 30.0822113709
7189 30.0822113681
7196 30.0822113644
7224 30.0822113428
7561 30.0822113409
7571 30.0822113406
7575 30.0822113395
7634 30.0822113386
7672 30.0822113382
7746 30.0822113374
7772 30.0822113368
7815 30.0822113366
7917 30.0822113358
7942 30.0822113357
7985 30.0822113357
7996 30.0822113355
8000 30.0822113350
8057 30.0822113349
8065 30.0822113347
8158 30.0822113346
8162 30.0822113342
8273 30.0822113342
8278 30.0822113341
8347 30.0822113341
8399 30.0822113340
8423 30.0822113340
8468 30.0822113339
8599 30.0822113339
8639 30.0822113339
8660 30.0822113338
8683 30.0822113338
8704 30.0822113338
8720 30.0822113338
8747 30.0822113337
8833 30.0822113337
8862 30.0822113337
8879 30.0822113337
8890 30.0822113337
8912 30.0822113337
8914 30.0822113337
8956 30.0822113337
9071 30.0822113337
9090 30.0822113337
9120 30.0822113337
9134 30.0822113336
9299 30.0822113336
9362 30.0822113336
9485 30.0822113336
9522 30.0822113336
9573 30.0822113336
9617 30.0822113336
9630 30.0822113336
9661 30.0822113336
9678 30.0822113336
9734 30.0822113336
9735 30.0822113336
9799 30.0822113336
9894 30.0822113336
9918 30.0822113336
9977 30.0822113336
9999 30.0822113336
10108 30.0822113336
10154 30.0822113336
10301 30.0822113336
10340 30.0822113336
10493 30.0822113336
10523 30.0822113336
10644 30.0822113336
10647 30.0822113336
10682 30.0822113336
10718 30.0822113336
10727 30.0822113336
10731 30.0822113336
10733 30.0822113336
10777 30.0822113336
10861 30.0822113336
10949 30.0822113336
10990 30.0822113336
11049 30.0822113336
11276 30.0822113336
11306 30.0822113336
11779 30.0822113336
evaluations raw_y
1 86.3693499141
18 86.2654707463
41 85.7622643060
49 85.7537184198
51 84.3058988594
63 83.4828046347
133 81.2319400170
137 79.6325758785
176 75.9306701941
178 71.6056968959
187 71.3372211593
202 70.1202916511
219 69.1605496253
226 63.8521294239
246 50.4508115702
312 46.3516817951
346 45.1594229403
355 32.7664229146
371 30.1825360495
375 22.5138842412
380 22.2286304454
384 21.5335090586
406 20.6088189383
408 20.6074483278
421 18.1791949316
429 14.0170910529
430 11.3465815662
442 10.3295506721
456 10.2617639687
469 9.5236492614
486 9.4750339506
491 8.8656675223
497 7.2024843434
506 6.7551617003
545 5.7382310190
570 5.1519852445
612 3.4664960227
627 2.9901011255
647 2.4860527063
669 2.4627607252
684 2.3856381485
696 2.3387900289
760 2.2794853361
771 2.0314278685
850 2.0266208901
860 2.0179252200
873 2.0143248190
878 2.0139434449
883 2.0127045051
907 2.0034779912
970 2.0032635884
993 2.0016413448
1048 1.9965423635
1053 1.9947994360
1068 1.9795981314
1122 1.9741073428
1261 1.9706701547
1366 1.9696604928
1373 1.9678425829
1392 1.9652805069
1446 1.9645786494
1467 1.9640653635
1499 1.9639836820
1509 1.9639357411
1514 1.9627225449
1525 1.9625835714
1532 1.9604460989
1621 1.9603383727
1642 1.9586608829
1759 1.9581537945
1785 1.9576449211
1918 1.9574255992
1986 1.9574020279
2016 1.9569252500
2039 1.9564124468
2207 1.9557302113
2341 1.9555695044
2420 1.9553704669
2541 1.9552594387
2563 1.9552528286
2609 1.9551930047
2766 1.9551541164
2828 1.9551189837
2929 1.9550768821
2972 1.9550709831
3024 1.9550678232
3063 1.9550567516
3112 1.9550488630
3121 1.9550419079
3152 1.9550402622
3256 1.9550363250
3305 1.9550307191
3312 1.9550302136
3348 1.9550247416
3390 1.9550218553
3399 1.9550163991
3452 1.9550099295
3539 1.9550070526
3705 1.9550058971
3707 1.9550056900
3726 1.9550026055
3898 1.9550020859
3949 1.9550004766
4001 1.9550004082
4064 1.9549999687
4199 1.9549997616
4341 1.9549997279
4366 1.9549996560
4397 1.9549996538
4403 1.9549995290
4409 1.9549994341
4450 1.9549992802
4494 1.9549992301
4544 1.9549991982
4600 1.9549991111
4662 1.9549991102
4731 1.9549991084
4746 1.9549990976
4751 1.9549990957
4769 1.9549990106
4814 1.9549989983
4859 1.9549989828
4865 1.9549989677
4906 1.9549989471
5111 1.9549989367
5113 1.9549989312
5118 1.9549989308
5127 1.9549989273
5134 1.9549989129
5143 1.9549989066
5174 1.9549989014
5195 1.9549988919
5296 1.9549988854
5302 1.9549988842
5329 1.9549988822
5378 1.9549988777
5426 1.9549988740
5427 1.9549988727
5492 1.9549988677
5634 1.9549988660
5683 1.9549988658
5713 1.9549988652
5754 1.9549988650
5774 1.9549988620
5915 1.9549988620
5963 1.9549988617
5983 1.9549988617
6083 1.9549988613
6084 1.9549988610
6146 1.9549988606
6203 1.9549988605
6251 1.9549988603
6286 1.9549988602
6412 1.9549988601
6415 1.9549988601
6496 1.9549988599
6517 1.9549988599
6576 1.9549988597
6662 1.9549988597
6717 1.9549988596
6783 1.9549988596
6962 1.9549988596
6970 1.9549988596
7019 1.9549988596
7024 1.9549988596
7129 1.9549988596
7153 1.9549988596
7209 1.9549988596
7270 1.9549988596
7285 1.9549988595
7341 1.9549988595
7375 1.9549988595
7435 1.9549988595
7443 1.9549988595
7622 1.9549988595
7651 1.9549988595
7666 1.9549988595
7669 1.9549988595
7715 1.9549988595
7738 1.9549988595
7747 1.9549988595
8024 1.9549988595
8137 1.9549988595
8141 1.9549988595
8233 1.9549988595
8269 1.9549988595
8302 1.9549988595
8342 1.9549988595
8343 1.9549988595
8480 1.9549988595
8699 1.9549988595
9086 1.9549988595
evaluations raw_y
1 112.6621073061
2 109.2053157293
3 89.4969540633
7 89.1990881962
12 86.3392620555
16 85.9754102089
55 85.8597049300
66 85.1391242295
77 82.8967302781
84 81.3489154131
98 81.2884223413
102 79.1001691210
106 79.0719469004
144 77.8475926369
162 73.1791508998
186 72.6819514693
192 72.6704290960
196 68.3396133419
349 68.2804008253
350 66.4802577514
351 66.2277950027
368 65.3287604631
396 63.0370558797
413 62.8765634462
415 57.0738045145
447 55.4916559966
476 53.0615073621
511 51.5103908451
519 47.8063837912
523 43.9402722965
596 41.5660723178
606 37.8099068766
632 37.3101518583
639 36.3205113018
649 31.7097423054
652 30.8829480733
712 30.1683725466
746 29.9694340528
752 26.5986926267
779 26.3216746581
791 26.2668457902
811 26.0098277705
816 26.0052660614
826 24.7103689171
832 23.2048776538
853 22.5360128274
968 22.3883836924
982 22.3047542682
1025 21.8772659682
1030 21.7797492440
1044 21.7272103835
1051 21.4559745539
1067 21.2498826345
1071 21.1536162709
1110 21.0545204698
1122 21.0541329699
1130 20.4741377217
1194 20.0916834417
1313 19.4515075936
1602 19.4225495271
1617 19.0587013151
1689 18.9587976619
2055 18.9044155668
2141 18.7796944378
2159 18.7398276275
2215 18.6226636795
2317 18.6127028096
2363 18.5517099252
2416 18.5357868333
2419 18.4966710155
2421 18.4848958083
2567 18.4596756161
2575 18.4586311133
2577 18.4567331796
2617 18.4165992664
2623 18.4127333631
2683 18.3829213057
2784 18.3645780332
2837 18.3622856336
2854 18.3580819646
2899 18.3441792659
2918 18.3397765979
2969 18.3358264211
3074 18.3261418985
3111 18.3219490054
3116 18.3202460129
3197 18.3197877376
3224 18.3181237366
3301 18.3138319854
3309 18.3128195516
3324 18.2986911185
3645 18.2983319867
3646 18.2968772642
3768 18.2956341811
3795 18.2945376570
3804 18.2940760939
3894 18.2939358915
3920 18.2933637642
3925 18.2929648160
3947 18.2924272089
3964 18.2922870751
3972 18.2915948300
3983 18.2911075350
4021 18.2910156848
4056 18.2903259306
4236 18.2899173622
4345 18.2897775960
4371 18.2897588232
4387 18.2896638197
4413 18.2895374983
4479 18.2895263716
4492 18.2894935992
4504 18.2890583526
4649 18.2889553200
4668 18.2888765972
4711 18.2887938664
4808 18.2887378291
4891 18.2886114004
4922 18.2886048072
5008 18.2885981540
5015 18.2885648016
5017 18.2885540850
5028 18.2885397314
5075 18.2885351133
5122 18.2885288804
5132 18.2885007333
5135 18.2884922936
5157 18.2884578292
5204 18.2884044051
5350 18.2883952795
5374 18.2883816229
5393 18.2883733955
5449 18.2883630403
5700 18.2883564421
5701 18.2883541115
5710 18.2883463857
5767 18.2883421458
5773 18.2883228573
5964 18.2883212850
5987 18.2883167149
6039 18.2883143512
6077 18.2883124205
6138 18.2883117291
6160 18.2883053348
6257 18.2883004967
6414 18.2882961997
6786 18.2882961902
6844 18.2882944179
7154 18.2882938308
7204 18.2882934132
7245 18.2882932911
7321 18.2882931787
7452 18.2882931367
7524 18.2882930583
7563 18.2882927770
7641 18.2882927507
7701 18.2882927472
7703 18.2882927438
7727 18.2882926910
7774 18.2882926107
7871 18.2882926096
7908 18.2882926058
7945 18.2882925984
7965 18.2882925747
7996 18.2882925657
8098 18.2882925551
8121 18.2882925232
8165 18.2882925051
8245 18.2882925023
8339 18.2882924833
8468 18.2882924825
8506 18.2882924823
8511 18.2882924807
8539 18.2882924785
8546 18.2882924754
8547 18.2882924721
8551 18.2882924693
8568 18.2882924650
8585 18.2882924645
8717 18.2882924636
8860 18.2882924622
8874 18.2882924618
8889 18.2882924571
8989 18.2882924559
8995 18.2882924549
9049 18.2882924547
9110 18.2882924542
9308 18.2882924531
9431 18.2882924521
9483 18.2882924518
9531 18.2882924514
9584 18.2882924512
9645 18.2882924512
9664 18.2882924509
9683 18.2882924508
9721 18.2882924505
9741 18.2882924503
9782 18.2882924503
9785 18.2882924502
9852 18.2882924502
9879 18.2882924498
9976 18.2882924498
10066 18.2882924498
10080 18.2882924498
10111 18.2882924496
10131 18.2882924495
10304 18.2882924495
10340 18.2882924495
10343 18.2882924495
10368 18.2882924495
10400 18.2882924494
10412 18.2882924494
10451 18.2882924494
10524 18.2882924494
10545 18.2882924494
10590 18.2882924493
10661 18.2882924493
10712 18.2882924493
10720 18.2882924493
10786 18.2882924493
10806 18.2882924493
10874 18.2882924493
10893 18.2882924493
10935 18.2882924493
10951 18.2882924493
11002 18.2882924493
11067 18.2882924493
11164 18.2882924493
11213 18.2882924493
11386 18.2882924493
11432 18.2882924493
11435 18.2882924493
11513 18.2882924493
11555 18.2882924493
11559 18.2882924493
11605 18.2882924493
11626 18.2882924493
11688 18.2882924493
11726 18.2882924493
11728 18.2882924493
11736 18.2882924493
11765 18.2882924493
11813 18.2882924493
11840 18.2882924493
11856 18.2882924493
11865 18.2882924493
11973 18.2882924493
12005 18.2882924493
12010 18.2882924493
12042 18.2882924493
12117 18.2882924493
12124 18.2882924493
12207 18.2882924493
12278 18.2882924493
12342 18.2882924493
12392 18.2882924493
12461 18.2882924493
12472 18.2882924493
12497 18.2882924493
12532 18.2882924493
12622 18.2882924493
12747 18.2882924493
12882 18.2882924493
13131 18.2882924493
13433 18.2882924493
evaluations raw_y
1 102.3470218131
3 86.9693640350
14 86.1816017407
25 85.5058976173
37 83.8225540015
45 83.7179408145
53 82.2949804328
69 78.7724131093
80 76.4586663525
87 76.4396303173
90 74.8865752646
111 69.8256346984
129 69.5368579391
135 68.0162254194
181 66.8991802720
193 65.1627858149
205 62.2505817601
206 60.5317514531
207 57.9912316609
209 51.4267350652
213 49.8745828085
222 43.6690392679
230 30.0402715705
310 28.7366429310
329 27.7217224617
330 27.3010404004
348 26.9172476064
364 22.3192483899
408 21.2717618584
438 20.9880430546
462 20.2641138568
483 20.1909923975
531 20.0457795144
580 19.7898179933
595 19.7710707297
598 19.6490992204
600 19.5338617478
603 19.4476360935
605 19.3413609131
610 19.2773602833
613 19.2555591143
633 19.2279634733
636 18.9841977508
638 18.6991232138
726 18.6891184206
763 18.4942689232
1011 18.4523906949
1115 18.4511388530
1131 18.4458717773
1164 18.3698636583
1350 18.3672845374
1355 18.3590310010
1375 18.3488305019
1414 18.3448796904
1421 18.3400733159
1483 18.3390520676
1548 18.3353362508
1575 18.3070983590
1680 18.3051226090
1729 18.3043671843
1772 18.3030728586
1858 18.3015355971
1899 18.3005793216
1904 18.3004879309
1917 18.2973212266
1920 18.2971129437
1954 18.2969886471
1974 18.2967382734
2006 18.2956697452
2027 18.2945414004
2053 18.2942742074
2067 18.2942504713
2120 18.2926470968
2192 18.2922506926
2271 18.2910982480
2279 18.2910040674
2349 18.2906898288
2392 18.2905317634
2412 18.2903427633
2413 18.2899775867
2428 18.2898514253
2474 18.2895855258
2491 18.2895404581
2503 18.2894089341
2555 18.2892896257
2563 18.2892751161
2583 18.2890456360
2638 18.2889466160
2645 18.2888314626
2720 18.2887354637
2844 18.2887193014
2869 18.2886267477
2923 18.2885396790
2985 18.2884719257
3050 18.2884623692
3054 18.2884442167
3068 18.2884106783
3112 18.2883683408
3246 18.2883631405
3353 18.2883527577
3367 18.2883485434
3412 18.2883338781
3421 18.2883270871
3437 18.2883183881
3566 18.2883132968
3610 18.2883126369
3639 18.2883073769
3726 18.2882997370
3850 18.2882974706
3981 18.2882953450
4064 18.2882950809
4187 18.2882947390
4217 18.2882942557
4240 18.2882941600
4265 18.2882939699
4270 18.2882938609
4322 18.2882938122
4337 18.2882937147
4384 18.2882934544
4458 18.2882932405
4488 18.2882931642
4512 18.2882931537
4543 18.2882930034
4551 18.2882928995
4681 18.2882928560
4703 18.2882927902
4752 18.2882927279
4784 18.2882927228
4796 18.2882927076
4815 18.2882926757
4842 18.2882926497
4877 18.2882926214
4934 18.2882925969
5008 18.2882925768
5018 18.2882925431
5146 18.2882925182
5232 18.2882925148
5256 18.2882925048
5367 18.2882924984
5370 18.2882924951
5384 18.2882924947
5398 18.2882924922
5432 18.2882924772
5463 18.2882924637
5596 18.2882924616
5712 18.2882924590
5802 18.2882924579
5815 18.2882924554
5843 18.2882924544
5931 18.2882924541
5965 18.2882924541
5973 18.2882924533
6022 18.2882924530
6042 18.2882924529
6049 18.2882924525
6059 18.2882924514
6128 18.2882924514
6153 18.2882924510
6224 18.2882924510
6237 18.2882924509
6251 18.2882924509
6258 18.2882924508
6259 18.2882924505
6270 18.2882924503
6305 18.2882924502
6319 18.2882924502
6330 18.2882924500
6426 18.2882924497
6561 18.2882924497
6655 18.2882924497
6658 18.2882924495
6759 18.2882924495
6803 18.2882924495
6834 18.2882924494
6885 18.2882924494
6916 18.2882924494
6950 18.2882924494
6951 18.2882924493
7152 18.2882924493
7172 18.2882924493
7187 18.2882924493
7212 18.2882924493
7241 18.2882924493
7250 18.2882924493
7309 18.2882924493
7325 18.2882924493
7369 18.2882924493
7447 18.2882924493
7466 18.2882924493
7486 18.2882924493
7488 18.2882924493
7495 18.2882924493
7499 18.2882924493
7552 18.2882924493
7568 18.2882924493
7583 18.2882924493
7643 18.2882924493
7747 18.2882924493
7793 18.2882924493
7850 18.2882924493
7896 18.2882924493
7998 18.2882924493
8030 18.2882924493
8090 18.2882924493
8213 18.2882924493
8328 18.2882924493
8591 18.2882924493
8612 18.2882924493
8677 18.2882924493
8680 18.2882924493
8715 18.2882924493
8716 18.2882924493
8972 18.2882924493
9007 18.2882924493
9071 18.2882924493
9203 18.2882924493
9210 18.2882924493
9286 18.2882924493
9396 18.2882924493
9761 18.2882924493
9945 18.2882924493
