evaluations raw_y
1 484.2032585444
2 233.4110539027
8 229.8878254447
11 187.5559460476
12 120.0587555238
27 115.1587719019
37 62.2794515727
51 33.5701114404
78 33.0934280555
79 21.5279701201
113 18.0669290978
134 10.7930455597
210 9.5972579669
226 9.4618551500
281 5.6052090369
323 3.1961044791
395 2.7347026546
420 1.9378811753
422 1.5421877446
509 0.8025992764
634 0.7252069650
636 0.6993597769
641 0.3696284591
659 0.3367980637
692 0.2016733615
892 0.1596325488
965 0.1526346893
975 0.0946661696
1028 0.0757819890
1099 0.0591261983
1266 0.0443685892
1321 0.0436879723
1332 0.0286581468
1630 0.0270999695
1660 0.0162934334
1727 0.0098411290
1862 0.0088642665
2025 0.0047963220
2472 0.0042232796
2531 0.0039578647
2645 0.0037992590
2816 0.0030371480
2833 0.0024055375
2882 0.0020719991
3425 0.0019023570
3449 0.0016903484
3519 0.0011376278
3678 0.0009484571
3751 0.0008366098
3830 0.0007720196
4656 0.0007434358
4701 0.0007351964
4865 0.0007158302
4875 0.0005603112
5225 0.0005332967
5253 0.0004416776
5434 0.0004004215
5566 0.0003829278
5717 0.0003130693
6117 0.0002982767
6362 0.0002314367
6400 0.0002303131
6740 0.0002280035
6819 0.0002192195
6836 0.0002104838
6848 0.0001950887
6952 0.0001920455
7042 0.0001900726
7091 0.0001712973
7147 0.0001637743
7362 0.0001573577
7405 0.0001561942
7498 0.0001340197
7632 0.0001045265
7778 0.0000730584
8448 0.0000684560
8619 0.0000581282
8679 0.0000575235
8826 0.0000515243
8857 0.0000443297
8916 0.0000344582
8953 0.0000335584
9026 0.0000319391
9246 0.0000294335
9346 0.0000292135
9448 0.0000291128
9464 0.0000260166
9500 0.0000195223
9785 0.0000190058
9964 0.0000183790
10179 0.0000168647
10250 0.0000168516
10350 0.0000162903
10761 0.0000151682
10949 0.0000140690
11221 0.0000139638
11257 0.0000129248
11468 0.0000128677
11488 0.0000124089
11560 0.0000119867
11675 0.0000102217
12020 0.0000100305
12051 0.0000079734
12447 0.0000079492
12708 0.0000069992
12767 0.0000064579
12779 0.0000062775
12791 0.0000057341
12891 0.0000056500
12978 0.0000054166
13005 0.0000052133
13156 0.0000050165
13205 0.0000047225
13238 0.0000035911
13469 0.0000035831
13488 0.0000032211
13713 0.0000028124
13936 0.0000024672
14007 0.0000021648
14071 0.0000019781
14284 0.0000019212
14380 0.0000019084
14405 0.0000017983
14430 0.0000017277
14494 0.0000016662
14574 0.0000014475
14756 0.0000014159
14898 0.0000013935
14909 0.0000011810
14937 0.0000007868
15754 0.0000007856
15842 0.0000007158
15846 0.0000007022
15931 0.0000006977
16028 0.0000006951
16124 0.0000006951
16136 0.0000006722
16166 0.0000005905
16268 0.0000005458
16323 0.0000004819
16465 0.0000004617
16626 0.0000004415
16750 0.0000004127
16759 0.0000003980
16801 0.0000003882
16923 0.0000003438
16958 0.0000003430
17008 0.0000003199
17105 0.0000002652
17570 0.0000002333
17691 0.0000002276
17810 0.0000002064
17819 0.0000001812
17863 0.0000001457
18028 0.0000001084
19443 0.0000000924
19754 0.0000000882
19872 0.0000000821
19954 0.0000000787
20082 0.0000000762
20130 0.0000000545
20534 0.0000000446
20746 0.0000000437
21036 0.0000000397
21103 0.0000000379
21262 0.0000000372
21305 0.0000000369
21364 0.0000000333
21436 0.0000000328
21569 0.0000000321
21627 0.0000000314
21646 0.0000000305
21762 0.0000000302
21780 0.0000000295
21783 0.0000000275
21807 0.0000000249
21951 0.0000000244
21989 0.0000000244
22042 0.0000000225
22046 0.0000000152
22386 0.0000000147
22462 0.0000000138
22526 0.0000000131
22682 0.0000000124
22697 0.0000000084
23029 0.0000000047
23903 0.0000000039
23961 0.0000000039
24028 0.0000000032
24067 0.0000000029
24280 0.0000000027
24421 0.0000000026
24507 0.0000000026
24627 0.0000000025
24665 0.0000000025
24703 0.0000000025
24705 0.0000000024
24820 0.0000000024
24858 0.0000000024
24951 0.0000000024
25028 0.0000000023
25121 0.0000000023
25131 0.0000000022
25263 0.0000000021
25720 0.0000000021
25728 0.0000000020
25811 0.0000000018
26134 0.0000000018
26283 0.0000000018
26421 0.0000000017
26697 0.0000000017
26722 0.0000000017
26727 0.0000000017
26735 0.0000000016
26739 0.0000000016
26817 0.0000000016
26821 0.0000000016
26875 0.0000000015
27125 0.0000000015
27209 0.0000000014
27459 0.0000000014
27522 0.0000000013
27548 0.0000000012
28011 0.0000000012
28121 0.0000000012
28122 0.0000000012
28155 0.0000000012
28189 0.0000000011
28309 0.0000000011
28597 0.0000000010
28917 0.0000000010
28980 0.0000000010
29054 0.0000000010
29144 0.0000000009
29249 0.0000000009
29418 0.0000000009
29506 0.0000000009
29515 0.0000000008
29720 0.0000000007
29932 0.0000000005
30494 0.0000000004
30496 0.0000000004
30593 0.0000000003
30602 0.0000000003
30618 0.0000000002
30787 0.0000000002
30874 0.0000000002
30962 0.0000000002
31185 0.0000000002
31245 0.0000000002
31489 0.0000000002
31594 0.0000000001
31649 0.0000000001
31808 0.0000000001
31870 0.0000000001
31894 0.0000000001
31962 0.0000000001
32108 0.0000000001
32316 0.0000000001
32322 0.0000000001
32599 0.0000000001
32762 0.0000000001
32797 0.0000000001
32850 0.0000000001
32939 0.0000000001
32952 0.0000000000
33275 0.0000000000
33407 0.0000000000
33419 0.0000000000
33723 0.0000000000
33793 0.0000000000
33842 0.0000000000
33850 0.0000000000
34043 0.0000000000
34111 0.0000000000
34120 0.0000000000
34157 0.0000000000
34233 0.0000000000
34673 0.0000000000
34758 0.0000000000
34876 0.0000000000
35334 0.0000000000
35458 0.0000000000
35701 0.0000000000
36313 0.0000000000
36363 0.0000000000
36598 0.0000000000
36702 0.0000000000
36844 0.0000000000
36935 0.0000000000
37095 0.0000000000
37428 0.0000000000
37529 0.0000000000
37658 0.0000000000
38058 0.0000000000
38567 0.0000000000
38730 0.0000000000
39304 0.0000000000
39912 0.0000000000
evaluations raw_y
1 134.4181084868
6 127.9876852285
9 76.9629649370
10 46.4877658268
11 26.4483693509
27 22.9149440236
35 22.6686996540
37 22.0949990959
38 20.7083967629
44 14.0228889563
59 12.0529083137
134 7.4543992839
163 5.6138754218
218 3.4475944552
346 3.2343597197
356 2.5540260292
391 2.2638782246
413 2.1684526898
424 2.1503672535
427 1.4820236204
449 0.6239580814
598 0.5773473156
610 0.3631662874
661 0.3240323812
668 0.1481455869
876 0.0873606828
1017 0.0720284832
1139 0.0617839712
1214 0.0289808559
1576 0.0181862622
1836 0.0127668998
2050 0.0116339804
2067 0.0086798822
2079 0.0075956428
2193 0.0066175953
2266 0.0056488186
2355 0.0053437577
2454 0.0051475000
2466 0.0044029318
2573 0.0041017045
2731 0.0034865900
2774 0.0029794002
2825 0.0025171361
2828 0.0019598660
2966 0.0012014539
3347 0.0011785436
3536 0.0010239925
3540 0.0009975868
3563 0.0005452259
4292 0.0004632172
4377 0.0004596435
4411 0.0004129230
4891 0.0002769003
5397 0.0002553995
5708 0.0002437555
5910 0.0002426149
5929 0.0002410515
5968 0.0002280541
6162 0.0002246872
6202 0.0002171216
6212 0.0002083076
6346 0.0002049243
6470 0.0002032467
6475 0.0001915829
6618 0.0001825355
6850 0.0001822677
6888 0.0001633698
6969 0.0001519394
7062 0.0001428752
7096 0.0001345566
7200 0.0001271933
7208 0.0001237166
7244 0.0001186558
7297 0.0001111405
7359 0.0001069106
7511 0.0000818352
7535 0.0000749600
7999 0.0000579188
8119 0.0000575869
8144 0.0000530465
8198 0.0000472677
8524 0.0000429910
8553 0.0000381046
8778 0.0000341036
8909 0.0000325084
9125 0.0000315436
9167 0.0000311973
9227 0.0000308008
9288 0.0000307083
9494 0.0000281484
9500 0.0000269203
9711 0.0000266998
9717 0.0000243189
9735 0.0000202831
9892 0.0000198760
10119 0.0000177939
10590 0.0000171096
10649 0.0000158285
10664 0.0000157043
10761 0.0000141394
11289 0.0000140540
11442 0.0000140129
11468 0.0000133552
11502 0.0000132098
11563 0.0000129769
11674 0.0000128018
11826 0.0000120054
11879 0.0000114096
11954 0.0000110070
12077 0.0000099094
12143 0.0000098406
12313 0.0000089255
12319 0.0000089196
12467 0.0000085302
12480 0.0000077668
12522 0.0000066861
12755 0.0000063336
12811 0.0000062884
12815 0.0000057128
13152 0.0000034831
13232 0.0000030509
13267 0.0000030406
13312 0.0000029247
13499 0.0000028323
13538 0.0000022819
13543 0.0000014561
14169 0.0000012782
14357 0.0000011022
14552 0.0000009583
14918 0.0000008665
14925 0.0000007663
15104 0.0000007050
15262 0.0000006829
15336 0.0000006268
15472 0.0000006133
15563 0.0000005473
15699 0.0000005346
15788 0.0000005199
15884 0.0000004952
16027 0.0000004924
16058 0.0000004479
16099 0.0000003417
16725 0.0000003295
16853 0.0000003236
16870 0.0000003117
16892 0.0000003083
17074 0.0000003055
17125 0.0000003005
17138 0.0000002938
17203 0.0000002926
17286 0.0000002889
17296 0.0000002677
17316 0.0000002671
17368 0.0000002562
17610 0.0000002296
17687 0.0000002295
17692 0.0000002291
17830 0.0000002280
17842 0.0000002235
17847 0.0000002201
17919 0.0000002085
18080 0.0000002014
18095 0.0000001917
18185 0.0000001874
18367 0.0000001711
18393 0.0000001696
18424 0.0000001653
18438 0.0000001511
18468 0.0000001409
18665 0.0000001371
18824 0.0000001223
18903 0.0000001184
18961 0.0000001059
19310 0.0000000959
19390 0.0000000891
19514 0.0000000850
19648 0.0000000792
19741 0.0000000697
19841 0.0000000562
20064 0.0000000524
20143 0.0000000481
20489 0.0000000476
20573 0.0000000456
20700 0.0000000436
20721 0.0000000432
20795 0.0000000427
20807 0.0000000423
20827 0.0000000407
21006 0.0000000404
21051 0.0000000400
21068 0.0000000393
21493 0.0000000392
21550 0.0000000388
21797 0.0000000379
21906 0.0000000375
22345 0.0000000371
22385 0.0000000368
22677 0.0000000360
22751 0.0000000360
22921 0.0000000359
22963 0.0000000358
22976 0.0000000356
22990 0.0000000355
23007 0.0000000354
23028 0.0000000351
23040 0.0000000347
23054 0.0000000347
23183 0.0000000334
23356 0.0000000325
23372 0.0000000325
23429 0.0000000309
23663 0.0000000299
23925 0.0000000286
24000 0.0000000253
24159 0.0000000237
24253 0.0000000237
24274 0.0000000228
24425 0.0000000216
24575 0.0000000213
24585 0.0000000208
24763 0.0000000200
24792 0.0000000164
24932 0.0000000161
25038 0.0000000157
25053 0.0000000156
25063 0.0000000150
25107 0.0000000146
25226 0.0000000143
25289 0.0000000129
25327 0.0000000127
25384 0.0000000112
25625 0.0000000103
25689 0.0000000103
25705 0.0000000098
25740 0.0000000096
25762 0.0000000081
26044 0.0000000069
26125 0.0000000068
26228 0.0000000063
26258 0.0000000058
26332 0.0000000053
26390 0.0000000052
26469 0.0000000051
26480 0.0000000038
26510 0.0000000033
26715 0.0000000029
26891 0.0000000027
27166 0.0000000019
27217 0.0000000018
27391 0.0000000017
27392 0.0000000015
27408 0.0000000014
27487 0.0000000010
27585 0.0000000008
27724 0.0000000006
28023 0.0000000005
28150 0.0000000004
28375 0.0000000003
28666 0.0000000002
29119 0.0000000002
29139 0.0000000002
29388 0.0000000001
29444 0.0000000001
29730 0.0000000001
29807 0.0000000001
29991 0.0000000001
30137 0.0000000001
30337 0.0000000001
30357 0.0000000001
30882 0.0000000001
31002 0.0000000001
31012 0.0000000001
31029 0.0000000001
31072 0.0000000001
31132 0.0000000001
31141 0.0000000001
31184 0.0000000001
31258 0.0000000001
31331 0.0000000001
31595 0.0000000001
31608 0.0000000001
31620 0.0000000001
31671 0.0000000001
31715 0.0000000001
31738 0.0000000001
32096 0.0000000001
32105 0.0000000000
32129 0.0000000000
32209 0.0000000000
32271 0.0000000000
32632 0.0000000000
32744 0.0000000000
32764 0.0000000000
32803 0.0000000000
32805 0.0000000000
33037 0.0000000000
33090 0.0000000000
33123 0.0000000000
33255 0.0000000000
33283 0.0000000000
33304 0.0000000000
33455 0.0000000000
33481 0.0000000000
33653 0.0000000000
33908 0.0000000000
33939 0.0000000000
34300 0.0000000000
34348 0.0000000000
34373 0.0000000000
34600 0.0000000000
34612 0.0000000000
34842 0.0000000000
34985 0.0000000000
35188 0.0000000000
35191 0.0000000000
35240 0.0000000000
35248 0.0000000000
35619 0.0000000000
35927 0.0000000000
36237 0.0000000000
36349 0.0000000000
36626 0.0000000000
36670 0.0000000000
36778 0.0000000000
37257 0.0000000000
37325 0.0000000000
37452 0.0000000000
37492 0.0000000000
37718 0.0000000000
37846 0.0000000000
37909 0.0000000000
37945 0.0000000000
37979 0.0000000000
38018 0.0000000000
38152 0.0000000000
38291 0.0000000000
38296 0.0000000000
38364 0.0000000000
39188 0.0000000000
39302 0.0000000000
39503 0.0000000000
39536 0.0000000000
39819 0.0000000000
40139 0.0000000000
40290 0.0000000000
40387 0.0000000000
40478 0.0000000000
40524 0.0000000000
40933 0.0000000000
41078 0.0000000000
41525 0.0000000000
evaluations raw_y
1 60.1398421691
4 40.0091923419
7 21.9813442865
15 19.6326426151
33 18.1466055311
38 17.4874076865
69 13.4426911453
102 13.2083898325
180 12.3576447084
208 11.4096136282
223 10.6916207421
231 10.5543527770
238 8.4869847207
285 6.8394791579
302 6.8373107618
325 6.7721848598
337 6.5249281741
355 3.9268451221
386 3.7309101333
440 3.0997788012
483 1.7910101466
525 1.5165825831
616 1.2228902816
626 1.0799328235
650 0.6315450637
679 0.5867952716
710 0.5761886797
721 0.3584586824
807 0.3567984698
819 0.2925123081
844 0.2511836843
877 0.1610185866
949 0.1582459483
962 0.1305813652
971 0.0938401995
1087 0.0676707879
1176 0.0339792046
1514 0.0290125611
1691 0.0167976991
2003 0.0118255725
2225 0.0043007032
2545 0.0036587950
2794 0.0036092937
2863 0.0028997465
3305 0.0024766378
3419 0.0019478188
3470 0.0013173923
4136 0.0008505071
4835 0.0006824763
5036 0.0005685113
5698 0.0003998316
6063 0.0003947049
6120 0.0003209496
6189 0.0003195983
6276 0.0002904414
6320 0.0002278645
6398 0.0002126422
6431 0.0001788146
6566 0.0001539341
6746 0.0001423827
7061 0.0001416735
7098 0.0001343566
7416 0.0001290337
7946 0.0001239277
7956 0.0001185089
8136 0.0001121407
8223 0.0001103727
8353 0.0001094123
8386 0.0000951492
8745 0.0000940791
8882 0.0000939990
9002 0.0000931936
9006 0.0000768945
9343 0.0000739308
9418 0.0000705956
9497 0.0000584110
9622 0.0000550448
9868 0.0000523905
9880 0.0000508402
9883 0.0000450210
9953 0.0000449324
10030 0.0000419497
10357 0.0000397623
10395 0.0000350063
10455 0.0000334776
10546 0.0000316083
10644 0.0000312391
10736 0.0000302545
10764 0.0000294412
10888 0.0000278983
10891 0.0000276003
11024 0.0000261096
11035 0.0000246842
11097 0.0000241607
11144 0.0000222138
11152 0.0000212139
11453 0.0000199972
11473 0.0000160354
11614 0.0000155429
11667 0.0000145671
11976 0.0000130261
12015 0.0000119206
12088 0.0000103280
12230 0.0000099515
12251 0.0000099333
12311 0.0000094898
12508 0.0000092512
12756 0.0000073885
13131 0.0000071508
13137 0.0000070768
13203 0.0000060074
13341 0.0000057998
13372 0.0000056805
13504 0.0000054313
13549 0.0000048855
13560 0.0000042602
13927 0.0000039333
13989 0.0000037035
14721 0.0000034614
14847 0.0000033850
14855 0.0000032596
14871 0.0000031397
14966 0.0000029854
15030 0.0000028482
15228 0.0000027763
15264 0.0000023691
15675 0.0000021188
15926 0.0000020664
16126 0.0000019650
16305 0.0000014423
16341 0.0000011248
16711 0.0000011211
17046 0.0000010090
17512 0.0000009320
17692 0.0000009165
17745 0.0000008288
18090 0.0000007620
18127 0.0000007334
18537 0.0000007318
18591 0.0000006839
18651 0.0000006679
18715 0.0000006535
18742 0.0000006474
18970 0.0000006254
19036 0.0000006223
19038 0.0000006086
19039 0.0000006069
19072 0.0000005661
19134 0.0000005493
19138 0.0000005146
19362 0.0000004357
19420 0.0000003719
19652 0.0000003365
19701 0.0000003037
20132 0.0000002982
20163 0.0000002589
20170 0.0000002552
20205 0.0000002275
20268 0.0000002163
20489 0.0000001609
20525 0.0000001571
20776 0.0000000912
21244 0.0000000600
21254 0.0000000578
21340 0.0000000532
21341 0.0000000432
21468 0.0000000412
21608 0.0000000362
21671 0.0000000354
21705 0.0000000344
21748 0.0000000325
21914 0.0000000316
22078 0.0000000299
22137 0.0000000252
22318 0.0000000251
22361 0.0000000200
22418 0.0000000194
22666 0.0000000159
22726 0.0000000151
22777 0.0000000145
22852 0.0000000116
23122 0.0000000095
23262 0.0000000091
23279 0.0000000090
23343 0.0000000081
23421 0.0000000075
23661 0.0000000068
23816 0.0000000066
23838 0.0000000064
23909 0.0000000063
24003 0.0000000056
24060 0.0000000056
24065 0.0000000052
24275 0.0000000047
24447 0.0000000046
24533 0.0000000044
24717 0.0000000042
24723 0.0000000041
24738 0.0000000040
24849 0.0000000039
24974 0.0000000028
25311 0.0000000027
25342 0.0000000026
25378 0.0000000025
25496 0.0000000023
25513 0.0000000017
25690 0.0000000014
25712 0.0000000013
26440 0.0000000011
26856 0.0000000010
26863 0.0000000010
26914 0.0000000009
26980 0.0000000009
26982 0.0000000009
27138 0.0000000008
27218 0.0000000008
27221 0.0000000008
27229 0.0000000007
27508 0.0000000007
27540 0.0000000006
27787 0.0000000006
27788 0.0000000006
27859 0.0000000006
27864 0.0000000005
28016 0.0000000004
28697 0.0000000004
29029 0.0000000004
29088 0.0000000004
29159 0.0000000003
29235 0.0000000003
29351 0.0000000003
29567 0.0000000003
29599 0.0000000003
29666 0.0000000003
29864 0.0000000003
29987 0.0000000003
30096 0.0000000002
30193 0.0000000002
30470 0.0000000002
30523 0.0000000002
30559 0.0000000002
30689 0.0000000002
30826 0.0000000002
31050 0.0000000002
31170 0.0000000001
31342 0.0000000001
31478 0.0000000001
31481 0.0000000001
31548 0.0000000001
31642 0.0000000001
31694 0.0000000001
31738 0.0000000001
31850 0.0000000001
31913 0.0000000001
32354 0.0000000000
32724 0.0000000000
32894 0.0000000000
33156 0.0000000000
33201 0.0000000000
33208 0.0000000000
33228 0.0000000000
33303 0.0000000000
33761 0.0000000000
33816 0.0000000000
34026 0.0000000000
34209 0.0000000000
34456 0.0000000000
34652 0.0000000000
34752 0.0000000000
35158 0.0000000000
35209 0.0000000000
35616 0.0000000000
35776 0.0000000000
35838 0.0000000000
35903 0.0000000000
35915 0.0000000000
35944 0.0000000000
35953 0.0000000000
35960 0.0000000000
36115 0.0000000000
36257 0.0000000000
36273 0.0000000000
36296 0.0000000000
36329 0.0000000000
36364 0.0000000000
36367 0.0000000000
36421 0.0000000000
36453 0.0000000000
36490 0.0000000000
36597 0.0000000000
36901 0.0000000000
37012 0.0000000000
37020 0.0000000000
37249 0.0000000000
37408 0.0000000000
37475 0.0000000000
37568 0.0000000000
37582 0.0000000000
37674 0.0000000000
37683 0.0000000000
37762 0.0000000000
37806 0.0000000000
37846 0.0000000000
38101 0.0000000000
38391 0.0000000000
38433 0.0000000000
38512 0.0000000000
38522 0.0000000000
38531 0.0000000000
38622 0.0000000000
38661 0.0000000000
38696 0.0000000000
38718 0.0000000000
38943 0.0000000000
39373 0.0000000000
39378 0.0000000000
39867 0.0000000000
40321 0.0000000000
40414 0.0000000000
40653 0.0000000000
40679 0.0000000000
40877 0.0000000000
41196 0.0000000000
41395 0.0000000000
evaluations raw_y
1 57.0256780143
2 21.1480409719
12 14.0390182986
60 6.8758089791
200 5.8741288249
221 4.1171333162
246 3.0720933981
324 1.5181213139
428 1.3142189514
454 1.0536692437
481 1.0422324138
489 0.9532939046
508 0.6795302291
548 0.2823620444
692 0.2716883687
705 0.1612101126
739 0.1156129966
924 0.0570412206
1049 0.0343464718
1276 0.0335001861
1306 0.0322134298
1314 0.0285498342
1441 0.0137545921
1689 0.0099292437
1784 0.0083566127
1866 0.0081372734
2071 0.0070524873
2267 0.0066072694
2272 0.0055062274
2363 0.0046718602
2603 0.0045575977
2662 0.0045005674
2666 0.0041841719
2771 0.0041665267
2932 0.0035656274
2986 0.0034177526
2991 0.0031989979
3015 0.0020357877
3081 0.0018150790
3087 0.0013843483
3118 0.0010097656
3283 0.0008891911
3744 0.0007754104
3772 0.0007530018
4127 0.0005385697
4130 0.0004569749
4272 0.0003926234
4791 0.0003556300
5003 0.0003156131
5056 0.0002789944
5264 0.0002257080
5455 0.0002059328
5994 0.0001904111
6336 0.0001815152
6429 0.0001768649
6454 0.0001694978
6504 0.0001629681
6561 0.0001517621
6726 0.0001508634
6761 0.0001431448
6782 0.0001420150
7108 0.0001347548
7140 0.0001289422
7231 0.0001281679
7299 0.0001201668
7472 0.0001196422
7496 0.0001170184
7528 0.0001009655
7765 0.0000873333
7777 0.0000847417
7789 0.0000745052
7921 0.0000707386
8047 0.0000583563
8117 0.0000537739
8498 0.0000346098
9178 0.0000323458
9362 0.0000320239
9471 0.0000290055
9895 0.0000279039
10101 0.0000273506
10168 0.0000270240
10215 0.0000269507
10255 0.0000266667
10284 0.0000265117
10347 0.0000245275
10477 0.0000234003
10513 0.0000231671
10674 0.0000210409
10860 0.0000208684
10872 0.0000199273
11061 0.0000171459
11409 0.0000136794
11676 0.0000134649
11996 0.0000132172
12060 0.0000124311
12089 0.0000121051
12100 0.0000116359
12173 0.0000108178
12217 0.0000104041
12237 0.0000093214
12374 0.0000088593
12444 0.0000088214
12524 0.0000085402
12572 0.0000059573
13024 0.0000050468
13169 0.0000037590
13311 0.0000031375
13395 0.0000029544
13460 0.0000028481
13506 0.0000024534
13663 0.0000017718
14032 0.0000015110
14217 0.0000009136
14736 0.0000008432
15163 0.0000007572
15336 0.0000007181
15474 0.0000007154
15639 0.0000006992
15720 0.0000006607
15771 0.0000006490
15834 0.0000005683
15975 0.0000005618
15983 0.0000005311
16046 0.0000004482
16264 0.0000004100
16379 0.0000003591
16441 0.0000003363
17168 0.0000003351
17169 0.0000003018
17438 0.0000002814
17533 0.0000002361
17555 0.0000002301
17618 0.0000002270
17905 0.0000001955
18285 0.0000001828
18367 0.0000001826
18543 0.0000001623
18629 0.0000001621
18675 0.0000001608
18879 0.0000001496
18928 0.0000001354
19057 0.0000001345
19439 0.0000001320
19478 0.0000001143
19982 0.0000001095
20197 0.0000001035
20229 0.0000000964
20562 0.0000000944
20568 0.0000000923
20641 0.0000000916
20714 0.0000000886
20741 0.0000000881
20768 0.0000000824
21095 0.0000000817
21151 0.0000000816
21152 0.0000000798
21185 0.0000000779
21203 0.0000000778
21231 0.0000000748
21449 0.0000000742
21528 0.0000000726
21569 0.0000000680
21630 0.0000000660
21640 0.0000000587
21789 0.0000000575
21821 0.0000000535
22337 0.0000000509
22407 0.0000000487
22445 0.0000000452
22480 0.0000000386
22578 0.0000000317
22601 0.0000000272
22715 0.0000000222
23043 0.0000000202
23142 0.0000000142
23276 0.0000000123
23459 0.0000000084
23831 0.0000000082
23843 0.0000000075
23965 0.0000000071
23993 0.0000000055
24330 0.0000000051
24346 0.0000000050
24423 0.0000000038
24553 0.0000000034
24696 0.0000000027
24889 0.0000000024
25128 0.0000000021
25152 0.0000000020
25223 0.0000000016
25368 0.0000000016
25465 0.0000000015
25488 0.0000000015
25550 0.0000000013
25586 0.0000000013
25781 0.0000000012
25818 0.0000000010
25840 0.0000000010
26109 0.0000000009
26140 0.0000000009
26424 0.0000000009
26501 0.0000000008
26533 0.0000000007
26768 0.0000000007
26839 0.0000000006
26877 0.0000000005
27132 0.0000000005
27188 0.0000000005
27241 0.0000000004
27574 0.0000000004
27655 0.0000000003
27711 0.0000000003
27931 0.0000000003
28253 0.0000000003
28260 0.0000000003
28288 0.0000000003
28294 0.0000000003
28345 0.0000000002
28427 0.0000000002
28527 0.0000000002
28757 0.0000000002
28800 0.0000000002
29055 0.0000000001
29142 0.0000000001
29146 0.0000000001
29193 0.0000000001
29200 0.0000000001
29285 0.0000000001
29335 0.0000000001
29348 0.0000000001
29489 0.0000000001
29503 0.0000000001
29598 0.0000000001
29632 0.0000000001
29680 0.0000000001
30062 0.0000000001
30221 0.0000000001
30386 0.0000000001
30420 0.0000000000
30425 0.0000000000
30475 0.0000000000
30640 0.0000000000
31365 0.0000000000
31688 0.0000000000
31820 0.0000000000
32001 0.0000000000
32104 0.0000000000
32225 0.0000000000
32234 0.0000000000
32470 0.0000000000
32501 0.0000000000
32561 0.0000000000
33002 0.0000000000
33028 0.0000000000
33063 0.0000000000
33164 0.0000000000
33188 0.0000000000
33209 0.0000000000
33333 0.0000000000
33447 0.0000000000
33669 0.0000000000
34281 0.0000000000
34449 0.0000000000
34726 0.0000000000
34929 0.0000000000
35011 0.0000000000
35118 0.0000000000
35162 0.0000000000
35637 0.0000000000
35696 0.0000000000
35841 0.0000000000
35852 0.0000000000
35960 0.0000000000
36169 0.0000000000
36236 0.0000000000
36614 0.0000000000
36632 0.0000000000
36797 0.0000000000
37024 0.0000000000
37042 0.0000000000
37143 0.0000000000
37374 0.0000000000
37393 0.0000000000
37445 0.0000000000
37473 0.0000000000
37717 0.0000000000
39083 0.0000000000
evaluations raw_y
1 133.8845211179
6 118.3418700648
14 84.2466384270
15 51.5713230304
16 34.4205926110
27 28.8342064064
46 27.8274082149
49 23.2999657529
54 21.8091828322
80 18.9185641116
152 17.8954026819
159 12.9837677505
208 11.4280294438
219 7.9928672181
293 5.8515608168
338 3.5882967807
437 2.0012164916
463 0.7534641174
619 0.6345493394
643 0.4871388351
690 0.3736565765
726 0.3409881323
728 0.2273732944
786 0.2095173870
801 0.2046815221
842 0.1376341258
1027 0.1197838530
1040 0.1122000736
1064 0.1063201306
1085 0.0983942361
1117 0.0945171021
1135 0.0520691906
1254 0.0463806762
1322 0.0349560278
1454 0.0291871228
1478 0.0234203484
1612 0.0229203142
1614 0.0170116756
1661 0.0113346234
1774 0.0107968480
1878 0.0093143810
1999 0.0065017285
2241 0.0061623583
2309 0.0054432542
2386 0.0047197561
2497 0.0028470670
2668 0.0027971754
2916 0.0023786048
3376 0.0023618606
3583 0.0020635306
3590 0.0020413670
3639 0.0016643087
3738 0.0014466731
3865 0.0013665952
4070 0.0013168897
4090 0.0010408874
4618 0.0009567116
4793 0.0009028947
4869 0.0008730196
5094 0.0008536187
5121 0.0007879176
5133 0.0007469416
5142 0.0007318245
5305 0.0006023129
5391 0.0005817965
5396 0.0005817370
5553 0.0005190361
5646 0.0005040016
5708 0.0005033312
5766 0.0004493336
5838 0.0004093713
6055 0.0003912837
6156 0.0003686050
6279 0.0003417980
6567 0.0002995694
6704 0.0002848342
6739 0.0002819298
6849 0.0002559043
6916 0.0002135816
7192 0.0002058136
7280 0.0001917994
7297 0.0001815686
7366 0.0001807590
7426 0.0001509357
7430 0.0001394053
7740 0.0001282138
7816 0.0001248171
7841 0.0001208528
7911 0.0001112584
7923 0.0000980356
8255 0.0000926223
8268 0.0000915373
8292 0.0000839398
8402 0.0000816202
8437 0.0000737058
8442 0.0000735201
8489 0.0000366954
9129 0.0000357009
9176 0.0000319657
9370 0.0000290221
9472 0.0000214907
9716 0.0000198319
9866 0.0000177819
9878 0.0000137107
9913 0.0000112906
10217 0.0000110352
10316 0.0000094861
10473 0.0000091938
10542 0.0000089230
10602 0.0000081049
10837 0.0000079703
10854 0.0000079086
10865 0.0000079047
10926 0.0000074571
11082 0.0000069917
11233 0.0000064288
11424 0.0000064274
11428 0.0000063689
11433 0.0000063490
11479 0.0000062991
11494 0.0000060543
11605 0.0000057757
11920 0.0000049225
12095 0.0000048627
12293 0.0000045918
12508 0.0000037648
12823 0.0000036162
13355 0.0000036021
13386 0.0000031777
13411 0.0000030622
13679 0.0000030014
13797 0.0000028474
13985 0.0000025052
14211 0.0000019597
14580 0.0000018813
15019 0.0000018096
15041 0.0000017652
15133 0.0000017172
15189 0.0000016534
15479 0.0000016344
15540 0.0000016326
15660 0.0000015906
15694 0.0000014996
15757 0.0000014859
15890 0.0000014128
15969 0.0000014033
16037 0.0000013745
16155 0.0000013570
16206 0.0000013482
16236 0.0000013085
16243 0.0000012524
16250 0.0000012447
16301 0.0000011992
16336 0.0000010318
16596 0.0000009854
16758 0.0000009603
16781 0.0000009466
16793 0.0000008877
16890 0.0000007939
16989 0.0000007768
17038 0.0000007667
17087 0.0000007279
17098 0.0000007166
17151 0.0000005859
17250 0.0000005556
17374 0.0000005403
17426 0.0000003921
17669 0.0000003174
17720 0.0000002601
18033 0.0000002405
18374 0.0000002401
18433 0.0000002363
18549 0.0000001960
18800 0.0000001959
18820 0.0000001549
19097 0.0000001546
19131 0.0000001323
19790 0.0000001258
19842 0.0000001185
19883 0.0000000973
19951 0.0000000784
20355 0.0000000771
20369 0.0000000741
20615 0.0000000741
20630 0.0000000680
20981 0.0000000616
21026 0.0000000586
21090 0.0000000544
21254 0.0000000538
21463 0.0000000483
21757 0.0000000440
22007 0.0000000415
22034 0.0000000398
22213 0.0000000392
22296 0.0000000372
22305 0.0000000325
22384 0.0000000320
22419 0.0000000318
22604 0.0000000309
22715 0.0000000289
22747 0.0000000277
22762 0.0000000266
22792 0.0000000259
22811 0.0000000235
22956 0.0000000196
23076 0.0000000167
23246 0.0000000164
23256 0.0000000141
23426 0.0000000101
23838 0.0000000086
24067 0.0000000080
24113 0.0000000073
24209 0.0000000073
24230 0.0000000072
24316 0.0000000062
24474 0.0000000058
24542 0.0000000051
24758 0.0000000048
24902 0.0000000045
24915 0.0000000042
25258 0.0000000041
25383 0.0000000039
25392 0.0000000038
25464 0.0000000036
25559 0.0000000033
25836 0.0000000032
25858 0.0000000030
25947 0.0000000029
25957 0.0000000026
26057 0.0000000025
26158 0.0000000024
26313 0.0000000024
26391 0.0000000022
26449 0.0000000021
26564 0.0000000019
26747 0.0000000019
26800 0.0000000017
26806 0.0000000015
27038 0.0000000012
27075 0.0000000012
27291 0.0000000012
27332 0.0000000010
27498 0.0000000010
27536 0.0000000010
27596 0.0000000009
27632 0.0000000008
27653 0.0000000005
28190 0.0000000005
28298 0.0000000004
28377 0.0000000004
28421 0.0000000004
28497 0.0000000003
28538 0.0000000003
28790 0.0000000002
29205 0.0000000002
29532 0.0000000001
29608 0.0000000001
29610 0.0000000001
29615 0.0000000001
29904 0.0000000001
29955 0.0000000001
30012 0.0000000001
30470 0.0000000000
30684 0.0000000000
30795 0.0000000000
30901 0.0000000000
31021 0.0000000000
31158 0.0000000000
31169 0.0000000000
31433 0.0000000000
31585 0.0000000000
31839 0.0000000000
31935 0.0000000000
32050 0.0000000000
32057 0.0000000000
32206 0.0000000000
32687 0.0000000000
33159 0.0000000000
33257 0.0000000000
33297 0.0000000000
33411 0.0000000000
33720 0.0000000000
33896 0.0000000000
34163 0.0000000000
34411 0.0000000000
34427 0.0000000000
34535 0.0000000000
34992 0.0000000000
35286 0.0000000000
35367 0.0000000000
35429 0.0000000000
35478 0.0000000000
35692 0.0000000000
35717 0.0000000000
35718 0.0000000000
35729 0.0000000000
36054 0.0000000000
36086 0.0000000000
36245 0.0000000000
36459 0.0000000000
36893 0.0000000000
37035 0.0000000000
37050 0.0000000000
37095 0.0000000000
37298 0.0000000000
37374 0.0000000000
37387 0.0000000000
37617 0.0000000000
37697 0.0000000000
37808 0.0000000000
37853 0.0000000000
37920 0.0000000000
37927 0.0000000000
38108 0.0000000000
38182 0.0000000000
38481 0.0000000000
38710 0.0000000000
38922 0.0000000000
39227 0.0000000000
evaluations raw_y
1 148.9473052261
2 49.8103495540
3 46.3465967261
6 32.5815521008
12 32.5478186419
17 31.4607420485
20 30.4377566167
23 21.9171548972
49 21.5619010687
59 20.1954220314
71 16.9407050055
96 11.4951566261
184 10.3221746035
197 9.8016872727
203 7.2661179857
225 7.1648478498
256 6.0630663064
268 5.2786724504
337 4.6424313358
350 4.0459815856
373 3.0976384445
385 2.7987460022
400 2.3890511143
459 1.8017230837
516 1.6633156915
522 1.1447229568
573 1.1025927967
583 0.9227655251
594 0.7709005652
598 0.7691057105
620 0.5810726984
636 0.5733193751
656 0.3218438495
674 0.2204242060
762 0.1005741875
1128 0.0784746778
1199 0.0676478173
1247 0.0528280068
1378 0.0526333141
1471 0.0436320206
1486 0.0365581316
1530 0.0312409583
1575 0.0284146714
1595 0.0251967685
1670 0.0216944370
1676 0.0203999274
1751 0.0196182590
1826 0.0163979509
1867 0.0125986824
1890 0.0088764851
1908 0.0075839482
1984 0.0071161383
2174 0.0060315443
2509 0.0058379702
2567 0.0041525095
2646 0.0040138533
2749 0.0030289219
2858 0.0028227767
3041 0.0020326666
3062 0.0019387808
3216 0.0017062988
3871 0.0011238151
4172 0.0006902496
4630 0.0005792293
5352 0.0005713487
5377 0.0005343562
5443 0.0005272709
5712 0.0005071023
5731 0.0004659207
5744 0.0004519148
5833 0.0004321008
5837 0.0003353297
6103 0.0003127864
6201 0.0002866980
6295 0.0002708036
6607 0.0002584858
6608 0.0002368908
6692 0.0002292251
7000 0.0002195152
7014 0.0002140779
7068 0.0001550886
7152 0.0001530081
7552 0.0001228858
7801 0.0001091832
7896 0.0000988768
8002 0.0000565991
8006 0.0000526782
8506 0.0000420983
8557 0.0000409967
8561 0.0000331487
8644 0.0000274782
9149 0.0000260953
9319 0.0000244034
9530 0.0000211998
9612 0.0000188143
9725 0.0000173675
10018 0.0000165168
10247 0.0000147589
10302 0.0000135228
10390 0.0000128027
10441 0.0000105930
10571 0.0000096612
10822 0.0000076429
11259 0.0000073379
11332 0.0000071786
11506 0.0000069782
11699 0.0000060538
11977 0.0000058041
11993 0.0000053810
12114 0.0000050134
12268 0.0000046655
12613 0.0000041995
12857 0.0000039533
12860 0.0000038219
13015 0.0000037152
13043 0.0000037130
13047 0.0000036150
13231 0.0000035359
13258 0.0000033473
13415 0.0000032626
13506 0.0000030579
13767 0.0000028060
13900 0.0000026456
14002 0.0000025891
14103 0.0000023532
14200 0.0000021875
14234 0.0000020073
14349 0.0000016416
14746 0.0000016291
15069 0.0000016023
15091 0.0000015853
15122 0.0000015617
15150 0.0000013582
15161 0.0000012944
15358 0.0000012300
15501 0.0000011442
15770 0.0000010553
15919 0.0000009698
16050 0.0000009333
16315 0.0000009221
16351 0.0000008317
16410 0.0000007220
16545 0.0000005833
16876 0.0000005251
16968 0.0000004899
16991 0.0000004837
17061 0.0000004606
17136 0.0000004541
17275 0.0000004307
17309 0.0000004198
17333 0.0000004064
17474 0.0000004016
17541 0.0000003976
17546 0.0000003819
17628 0.0000003781
17655 0.0000003610
17763 0.0000003461
17797 0.0000003132
18014 0.0000003040
18059 0.0000002638
18269 0.0000002421
18274 0.0000002393
18367 0.0000002366
18387 0.0000002359
18526 0.0000001967
18749 0.0000001897
18759 0.0000001744
18983 0.0000001709
19239 0.0000001618
19299 0.0000001543
19390 0.0000001521
19412 0.0000001209
19678 0.0000001172
19685 0.0000001136
19748 0.0000001109
19868 0.0000000920
19995 0.0000000822
20169 0.0000000746
20236 0.0000000641
20547 0.0000000604
20729 0.0000000540
21132 0.0000000487
21183 0.0000000471
21227 0.0000000461
21294 0.0000000366
21511 0.0000000323
21637 0.0000000287
21753 0.0000000274
21853 0.0000000270
21899 0.0000000251
21953 0.0000000251
21987 0.0000000247
22001 0.0000000237
22085 0.0000000222
22093 0.0000000209
22505 0.0000000195
22743 0.0000000193
22755 0.0000000191
22877 0.0000000188
22897 0.0000000186
22945 0.0000000185
23016 0.0000000184
23029 0.0000000180
23095 0.0000000171
23131 0.0000000170
23297 0.0000000170
23356 0.0000000159
23567 0.0000000150
23651 0.0000000148
23874 0.0000000147
23995 0.0000000131
24119 0.0000000126
24133 0.0000000121
24204 0.0000000111
24328 0.0000000094
24500 0.0000000090
24531 0.0000000086
24696 0.0000000075
24921 0.0000000059
25289 0.0000000044
25643 0.0000000042
25654 0.0000000035
26002 0.0000000034
26174 0.0000000033
26210 0.0000000019
26553 0.0000000017
26689 0.0000000012
27263 0.0000000007
28110 0.0000000006
28188 0.0000000005
28446 0.0000000004
28875 0.0000000004
29195 0.0000000003
29395 0.0000000003
29548 0.0000000003
29579 0.0000000003
29591 0.0000000003
29596 0.0000000003
29607 0.0000000003
29651 0.0000000002
29927 0.0000000002
29932 0.0000000002
29958 0.0000000002
29998 0.0000000002
30107 0.0000000002
30274 0.0000000002
30366 0.0000000002
30530 0.0000000002
30745 0.0000000002
30894 0.0000000002
30965 0.0000000002
31168 0.0000000002
31291 0.0000000002
31369 0.0000000002
31490 0.0000000002
31538 0.0000000001
31542 0.0000000001
31605 0.0000000001
31690 0.0000000001
31963 0.0000000001
31965 0.0000000001
32028 0.0000000001
32091 0.0000000001
32134 0.0000000001
32137 0.0000000001
32212 0.0000000001
32362 0.0000000001
32715 0.0000000001
32770 0.0000000001
32815 0.0000000001
33022 0.0000000001
33036 0.0000000000
33595 0.0000000000
33727 0.0000000000
34082 0.0000000000
34111 0.0000000000
34365 0.0000000000
34801 0.0000000000
35216 0.0000000000
35616 0.0000000000
35833 0.0000000000
35861 0.0000000000
35890 0.0000000000
36095 0.0000000000
36344 0.0000000000
36368 0.0000000000
36398 0.0000000000
36531 0.0000000000
37380 0.0000000000
37487 0.0000000000
37899 0.0000000000
37951 0.0000000000
38086 0.0000000000
38133 0.0000000000
38354 0.0000000000
38481 0.0000000000
38495 0.0000000000
38699 0.0000000000
38839 0.0000000000
39122 0.0000000000
39165 0.0000000000
39237 0.0000000000
39871 0.0000000000
40218 0.0000000000
40258 0.0000000000
40323 0.0000000000
40335 0.0000000000
40518 0.0000000000
40581 0.0000000000
40779 0.0000000000
41016 0.0000000000
41106 0.0000000000
evaluations raw_y
1 140.7931716126
2 70.0527907013
16 62.3210594192
17 60.4187922999
20 54.1469899691
28 39.0376861371
39 36.7123025405
45 17.2296868154
54 16.3515190290
66 13.7658731286
120 10.6364546301
206 10.5449405878
209 5.0768141404
325 3.7491918005
336 3.3573970201
419 2.1349634555
455 1.6995768312
500 0.9802047718
553 0.9161809256
592 0.6229019291
629 0.5625239924
682 0.5075076651
711 0.4919932570
723 0.3388657234
769 0.3284778179
813 0.1996168596
976 0.1800707430
1027 0.1074699326
1031 0.0794473027
1190 0.0713307463
1194 0.0580026702
1240 0.0512648288
1514 0.0216061395
1649 0.0201828569
1890 0.0182652612
1927 0.0129190469
2006 0.0100751154
2090 0.0094582345
2267 0.0052389964
2482 0.0048730103
2896 0.0037442777
2924 0.0030106212
2942 0.0025463020
3207 0.0021271581
3357 0.0018804823
3549 0.0016744625
3588 0.0011328638
4136 0.0010023736
4263 0.0009560511
4462 0.0009099999
4479 0.0007129172
4555 0.0006667627
5042 0.0006544488
5056 0.0006048714
5102 0.0005552373
5331 0.0004352565
5657 0.0004247932
5836 0.0003765269
5929 0.0003517183
5943 0.0002258307
6276 0.0002210630
6570 0.0001956703
6947 0.0001871052
6997 0.0001612607
7011 0.0001356979
7208 0.0001336268
7342 0.0001210232
7406 0.0001174647
7411 0.0000977488
7606 0.0000923983
7821 0.0000888700
7976 0.0000738949
8241 0.0000724500
8253 0.0000721204
8275 0.0000613668
8447 0.0000563868
8493 0.0000543045
8708 0.0000536803
8754 0.0000504320
8781 0.0000487081
8913 0.0000454040
8997 0.0000429256
9049 0.0000425063
9103 0.0000395844
9139 0.0000389370
9243 0.0000375271
9262 0.0000357455
9333 0.0000327428
9362 0.0000326160
9481 0.0000312764
9890 0.0000274228
9983 0.0000249796
10018 0.0000239623
10220 0.0000215871
10240 0.0000211356
10469 0.0000198255
10606 0.0000195358
10663 0.0000179153
10800 0.0000177961
11018 0.0000173508
11055 0.0000159515
11107 0.0000154441
11331 0.0000146096
11509 0.0000106660
11992 0.0000106533
12053 0.0000100095
12226 0.0000098123
12266 0.0000096189
12358 0.0000091435
12396 0.0000087984
12445 0.0000083405
12497 0.0000079720
12558 0.0000075693
12763 0.0000072152
12795 0.0000062681
13134 0.0000060369
13152 0.0000059288
13200 0.0000053033
13435 0.0000051988
13572 0.0000049289
13573 0.0000048631
13617 0.0000047366
13772 0.0000044327
13791 0.0000041502
13826 0.0000040655
13937 0.0000037043
13941 0.0000036417
14042 0.0000033261
14072 0.0000030935
14154 0.0000030235
14403 0.0000029521
14443 0.0000026439
14455 0.0000024524
14519 0.0000020015
14784 0.0000018755
14932 0.0000016450
15107 0.0000015760
15111 0.0000010074
15719 0.0000009827
15721 0.0000009663
15740 0.0000009530
15810 0.0000008230
16167 0.0000007576
16174 0.0000007381
16338 0.0000006659
16357 0.0000006358
16362 0.0000005933
16517 0.0000004907
16796 0.0000004791
16940 0.0000004595
17126 0.0000004228
17413 0.0000003264
17873 0.0000003062
17899 0.0000002931
18060 0.0000002802
18255 0.0000002619
18733 0.0000002616
18790 0.0000002538
18839 0.0000002468
18872 0.0000002332
19002 0.0000002299
19079 0.0000002226
19108 0.0000002190
19208 0.0000002162
19305 0.0000002122
19426 0.0000002087
19474 0.0000001980
19512 0.0000001947
19652 0.0000001878
19682 0.0000001695
19969 0.0000001458
20041 0.0000001437
20106 0.0000001424
20144 0.0000001269
20507 0.0000000940
20875 0.0000000654
20990 0.0000000602
21266 0.0000000595
21351 0.0000000546
21402 0.0000000512
21442 0.0000000502
21516 0.0000000363
21832 0.0000000281
21978 0.0000000238
22165 0.0000000220
22413 0.0000000202
22655 0.0000000184
22819 0.0000000152
22972 0.0000000129
23110 0.0000000114
23193 0.0000000089
23544 0.0000000089
23686 0.0000000073
23831 0.0000000062
24043 0.0000000061
24071 0.0000000058
24100 0.0000000053
24162 0.0000000052
24178 0.0000000049
24215 0.0000000041
24343 0.0000000038
24690 0.0000000034
24771 0.0000000033
24837 0.0000000029
25041 0.0000000025
25232 0.0000000018
25524 0.0000000018
25676 0.0000000015
25683 0.0000000014
25846 0.0000000012
25904 0.0000000012
26038 0.0000000011
26055 0.0000000011
26087 0.0000000010
26089 0.0000000010
26164 0.0000000008
26564 0.0000000007
26802 0.0000000006
26871 0.0000000004
27040 0.0000000004
27113 0.0000000004
27114 0.0000000003
27292 0.0000000003
27448 0.0000000003
27613 0.0000000002
27674 0.0000000002
27714 0.0000000002
27998 0.0000000002
28056 0.0000000002
28107 0.0000000002
28229 0.0000000002
28341 0.0000000002
28536 0.0000000002
28593 0.0000000001
28607 0.0000000001
28653 0.0000000001
28796 0.0000000001
28851 0.0000000001
28952 0.0000000001
28958 0.0000000001
29009 0.0000000001
29040 0.0000000001
29050 0.0000000001
29051 0.0000000001
29216 0.0000000001
29251 0.0000000001
29437 0.0000000001
29566 0.0000000001
29581 0.0000000001
29842 0.0000000001
30000 0.0000000001
30130 0.0000000001
30135 0.0000000001
30149 0.0000000001
30208 0.0000000001
30271 0.0000000001
30306 0.0000000001
30473 0.0000000001
30747 0.0000000001
31146 0.0000000001
31396 0.0000000001
31397 0.0000000001
31850 0.0000000001
32211 0.0000000001
32496 0.0000000001
32753 0.0000000001
32892 0.0000000001
32966 0.0000000001
33176 0.0000000001
33247 0.0000000001
33249 0.0000000001
33344 0.0000000001
33353 0.0000000000
33621 0.0000000000
33694 0.0000000000
33745 0.0000000000
33751 0.0000000000
33939 0.0000000000
34115 0.0000000000
34123 0.0000000000
34339 0.0000000000
34649 0.0000000000
34720 0.0000000000
34749 0.0000000000
34841 0.0000000000
34869 0.0000000000
34917 0.0000000000
35361 0.0000000000
35664 0.0000000000
35970 0.0000000000
36010 0.0000000000
36527 0.0000000000
36640 0.0000000000
36656 0.0000000000
36658 0.0000000000
37053 0.0000000000
37315 0.0000000000
37375 0.0000000000
37497 0.0000000000
37771 0.0000000000
37809 0.0000000000
37938 0.0000000000
38107 0.0000000000
38151 0.0000000000
38154 0.0000000000
38208 0.0000000000
38286 0.0000000000
38364 0.0000000000
38446 0.0000000000
38601 0.0000000000
38804 0.0000000000
39067 0.0000000000
39723 0.0000000000
40154 0.0000000000
40327 0.0000000000
40517 0.0000000000
40651 0.0000000000
40659 0.0000000000
evaluations raw_y
1 90.4350201948
3 63.1415077864
5 58.9219991884
14 58.6253712916
30 57.8571999554
33 54.5047456518
44 50.0124778160
51 48.3870850498
55 42.9368443709
62 34.9670708984
74 30.8056541443
78 21.5229559048
102 19.2696753474
128 16.7723280312
156 15.7590337251
164 12.4306509300
222 11.8300479833
229 8.6229291136
330 7.3506472805
336 5.4797191318
354 4.5028940159
377 3.6633719711
416 3.2739395848
430 3.1666465650
438 2.3425057976
477 2.0409180911
481 1.8284289161
493 1.6170362179
510 1.2989833770
521 0.9802128056
542 0.9570392111
547 0.8763606147
576 0.8334836591
597 0.7612871911
618 0.7137830951
623 0.2268487826
769 0.2162983428
833 0.1440418375
996 0.1437037719
1047 0.0511214106
1371 0.0421585441
1373 0.0152220714
1707 0.0078027985
1968 0.0054351558
2152 0.0036673096
2434 0.0031241494
2771 0.0028481372
2896 0.0023307957
2900 0.0021229467
2911 0.0021204643
3140 0.0018297625
3323 0.0014941924
3464 0.0012906286
3515 0.0012068065
3597 0.0010671367
3786 0.0009596585
3851 0.0008593070
3897 0.0005828846
4086 0.0003746208
4316 0.0002509731
4924 0.0002210111
5032 0.0001240893
5964 0.0000996424
6325 0.0000940453
6511 0.0000840941
6535 0.0000769889
6582 0.0000760535
6974 0.0000702132
7167 0.0000670433
7266 0.0000665126
7316 0.0000637116
7372 0.0000619609
7447 0.0000568644
7518 0.0000544696
7595 0.0000521949
7765 0.0000504873
7907 0.0000372242
8107 0.0000363290
8157 0.0000337469
8501 0.0000319672
8532 0.0000306923
8599 0.0000249835
8927 0.0000230333
8942 0.0000216681
9000 0.0000214020
9183 0.0000206239
9339 0.0000171332
9795 0.0000162547
9982 0.0000158970
10101 0.0000147093
10293 0.0000143984
10337 0.0000111630
10617 0.0000110270
10994 0.0000103742
11086 0.0000093991
11093 0.0000092290
11166 0.0000088053
11213 0.0000075171
11405 0.0000064093
11613 0.0000054778
11930 0.0000051959
12149 0.0000046444
12307 0.0000046195
12474 0.0000043410
12509 0.0000040193
12558 0.0000037212
12673 0.0000031584
13217 0.0000030974
13300 0.0000030934
13373 0.0000026949
13469 0.0000026757
13532 0.0000026512
13588 0.0000021630
13848 0.0000018868
13902 0.0000018287
13975 0.0000017629
14213 0.0000014826
14283 0.0000014021
14797 0.0000013323
14847 0.0000012979
15025 0.0000012969
15048 0.0000012823
15062 0.0000012302
15144 0.0000010977
15198 0.0000009540
15556 0.0000006821
15728 0.0000006425
16179 0.0000005735
16239 0.0000005609
16333 0.0000005335
16706 0.0000004486
16759 0.0000004048
16806 0.0000004014
16889 0.0000003566
16901 0.0000003414
17055 0.0000003331
17143 0.0000003022
17187 0.0000002611
17447 0.0000001956
17933 0.0000001918
17958 0.0000001874
17972 0.0000001873
17979 0.0000001831
17993 0.0000001680
18031 0.0000001407
18164 0.0000001250
18338 0.0000001131
18538 0.0000001057
18587 0.0000000905
18612 0.0000000838
18760 0.0000000813
18787 0.0000000650
18854 0.0000000588
19185 0.0000000448
19425 0.0000000430
19516 0.0000000412
19582 0.0000000343
19639 0.0000000312
20547 0.0000000305
20588 0.0000000278
20706 0.0000000269
20728 0.0000000268
20743 0.0000000242
20757 0.0000000240
21022 0.0000000225
21404 0.0000000207
21504 0.0000000203
21530 0.0000000201
21549 0.0000000191
21663 0.0000000175
21769 0.0000000169
21930 0.0000000169
22221 0.0000000154
22222 0.0000000149
22239 0.0000000131
22416 0.0000000121
22524 0.0000000116
22543 0.0000000116
22620 0.0000000113
22629 0.0000000112
22667 0.0000000094
22872 0.0000000082
23010 0.0000000076
23167 0.0000000072
23377 0.0000000065
23552 0.0000000058
23570 0.0000000058
23619 0.0000000053
23950 0.0000000052
23987 0.0000000048
24235 0.0000000044
24392 0.0000000041
24487 0.0000000040
24575 0.0000000039
24583 0.0000000038
24678 0.0000000032
24944 0.0000000030
24962 0.0000000026
25438 0.0000000025
25863 0.0000000024
25883 0.0000000023
26078 0.0000000023
26419 0.0000000023
26559 0.0000000023
26568 0.0000000022
26613 0.0000000022
26671 0.0000000022
26792 0.0000000022
26821 0.0000000021
27086 0.0000000021
27234 0.0000000021
27304 0.0000000021
27382 0.0000000021
27383 0.0000000021
27431 0.0000000021
27663 0.0000000020
27777 0.0000000020
27787 0.0000000020
27801 0.0000000019
28109 0.0000000019
28146 0.0000000019
28156 0.0000000018
28263 0.0000000018
28376 0.0000000018
28449 0.0000000018
28453 0.0000000018
28479 0.0000000017
28482 0.0000000017
28762 0.0000000016
28811 0.0000000016
28962 0.0000000016
28977 0.0000000015
28987 0.0000000015
29006 0.0000000015
29052 0.0000000015
29107 0.0000000014
29117 0.0000000013
29353 0.0000000013
29434 0.0000000012
29667 0.0000000012
29680 0.0000000011
29859 0.0000000009
29966 0.0000000009
30000 0.0000000009
30081 0.0000000009
30096 0.0000000009
30113 0.0000000006
30199 0.0000000005
30244 0.0000000005
30425 0.0000000005
30539 0.0000000004
30675 0.0000000004
30750 0.0000000003
30973 0.0000000003
31034 0.0000000003
31088 0.0000000003
31207 0.0000000002
31213 0.0000000002
31227 0.0000000002
31257 0.0000000002
31319 0.0000000002
31397 0.0000000002
31541 0.0000000001
31704 0.0000000001
31762 0.0000000001
31763 0.0000000001
31770 0.0000000001
31859 0.0000000001
31896 0.0000000001
31991 0.0000000001
32058 0.0000000001
32073 0.0000000001
32078 0.0000000001
32148 0.0000000001
32150 0.0000000001
32188 0.0000000001
32436 0.0000000001
32581 0.0000000001
32610 0.0000000001
32665 0.0000000000
32712 0.0000000000
33710 0.0000000000
33919 0.0000000000
34083 0.0000000000
34106 0.0000000000
34111 0.0000000000
34761 0.0000000000
34763 0.0000000000
34816 0.0000000000
35005 0.0000000000
35057 0.0000000000
35101 0.0000000000
35425 0.0000000000
35676 0.0000000000
35819 0.0000000000
35967 0.0000000000
36032 0.0000000000
36101 0.0000000000
36169 0.0000000000
36170 0.0000000000
36318 0.0000000000
36630 0.0000000000
36798 0.0000000000
36844 0.0000000000
36948 0.0000000000
36984 0.0000000000
36986 0.0000000000
37084 0.0000000000
37160 0.0000000000
37289 0.0000000000
37299 0.0000000000
37478 0.0000000000
37568 0.0000000000
37670 0.0000000000
37707 0.0000000000
37878 0.0000000000
37888 0.0000000000
37899 0.0000000000
38033 0.0000000000
38303 0.0000000000
38378 0.0000000000
38483 0.0000000000
38759 0.0000000000
38797 0.0000000000
38846 0.0000000000
39087 0.0000000000
39261 0.0000000000
39269 0.0000000000
39531 0.0000000000
39630 0.0000000000
39702 0.0000000000
39725 0.0000000000
39862 0.0000000000
39887 0.0000000000
40093 0.0000000000
40175 0.0000000000
40507 0.0000000000
40515 0.0000000000
40745 0.0000000000
evaluations raw_y
1 132.6554053586
2 61.9116893072
11 53.9622566132
32 40.2353613315
35 35.4513692199
38 24.3063877567
46 23.9931548817
48 19.5057454845
51 18.7349804117
66 5.7230332787
256 5.3433761737
266 4.8009646377
295 4.3498313556
303 4.2298539076
320 3.6104041368
355 3.1927950804
381 1.8290842080
396 1.5196009171
424 1.2566076275
508 1.1620668102
552 0.8371292678
584 0.7952394417
605 0.7865304974
611 0.6172290223
626 0.5083190515
650 0.3782229462
658 0.3481262356
663 0.2996338491
671 0.2934310481
676 0.1837336800
892 0.1051736890
941 0.0877828937
1143 0.0609821146
1375 0.0267779438
1623 0.0219827046
1757 0.0113574741
1881 0.0108121323
1885 0.0062484522
2010 0.0062095786
2106 0.0051780490
2158 0.0043808921
2277 0.0030696008
2387 0.0030663167
2441 0.0018645589
2502 0.0015941192
2558 0.0014418532
3034 0.0008238784
3651 0.0003615256
3906 0.0003328406
3946 0.0003278898
4459 0.0002627533
5076 0.0002459577
5399 0.0001826679
5593 0.0001400363
5876 0.0001307614
6420 0.0001224619
6496 0.0001087712
6900 0.0000979109
7144 0.0000903070
7151 0.0000708302
7382 0.0000670516
8028 0.0000658845
8032 0.0000644534
8056 0.0000620300
8100 0.0000584819
8122 0.0000486512
8240 0.0000338671
8673 0.0000338215
8989 0.0000299425
9101 0.0000295605
9176 0.0000289057
9197 0.0000282764
9215 0.0000231263
9424 0.0000211209
9698 0.0000136689
10718 0.0000102743
11526 0.0000101677
11628 0.0000092639
11705 0.0000087776
11750 0.0000086865
11969 0.0000079886
12035 0.0000072145
12305 0.0000066981
12387 0.0000059539
12418 0.0000055614
12653 0.0000051569
12789 0.0000048976
12880 0.0000042832
13027 0.0000038379
13292 0.0000032635
13358 0.0000029773
13613 0.0000025334
13837 0.0000022598
13922 0.0000020042
14011 0.0000019313
14043 0.0000016608
14316 0.0000016413
14421 0.0000015134
14458 0.0000011376
15073 0.0000011288
15133 0.0000009627
15177 0.0000009247
15256 0.0000008524
15372 0.0000006941
15688 0.0000006467
15732 0.0000006294
15785 0.0000006060
15863 0.0000006017
15934 0.0000005965
16006 0.0000005873
16064 0.0000005686
16404 0.0000005632
16512 0.0000005505
16557 0.0000005348
16929 0.0000005207
17088 0.0000005158
17095 0.0000004936
17431 0.0000004841
17451 0.0000004665
17562 0.0000004581
17654 0.0000004304
17831 0.0000004278
17843 0.0000004274
17947 0.0000004098
18023 0.0000004000
18024 0.0000003969
18028 0.0000003684
18050 0.0000003485
18081 0.0000003324
18229 0.0000003172
18257 0.0000002999
18347 0.0000002717
18471 0.0000001992
18808 0.0000001898
18854 0.0000001818
19036 0.0000001726
19120 0.0000001690
19202 0.0000001358
19242 0.0000001214
19246 0.0000001051
19312 0.0000000780
19626 0.0000000748
19733 0.0000000695
19745 0.0000000551
19916 0.0000000484
19981 0.0000000434
20068 0.0000000368
20086 0.0000000328
20107 0.0000000322
20198 0.0000000303
20203 0.0000000296
20249 0.0000000265
20409 0.0000000185
20827 0.0000000149
21273 0.0000000144
21369 0.0000000127
21480 0.0000000117
21541 0.0000000116
21699 0.0000000103
21731 0.0000000099
21898 0.0000000088
21938 0.0000000076
22320 0.0000000071
22359 0.0000000068
22455 0.0000000059
22466 0.0000000054
22556 0.0000000053
22609 0.0000000042
23078 0.0000000041
23165 0.0000000035
23436 0.0000000031
23525 0.0000000023
23821 0.0000000022
23883 0.0000000022
24058 0.0000000019
24220 0.0000000018
24596 0.0000000018
24603 0.0000000016
24648 0.0000000015
24931 0.0000000013
25004 0.0000000012
25015 0.0000000011
25134 0.0000000010
25243 0.0000000007
25745 0.0000000005
26024 0.0000000005
26336 0.0000000004
26521 0.0000000004
26736 0.0000000003
27036 0.0000000003
27094 0.0000000003
27110 0.0000000003
27135 0.0000000003
27163 0.0000000003
27172 0.0000000002
27250 0.0000000002
27455 0.0000000002
27522 0.0000000002
27573 0.0000000002
27605 0.0000000002
27684 0.0000000001
27751 0.0000000001
27793 0.0000000001
27880 0.0000000001
28629 0.0000000001
29039 0.0000000001
29124 0.0000000000
29233 0.0000000000
29318 0.0000000000
29382 0.0000000000
29529 0.0000000000
29575 0.0000000000
29703 0.0000000000
29861 0.0000000000
29866 0.0000000000
29872 0.0000000000
30206 0.0000000000
30347 0.0000000000
30512 0.0000000000
30587 0.0000000000
30651 0.0000000000
31148 0.0000000000
31218 0.0000000000
31223 0.0000000000
31235 0.0000000000
31370 0.0000000000
31742 0.0000000000
31745 0.0000000000
31809 0.0000000000
31910 0.0000000000
32065 0.0000000000
32138 0.0000000000
32239 0.0000000000
32326 0.0000000000
32541 0.0000000000
32542 0.0000000000
32580 0.0000000000
32648 0.0000000000
32781 0.0000000000
32813 0.0000000000
32853 0.0000000000
32861 0.0000000000
32952 0.0000000000
32964 0.0000000000
33162 0.0000000000
33450 0.0000000000
33499 0.0000000000
33502 0.0000000000
33519 0.0000000000
33608 0.0000000000
33705 0.0000000000
33885 0.0000000000
33898 0.0000000000
34106 0.0000000000
34247 0.0000000000
34259 0.0000000000
34380 0.0000000000
34412 0.0000000000
34641 0.0000000000
34693 0.0000000000
34740 0.0000000000
34863 0.0000000000
34931 0.0000000000
35029 0.0000000000
35050 0.0000000000
35320 0.0000000000
35622 0.0000000000
35636 0.0000000000
35734 0.0000000000
35814 0.0000000000
35886 0.0000000000
35916 0.0000000000
35931 0.0000000000
35976 0.0000000000
36328 0.0000000000
36364 0.0000000000
36478 0.0000000000
36522 0.0000000000
36610 0.0000000000
36711 0.0000000000
36765 0.0000000000
36948 0.0000000000
37247 0.0000000000
37297 0.0000000000
37337 0.0000000000
37407 0.0000000000
37444 0.0000000000
37453 0.0000000000
37563 0.0000000000
37687 0.0000000000
37846 0.0000000000
38064 0.0000000000
38124 0.0000000000
38310 0.0000000000
38327 0.0000000000
38385 0.0000000000
38395 0.0000000000
38490 0.0000000000
38572 0.0000000000
38727 0.0000000000
38788 0.0000000000
38925 0.0000000000
39155 0.0000000000
39159 0.0000000000
39206 0.0000000000
39245 0.0000000000
39320 0.0000000000
39437 0.0000000000
39597 0.0000000000
39608 0.0000000000
39711 0.0000000000
40097 0.0000000000
40232 0.0000000000
40332 0.0000000000
40408 0.0000000000
40431 0.0000000000
40758 0.0000000000
40764 0.0000000000
41038 0.0000000000
41086 0.0000000000
41092 0.0000000000
41239 0.0000000000
41315 0.0000000000
41451 0.0000000000
41683 0.0000000000
41701 0.0000000000
41875 0.0000000000
42051 0.0000000000
42109 0.0000000000
evaluations raw_y
1 72.0017142077
3 47.9301701804
30 44.8684316006
31 37.5752006655
50 16.7188273573
121 13.0953331541
130 12.3150897007
147 7.1398069422
256 6.7835130063
267 5.8377672539
276 5.3336200192
292 4.4846428021
414 3.2636062578
438 2.2584435393
476 2.0334110991
492 1.7857797581
514 1.7700005564
525 1.5176971131
564 1.2839522095
575 1.0641949138
593 1.0154806505
607 0.5440613893
638 0.3871294100
712 0.3727304216
789 0.2883137294
843 0.2309103358
880 0.1892568523
954 0.1579089427
956 0.1286570783
1030 0.0735859554
1167 0.0703791296
1233 0.0554576870
1238 0.0508786843
1313 0.0306984246
1538 0.0277735770
1582 0.0266930542
1624 0.0160548902
1761 0.0076426154
1950 0.0075137837
1978 0.0036124528
2217 0.0026577945
2290 0.0015927313
3140 0.0014883864
3192 0.0008635364
3643 0.0007919460
3739 0.0007629379
3805 0.0007400401
3938 0.0007288716
3959 0.0004611950
4162 0.0004575469
4194 0.0003583915
4576 0.0003531163
4912 0.0003154855
5115 0.0002677310
5495 0.0002638604
5587 0.0002547060
5658 0.0002381107
5677 0.0001926881
6038 0.0001889686
6072 0.0001738021
6122 0.0001712183
6161 0.0001527421
6197 0.0001495144
6340 0.0001340612
6726 0.0000941883
7664 0.0000863308
7944 0.0000843681
8021 0.0000782547
8316 0.0000751344
8449 0.0000708636
8568 0.0000627326
8677 0.0000625527
8834 0.0000604092
8874 0.0000506518
9049 0.0000496814
9140 0.0000479701
9179 0.0000445154
9187 0.0000433421
9341 0.0000423471
9499 0.0000388262
9501 0.0000384167
9828 0.0000374589
9982 0.0000302654
10070 0.0000250886
10366 0.0000223237
10703 0.0000219788
10826 0.0000208797
11342 0.0000193528
11376 0.0000129997
11799 0.0000112897
12210 0.0000105358
12421 0.0000099137
12440 0.0000098496
12446 0.0000091526
12468 0.0000053423
13288 0.0000053066
13338 0.0000040496
13428 0.0000039603
13523 0.0000025823
14401 0.0000023876
14474 0.0000022781
14550 0.0000017518
14810 0.0000017172
14823 0.0000014632
14975 0.0000011266
15645 0.0000009101
15767 0.0000007115
15780 0.0000006416
15982 0.0000006195
16005 0.0000005746
16046 0.0000004418
16181 0.0000004360
16279 0.0000003419
16572 0.0000003166
16657 0.0000002074
17019 0.0000002006
17029 0.0000001993
17038 0.0000001880
17062 0.0000001545
17339 0.0000001487
17340 0.0000001252
17501 0.0000001164
17690 0.0000001145
17854 0.0000001113
17911 0.0000001098
17926 0.0000001088
17962 0.0000000974
17999 0.0000000870
18059 0.0000000813
18195 0.0000000670
18275 0.0000000637
18319 0.0000000535
18978 0.0000000490
19098 0.0000000422
19349 0.0000000398
19406 0.0000000308
19625 0.0000000290
19706 0.0000000250
19927 0.0000000232
20046 0.0000000225
20123 0.0000000194
20178 0.0000000121
20676 0.0000000118
20772 0.0000000113
20800 0.0000000109
20857 0.0000000081
21407 0.0000000079
21413 0.0000000068
21627 0.0000000059
21652 0.0000000055
21700 0.0000000054
21812 0.0000000050
21944 0.0000000045
22324 0.0000000041
22405 0.0000000040
22607 0.0000000040
22731 0.0000000038
22951 0.0000000037
23400 0.0000000036
23482 0.0000000036
23483 0.0000000035
24427 0.0000000035
24465 0.0000000035
24489 0.0000000034
24579 0.0000000034
24681 0.0000000034
24726 0.0000000034
24771 0.0000000034
24799 0.0000000034
24814 0.0000000032
25017 0.0000000030
25284 0.0000000030
25340 0.0000000029
25347 0.0000000027
25397 0.0000000027
25424 0.0000000026
25452 0.0000000024
25717 0.0000000023
25774 0.0000000022
25805 0.0000000021
25933 0.0000000019
25954 0.0000000019
25992 0.0000000017
26008 0.0000000017
26026 0.0000000017
26437 0.0000000016
26592 0.0000000014
26655 0.0000000014
26777 0.0000000014
26924 0.0000000014
26937 0.0000000013
27325 0.0000000012
27506 0.0000000012
27765 0.0000000012
27815 0.0000000012
27912 0.0000000012
27925 0.0000000012
28045 0.0000000012
28056 0.0000000012
28323 0.0000000012
28434 0.0000000012
28440 0.0000000012
28555 0.0000000011
28667 0.0000000011
28712 0.0000000011
28831 0.0000000011
28909 0.0000000011
28945 0.0000000011
29072 0.0000000011
29259 0.0000000011
29411 0.0000000011
29462 0.0000000011
29516 0.0000000011
29551 0.0000000011
29559 0.0000000011
29576 0.0000000010
29675 0.0000000010
29723 0.0000000010
29763 0.0000000010
29786 0.0000000010
29851 0.0000000010
29931 0.0000000010
30271 0.0000000009
30426 0.0000000009
30445 0.0000000009
30452 0.0000000009
30470 0.0000000009
30530 0.0000000009
30960 0.0000000008
30993 0.0000000008
31066 0.0000000007
31246 0.0000000007
31249 0.0000000007
31300 0.0000000006
31474 0.0000000005
31746 0.0000000005
31803 0.0000000005
31821 0.0000000004
32205 0.0000000004
32360 0.0000000004
32403 0.0000000003
32486 0.0000000003
32491 0.0000000003
32588 0.0000000002
32648 0.0000000002
32900 0.0000000001
33034 0.0000000001
33047 0.0000000001
33168 0.0000000001
33235 0.0000000001
33268 0.0000000001
33362 0.0000000001
33421 0.0000000001
33612 0.0000000001
33799 0.0000000001
33869 0.0000000000
34035 0.0000000000
34122 0.0000000000
34346 0.0000000000
34579 0.0000000000
34817 0.0000000000
34828 0.0000000000
34848 0.0000000000
34882 0.0000000000
35054 0.0000000000
35446 0.0000000000
35610 0.0000000000
35703 0.0000000000
35755 0.0000000000
35773 0.0000000000
35864 0.0000000000
35949 0.0000000000
35954 0.0000000000
36156 0.0000000000
36235 0.0000000000
36351 0.0000000000
36419 0.0000000000
36494 0.0000000000
36664 0.0000000000
36879 0.0000000000
37048 0.0000000000
37111 0.0000000000
37169 0.0000000000
37244 0.0000000000
37535 0.0000000000
37785 0.0000000000
38296 0.0000000000
38428 0.0000000000
38465 0.0000000000
38755 0.0000000000
38865 0.0000000000
38941 0.0000000000
39044 0.0000000000
39155 0.0000000000
39327 0.0000000000
39416 0.0000000000
39477 0.0000000000
39621 0.0000000000
39929 0.0000000000
40018 0.0000000000
40448 0.0000000000
40722 0.0000000000
40733 0.0000000000
40818 0.0000000000
41125 0.0000000000
evaluations raw_y
1 226.9164835879
2 206.8367937243
5 179.8774748054
8 179.6290823028
9 147.7294499252
21 112.6372515239
23 70.6485709749
55 57.2667558726
56 39.3066927298
80 36.6504158996
89 20.3073924791
94 16.8197359882
120 14.7825162443
139 11.7420090687
182 11.0622810662
284 10.1494862978
285 9.0152498914
294 8.6154050362
338 8.5120852010
342 6.4738428149
354 5.3994634575
362 4.8701735253
383 4.4193878467
492 4.0903732524
558 2.3599507463
599 1.9005474035
672 1.7630946499
683 1.2942319820
684 1.2520653642
690 1.1049146958
695 1.0542887660
720 1.0046960374
750 0.7211896667
800 0.5492662408
825 0.4261925852
837 0.3350349075
935 0.3073192466
978 0.3008745430
986 0.1879983570
1019 0.1676625685
1073 0.1299828910
1102 0.1119062185
1155 0.0941425711
1178 0.0740512809
1327 0.0677331821
1359 0.0461416861
1504 0.0278502676
1829 0.0245514382
1920 0.0111231934
2186 0.0107794725
2329 0.0096992976
2457 0.0079237584
2501 0.0068892503
2509 0.0051717079
2628 0.0051274573
2705 0.0037954294
2850 0.0025145304
3114 0.0024316351
3388 0.0021815387
3415 0.0018267027
3496 0.0015945603
3777 0.0015166665
3911 0.0014328929
3992 0.0011718795
4192 0.0011666653
4448 0.0010864850
4489 0.0010524693
4577 0.0009908742
4845 0.0008642151
5109 0.0007856452
5155 0.0007606233
5211 0.0006314137
5430 0.0006266156
5494 0.0005905109
5525 0.0004530950
5752 0.0004337867
5845 0.0004304217
5973 0.0004001818
6003 0.0003792629
6155 0.0003497210
6285 0.0003177992
6299 0.0002708366
6338 0.0002678882
6493 0.0002523455
6685 0.0002251753
6812 0.0001723207
7127 0.0001543568
7199 0.0001461828
7472 0.0001260076
7538 0.0001210090
7564 0.0001119618
7809 0.0001106177
7967 0.0000498340
8303 0.0000424765
8363 0.0000419038
8816 0.0000381158
8887 0.0000338839
9017 0.0000332823
9081 0.0000328767
9216 0.0000320719
9246 0.0000311876
9258 0.0000309795
9390 0.0000280283
9414 0.0000258373
9819 0.0000238360
9943 0.0000215585
10004 0.0000186438
10177 0.0000177830
10345 0.0000175464
10499 0.0000170101
10542 0.0000155486
10639 0.0000154775
10715 0.0000140867
10778 0.0000139718
10816 0.0000136093
10832 0.0000128491
10844 0.0000115397
11160 0.0000111020
11242 0.0000096534
11476 0.0000078845
11557 0.0000051859
11838 0.0000051826
12015 0.0000050224
12333 0.0000030765
12821 0.0000026573
13157 0.0000024614
13432 0.0000024487
13492 0.0000024409
13524 0.0000022579
13528 0.0000022575
13532 0.0000020487
13563 0.0000020027
13736 0.0000019913
13764 0.0000018807
13804 0.0000016978
13916 0.0000016390
14468 0.0000016346
14489 0.0000013643
14816 0.0000013048
14952 0.0000011778
15338 0.0000011610
15595 0.0000011383
15602 0.0000011357
15628 0.0000010544
15759 0.0000010212
15801 0.0000010110
15917 0.0000008891
15962 0.0000008862
16270 0.0000008623
16299 0.0000008215
16557 0.0000008070
16591 0.0000006951
16781 0.0000006891
16869 0.0000006752
16885 0.0000006624
17093 0.0000005766
17232 0.0000005509
17395 0.0000005179
17536 0.0000004943
17608 0.0000004674
17747 0.0000004599
17891 0.0000003883
18248 0.0000003842
18364 0.0000003541
18383 0.0000003484
18408 0.0000003452
18429 0.0000003430
18467 0.0000003262
18487 0.0000003141
18613 0.0000002788
18745 0.0000002369
19182 0.0000002293
19248 0.0000001837
19654 0.0000001788
19898 0.0000001708
19907 0.0000001421
20025 0.0000001301
20170 0.0000001182
20261 0.0000001139
20343 0.0000001071
20609 0.0000001026
20787 0.0000000984
20824 0.0000000964
20928 0.0000000915
20984 0.0000000821
20995 0.0000000812
21135 0.0000000804
21139 0.0000000763
21183 0.0000000760
21233 0.0000000753
21236 0.0000000742
21261 0.0000000697
21296 0.0000000688
21314 0.0000000642
21406 0.0000000634
21489 0.0000000550
21608 0.0000000531
21687 0.0000000522
21700 0.0000000518
21827 0.0000000510
22038 0.0000000452
22046 0.0000000417
22351 0.0000000352
22485 0.0000000334
22683 0.0000000331
22792 0.0000000318
22874 0.0000000292
22946 0.0000000270
23043 0.0000000248
23114 0.0000000232
23296 0.0000000225
23364 0.0000000201
23484 0.0000000186
23577 0.0000000170
23654 0.0000000125
24061 0.0000000069
24707 0.0000000066
24821 0.0000000058
24914 0.0000000056
24987 0.0000000039
25266 0.0000000034
25307 0.0000000034
25322 0.0000000034
25353 0.0000000025
25863 0.0000000022
26019 0.0000000019
26077 0.0000000015
26244 0.0000000013
26463 0.0000000011
26725 0.0000000010
26858 0.0000000010
26959 0.0000000010
26976 0.0000000009
27014 0.0000000009
27017 0.0000000009
27069 0.0000000008
27158 0.0000000008
27190 0.0000000008
27300 0.0000000007
27349 0.0000000006
27452 0.0000000006
27545 0.0000000005
28214 0.0000000005
28276 0.0000000005
28315 0.0000000005
28439 0.0000000004
28457 0.0000000004
28497 0.0000000004
28599 0.0000000004
28740 0.0000000003
29270 0.0000000003
29325 0.0000000003
29686 0.0000000003
29771 0.0000000003
29773 0.0000000003
30005 0.0000000003
30040 0.0000000003
30117 0.0000000003
30122 0.0000000003
30142 0.0000000003
30267 0.0000000002
30368 0.0000000002
30481 0.0000000002
30519 0.0000000002
30642 0.0000000002
30693 0.0000000002
30820 0.0000000002
30841 0.0000000002
31174 0.0000000002
31270 0.0000000002
31415 0.0000000002
31440 0.0000000002
31511 0.0000000002
31760 0.0000000002
31770 0.0000000002
31794 0.0000000002
31816 0.0000000002
31869 0.0000000001
31949 0.0000000001
32031 0.0000000001
32165 0.0000000001
32454 0.0000000001
32469 0.0000000001
32477 0.0000000001
32624 0.0000000001
32625 0.0000000001
32642 0.0000000001
32664 0.0000000001
32715 0.0000000001
32915 0.0000000001
33130 0.0000000001
33254 0.0000000001
33346 0.0000000001
33466 0.0000000001
33493 0.0000000001
33745 0.0000000001
33871 0.0000000001
34002 0.0000000001
34011 0.0000000001
34145 0.0000000001
34161 0.0000000001
34517 0.0000000001
34522 0.0000000001
34553 0.0000000001
34922 0.0000000001
34982 0.0000000001
34994 0.0000000001
35180 0.0000000001
35375 0.0000000001
35514 0.0000000001
35747 0.0000000001
35811 0.0000000001
35948 0.0000000001
35949 0.0000000001
36023 0.0000000001
36106 0.0000000000
36207 0.0000000000
36278 0.0000000000
36355 0.0000000000
36409 0.0000000000
36539 0.0000000000
36720 0.0000000000
37121 0.0000000000
37122 0.0000000000
37511 0.0000000000
37522 0.0000000000
37565 0.0000000000
37738 0.0000000000
37771 0.0000000000
37822 0.0000000000
37826 0.0000000000
38036 0.0000000000
38049 0.0000000000
38226 0.0000000000
38481 0.0000000000
38889 0.0000000000
38986 0.0000000000
39065 0.0000000000
39087 0.0000000000
39176 0.0000000000
39227 0.0000000000
39553 0.0000000000
39706 0.0000000000
39801 0.0000000000
39820 0.0000000000
40068 0.0000000000
40306 0.0000000000
40311 0.0000000000
40372 0.0000000000
40614 0.0000000000
40667 0.0000000000
40955 0.0000000000
41091 0.0000000000
41092 0.0000000000
41184 0.0000000000
41345 0.0000000000
41438 0.0000000000
41445 0.0000000000
41790 0.0000000000
41892 0.0000000000
42032 0.0000000000
42048 0.0000000000
42105 0.0000000000
evaluations raw_y
1 759.5568246604
8 256.3884338258
19 189.3222368585
27 110.4557717183
42 73.1898896629
49 66.3735104903
75 52.5739498529
80 41.1909861398
86 40.9976518734
96 33.3053481011
124 24.9083852515
182 18.6449602465
316 15.6764107949
357 7.3818619529
381 6.3577914353
492 3.9055564902
579 3.8701234138
598 2.8305149249
599 2.6571303263
610 2.0277891193
626 1.6474992404
658 0.4494296374
743 0.4162007139
759 0.3973421469
825 0.3580597541
835 0.3465137733
866 0.3301124202
868 0.2161073758
890 0.1751122169
943 0.1315242846
957 0.1238775323
1002 0.0889847121
1234 0.0889089201
1273 0.0494339166
1562 0.0148220067
1873 0.0142055131
1936 0.0132691049
2043 0.0110054548
2252 0.0094567844
2389 0.0079650034
2423 0.0054844918
2498 0.0043755892
2663 0.0034828979
2770 0.0027670730
2774 0.0019400263
2815 0.0014957492
3071 0.0013432882
3217 0.0012865266
3433 0.0008199590
3674 0.0006324209
3835 0.0005422531
3851 0.0004305946
4045 0.0003278580
4983 0.0003179301
5030 0.0002839703
5336 0.0002739792
5416 0.0002580893
5475 0.0002302429
5494 0.0001628792
5960 0.0001501435
6554 0.0001489852
6711 0.0001407249
6839 0.0001349030
6960 0.0001196860
6985 0.0001192445
7165 0.0001150959
7428 0.0001137004
7541 0.0001079995
7584 0.0000990337
7696 0.0000853836
7761 0.0000805281
7778 0.0000798941
7985 0.0000755463
8052 0.0000652584
8380 0.0000596983
8538 0.0000590607
8661 0.0000532603
8790 0.0000472266
9006 0.0000444581
9119 0.0000419119
9237 0.0000400131
9247 0.0000392254
9441 0.0000360559
9616 0.0000290847
10030 0.0000289970
10237 0.0000264621
10284 0.0000235743
10383 0.0000228405
10503 0.0000224720
10675 0.0000217875
10681 0.0000209763
10821 0.0000175095
10838 0.0000170842
10912 0.0000169865
10933 0.0000165577
11316 0.0000146418
11374 0.0000145791
11379 0.0000124132
11425 0.0000114634
11478 0.0000111273
11663 0.0000106084
11761 0.0000092639
11870 0.0000091406
11977 0.0000073194
12165 0.0000071242
12172 0.0000069071
12299 0.0000061387
12434 0.0000051441
12713 0.0000037151
13141 0.0000032502
13197 0.0000028653
13398 0.0000023996
13478 0.0000023882
13773 0.0000021692
13901 0.0000012268
14352 0.0000011839
14422 0.0000011818
14506 0.0000011749
14561 0.0000009611
14791 0.0000009386
14854 0.0000007220
16074 0.0000006572
16112 0.0000005561
16251 0.0000005027
16316 0.0000004774
16347 0.0000004176
16469 0.0000004149
16846 0.0000004011
16954 0.0000003916
16996 0.0000003661
17352 0.0000003342
17377 0.0000003338
17561 0.0000003138
17618 0.0000002863
17696 0.0000002830
17710 0.0000002442
17800 0.0000002366
17927 0.0000002220
18027 0.0000001982
18145 0.0000001969
18317 0.0000001870
18459 0.0000001833
18519 0.0000001658
18559 0.0000001593
18722 0.0000001526
18970 0.0000001477
18977 0.0000001411
19327 0.0000001355
19364 0.0000001320
19396 0.0000001303
19443 0.0000001279
19496 0.0000001269
19571 0.0000001267
19664 0.0000001251
19737 0.0000001239
19873 0.0000001206
19978 0.0000001203
20043 0.0000001196
20048 0.0000001194
20104 0.0000001132
20166 0.0000001106
20317 0.0000001076
20480 0.0000001015
20561 0.0000000937
20992 0.0000000881
21168 0.0000000829
21273 0.0000000821
21323 0.0000000797
21378 0.0000000775
21567 0.0000000775
21643 0.0000000703
21704 0.0000000698
21925 0.0000000691
21944 0.0000000657
22033 0.0000000657
22045 0.0000000651
22082 0.0000000593
22298 0.0000000574
22339 0.0000000561
22380 0.0000000557
22412 0.0000000547
22693 0.0000000535
22778 0.0000000520
22793 0.0000000484
22843 0.0000000477
22850 0.0000000384
23184 0.0000000380
23333 0.0000000374
23395 0.0000000338
23420 0.0000000337
23629 0.0000000311
23833 0.0000000304
23893 0.0000000273
24024 0.0000000269
24143 0.0000000247
24272 0.0000000247
24398 0.0000000224
24720 0.0000000222
24748 0.0000000218
24829 0.0000000212
24859 0.0000000211
24867 0.0000000210
24906 0.0000000203
24955 0.0000000202
24976 0.0000000191
25179 0.0000000191
25200 0.0000000189
25259 0.0000000188
25272 0.0000000181
25278 0.0000000179
25346 0.0000000174
25433 0.0000000174
25456 0.0000000152
25648 0.0000000146
25711 0.0000000137
25977 0.0000000114
26026 0.0000000113
26051 0.0000000099
26084 0.0000000092
26398 0.0000000091
26436 0.0000000076
26491 0.0000000075
26564 0.0000000073
26595 0.0000000064
26671 0.0000000056
26840 0.0000000056
26902 0.0000000049
26928 0.0000000045
26946 0.0000000038
26983 0.0000000036
27051 0.0000000027
27088 0.0000000022
27514 0.0000000019
27735 0.0000000016
27743 0.0000000016
27749 0.0000000015
27789 0.0000000015
27793 0.0000000012
27849 0.0000000012
27879 0.0000000008
27989 0.0000000008
28412 0.0000000006
28638 0.0000000006
28704 0.0000000006
28774 0.0000000006
28936 0.0000000006
28952 0.0000000006
29002 0.0000000006
29202 0.0000000005
29318 0.0000000005
29322 0.0000000005
29365 0.0000000005
29440 0.0000000005
29497 0.0000000004
29556 0.0000000004
29596 0.0000000004
29632 0.0000000004
29778 0.0000000003
29932 0.0000000003
30077 0.0000000003
30083 0.0000000003
30115 0.0000000003
30146 0.0000000003
30570 0.0000000002
30654 0.0000000002
30830 0.0000000001
31001 0.0000000001
31058 0.0000000001
31245 0.0000000001
31472 0.0000000001
31526 0.0000000001
31713 0.0000000001
31744 0.0000000001
31992 0.0000000001
32037 0.0000000001
32161 0.0000000001
32195 0.0000000000
32315 0.0000000000
32573 0.0000000000
32664 0.0000000000
32743 0.0000000000
33054 0.0000000000
33159 0.0000000000
33167 0.0000000000
33552 0.0000000000
33632 0.0000000000
33958 0.0000000000
34407 0.0000000000
34435 0.0000000000
34448 0.0000000000
34571 0.0000000000
34632 0.0000000000
34705 0.0000000000
34744 0.0000000000
34765 0.0000000000
34798 0.0000000000
34813 0.0000000000
34956 0.0000000000
34959 0.0000000000
35112 0.0000000000
35187 0.0000000000
35257 0.0000000000
35342 0.0000000000
35619 0.0000000000
35735 0.0000000000
35785 0.0000000000
35868 0.0000000000
35920 0.0000000000
35936 0.0000000000
36066 0.0000000000
36163 0.0000000000
36593 0.0000000000
36607 0.0000000000
36646 0.0000000000
36831 0.0000000000
36855 0.0000000000
37086 0.0000000000
37142 0.0000000000
37556 0.0000000000
37559 0.0000000000
37624 0.0000000000
37944 0.0000000000
37992 0.0000000000
38146 0.0000000000
38286 0.0000000000
38354 0.0000000000
38611 0.0000000000
38688 0.0000000000
38710 0.0000000000
38832 0.0000000000
38856 0.0000000000
39208 0.0000000000
39350 0.0000000000
39437 0.0000000000
39553 0.0000000000
39573 0.0000000000
39752 0.0000000000
39811 0.0000000000
39825 0.0000000000
39882 0.0000000000
39958 0.0000000000
40152 0.0000000000
40386 0.0000000000
40402 0.0000000000
40485 0.0000000000
40492 0.0000000000
40657 0.0000000000
40697 0.0000000000
40798 0.0000000000
40891 0.0000000000
41011 0.0000000000
41132 0.0000000000
41165 0.0000000000
41213 0.0000000000
41224 0.0000000000
41362 0.0000000000
41368 0.0000000000
41720 0.0000000000
41748 0.0000000000
41865 0.0000000000
41878 0.0000000000
42001 0.0000000000
42209 0.0000000000
42258 0.0000000000
42289 0.0000000000
42309 0.0000000000
evaluations raw_y
1 286.3567894924
2 204.4954210387
11 108.5881779019
28 86.5303402637
33 73.3890772348
35 64.6859484716
47 45.2839433590
55 20.8839246061
82 18.8423824427
93 12.0568050045
241 11.0996529992
259 9.1833543608
265 9.0121488108
274 7.9823622056
322 7.7388841118
325 7.2772649967
329 7.0400157023
333 5.8734710001
362 5.7441583634
387 4.4928051005
392 3.7289365224
435 2.8618982518
489 2.6018119291
530 1.3543618993
619 0.9009757277
640 0.5495605576
692 0.5414222297
706 0.4943767027
715 0.4579757512
748 0.4247283079
777 0.3782503513
780 0.3592095299
787 0.3193925769
789 0.3117832599
800 0.2987393882
810 0.2089542139
933 0.1533178702
950 0.1160006050
1029 0.0672207814
1269 0.0613985632
1368 0.0263884052
1700 0.0258676703
1761 0.0169490215
1825 0.0155326234
1998 0.0136893271
2184 0.0132393809
2286 0.0083401389
2343 0.0077424722
2543 0.0052229408
3198 0.0048078436
3257 0.0044431679
3628 0.0030772316
3655 0.0022590234
4000 0.0017756503
4064 0.0015770316
4113 0.0014458040
4224 0.0012696708
4391 0.0012132834
4435 0.0010857070
4733 0.0010498980
4779 0.0009325376
4978 0.0007533640
5122 0.0007268434
5136 0.0007078653
5171 0.0006001932
5314 0.0005894719
5360 0.0005303286
5418 0.0004806933
5631 0.0004125933
5669 0.0003721582
6007 0.0003275780
6024 0.0003112601
6075 0.0003021530
6351 0.0002245082
6580 0.0001882685
6807 0.0001837839
6896 0.0001648916
7065 0.0001610634
7164 0.0001585215
7172 0.0001225539
7181 0.0001157917
7235 0.0001045609
7393 0.0000976746
7557 0.0000829608
7588 0.0000781314
7765 0.0000751637
7833 0.0000700111
7954 0.0000664864
8081 0.0000652415
8129 0.0000626071
8131 0.0000579347
8205 0.0000536223
8209 0.0000523146
8415 0.0000500953
8420 0.0000471771
8495 0.0000469856
8523 0.0000458785
8541 0.0000452942
8582 0.0000446988
8708 0.0000440973
8768 0.0000409570
8820 0.0000403705
8825 0.0000367153
8828 0.0000358529
8880 0.0000348110
8939 0.0000342278
8960 0.0000295241
9009 0.0000260184
9332 0.0000192673
9618 0.0000157321
9762 0.0000151082
9867 0.0000145956
9947 0.0000097561
10022 0.0000086131
10123 0.0000076325
12662 0.0000073157
12749 0.0000071958
12750 0.0000071606
12950 0.0000069895
13083 0.0000066836
13101 0.0000064807
13193 0.0000058403
13462 0.0000054855
13568 0.0000051999
13633 0.0000050383
13707 0.0000045592
13966 0.0000042148
14004 0.0000032311
14318 0.0000029903
14373 0.0000026013
15036 0.0000024557
15066 0.0000021837
15316 0.0000021023
15565 0.0000020630
15670 0.0000020521
15730 0.0000020305
15984 0.0000020153
16030 0.0000019786
16077 0.0000019781
16191 0.0000019688
16192 0.0000019656
16242 0.0000019580
16256 0.0000019226
16489 0.0000019134
16528 0.0000018600
16583 0.0000018339
16863 0.0000018224
16865 0.0000017654
17121 0.0000017437
17148 0.0000016560
17247 0.0000015019
17607 0.0000014753
17763 0.0000013924
17908 0.0000013779
17952 0.0000013475
18095 0.0000012245
18374 0.0000012226
18463 0.0000011812
18523 0.0000011777
18672 0.0000011671
18682 0.0000010728
18754 0.0000009940
18906 0.0000009698
19134 0.0000009637
19351 0.0000009139
19367 0.0000008852
19414 0.0000007555
19620 0.0000007302
19772 0.0000007012
19942 0.0000006992
19962 0.0000006828
19970 0.0000006569
20078 0.0000006109
20112 0.0000005332
20301 0.0000004133
20491 0.0000003299
20781 0.0000003206
20865 0.0000003110
21100 0.0000003095
21139 0.0000003034
21202 0.0000002840
21211 0.0000002516
21313 0.0000002356
21482 0.0000002228
21533 0.0000002197
21741 0.0000001980
21774 0.0000001725
22026 0.0000001711
22032 0.0000001624
22162 0.0000001507
22222 0.0000001486
22276 0.0000001132
22446 0.0000000866
22561 0.0000000856
22695 0.0000000769
22810 0.0000000490
23062 0.0000000484
23119 0.0000000450
23177 0.0000000425
23197 0.0000000415
23482 0.0000000333
23495 0.0000000296
23568 0.0000000225
23732 0.0000000214
23782 0.0000000182
23857 0.0000000172
24029 0.0000000153
24118 0.0000000152
24148 0.0000000149
24214 0.0000000135
24284 0.0000000133
24358 0.0000000133
24391 0.0000000121
24470 0.0000000083
24940 0.0000000078
25017 0.0000000061
25283 0.0000000053
25419 0.0000000051
25449 0.0000000046
25484 0.0000000045
25578 0.0000000044
25620 0.0000000043
25630 0.0000000034
25650 0.0000000033
25835 0.0000000032
25965 0.0000000026
26308 0.0000000021
26402 0.0000000018
26697 0.0000000017
26788 0.0000000016
26895 0.0000000015
26967 0.0000000012
27114 0.0000000009
27256 0.0000000006
27541 0.0000000004
28501 0.0000000003
29340 0.0000000002
29368 0.0000000002
29767 0.0000000002
29829 0.0000000002
29866 0.0000000001
30021 0.0000000001
30158 0.0000000001
30163 0.0000000001
30225 0.0000000001
30254 0.0000000001
30487 0.0000000001
30505 0.0000000001
30815 0.0000000001
30934 0.0000000000
31235 0.0000000000
32091 0.0000000000
32738 0.0000000000
32925 0.0000000000
32930 0.0000000000
32975 0.0000000000
33202 0.0000000000
33283 0.0000000000
33428 0.0000000000
33434 0.0000000000
33561 0.0000000000
33581 0.0000000000
33668 0.0000000000
33807 0.0000000000
33881 0.0000000000
34113 0.0000000000
34234 0.0000000000
34266 0.0000000000
34553 0.0000000000
34790 0.0000000000
34805 0.0000000000
34973 0.0000000000
35077 0.0000000000
35185 0.0000000000
35290 0.0000000000
35303 0.0000000000
35347 0.0000000000
35381 0.0000000000
35434 0.0000000000
35440 0.0000000000
35680 0.0000000000
35725 0.0000000000
35755 0.0000000000
35954 0.0000000000
35971 0.0000000000
36234 0.0000000000
36545 0.0000000000
36590 0.0000000000
36594 0.0000000000
36631 0.0000000000
36805 0.0000000000
37039 0.0000000000
37115 0.0000000000
37253 0.0000000000
37292 0.0000000000
37322 0.0000000000
37740 0.0000000000
37892 0.0000000000
37902 0.0000000000
38077 0.0000000000
38204 0.0000000000
38401 0.0000000000
38540 0.0000000000
38593 0.0000000000
39035 0.0000000000
39056 0.0000000000
39210 0.0000000000
39245 0.0000000000
39338 0.0000000000
39845 0.0000000000
39929 0.0000000000
40104 0.0000000000
40172 0.0000000000
40318 0.0000000000
40337 0.0000000000
40411 0.0000000000
40504 0.0000000000
40651 0.0000000000
41271 0.0000000000
41284 0.0000000000
41448 0.0000000000
41476 0.0000000000
41756 0.0000000000
41769 0.0000000000
41796 0.0000000000
41844 0.0000000000
42020 0.0000000000
42079 0.0000000000
evaluations raw_y
1 47.3041741827
2 25.4310197182
3 21.0100984888
6 13.8767046837
10 13.1450360710
27 6.7635276213
49 2.5851077059
89 2.2680732594
90 2.1712383648
184 2.0956435364
261 1.5939015132
271 1.2622064121
291 1.2437974176
322 1.1915618144
325 1.1767052033
334 0.8776870524
384 0.6068557160
427 0.4452412468
440 0.2068613513
500 0.1987874181
714 0.1023437307
941 0.0338025285
1280 0.0253308779
1281 0.0215358010
1366 0.0172976130
1454 0.0109721956
1672 0.0083387602
1788 0.0060998009
1882 0.0052145686
2097 0.0041103202
2300 0.0036295462
2428 0.0031208915
2495 0.0029016632
2647 0.0023181093
2737 0.0018885431
2799 0.0016909522
2813 0.0016078459
2963 0.0016021482
3107 0.0015066233
3191 0.0011217562
3645 0.0010113789
3783 0.0009821135
3792 0.0009791908
3895 0.0009506765
3987 0.0009388249
4021 0.0009101022
4068 0.0008546997
4084 0.0008080382
4147 0.0007023486
4230 0.0006997566
4245 0.0006976095
4408 0.0006668035
4494 0.0006093059
5041 0.0005942374
5045 0.0005822047
5046 0.0005546675
5092 0.0005123563
5196 0.0004994559
5239 0.0004031338
5441 0.0003493845
5563 0.0003374135
5595 0.0003185956
5925 0.0002899858
5933 0.0002865468
6088 0.0002657592
6130 0.0002280631
6167 0.0002265778
6222 0.0002011582
6423 0.0002011448
6502 0.0001890832
6643 0.0001487388
6794 0.0001476628
6814 0.0001240024
7151 0.0001111496
7195 0.0000983131
7338 0.0000909281
7535 0.0000783395
7651 0.0000740539
8081 0.0000638931
8144 0.0000625376
8211 0.0000572460
8357 0.0000562438
8683 0.0000549263
8700 0.0000511061
8765 0.0000494444
8783 0.0000436436
8978 0.0000423497
9077 0.0000420341
9220 0.0000376096
9435 0.0000351221
9462 0.0000347690
9590 0.0000304642
9664 0.0000274629
9842 0.0000254404
9890 0.0000237080
9989 0.0000229528
10127 0.0000218641
10173 0.0000206360
10340 0.0000191129
10384 0.0000174202
10506 0.0000171109
10512 0.0000164093
10793 0.0000162010
10838 0.0000120068
10988 0.0000110125
11331 0.0000097118
11415 0.0000093699
11432 0.0000086556
11478 0.0000084382
11619 0.0000084349
11624 0.0000083106
11689 0.0000076119
11744 0.0000069617
11775 0.0000062556
11802 0.0000059313
12222 0.0000057862
12270 0.0000045657
12301 0.0000045570
12438 0.0000045488
12527 0.0000043652
12543 0.0000040874
12563 0.0000040256
12591 0.0000038783
12647 0.0000035575
12723 0.0000032479
12760 0.0000029439
12807 0.0000028821
12896 0.0000026499
12979 0.0000019799
13328 0.0000019671
13463 0.0000013640
13695 0.0000010221
14553 0.0000008706
14871 0.0000008676
14902 0.0000008528
14926 0.0000008126
14931 0.0000008052
15107 0.0000007619
15108 0.0000007138
15224 0.0000006257
15297 0.0000006158
15489 0.0000005950
15698 0.0000005907
15733 0.0000005773
15893 0.0000005676
15907 0.0000005238
15918 0.0000004868
16237 0.0000004731
16282 0.0000004651
16463 0.0000004341
16464 0.0000004318
16598 0.0000004032
16628 0.0000003734
16768 0.0000002995
17030 0.0000002887
17274 0.0000002822
17317 0.0000002354
17544 0.0000002236
17556 0.0000002150
17598 0.0000001798
17713 0.0000001796
17795 0.0000001763
17893 0.0000001705
17941 0.0000001635
17955 0.0000001487
18221 0.0000001418
18379 0.0000001301
18407 0.0000001282
18810 0.0000001027
18876 0.0000000936
19275 0.0000000910
19334 0.0000000908
19362 0.0000000904
19412 0.0000000901
19420 0.0000000900
19429 0.0000000782
19458 0.0000000766
19510 0.0000000759
19590 0.0000000751
19597 0.0000000643
19994 0.0000000625
20337 0.0000000624
20444 0.0000000615
20471 0.0000000608
20495 0.0000000606
20505 0.0000000601
20521 0.0000000594
20589 0.0000000593
20591 0.0000000562
20936 0.0000000562
21012 0.0000000558
21067 0.0000000557
21069 0.0000000537
21130 0.0000000522
21363 0.0000000519
21431 0.0000000514
21470 0.0000000490
21576 0.0000000463
21678 0.0000000448
21874 0.0000000371
22164 0.0000000322
22373 0.0000000307
22448 0.0000000295
22468 0.0000000259
22686 0.0000000244
22722 0.0000000233
22876 0.0000000215
23071 0.0000000131
23577 0.0000000118
23665 0.0000000098
23931 0.0000000094
23999 0.0000000088
24197 0.0000000073
24616 0.0000000062
24998 0.0000000055
25128 0.0000000051
25443 0.0000000050
25507 0.0000000047
25520 0.0000000042
25739 0.0000000039
25817 0.0000000038
26079 0.0000000036
26092 0.0000000033
26175 0.0000000032
26248 0.0000000029
26324 0.0000000026
26492 0.0000000026
26554 0.0000000022
26597 0.0000000018
26649 0.0000000017
27085 0.0000000017
27125 0.0000000010
27694 0.0000000009
27702 0.0000000008
27784 0.0000000007
27913 0.0000000007
27975 0.0000000005
28393 0.0000000005
28443 0.0000000004
28771 0.0000000004
28839 0.0000000004
28883 0.0000000002
29353 0.0000000002
29568 0.0000000002
29626 0.0000000001
29906 0.0000000001
30020 0.0000000001
30176 0.0000000001
30271 0.0000000001
30284 0.0000000001
30362 0.0000000001
30962 0.0000000001
30987 0.0000000001
31021 0.0000000001
31062 0.0000000001
31080 0.0000000000
31223 0.0000000000
31233 0.0000000000
31415 0.0000000000
31540 0.0000000000
31624 0.0000000000
31873 0.0000000000
32248 0.0000000000
32307 0.0000000000
32359 0.0000000000
32717 0.0000000000
32841 0.0000000000
32894 0.0000000000
33398 0.0000000000
33461 0.0000000000
33672 0.0000000000
33690 0.0000000000
33714 0.0000000000
33914 0.0000000000
33947 0.0000000000
34092 0.0000000000
34118 0.0000000000
34137 0.0000000000
34560 0.0000000000
34671 0.0000000000
34787 0.0000000000
34800 0.0000000000
34960 0.0000000000
35093 0.0000000000
35204 0.0000000000
35280 0.0000000000
35466 0.0000000000
35671 0.0000000000
35813 0.0000000000
35983 0.0000000000
35996 0.0000000000
36038 0.0000000000
36313 0.0000000000
36338 0.0000000000
36521 0.0000000000
37387 0.0000000000
37448 0.0000000000
38169 0.0000000000
38173 0.0000000000
38519 0.0000000000
38576 0.0000000000
38580 0.0000000000
38749 0.0000000000
38814 0.0000000000
38921 0.0000000000
39272 0.0000000000
39577 0.0000000000
39633 0.0000000000
39662 0.0000000000
39669 0.0000000000
39727 0.0000000000
40042 0.0000000000
40070 0.0000000000
40127 0.0000000000
40215 0.0000000000
40349 0.0000000000
40397 0.0000000000
40577 0.0000000000
40686 0.0000000000
40688 0.0000000000
40736 0.0000000000
40745 0.0000000000
evaluations raw_y
1 241.6741001687
3 112.9449091256
5 48.7635826869
11 43.6822364033
17 29.2415529709
51 20.0740365190
61 16.5083028134
62 15.5556183467
99 14.7453914000
116 13.3168967501
123 12.1897085461
125 9.2345315462
232 9.1037409567
287 8.7702303697
293 8.6520068044
300 8.5513010629
313 7.8180133560
322 6.2546132759
356 3.7724904933
424 3.7331818411
431 3.2165898306
436 2.4129145107
459 2.1725036820
468 1.9744963721
505 1.7047468001
598 1.5280115533
641 0.9917311784
642 0.7680026568
669 0.7509728222
702 0.5682973859
794 0.1612651293
892 0.1568680583
1045 0.1444407992
1057 0.1218359661
1104 0.1004085780
1172 0.1003732691
1308 0.0810480856
1324 0.0777458060
1361 0.0711409002
1366 0.0397061273
1497 0.0320735870
1599 0.0281768787
1706 0.0130456815
1852 0.0098614075
1900 0.0091792972
1914 0.0084044631
1930 0.0065573592
2181 0.0030025887
2319 0.0026180554
2379 0.0024170736
2666 0.0024027221
2874 0.0021334939
2902 0.0018599275
3492 0.0017452736
3611 0.0010929951
3682 0.0009892911
3796 0.0009591828
3921 0.0007671854
4198 0.0007361517
4341 0.0005743543
4874 0.0004909436
5055 0.0004874328
5073 0.0004816588
5164 0.0004394353
5173 0.0004146625
5383 0.0003529162
5639 0.0003341993
5920 0.0002954990
5966 0.0002264863
6511 0.0002246103
6526 0.0002164953
6575 0.0001826507
6666 0.0001785830
7037 0.0001777393
7125 0.0001674818
7174 0.0001651060
7316 0.0001625397
7417 0.0001561514
7440 0.0001449329
7493 0.0001400814
7501 0.0001388678
7505 0.0001308678
7567 0.0001262272
7813 0.0001173573
8068 0.0001121449
8184 0.0001100540
8206 0.0001070061
8230 0.0001057281
8249 0.0001036847
8253 0.0000943492
8325 0.0000844678
8422 0.0000712115
8707 0.0000696372
8794 0.0000551605
8978 0.0000454292
9126 0.0000363259
9529 0.0000348337
9961 0.0000325673
10008 0.0000298921
10012 0.0000248583
10091 0.0000238373
10148 0.0000237973
10178 0.0000212746
10257 0.0000166386
10389 0.0000135896
10458 0.0000128600
10813 0.0000127403
10857 0.0000113811
10961 0.0000079888
11158 0.0000075281
11227 0.0000073718
11311 0.0000067969
11366 0.0000066722
11367 0.0000060732
11579 0.0000053539
11908 0.0000048716
12406 0.0000048055
12447 0.0000046365
12864 0.0000044326
13206 0.0000044223
13531 0.0000044151
13576 0.0000044039
13783 0.0000043850
13858 0.0000043439
13868 0.0000042744
13930 0.0000041826
14028 0.0000041823
14101 0.0000041548
14119 0.0000040948
14224 0.0000040752
14247 0.0000040306
14362 0.0000039878
14494 0.0000038153
14552 0.0000037860
14643 0.0000037725
14747 0.0000035757
14815 0.0000035227
14816 0.0000033338
14988 0.0000031394
15101 0.0000030538
15391 0.0000028465
15441 0.0000028325
15472 0.0000027573
15479 0.0000024310
15696 0.0000022263
15716 0.0000017546
15964 0.0000017103
16022 0.0000016897
16139 0.0000015559
16193 0.0000014040
16214 0.0000012696
16339 0.0000009885
16749 0.0000008598
16754 0.0000006420
16821 0.0000004598
17721 0.0000004490
17777 0.0000003814
17880 0.0000003666
17925 0.0000003589
17938 0.0000003449
17972 0.0000002827
18158 0.0000002657
18312 0.0000002472
18344 0.0000002327
18640 0.0000002177
18686 0.0000001387
18970 0.0000001210
19072 0.0000001018
19511 0.0000000939
19577 0.0000000904
19718 0.0000000828
19761 0.0000000752
19762 0.0000000713
19951 0.0000000703
20129 0.0000000691
20141 0.0000000675
20162 0.0000000657
20166 0.0000000616
20284 0.0000000583
20516 0.0000000503
20559 0.0000000498
20871 0.0000000395
21045 0.0000000363
21213 0.0000000356
21263 0.0000000350
21273 0.0000000340
21303 0.0000000337
21358 0.0000000333
21557 0.0000000322
21628 0.0000000322
21641 0.0000000321
21722 0.0000000315
21768 0.0000000301
21806 0.0000000298
21842 0.0000000296
21961 0.0000000281
21986 0.0000000273
22003 0.0000000273
22013 0.0000000266
22080 0.0000000255
22396 0.0000000241
22431 0.0000000198
23403 0.0000000195
23559 0.0000000191
23596 0.0000000189
23700 0.0000000185
23741 0.0000000181
23795 0.0000000177
23845 0.0000000160
24074 0.0000000149
24188 0.0000000144
24200 0.0000000143
24215 0.0000000131
24407 0.0000000120
24599 0.0000000114
24707 0.0000000098
24781 0.0000000081
24941 0.0000000066
25230 0.0000000065
25320 0.0000000049
25473 0.0000000048
25520 0.0000000048
25560 0.0000000044
25617 0.0000000039
25723 0.0000000030
25767 0.0000000027
25877 0.0000000019
26028 0.0000000018
26544 0.0000000016
26728 0.0000000012
27088 0.0000000010
27285 0.0000000010
27333 0.0000000009
28018 0.0000000008
28275 0.0000000008
28320 0.0000000008
28418 0.0000000007
28419 0.0000000007
28718 0.0000000007
28878 0.0000000007
28905 0.0000000006
28947 0.0000000006
29133 0.0000000006
29421 0.0000000005
29446 0.0000000005
29479 0.0000000005
29625 0.0000000004
29724 0.0000000004
29964 0.0000000004
29966 0.0000000004
30033 0.0000000004
30046 0.0000000004
30192 0.0000000004
30286 0.0000000003
30440 0.0000000003
30823 0.0000000003
31062 0.0000000003
31125 0.0000000003
31235 0.0000000002
31373 0.0000000002
31409 0.0000000002
31456 0.0000000002
31477 0.0000000002
31524 0.0000000002
31580 0.0000000002
31584 0.0000000002
31752 0.0000000002
32147 0.0000000001
32184 0.0000000001
32458 0.0000000001
32486 0.0000000001
32529 0.0000000001
32781 0.0000000001
32846 0.0000000001
33065 0.0000000001
33145 0.0000000001
33165 0.0000000001
33183 0.0000000001
33238 0.0000000000
33395 0.0000000000
33405 0.0000000000
33568 0.0000000000
33618 0.0000000000
33676 0.0000000000
33760 0.0000000000
33894 0.0000000000
34143 0.0000000000
34205 0.0000000000
34242 0.0000000000
34325 0.0000000000
34482 0.0000000000
34591 0.0000000000
34789 0.0000000000
35045 0.0000000000
35299 0.0000000000
35328 0.0000000000
35416 0.0000000000
35453 0.0000000000
35468 0.0000000000
35501 0.0000000000
35535 0.0000000000
35640 0.0000000000
35842 0.0000000000
35865 0.0000000000
36065 0.0000000000
36480 0.0000000000
36717 0.0000000000
36718 0.0000000000
36822 0.0000000000
36864 0.0000000000
36948 0.0000000000
37127 0.0000000000
37291 0.0000000000
37672 0.0000000000
37943 0.0000000000
38348 0.0000000000
38644 0.0000000000
38870 0.0000000000
39285 0.0000000000
39499 0.0000000000
39659 0.0000000000
39790 0.0000000000
39909 0.0000000000
40019 0.0000000000
40129 0.0000000000
40364 0.0000000000
40630 0.0000000000
40636 0.0000000000
40953 0.0000000000
41005 0.0000000000
