evaluations raw_y
1 66445749.7604495659
2 62475618.9748798534
3 32098538.7749662697
6 16935384.1450334750
10 16593660.1979935393
13 9339487.7196939234
16 7572682.9116899883
25 2483002.8603654234
32 2464187.4456547005
37 1611426.5456706737
49 1606974.4584255565
58 1054376.0195655201
59 601531.8756167872
78 272903.1587264159
98 11615.5258850103
440 4747.6652605531
539 1855.0101169434
703 840.0075936639
820 682.9860036941
837 631.9726680964
889 613.1636004730
1123 586.3341437379
1207 527.9812923451
1209 495.3465602224
1277 450.0912589639
1506 336.3460670647
1637 246.4529805414
1806 192.7420997930
1819 159.2407623887
2047 154.4254183197
2103 74.9999608039
2394 35.2032682407
2471 28.8719837137
2604 27.4046525595
2635 25.5566419478
2659 24.0949122163
2773 23.1408446565
2873 22.8549909238
2979 22.4247323465
3021 22.2690140947
3038 21.8580988770
3075 21.6505772919
3145 21.0428143329
3147 20.9652337220
3180 20.9602859027
3204 19.7732039804
3304 18.8718180443
3314 18.8258549438
3413 18.1104599581
3429 16.9128690416
3546 15.3966829885
3593 15.1050677238
3595 12.6160735639
3920 10.7966778447
3928 10.0507950493
4004 9.6248116975
4161 5.0959839357
4203 4.2460494829
4338 2.0260783942
4615 1.7719338169
4625 1.7237058508
4673 0.3046980684
4951 0.2589009322
5113 0.2580930296
5185 0.1626753826
5231 0.1279118534
5272 0.0815080083
5327 0.0730566533
5396 0.0711028424
5503 0.0417477122
5577 0.0245850061
5636 0.0217341412
5683 0.0069772209
5836 0.0042766521
5861 0.0023574805
5940 0.0023359405
5975 0.0010371202
6061 0.0001137327
6527 0.0000774921
6620 0.0000667781
6657 0.0000497097
6698 0.0000460381
6738 0.0000302847
6820 0.0000263346
6947 0.0000255559
6999 0.0000212385
7002 0.0000176111
7030 0.0000171604
7081 0.0000087008
7101 0.0000071387
7114 0.0000067784
7146 0.0000047893
7239 0.0000015166
7425 0.0000007148
7575 0.0000003498
7630 0.0000002539
7641 0.0000002135
7679 0.0000001431
7744 0.0000000961
7780 0.0000000742
7855 0.0000000607
7980 0.0000000425
8023 0.0000000416
8176 0.0000000237
8178 0.0000000225
8229 0.0000000046
8309 0.0000000031
8460 0.0000000014
8635 0.0000000002
8960 0.0000000002
9004 0.0000000001
9014 0.0000000001
9065 0.0000000001
9223 0.0000000000
9237 0.0000000000
9277 0.0000000000
9344 0.0000000000
9368 0.0000000000
9417 0.0000000000
9869 0.0000000000
10005 0.0000000000
10016 0.0000000000
10057 0.0000000000
10270 0.0000000000
10341 0.0000000000
10385 0.0000000000
10496 0.0000000000
10764 0.0000000000
11204 0.0000000000
evaluations raw_y
1 50467476.4047847688
2 43926464.7113218307
3 8079683.8031990742
7 455167.6169862633
24 87185.4763526045
42 64677.6710717323
114 6047.3088473367
474 5824.2185764054
577 4820.3412114766
631 4707.5712872773
739 4598.7293613245
748 4424.1404763703
836 4005.9901747807
841 3360.7782866712
926 2946.7168877018
1347 2894.7367108348
1362 2812.4812421353
1406 2213.3783968887
1430 1876.3454700293
1547 1797.6311727772
1600 1503.2787689743
1646 1373.0145937804
1783 1086.0999169158
1910 1018.6080175863
2010 940.0225815490
2066 921.9614095745
2071 859.4323817360
2073 796.8088510650
2074 580.9260934633
2135 577.4262039242
2169 408.6171966025
2191 387.7070068705
2227 210.3018083121
2455 89.0674131575
2517 66.1983684129
2581 50.7636744634
2602 46.7079547741
2642 44.2868969772
2728 40.7801114350
2745 38.0977946733
2816 29.3655209730
2856 28.9181967718
2939 26.2648839057
2959 26.0773279182
3164 25.6019567783
3250 25.5369290295
3295 25.1296255653
3296 24.6369230516
3341 24.1951782169
3370 24.1278687589
3405 23.3465637088
3495 22.6638739854
3539 21.3757676548
3586 21.2568709488
3688 19.4948544483
3742 18.6332927338
3804 17.7684101238
3909 16.3730666740
3985 14.2928324197
4009 13.8582622353
4048 11.6175952762
4083 10.3416632565
4131 8.3641666764
4191 8.3069913416
4337 8.2803932571
4431 5.3829903957
4480 4.7873968791
4527 4.7726304633
4551 3.0976469551
4615 1.1276585272
4958 0.6474811001
5099 0.4031497183
5262 0.3816601408
5304 0.3726156779
5360 0.3660593769
5377 0.1487959256
5536 0.1258130857
5539 0.0580029279
5698 0.0452979374
5741 0.0412402396
5812 0.0362600209
5822 0.0245974868
5929 0.0182387623
6003 0.0102406608
6077 0.0037598661
6262 0.0027641534
6275 0.0017495271
6328 0.0014540629
6368 0.0014187918
6445 0.0007727455
6487 0.0001861901
6789 0.0000835362
6967 0.0000570370
7046 0.0000486138
7124 0.0000271906
7246 0.0000156584
7383 0.0000105975
7425 0.0000070674
7428 0.0000062356
7507 0.0000020871
7572 0.0000003762
8001 0.0000000902
8056 0.0000000561
8206 0.0000000342
8449 0.0000000222
8602 0.0000000171
8655 0.0000000070
8735 0.0000000038
8864 0.0000000037
8875 0.0000000030
8886 0.0000000025
8998 0.0000000022
9061 0.0000000006
9127 0.0000000006
9231 0.0000000002
9410 0.0000000002
9430 0.0000000001
9445 0.0000000000
9721 0.0000000000
9770 0.0000000000
9843 0.0000000000
9894 0.0000000000
9996 0.0000000000
10003 0.0000000000
10179 0.0000000000
10410 0.0000000000
10442 0.0000000000
10483 0.0000000000
10767 0.0000000000
10811 0.0000000000
10901 0.0000000000
11507 0.0000000000
evaluations raw_y
1 7385243.5753938165
2 1231273.7644863585
3 336389.2802122933
14 300750.0594914757
17 230659.0866044755
23 126443.4659088134
35 28359.1093474994
97 19897.0381822676
141 15413.9012921244
184 13008.8746395727
222 4821.5597783562
259 4039.1710631989
287 1873.9250970439
707 1707.1040307407
870 1601.3293416855
880 1004.0796176554
970 860.0566725271
1204 723.3011571138
1302 587.2322013612
1698 560.9412474834
1804 428.3931316428
2007 425.1659714141
2048 234.4224661866
2214 137.3377014155
2336 122.5758532911
2447 83.5377541798
2527 71.8902669156
2628 67.3304532118
2693 37.5070910431
2785 22.6694994221
3042 15.8798380587
3052 15.8065059936
3115 12.2608637380
3235 12.0125271824
3277 10.5983452283
3480 10.0980368747
3768 9.7940107678
3838 9.7528388510
3917 9.3022742933
4041 9.1216824780
4184 8.9634165253
4249 8.9148356994
4250 8.8919255282
4278 8.6926081228
4318 8.2910791225
4367 8.1339324627
4474 7.5577332277
4477 7.1195224506
4559 4.7508366017
4588 4.1413147710
4664 4.0655812491
4685 3.8098908987
4736 3.4838023861
4803 1.4316596773
5277 1.0324961271
5327 0.1989542300
5657 0.1524556780
5801 0.0510546462
5892 0.0493865150
6003 0.0342794617
6054 0.0183861040
6169 0.0181880944
6196 0.0071439800
6249 0.0037704291
6262 0.0021445350
6490 0.0017328646
6540 0.0016519976
6550 0.0009771776
6814 0.0003225538
7011 0.0002172911
7119 0.0001707046
7133 0.0000153644
7465 0.0000058735
7661 0.0000041112
7685 0.0000021281
7793 0.0000017119
7877 0.0000007425
7891 0.0000005989
8236 0.0000004893
8288 0.0000001921
8421 0.0000001721
8461 0.0000000792
8510 0.0000000523
8611 0.0000000399
8661 0.0000000320
8666 0.0000000191
8682 0.0000000106
8998 0.0000000092
9008 0.0000000076
9051 0.0000000067
9090 0.0000000065
9096 0.0000000062
9117 0.0000000048
9134 0.0000000037
9156 0.0000000036
9237 0.0000000025
9288 0.0000000017
9326 0.0000000016
9340 0.0000000008
9393 0.0000000008
9450 0.0000000004
9542 0.0000000002
9548 0.0000000002
9573 0.0000000001
9691 0.0000000001
9802 0.0000000000
9842 0.0000000000
9904 0.0000000000
10037 0.0000000000
10088 0.0000000000
10190 0.0000000000
10435 0.0000000000
10586 0.0000000000
10611 0.0000000000
10620 0.0000000000
10661 0.0000000000
10676 0.0000000000
10743 0.0000000000
10818 0.0000000000
10857 0.0000000000
10900 0.0000000000
11027 0.0000000000
11249 0.0000000000
11376 0.0000000000
12100 0.0000000000
evaluations raw_y
1 26212181.2205451876
2 1380737.2406741271
3 823474.0369387125
9 698413.0821234749
19 368202.2961771015
27 304723.6251103715
37 148542.7597381816
56 98497.1710959411
67 23358.5959807309
208 22979.4121669704
294 19988.6427059193
295 9498.7366095701
352 9232.5566253540
365 1302.2779055088
501 1201.5983318970
643 1152.1580554318
716 1001.6049670696
859 916.0108587965
889 835.2001685533
1146 831.3271474401
1191 811.8543364226
1240 709.5044317927
1303 631.0164255409
1401 615.7664305929
1475 535.5257098522
1663 534.1647422199
1684 424.7433806117
1898 411.6975217017
1900 405.2842360066
1917 274.3918689193
2080 234.2160136304
2096 218.0278821385
2189 135.9722022016
2266 106.7871208488
2389 56.9754387489
2590 55.0577143049
2609 24.8441663020
2787 20.9477702231
2813 18.8587531593
2967 16.6591050398
2976 12.5946693563
3025 12.3190344043
3052 10.4683593629
3147 9.4459580181
3222 7.9112303837
3232 7.7094914328
3302 7.0290520182
3375 6.9217952163
3547 6.7307402315
3590 6.4459424574
3740 6.3770531002
3875 6.2820009686
3941 6.2626424017
3945 6.0417428591
3969 6.0392385807
4016 5.9266667603
4093 5.9114151417
4100 5.8349739047
4145 5.7758490624
4161 5.7253013257
4190 5.4059332571
4226 4.9310358630
4311 4.9193834622
4314 4.7754335159
4343 4.2865939219
4725 3.5949437723
4771 3.1298723350
4827 1.5794901570
4882 1.2662158911
5052 0.7277859324
5303 0.5955606850
5409 0.4770237706
5431 0.4587794608
5465 0.4338508941
5470 0.4311270792
5503 0.4294328669
5537 0.2952167154
5587 0.0400695680
5917 0.0205340570
6061 0.0187252399
6068 0.0120471313
6166 0.0097610518
6170 0.0046476042
6314 0.0030840624
6352 0.0026494295
6456 0.0015258874
6500 0.0014020449
6509 0.0002976854
6522 0.0002232770
6923 0.0001880523
7074 0.0000475486
7212 0.0000405289
7276 0.0000395117
7294 0.0000321726
7373 0.0000286953
7379 0.0000182951
7393 0.0000070425
7537 0.0000035321
7704 0.0000021026
7725 0.0000008847
7880 0.0000004773
7921 0.0000003347
7945 0.0000002361
7989 0.0000001560
8053 0.0000001161
8137 0.0000001030
8151 0.0000000660
8309 0.0000000560
8412 0.0000000424
8548 0.0000000239
8681 0.0000000119
8721 0.0000000064
8770 0.0000000050
8859 0.0000000048
8921 0.0000000024
8926 0.0000000020
8942 0.0000000006
9268 0.0000000006
9301 0.0000000005
9310 0.0000000004
9311 0.0000000002
9366 0.0000000002
9416 0.0000000001
9548 0.0000000001
9586 0.0000000001
9600 0.0000000001
9635 0.0000000001
9710 0.0000000001
9763 0.0000000000
9791 0.0000000000
9795 0.0000000000
9802 0.0000000000
9873 0.0000000000
10190 0.0000000000
10214 0.0000000000
10297 0.0000000000
10348 0.0000000000
10450 0.0000000000
10871 0.0000000000
11003 0.0000000000
11116 0.0000000000
11117 0.0000000000
11160 0.0000000000
11420 0.0000000000
evaluations raw_y
1 67592946.8529999107
3 48369341.1975813881
8 43590950.1346736178
9 30772014.0641769394
16 22336629.6417453885
21 12412011.0524265561
25 9605740.3194080815
29 278838.8487202384
51 89991.2180946443
109 85524.9186055296
113 78518.3533469246
414 77453.5308891499
492 48393.9065454915
529 38182.9618683849
581 27617.2080110650
591 18112.1240309332
606 17244.5281211274
624 12630.9926139989
644 8275.2210355468
751 7580.7340938288
789 5969.4876753106
790 4860.0349102749
818 3350.1297553746
856 2857.7714612744
881 1318.5963693176
930 764.7538848889
955 629.4450627036
999 443.4010549936
1025 337.9364458068
1233 312.4226505633
1247 271.6427343531
1552 263.2133635985
1601 257.1254802741
1887 254.7053628577
2147 252.0473718425
2264 248.6611185289
2271 232.7383728979
2493 219.6791550134
2518 218.7417454158
2548 196.3308965123
2618 180.8152633504
2714 167.4776654956
2721 140.8416785270
2741 119.3031859031
2852 106.7670244573
2895 78.6413454734
3306 77.3211380795
3478 71.4244868875
3527 60.7449556380
3700 51.1617287393
3816 40.8947563183
3889 18.1179687630
3891 12.6421891432
4174 2.0399994585
4373 0.2159297467
4518 0.1010248581
5091 0.0701854945
5167 0.0461832133
5422 0.0359077009
5481 0.0099674819
5664 0.0087714471
5697 0.0067359179
5720 0.0016650126
5973 0.0014140719
6039 0.0012217266
6042 0.0011685698
6048 0.0009131237
6054 0.0006304771
6063 0.0001632783
6319 0.0001193204
6386 0.0000970452
6578 0.0000690158
6628 0.0000432100
6677 0.0000428498
6718 0.0000271841
6827 0.0000149141
6926 0.0000094708
6991 0.0000028092
7084 0.0000011599
7414 0.0000008016
7422 0.0000005040
7475 0.0000004898
7579 0.0000004095
7582 0.0000003335
7589 0.0000002584
7590 0.0000002548
7645 0.0000002520
7676 0.0000002210
7721 0.0000001157
7771 0.0000000496
8015 0.0000000385
8062 0.0000000275
8110 0.0000000273
8113 0.0000000173
8154 0.0000000145
8177 0.0000000136
8275 0.0000000040
8436 0.0000000032
8480 0.0000000028
8546 0.0000000007
8736 0.0000000003
8910 0.0000000002
9051 0.0000000002
9063 0.0000000001
9246 0.0000000000
9291 0.0000000000
9400 0.0000000000
9433 0.0000000000
9539 0.0000000000
9559 0.0000000000
9616 0.0000000000
9721 0.0000000000
9851 0.0000000000
9902 0.0000000000
10108 0.0000000000
10230 0.0000000000
10472 0.0000000000
10609 0.0000000000
10612 0.0000000000
10710 0.0000000000
10712 0.0000000000
10714 0.0000000000
10928 0.0000000000
11448 0.0000000000
evaluations raw_y
1 137069134.9372172654
2 17611940.0026497096
9 5202913.5480144070
23 4599898.4956669081
33 3130748.7336846306
40 2365639.9872808605
48 1673316.1190942787
70 1561795.4764203604
85 1359932.1711388710
99 341926.8254957601
112 301113.1125220967
114 174420.3512251312
169 71519.0691950679
370 20812.0483435869
465 16946.5979487399
526 3906.7965780411
921 757.6809122142
1325 605.5716631464
1349 520.2588087456
1510 472.9341604206
1614 383.4428744493
1704 376.1447788508
1960 312.3270191651
2311 295.7800346886
2340 280.8650178028
2387 267.5977077747
2414 220.4018353782
2609 219.7818716848
2631 207.9794933965
2642 161.5551127457
2762 131.9814780412
2818 99.5426735532
2858 75.7210401129
3280 69.6443196152
3560 68.3505631245
3749 67.5205451392
3790 66.8312311346
3876 66.5971338281
4043 66.4722205945
4092 66.1794959365
4144 66.0446832612
4281 66.0000179510
4310 65.8460608314
4430 65.6543826162
4469 65.4959348369
4518 65.4437455836
4620 65.0627017423
4636 64.6686973062
4790 64.3998329464
4814 64.2117115949
4907 63.9607801068
4923 62.5648837818
5012 61.5857919817
5098 61.5176550875
5136 59.9509047677
5289 59.6941181638
5306 58.8609016925
5349 57.2033039731
5378 55.8327928722
5432 52.7127731296
5509 51.2093109347
5559 49.1152423780
5569 48.9324389842
5579 45.4961230307
5583 45.2882879599
5589 43.9578111117
5593 42.8944042117
5595 38.5094580922
5610 31.4434313493
5683 28.1499247541
5715 10.3333556602
5876 9.8895122606
5897 7.4030686615
5936 7.1719962186
5960 7.0454024992
5991 5.0396985009
6019 4.1849634675
6026 4.1015365711
6037 4.0740318296
6064 2.6666159726
6085 2.6137655978
6106 2.3521385955
6123 1.8847028260
6154 1.1388887979
6170 0.4919531290
6182 0.4714323842
6188 0.3215991278
6214 0.1851247896
6308 0.1321692564
6313 0.0996326768
6337 0.0779411551
6359 0.0667346198
6360 0.0662658022
6364 0.0560373181
6368 0.0357986382
6434 0.0294498569
6458 0.0153370334
6489 0.0108928362
6561 0.0083819512
6592 0.0075611031
6606 0.0071473894
6646 0.0070584415
6734 0.0058488366
6753 0.0019902060
6796 0.0006269223
7120 0.0004328334
7179 0.0003458311
7317 0.0003049928
7337 0.0001167572
7439 0.0000108422
7906 0.0000073778
7926 0.0000064676
7968 0.0000018865
8099 0.0000010644
8358 0.0000010237
8402 0.0000008361
8475 0.0000003165
8583 0.0000002605
8701 0.0000002357
8727 0.0000000999
8787 0.0000000533
8814 0.0000000168
9154 0.0000000163
9221 0.0000000133
9225 0.0000000114
9228 0.0000000074
9283 0.0000000064
9314 0.0000000027
9402 0.0000000021
9546 0.0000000014
9674 0.0000000011
9681 0.0000000011
9682 0.0000000005
9806 0.0000000003
9848 0.0000000002
9915 0.0000000001
10038 0.0000000001
10108 0.0000000000
10260 0.0000000000
10354 0.0000000000
10496 0.0000000000
10679 0.0000000000
10688 0.0000000000
10774 0.0000000000
10794 0.0000000000
10798 0.0000000000
10914 0.0000000000
10959 0.0000000000
11008 0.0000000000
11042 0.0000000000
11163 0.0000000000
11333 0.0000000000
12232 0.0000000000
evaluations raw_y
1 1628643.7626118299
3 1457502.5489940904
4 786803.3898460390
8 587663.1145976506
43 561347.3919180288
61 453474.6923075713
68 233325.3760143208
84 164244.2616339076
100 150930.0595303035
112 79195.7543363857
165 12088.5928158572
191 2482.3598362566
295 1058.5687466747
459 446.1674578029
778 307.9815339631
888 299.7983773246
889 289.8911816526
930 282.3690785120
1033 263.0716796601
1177 151.6244069420
1509 114.4576194923
1595 91.4816479517
1734 82.5623085245
1735 71.9471912964
1996 69.2807581354
2194 65.4544587991
2202 52.6037483883
2220 48.0119918235
2369 33.4498163735
2461 32.7055431661
2482 28.0697134702
2497 22.5994021652
3333 22.5601695365
3440 21.0272917126
3739 20.7707473683
3759 20.7416050337
3778 20.1058930568
3822 19.7156156269
3862 18.4983065611
3940 18.3984142983
3978 16.6895351173
4043 15.5582755047
4048 13.8848023218
4120 13.4788074970
4155 12.8998385354
4203 10.1461654405
4209 9.6726136594
4434 9.3257425641
4521 6.9284070653
4729 5.3722398269
4731 5.2173657228
4848 4.5386705377
4888 2.8690945463
4990 2.3004185453
5033 0.7276761939
5444 0.2307373557
5600 0.1157784174
5822 0.0067693161
6269 0.0042215942
6599 0.0039924696
6630 0.0018781507
6636 0.0003586310
7029 0.0001326816
7186 0.0001268532
7215 0.0001101368
7274 0.0000866674
7329 0.0000757926
7391 0.0000183544
7522 0.0000164930
7670 0.0000107327
7770 0.0000104309
7773 0.0000081930
7798 0.0000066318
7804 0.0000058684
7832 0.0000034244
7939 0.0000025215
7990 0.0000016403
8093 0.0000002491
8462 0.0000001833
8545 0.0000001006
8566 0.0000000741
8615 0.0000000719
8648 0.0000000578
8737 0.0000000365
8765 0.0000000284
8780 0.0000000194
8901 0.0000000149
9060 0.0000000145
9083 0.0000000124
9097 0.0000000105
9104 0.0000000081
9105 0.0000000023
9243 0.0000000006
9586 0.0000000005
9633 0.0000000002
9777 0.0000000000
10031 0.0000000000
10180 0.0000000000
10213 0.0000000000
10337 0.0000000000
10391 0.0000000000
10414 0.0000000000
10477 0.0000000000
10586 0.0000000000
10897 0.0000000000
10967 0.0000000000
11008 0.0000000000
11020 0.0000000000
11106 0.0000000000
11352 0.0000000000
11469 0.0000000000
11550 0.0000000000
11735 0.0000000000
12115 0.0000000000
evaluations raw_y
1 23213314.4217187464
2 2576292.0542573798
14 2352725.1165392036
23 1124983.3678429991
24 243547.9714894706
42 239265.9665781774
160 176260.9982820821
197 12689.6446745221
302 3139.5472683830
407 2050.4502667851
517 607.3631976632
734 481.3280273690
772 295.6525873186
819 273.4861047140
825 221.6408037180
843 167.3437136015
912 149.2749638886
1035 145.2336794216
1058 46.6513905972
1665 45.7635366349
1863 44.7410197038
1908 33.6663651767
2256 31.2248806521
2321 28.0734319503
2358 16.0898735905
2757 15.3250387459
2776 7.7884321359
2915 3.7376447991
3145 3.3372618931
3239 2.2626153088
3424 2.2283206117
3445 1.6537858601
3531 1.5035570453
3537 1.4326899170
3638 1.3884071765
3777 1.3617591425
3868 1.3596870262
3957 1.3176492895
3986 1.2894478600
4012 1.2889223647
4090 1.2223670300
4190 1.1434729722
4358 0.9938246712
4505 0.9172525323
4517 0.8600304244
4668 0.7946723140
4835 0.6653109578
4916 0.6211242222
4978 0.5173573590
5004 0.3817992478
5025 0.3353448405
5227 0.2651576174
5335 0.1620412579
5465 0.1290054589
5495 0.1250269037
5504 0.1064482574
5558 0.0746194071
5659 0.0717603931
5682 0.0680409075
5687 0.0599230349
5708 0.0156189650
6139 0.0048575042
6290 0.0015817182
6567 0.0013954185
6672 0.0009953494
6673 0.0006458083
6707 0.0006454223
6742 0.0005024134
6811 0.0003771925
6831 0.0003234378
6894 0.0002238866
6933 0.0000304020
7345 0.0000280805
7400 0.0000246356
7420 0.0000128045
7462 0.0000120689
7485 0.0000082724
7534 0.0000044308
7593 0.0000030755
7795 0.0000020925
7849 0.0000017751
7852 0.0000009136
7969 0.0000006327
8077 0.0000006188
8164 0.0000005462
8167 0.0000004922
8175 0.0000004915
8203 0.0000001966
8221 0.0000001577
8291 0.0000001366
8304 0.0000001205
8308 0.0000000573
8412 0.0000000444
8496 0.0000000300
8604 0.0000000296
8674 0.0000000196
8719 0.0000000176
8776 0.0000000174
8777 0.0000000084
8784 0.0000000071
8808 0.0000000018
9168 0.0000000011
9176 0.0000000006
9338 0.0000000005
9342 0.0000000002
9409 0.0000000001
9570 0.0000000001
9602 0.0000000000
9848 0.0000000000
9906 0.0000000000
9913 0.0000000000
10160 0.0000000000
10251 0.0000000000
10268 0.0000000000
10288 0.0000000000
10536 0.0000000000
10542 0.0000000000
10603 0.0000000000
10657 0.0000000000
10827 0.0000000000
11498 0.0000000000
11793 0.0000000000
evaluations raw_y
1 162742.4629709700
15 46004.5787984126
46 11469.9738879904
136 4607.4035783218
215 1795.4167919314
426 1507.8605433933
721 1288.1601453225
794 1218.5629842551
868 1153.9462365724
898 978.7813621258
908 941.0049210075
911 925.3130663901
929 843.1142480464
977 827.3308052677
1036 583.5375599558
1072 572.1720591973
1086 306.7758139507
1205 183.1041220033
1712 150.7418301259
1924 124.5348633325
1951 111.5932053564
2049 100.1333596326
2081 71.0995756816
2145 47.5399337216
2433 41.1658853897
2534 33.5648709249
2669 29.2558937199
2884 20.1072530635
3137 17.4899425863
3217 16.6115014717
3337 14.7359689564
3479 14.2939368702
3489 13.5319712076
3565 13.2582552907
3633 12.6752671685
3672 12.3901742719
3917 11.7683809528
4137 11.1508897949
4275 10.8870458802
4412 10.7739188563
4560 10.5440949239
4580 10.3755177880
4666 10.0957680102
4674 9.8773270148
4755 9.5201227004
4800 8.5112447596
4843 8.2344970341
4895 8.1671544748
4911 8.1076572004
4955 7.7471403711
5084 7.5487258084
5114 5.8410798684
5173 5.0795714326
5240 4.2764425709
5455 2.2896833221
5480 1.7303256347
5755 0.7574356367
5864 0.7301943485
5950 0.3844820654
5971 0.2502868806
6094 0.1369602041
6238 0.0225601009
6491 0.0127029131
6633 0.0075612911
6686 0.0058544272
6699 0.0024803891
6776 0.0019231872
6927 0.0010676673
6986 0.0007579701
6987 0.0007316372
7251 0.0001908311
7448 0.0001702301
7556 0.0001552517
7570 0.0000206883
7902 0.0000056808
8166 0.0000025195
8171 0.0000022958
8269 0.0000015653
8314 0.0000012886
8328 0.0000010646
8489 0.0000009928
8600 0.0000007002
8673 0.0000005164
8725 0.0000004345
8777 0.0000004233
8800 0.0000002698
8847 0.0000002234
8858 0.0000001388
8898 0.0000001127
8947 0.0000000592
9098 0.0000000414
9103 0.0000000257
9119 0.0000000109
9487 0.0000000106
9488 0.0000000101
9492 0.0000000100
9527 0.0000000070
9555 0.0000000064
9561 0.0000000063
9571 0.0000000050
9692 0.0000000019
9805 0.0000000014
9887 0.0000000009
9975 0.0000000008
9979 0.0000000004
9989 0.0000000004
10010 0.0000000002
10128 0.0000000002
10239 0.0000000001
10279 0.0000000001
10367 0.0000000000
10474 0.0000000000
10525 0.0000000000
10627 0.0000000000
11029 0.0000000000
11047 0.0000000000
11255 0.0000000000
11294 0.0000000000
11314 0.0000000000
11335 0.0000000000
11337 0.0000000000
11431 0.0000000000
11464 0.0000000000
11686 0.0000000000
11851 0.0000000000
12432 0.0000000000
evaluations raw_y
1 13671354.9484336451
3 575064.8467695237
10 159518.5648379436
21 79952.6069632942
73 66335.5988298196
108 7989.6017678144
216 852.1712708185
489 825.1398474335
508 188.5395980839
748 186.6818240367
789 28.3288278384
1854 26.8929390561
1909 23.3166746781
2162 21.7927161934
2295 19.8624197468
2443 18.8904914493
2532 17.2304515106
2544 16.4699995334
2632 14.1010191936
2692 14.0395828188
2698 12.0853360691
2993 11.3754901535
3023 10.6294335312
3213 9.9706345694
3268 9.4727855589
3363 8.2181967067
3439 7.9282835408
3502 7.6239898290
3542 7.3671672999
3586 6.8946356532
3722 6.8917033997
3791 6.0484110215
4293 5.9321832023
4344 5.8602938248
4412 5.6544566407
4444 5.6448230037
4485 5.4674877619
4505 5.3446903386
4521 5.3382663336
4525 5.3222963258
4539 4.8240784493
4585 4.7962359223
4647 4.7821298793
4663 4.5009735192
4753 3.8694692094
4928 3.6626032107
4998 3.3349181150
5024 3.0091043372
5127 2.0445827224
5474 1.6610721107
5487 1.6085602299
5528 1.4877241456
5686 0.5905767091
5899 0.5787265771
5941 0.0818382465
6188 0.0243999911
6578 0.0169968225
6618 0.0089240169
6879 0.0043275794
6882 0.0043130923
6961 0.0019285464
6994 0.0015822796
7026 0.0004864094
7356 0.0004166385
7382 0.0003068803
7455 0.0001374012
7510 0.0000880163
7559 0.0000655576
7660 0.0000303162
7903 0.0000170014
8109 0.0000089165
8189 0.0000025062
8515 0.0000009014
8549 0.0000008671
8685 0.0000004240
8840 0.0000003206
8845 0.0000002001
8873 0.0000001896
8884 0.0000000717
8899 0.0000000670
9088 0.0000000620
9117 0.0000000469
9157 0.0000000407
9175 0.0000000226
9248 0.0000000052
9450 0.0000000047
9457 0.0000000035
9650 0.0000000016
9901 0.0000000015
9933 0.0000000015
9937 0.0000000003
10221 0.0000000002
10265 0.0000000001
10283 0.0000000001
10355 0.0000000001
10460 0.0000000000
10644 0.0000000000
10892 0.0000000000
11086 0.0000000000
11413 0.0000000000
11481 0.0000000000
11522 0.0000000000
11524 0.0000000000
12442 0.0000000000
evaluations raw_y
1 89788585.6640502065
2 63860685.8248998821
4 58333058.3111061528
6 31773438.0485118255
11 24386431.1402611323
14 23654488.2841486000
24 6827942.7307911180
26 1779780.8427689055
44 415846.3592440787
94 364155.2350368066
97 232958.1713357311
108 28591.6871173446
239 3805.4377191987
884 3087.7966167461
1195 1991.2898029823
1222 1144.3839108615
1350 1129.3556148552
1369 985.5898397082
1417 965.4319673377
1483 914.9628972947
1493 832.2828548800
1577 811.0254640000
1706 794.7350943674
1749 773.7631843419
1813 736.0545315001
1876 724.1445443298
1961 629.6553695830
1977 439.8380720493
2007 437.7585925431
2171 426.7418684641
2209 400.9551598974
2268 202.1440404267
2344 169.7936777906
2635 129.4212913400
2654 124.0789089572
2672 110.1024711648
2747 103.9752837641
2760 88.4946357056
2764 79.0837725802
2866 77.0231157332
2893 76.9488262748
2983 76.1119029003
2993 75.2404764020
3295 75.1417553136
3314 75.0751900093
3349 74.8799252768
3391 74.3981019832
3440 74.1424109853
3527 74.1130683485
3540 73.6244708411
3569 73.2907479902
3674 72.1787959808
3783 71.8132532738
3965 71.5523613030
4128 71.1928739059
4219 70.0243180921
4237 69.4361331177
4298 68.5273483981
4372 68.2012569693
4380 67.5681751728
4425 67.5489868121
4509 67.4496856106
4521 65.1050412651
4531 64.5692138336
4542 64.1042636347
4556 61.4386189489
4622 60.1882509750
4636 58.3616287644
4671 51.5798647821
4713 48.6469239511
4756 43.1954731169
4759 37.8769334641
4792 31.1676724105
4846 13.7978555843
4876 10.8702216691
4902 9.1661882169
4960 9.0045684015
4985 4.4241181131
4995 1.0477894414
5084 0.7983432305
5176 0.5306981803
5201 0.3352969356
5226 0.1259322443
5321 0.0232542567
5433 0.0219664593
5483 0.0096630628
5601 0.0092133062
5642 0.0047101145
5937 0.0034116519
5948 0.0032123812
6006 0.0026968415
6021 0.0012842159
6053 0.0005849112
6231 0.0005067655
6255 0.0003738387
6272 0.0003522816
6345 0.0003330184
6356 0.0002650558
6431 0.0000960446
6579 0.0000922520
6588 0.0000528593
6678 0.0000491018
6733 0.0000304344
6828 0.0000234852
6957 0.0000232022
6990 0.0000148489
7068 0.0000079934
7108 0.0000036208
7317 0.0000034958
7332 0.0000027711
7369 0.0000019546
7372 0.0000012690
7471 0.0000009902
7484 0.0000009608
7516 0.0000002354
7846 0.0000000916
7938 0.0000000903
8000 0.0000000250
8049 0.0000000174
8150 0.0000000070
8457 0.0000000040
8599 0.0000000016
8679 0.0000000004
9005 0.0000000002
9039 0.0000000001
9071 0.0000000001
9175 0.0000000001
9300 0.0000000001
9335 0.0000000000
9374 0.0000000000
9389 0.0000000000
9647 0.0000000000
9714 0.0000000000
9738 0.0000000000
9787 0.0000000000
9940 0.0000000000
9947 0.0000000000
10123 0.0000000000
10239 0.0000000000
10386 0.0000000000
10427 0.0000000000
10755 0.0000000000
11098 0.0000000000
evaluations raw_y
1 1710169.4964577009
7 504492.3714894347
11 278762.3305576855
12 214146.1940697458
39 50462.2029976702
139 41327.9970887598
150 8776.9994951833
161 8716.3074318780
217 6947.9034720619
238 5007.9828430039
447 4354.1896137611
462 1877.3388249595
574 1128.9262020544
719 1089.1330964637
720 659.9658361933
839 409.4659825812
847 388.2920687645
916 215.5644694586
933 159.2082620000
964 113.9554875479
1107 104.9948373724
1143 90.2677934825
1323 59.9404189120
1483 49.7630925336
1902 42.9438713500
2003 35.4165855477
2143 33.7289323164
2169 32.6406883933
2187 27.0053715765
2218 26.3775758344
2251 26.2249196666
2272 21.7021743995
2303 20.3740213590
2416 20.1198244599
2442 15.2031533031
2469 13.7535377375
2490 10.6566134791
2527 4.7160311611
3117 4.6857013229
3253 4.6119891459
3272 4.0828947187
3398 3.7829993820
3509 3.6013838999
3543 3.6011576620
3642 3.5264824169
3682 3.4150679306
3723 3.0598537225
3753 2.8870733473
3903 2.0064472278
4150 1.9921250984
4204 0.8792504740
4538 0.4859173404
4721 0.4506965739
4769 0.1005044926
5047 0.0916522097
5198 0.0755512899
5228 0.0717091061
5249 0.0584700504
5327 0.0362615654
5423 0.0044503955
5747 0.0032477726
5869 0.0021487605
5945 0.0018694855
5957 0.0010869790
6038 0.0009379155
6157 0.0000642748
6620 0.0000549020
6683 0.0000498173
6700 0.0000430954
6794 0.0000213267
6912 0.0000211201
6916 0.0000089859
7043 0.0000081829
7095 0.0000037459
7177 0.0000014420
7335 0.0000012679
7342 0.0000011754
7432 0.0000011310
7467 0.0000011034
7488 0.0000005555
7521 0.0000004688
7664 0.0000003777
7671 0.0000000616
7726 0.0000000471
7775 0.0000000348
7876 0.0000000270
7987 0.0000000142
8325 0.0000000062
8405 0.0000000021
8556 0.0000000010
8731 0.0000000005
8901 0.0000000003
9061 0.0000000002
9080 0.0000000002
9089 0.0000000002
9100 0.0000000001
9115 0.0000000000
9373 0.0000000000
9395 0.0000000000
9513 0.0000000000
9564 0.0000000000
9661 0.0000000000
9849 0.0000000000
9965 0.0000000000
10080 0.0000000000
10101 0.0000000000
10112 0.0000000000
10153 0.0000000000
10437 0.0000000000
10571 0.0000000000
10860 0.0000000000
10921 0.0000000000
10922 0.0000000000
10965 0.0000000000
11302 0.0000000000
11716 0.0000000000
evaluations raw_y
1 4737485.4055101080
2 45640.1396349719
88 27658.8234897189
157 24459.6434217989
183 9545.1468092355
204 9160.0390659208
283 4827.6541354120
352 1669.7596031197
396 1587.3739637530
421 1354.9878065901
426 353.6197325672
686 273.8052017051
759 225.4119671043
857 199.6272778519
881 146.4359547384
1042 113.5782160977
1175 62.4919859243
1625 58.8173836331
1848 56.7820618563
1884 46.6055394042
1890 29.1001434799
1946 27.9858176705
2020 17.3603628824
2134 17.1351696127
2192 11.3828945761
2211 6.8014530545
2522 5.4687831643
2779 1.7050455262
3084 1.1316613529
3347 1.0322345618
3549 0.9899493631
3633 0.9878013197
3659 0.9549256210
3685 0.9239552838
3718 0.9108227855
3857 0.8690946533
4039 0.8199247541
4195 0.8075937412
4284 0.7958514729
4329 0.7768465410
4393 0.6712720733
4451 0.6100669007
4684 0.4593282305
4711 0.4127050758
4772 0.3720820727
4832 0.3667980482
4935 0.3547990200
4966 0.2820651784
4995 0.1348999463
5331 0.0335900633
5726 0.0227886253
5736 0.0199667394
5792 0.0197959824
5842 0.0050098406
5991 0.0041976529
6043 0.0038105215
6044 0.0034128552
6099 0.0028142820
6205 0.0017560265
6220 0.0001458475
6700 0.0001327984
6796 0.0001224700
6829 0.0001075067
6863 0.0000829114
6979 0.0000483759
7034 0.0000062489
7260 0.0000024217
7427 0.0000008425
7613 0.0000007476
7727 0.0000006189
7789 0.0000001902
8050 0.0000001837
8116 0.0000001543
8168 0.0000001455
8196 0.0000001349
8202 0.0000001100
8230 0.0000000778
8319 0.0000000740
8337 0.0000000510
8388 0.0000000213
8491 0.0000000034
8726 0.0000000030
8886 0.0000000028
8902 0.0000000028
8908 0.0000000023
8943 0.0000000014
8964 0.0000000007
9001 0.0000000005
9135 0.0000000004
9163 0.0000000004
9178 0.0000000002
9392 0.0000000002
9406 0.0000000001
9495 0.0000000001
9503 0.0000000000
9641 0.0000000000
9736 0.0000000000
9864 0.0000000000
10031 0.0000000000
10103 0.0000000000
10175 0.0000000000
10500 0.0000000000
10611 0.0000000000
10735 0.0000000000
10755 0.0000000000
10875 0.0000000000
11559 0.0000000000
evaluations raw_y
1 41782857.2216229960
2 34711485.3664109856
4 20633416.5825167596
7 19319536.3417321965
9 14592747.6327571552
11 11457274.4615959991
12 2365123.3861713964
26 290119.4957744842
36 179271.4056000040
46 112833.5001965624
112 105865.7888045579
139 59981.3156245724
192 21182.6753087028
303 8157.9377804972
324 4907.7216443741
404 3198.3248587207
537 1565.9440341207
548 226.8787826070
757 211.7546973029
1040 186.1334803795
1101 183.9143726778
1111 163.9905252498
1579 161.9082629640
2204 161.3392065013
2246 160.5356128729
2320 160.5037137023
2430 160.1702379306
2446 158.9124535768
2554 158.6186991610
2684 158.5845104156
2809 158.0549051408
2842 157.9274030444
2906 156.8913947171
2962 155.9168295718
2969 155.8957940024
3005 155.5194390247
3023 155.4362250316
3058 154.1378908372
3108 152.7391890224
3199 151.7676892809
3371 151.4384090790
3435 149.6542163209
3478 144.5986630372
3628 141.7509416191
3793 141.4814717581
3799 139.1957921216
3838 137.3585961020
4003 134.2627833848
4012 131.6743459779
4017 129.6972740974
4273 122.6394363945
4399 121.3993632991
4456 118.6051145159
4504 117.7325237464
4529 117.3607299816
4536 115.7225680462
4543 115.1224441162
4555 110.7637809017
4570 109.4212923775
4592 109.0944368664
4619 105.6513872013
4686 90.5050927211
4727 85.4881305241
4772 75.6679753009
4834 72.1084236612
4896 72.0786185497
4915 70.9507354716
5010 46.2906214187
5116 43.8419291560
5138 21.4292345514
5211 13.0356852454
5251 9.3588426828
5276 6.2170861856
5298 3.9777968026
5374 2.6542570214
5416 2.0446853773
5499 1.0739100594
5524 0.2417020423
5549 0.1488425237
5711 0.1149232781
5783 0.1133524919
5817 0.0560252446
5872 0.0427555188
5933 0.0227838473
6105 0.0192190529
6163 0.0088542075
6171 0.0082680164
6239 0.0075331173
6323 0.0039755843
6370 0.0027546263
6399 0.0026125292
6550 0.0013832965
6666 0.0009208682
6702 0.0008958454
6802 0.0006834939
6845 0.0003574090
6934 0.0002948034
6961 0.0002615185
6996 0.0001499803
7055 0.0000531033
7350 0.0000504787
7358 0.0000360697
7442 0.0000284300
7517 0.0000123018
7600 0.0000106442
7639 0.0000009068
8051 0.0000009059
8106 0.0000002612
8168 0.0000002216
8240 0.0000001106
8299 0.0000000680
8555 0.0000000400
8609 0.0000000356
8635 0.0000000345
8675 0.0000000310
8716 0.0000000289
8742 0.0000000159
8783 0.0000000116
8909 0.0000000080
8916 0.0000000065
8927 0.0000000021
9115 0.0000000021
9167 0.0000000020
9172 0.0000000013
9202 0.0000000012
9281 0.0000000008
9287 0.0000000008
9360 0.0000000007
9380 0.0000000006
9425 0.0000000005
9445 0.0000000005
9483 0.0000000003
9490 0.0000000002
9514 0.0000000001
9708 0.0000000001
9746 0.0000000001
9874 0.0000000000
9881 0.0000000000
9882 0.0000000000
10006 0.0000000000
10048 0.0000000000
10115 0.0000000000
10308 0.0000000000
10560 0.0000000000
10591 0.0000000000
10619 0.0000000000
10696 0.0000000000
10866 0.0000000000
10941 0.0000000000
10994 0.0000000000
11134 0.0000000000
11208 0.0000000000
11242 0.0000000000
11363 0.0000000000
11654 0.0000000000
evaluations raw_y
1 45850752.7576146349
4 17690565.4084308222
6 11428676.4174169376
9 7855350.9438565988
10 1199830.7007793614
30 766963.2813236818
38 269760.9483174069
79 85885.2550560189
87 82802.8172903263
350 51694.3335970531
353 44493.5983293904
384 16649.9255941700
398 10336.2746083363
891 9431.3613890386
1016 6708.3559778419
1033 3970.4112512316
1088 3183.8217894002
1153 2557.7173930871
1217 2132.6210552599
1227 1996.8753800534
1230 1690.0899524345
1234 1548.4462770112
1295 1166.8732521605
1338 1079.4251615434
1354 878.9959793311
1425 868.6460948643
1444 863.9239268410
1455 530.9767142343
1558 324.9670155052
1606 309.4746331601
1633 268.6055092277
1762 176.4427241414
2198 147.4214925906
2604 140.7292937716
2682 135.9999612858
2787 126.2199508685
2837 123.0726703354
3010 112.5138348941
3051 105.1560912448
3082 93.2873318139
3151 86.2375717481
3293 67.4805453601
3341 67.3659407477
3418 56.0742476425
3426 51.7887876202
3510 30.0543173154
3528 29.1733521128
3554 28.1741704908
3573 27.9955971314
3613 26.0801945454
3626 21.9527607975
3635 21.0721022404
3636 16.5647850620
3692 14.1769005678
3738 13.8611321861
3742 5.7903558476
3897 4.8450967425
4011 4.3805633120
4019 3.2804285519
4070 1.2132034721
4317 1.1364870647
4338 0.7849339205
4436 0.3429569450
4448 0.3074151020
4536 0.0700215524
4939 0.0319931019
5070 0.0157455606
5233 0.0117086740
5348 0.0054475946
5507 0.0051050203
5510 0.0022235810
5582 0.0017577374
5724 0.0004573146
6033 0.0003547372
6048 0.0002936625
6080 0.0001971634
6170 0.0001417120
6258 0.0000690714
6299 0.0000507386
6458 0.0000073908
6855 0.0000045721
6938 0.0000026244
7054 0.0000015634
7135 0.0000006913
7396 0.0000004331
7399 0.0000002520
7498 0.0000000925
7516 0.0000000774
7543 0.0000000360
7822 0.0000000313
7873 0.0000000187
7972 0.0000000081
8027 0.0000000045
8076 0.0000000036
8177 0.0000000015
8484 0.0000000015
8573 0.0000000010
8575 0.0000000009
8626 0.0000000004
8706 0.0000000001
8857 0.0000000001
8988 0.0000000001
9032 0.0000000000
9202 0.0000000000
9273 0.0000000000
9362 0.0000000000
9390 0.0000000000
9401 0.0000000000
9411 0.0000000000
9416 0.0000000000
9462 0.0000000000
9674 0.0000000000
9741 0.0000000000
9814 0.0000000000
10150 0.0000000000
10266 0.0000000000
10413 0.0000000000
10454 0.0000000000
10981 0.0000000000
