evaluations raw_y
1 28994.4003966014
2 3419.9493277442
3 1734.5333777477
8 1168.0481907976
9 1281.2607035744
10 387.3156286199
11 192.6683693778
12 180.3845324538
28 48.0309302534
46 47.0835995071
55 40.1376101158
60 32.8376084149
92 26.1671292747
130 24.9398500673
182 15.5090035871
242 15.4425208711
252 12.1278038764
290 9.0618445025
445 8.9858157015
594 8.7908161047
636 7.4736114731
700 6.7856246371
712 6.3829343897
755 5.0267598968
1145 5.0068217827
1255 5.0006787507
1316 4.9817265942
1489 4.9768408751
1516 4.9754821299
1657 4.9752237003
1806 4.9751505507
1854 4.9750926059
1894 4.9749282784
1903 4.9748928346
1988 4.9748860107
2019 4.9748750179
2028 4.9748358429
2066 4.9748215880
2097 4.9748037928
2262 4.9747994001
2298 4.9747950458
2420 4.9747947241
2433 4.9747914968
2560 4.9747909837
2746 4.9747904549
2928 4.9747904106
3004 4.9747903731
3005 4.9747903594
3048 4.9747902800
3139 4.9747902608
3304 4.9747902551
3349 4.9747902507
3423 4.9747902495
3601 4.9747902493
3618 4.9747902481
3651 4.9747902481
3823 4.9747902478
3867 4.9747902478
3910 4.9747902478
3935 4.9747902477
3977 4.9747902477
4099 4.9747902477
4119 4.9747902477
4164 4.9747902477
4179 4.9747902477
4211 4.9747902477
4353 4.9747902477
4369 4.9747902477
4387 4.9747902476
4616 4.9747902476
4825 4.9747902476
4888 4.9747902476
4949 4.9747902476
5025 4.9747902476
5119 4.9747902476
5568 4.9747902476
evaluations raw_y
1 1387.8678230172
3 133.7555914606
9 114.4662696716
21 57.5209695036
40 51.6911404942
78 43.9621644442
114 35.6695233584
134 34.5110910423
136 32.9371727034
144 28.2837588410
152 22.2135276370
193 20.2692587988
200 17.3167823397
203 10.9302684065
239 9.9794353958
292 9.1303642971
326 8.1695964406
5502 8.9546214382
evaluations raw_y
1 216.8666489621
5 85.5194214058
9 37.5945558527
15 32.7353868908
57 31.7594207757
102 27.3493302741
125 5.7977729305
329 2.6369479752
527 1.2455629422
687 1.2023325547
1209 1.0210807972
1218 1.0163214385
1343 1.0148310703
1381 1.0064203810
1693 1.0025095036
1724 0.9995114196
1731 0.9968060943
2005 0.9963660090
2014 0.9957868022
2062 0.9949934224
2523 0.9949685494
2684 0.9949633998
2976 0.9949598467
3354 0.9949591149
3503 0.9949590814
3893 0.9949590809
3950 0.9949590643
3969 0.9949590642
4018 0.9949590608
4195 0.9949590607
4231 0.9949590576
4388 0.9949590574
4532 0.9949590573
4619 0.9949590572
4867 0.9949590572
4872 0.9949590571
4925 0.9949590571
4971 0.9949590571
5052 0.9949590571
5054 0.9949590571
5113 0.9949590571
5161 0.9949590571
5183 0.9949590571
5191 0.9949590571
5298 0.9949590571
5302 0.9949590571
5356 0.9949590571
5385 0.9949590571
5497 0.9949590571
5657 0.9949590571
5718 0.9949590571
5841 0.9949590571
5863 0.9949590571
5926 0.9949590571
5940 0.9949590571
5952 0.9949590571
5968 0.9949590571
5987 0.9949590571
6020 0.9949590571
6056 0.9949590571
6271 0.9949590571
6304 0.9949590571
6650 0.9949590571
7301 0.9949590571
evaluations raw_y
1 147.4036789960
9 69.8351769360
22 45.3882564145
46 39.7187236803
55 38.3088655248
87 34.8629098167
92 20.9190283808
127 19.4103692541
133 11.9487810399
219 10.2123763380
345 7.3250538151
549 6.9792887331
643 6.9423234015
728 6.0054452574
1146 5.9811921759
1327 5.9738080047
1486 5.9733491955
1620 5.9729993621
1623 5.9709415960
1691 5.9699023418
2131 5.9698537470
2146 5.9698280599
2215 5.9697863442
2263 5.9697688652
2288 5.9697629902
2431 5.9697533194
2668 5.9697520965
2677 5.9697506129
2793 5.9697502468
2871 5.9697495318
3072 5.9697493712
3132 5.9697493694
3207 5.9697493532
3260 5.9697493247
3361 5.9697493206
3455 5.9697493187
3515 5.9697493094
3520 5.9697493066
3622 5.9697493055
3780 5.9697493054
3822 5.9697493050
3974 5.9697493048
4183 5.9697493048
4269 5.9697493048
4287 5.9697493048
4316 5.9697493047
4416 5.9697493047
4425 5.9697493047
4511 5.9697493047
4561 5.9697493047
4641 5.9697493047
4684 5.9697493047
4873 5.9697493047
4877 5.9697493047
4985 5.9697493047
5009 5.9697493047
5475 5.9697493047
evaluations raw_y
1 4418.6372150496
2 173.0450876440
9 133.5935651948
30 108.3585284947
33 96.7682836506
44 57.3881519281
55 50.9552142132
70 47.2400567264
81 42.4999081162
94 23.1520127305
232 21.2619915299
248 19.2753983673
279 16.1278670173
306 15.5987933680
351 8.9344662562
412 8.0033077171
414 7.7056093577
434 6.8796689751
507 6.7757719467
530 6.6658429742
592 6.1167204023
729 6.0540437852
834 6.0289928380
840 6.0144467769
919 6.0135917877
928 6.0119580294
945 5.9987335803
975 5.9959890588
999 5.9737032823
1177 5.9733659198
1186 5.9723091612
1254 5.9722863723
1313 5.9716083335
1424 5.9703614138
1437 5.9699359868
1742 5.9698279663
1788 5.9698113707
1821 5.9698023543
1838 5.9697922515
1940 5.9697885484
2001 5.9697643098
2074 5.9697608497
2105 5.9697606469
2135 5.9697517845
2242 5.9697501459
2330 5.9697494003
2652 5.9697493605
2685 5.9697493406
2865 5.9697493204
2924 5.9697493105
2998 5.9697493104
3035 5.9697493066
3176 5.9697493055
3257 5.9697493051
3458 5.9697493050
3483 5.9697493048
3540 5.9697493048
3587 5.9697493048
3658 5.9697493048
3726 5.9697493047
3823 5.9697493047
3918 5.9697493047
4053 5.9697493047
4459 5.9697493047
4548 5.9697493047
4575 5.9697493047
4739 5.9697493047
5239 5.9697493047
evaluations raw_y
1 935.9174126307
2 1044.8243633019
3 419.6383268501
4 165.3477236359
9 113.1084208894
26 104.2471084013
27 47.3883497263
98 30.8555965349
143 25.8057669217
243 24.6947145690
253 19.9421047123
274 18.9586454016
280 9.5126027797
327 4.9362190935
5516 5.9697493047
evaluations raw_y
1 8406.3350238594
2 425.5996070509
5 481.0287412665
11 209.9458467355
26 197.6721301808
37 194.6019167059
44 183.0016252063
46 130.3543051401
51 103.0039403604
54 92.5547451882
64 57.3735214969
81 35.5271238488
158 17.2515950422
231 9.1901765216
286 4.3548749648
694 3.0715635693
1058 3.0407044487
1136 3.0208303644
1181 2.9929337228
1307 2.9903024943
1321 2.9894342413
1577 2.9883261734
1613 2.9869680456
1710 2.9860357873
1766 2.9857821148
1786 2.9854427288
1876 2.9853516696
1928 2.9850875589
1935 2.9848971094
2312 2.9848912917
2339 2.9848797814
2680 2.9848796332
2719 2.9848793990
2759 2.9848780832
2781 2.9848774787
2857 2.9848773569
2941 2.9848771981
3287 2.9848771866
3350 2.9848771822
3426 2.9848771763
3571 2.9848771757
3578 2.9848771753
3596 2.9848771751
3606 2.9848771724
3720 2.9848771716
3735 2.9848771716
3818 2.9848771716
3879 2.9848771715
3907 2.9848771713
4061 2.9848771713
4273 2.9848771713
4295 2.9848771713
4373 2.9848771713
4457 2.9848771713
4473 2.9848771713
4580 2.9848771713
4793 2.9848771713
4810 2.9848771713
4895 2.9848771713
4917 2.9848771713
5012 2.9848771713
5419 2.9848771713
5578 2.9848771713
evaluations raw_y
1 91.9395075594
9 56.0386999860
42 30.6130976395
123 24.9411499029
130 15.5293575859
184 13.9361987823
267 11.2303967576
328 9.7352049751
435 6.3448869591
533 6.0187087983
556 5.3026582835
634 5.2591375909
697 5.1609264195
753 5.1595802522
917 5.0986630085
922 5.0613985167
1032 5.0185257238
1038 5.0121014027
1053 5.0029640573
1088 4.9973231973
1198 4.9970678212
1223 4.9892880811
1323 4.9820787417
1364 4.9795356227
1424 4.9770680039
1427 4.9763177108
1444 4.9749150715
1758 4.9749021892
2025 4.9748995187
2096 4.9748073857
2443 4.9748027720
2493 4.9747943029
2534 4.9747934853
2675 4.9747926165
2703 4.9747913598
2744 4.9747905112
3079 4.9747903891
3118 4.9747903639
3139 4.9747903477
3256 4.9747903058
3274 4.9747902521
3654 4.9747902493
3706 4.9747902492
3975 4.9747902478
4222 4.9747902477
4250 4.9747902477
4525 4.9747902477
4559 4.9747902477
4604 4.9747902477
4628 4.9747902477
4681 4.9747902477
4692 4.9747902477
4823 4.9747902476
4961 4.9747902476
4979 4.9747902476
5116 4.9747902476
5284 4.9747902476
5509 4.9747902476
5718 4.9747902476
6164 4.9747902476
evaluations raw_y
1 747.9866273229
2 527.2797034249
3 175.2696119171
9 93.6434490259
16 60.8553472479
32 52.4508302361
60 40.5175446647
61 22.7113492845
62 10.3478316819
276 9.1058850058
292 7.2739958027
538 6.8502413519
567 5.3937773031
690 5.2576261390
785 5.0282172752
887 4.9908792948
1109 4.9867216414
1181 4.9838199901
1222 4.9817565526
1258 4.9813963297
1269 4.9798729385
1319 4.9795344809
1392 4.9775206626
1405 4.9767384650
1423 4.9763187862
1560 4.9758815768
1607 4.9754591128
1667 4.9753197837
1688 4.9752258350
1710 4.9749876289
1756 4.9749549835
1789 4.9749065232
1849 4.9748272477
1969 4.9748179428
2042 4.9748153728
2103 4.9747960724
2221 4.9747954961
2256 4.9747934089
2298 4.9747916241
2452 4.9747910963
2574 4.9747908270
2620 4.9747904070
2653 4.9747902883
2732 4.9747902653
2892 4.9747902592
2953 4.9747902540
2966 4.9747902500
3225 4.9747902484
3451 4.9747902480
3508 4.9747902478
3555 4.9747902478
3626 4.9747902477
3694 4.9747902477
3782 4.9747902477
3844 4.9747902477
3886 4.9747902476
4021 4.9747902476
4138 4.9747902476
4423 4.9747902476
4516 4.9747902476
4543 4.9747902476
4707 4.9747902476
4811 4.9747902476
4974 4.9747902476
5138 4.9747902476
5209 4.9747902476
evaluations raw_y
1 106.0697034235
4 90.5198977518
6 74.7453261314
10 45.3644101965
56 34.7332994112
76 33.8386604588
94 30.9902954831
140 14.8538654414
218 8.4630539769
273 8.3016229178
367 4.4140614499
571 2.3503297636
775 2.3215487407
827 2.1866239876
876 2.0460699955
1002 2.0348639505
1069 2.0291779942
1092 1.9937433985
1401 1.9905257649
1571 1.9902568847
1661 1.9900169313
2062 1.9899816090
2124 1.9899408415
2362 1.9899353086
2370 1.9899316829
2382 1.9899275446
2475 1.9899252064
2484 1.9899218511
2556 1.9899206721
2613 1.9899194792
2874 1.9899187465
2915 1.9899184532
2980 1.9899182243
3125 1.9899182228
3205 1.9899181738
3399 1.9899181650
3437 1.9899181399
3505 1.9899181267
3682 1.9899181255
3716 1.9899181242
3723 1.9899181205
3740 1.9899181202
3749 1.9899181163
3884 1.9899181163
3897 1.9899181154
3901 1.9899181145
4134 1.9899181144
4278 1.9899181143
4355 1.9899181142
4497 1.9899181142
4615 1.9899181142
4751 1.9899181142
5229 1.9899181142
5325 1.9899181142
5486 1.9899181142
5638 1.9899181142
5647 1.9899181142
6125 1.9899181142
evaluations raw_y
1 238.4930531564
2 101.4905506695
5 46.6970656521
28 40.6110290941
46 38.9094421508
65 37.4556940237
74 26.7871972887
77 19.7420192505
196 11.7602090730
305 7.4671089699
593 7.3223032417
603 5.4301206215
651 5.3079228278
699 5.0455044224
916 5.0364240576
1003 5.0188420791
1030 4.9967038793
1079 4.9843720478
1233 4.9798913493
1260 4.9794395435
1271 4.9776636619
1543 4.9773537888
1570 4.9753146899
1662 4.9752102022
1669 4.9750379066
1775 4.9749605602
1851 4.9749079742
2075 4.9748727451
2086 4.9748035538
2391 4.9748001440
2433 4.9747973429
2454 4.9747971960
2476 4.9747967637
2561 4.9747936242
2622 4.9747934076
2655 4.9747918325
2767 4.9747917315
2791 4.9747905770
2962 4.9747903146
3031 4.9747902927
3322 4.9747902552
3516 4.9747902497
3905 4.9747902496
3940 4.9747902495
3955 4.9747902495
3995 4.9747902489
4011 4.9747902488
4047 4.9747902486
4075 4.9747902482
4091 4.9747902481
4177 4.9747902479
4251 4.9747902478
4326 4.9747902477
4463 4.9747902477
4574 4.9747902477
4656 4.9747902477
4687 4.9747902477
4783 4.9747902477
4805 4.9747902477
4810 4.9747902477
4825 4.9747902477
4863 4.9747902477
4907 4.9747902476
4976 4.9747902476
4978 4.9747902476
5006 4.9747902476
5040 4.9747902476
5107 4.9747902476
5323 4.9747902476
5385 4.9747902476
5394 4.9747902476
5435 4.9747902476
5656 4.9747902476
5741 4.9747902476
5863 4.9747902476
5957 4.9747902476
5983 4.9747902476
6328 4.9747902476
evaluations raw_y
1 1291.5951428038
2 155.8958014393
15 121.0082641623
38 106.7845716553
46 60.6900384098
56 45.2986962637
87 11.1264140351
185 10.4134756126
387 8.4659322200
430 4.6144188418
449 4.5729531892
554 3.4521882960
557 2.4671701459
725 2.3941556258
764 2.0530410602
1250 2.0473471168
1278 2.0371231462
1319 2.0322804736
1354 2.0303414011
1480 2.0007164949
1569 1.9972949776
1705 1.9905750113
1881 1.9902007231
2267 1.9901401659
2280 1.9899469428
2523 1.9899465281
2615 1.9899396499
2616 1.9899351073
2655 1.9899231158
2849 1.9899218239
2853 1.9899187667
3292 1.9899183626
3302 1.9899183394
3329 1.9899182695
3462 1.9899181894
3587 1.9899181796
3610 1.9899181788
3615 1.9899181472
3790 1.9899181233
3827 1.9899181186
3845 1.9899181177
3950 1.9899181163
4043 1.9899181158
4173 1.9899181146
4382 1.9899181146
4411 1.9899181145
4443 1.9899181144
4507 1.9899181144
4587 1.9899181143
4625 1.9899181143
4656 1.9899181143
4804 1.9899181142
4907 1.9899181142
4946 1.9899181142
4958 1.9899181142
5043 1.9899181142
5080 1.9899181142
5238 1.9899181142
5299 1.9899181142
5461 1.9899181142
5496 1.9899181142
5497 1.9899181142
6265 1.9899181142
evaluations raw_y
1 475.9992364609
2 541.6600583737
3 87.4570834440
25 56.5879785536
49 26.7819254796
148 25.4598524101
157 18.8566791250
163 16.5626451264
177 7.7905172954
377 7.2559865745
489 3.6604544487
538 1.9097165964
742 1.6626303465
846 1.6505830951
869 1.5468665817
903 1.2399661276
963 1.2241946921
1027 1.0729668988
1097 1.0614563579
1178 1.0334922440
1292 1.0086997391
1294 1.0064682250
1560 0.9997462230
1562 0.9995456036
1601 0.9982598998
1654 0.9953276314
1861 0.9953170801
2153 0.9952130239
2216 0.9951856651
2232 0.9951815803
2237 0.9951596788
2267 0.9950641341
2285 0.9950278500
2324 0.9949922837
2427 0.9949829770
2485 0.9949620830
2813 0.9949618771
2931 0.9949594566
3178 0.9949592509
3325 0.9949592284
3405 0.9949590949
3674 0.9949590583
4231 0.9949590575
4503 0.9949590574
4512 0.9949590574
4531 0.9949590573
4574 0.9949590573
4631 0.9949590572
4665 0.9949590571
4815 0.9949590571
4917 0.9949590571
4946 0.9949590571
4991 0.9949590571
5249 0.9949590571
5250 0.9949590571
5316 0.9949590571
5340 0.9949590571
5394 0.9949590571
5403 0.9949590571
5525 0.9949590571
5607 0.9949590571
5665 0.9949590571
5694 0.9949590571
6023 0.9949590571
6073 0.9949590571
6142 0.9949590571
6265 0.9949590571
6707 0.9949590571
evaluations raw_y
1 168.0190046565
2 122.9516172842
3 60.6585690490
19 58.4923104364
32 39.6553775440
47 37.2574485525
56 18.6793013248
270 13.8586845262
275 8.8627929889
314 7.3848489719
572 5.0449232226
946 4.9919701426
1034 4.9810102278
1242 4.9795514328
1287 4.9781572732
1411 4.9772998995
1488 4.9765466388
1489 4.9755298511
1592 4.9752361920
1719 4.9750295385
1816 4.9749600926
1831 4.9748567146
1982 4.9748129802
2041 4.9748062883
2131 4.9748056398
2154 4.9747945727
2206 4.9747941862
2335 4.9747935865
2412 4.9747935811
2437 4.9747928060
2445 4.9747912375
2529 4.9747911744
2584 4.9747907936
2606 4.9747904083
2740 4.9747903674
2786 4.9747903659
2804 4.9747903404
2922 4.9747903199
2938 4.9747902908
2963 4.9747902563
3047 4.9747902556
3217 4.9747902528
3233 4.9747902506
3346 4.9747902501
3393 4.9747902499
3429 4.9747902494
3441 4.9747902489
3456 4.9747902487
3465 4.9747902486
3492 4.9747902479
3532 4.9747902478
3702 4.9747902478
3814 4.9747902478
3821 4.9747902478
3826 4.9747902477
3841 4.9747902477
3924 4.9747902477
3971 4.9747902477
4013 4.9747902477
4019 4.9747902476
4026 4.9747902476
4154 4.9747902476
4167 4.9747902476
4401 4.9747902476
4688 4.9747902476
4840 4.9747902476
5328 4.9747902476
evaluations raw_y
1 562.0042339496
2 423.3943387064
3 296.7666251215
7 88.2310109031
18 45.1948818024
46 41.5303344968
75 31.9574898086
104 31.7153188430
105 29.2780654461
128 21.7070624724
165 19.3966376393
188 17.0598344241
212 7.6380452366
636 6.0389016933
696 4.0630547630
744 3.0641727467
830 2.5482689343
855 2.1387881179
890 2.0125419869
1083 1.9948366254
1146 1.9937393526
1510 1.9931447349
1512 1.9918831279
1716 1.9917552749
1847 1.9910157505
1960 1.9900361165
2000 1.9899681639
2198 1.9899475929
2412 1.9899280937
2667 1.9899274642
2752 1.9899258899
2769 1.9899209030
2881 1.9899206950
2941 1.9899201406
3041 1.9899184959
3152 1.9899182619
3229 1.9899181882
3613 1.9899181851
3633 1.9899181805
3648 1.9899181363
3706 1.9899181209
3841 1.9899181161
3944 1.9899181156
4158 1.9899181154
4207 1.9899181144
4511 1.9899181143
4553 1.9899181143
4568 1.9899181142
4620 1.9899181142
4829 1.9899181142
4855 1.9899181142
4869 1.9899181142
4879 1.9899181142
5065 1.9899181142
5200 1.9899181142
5211 1.9899181142
5276 1.9899181142
5531 1.9899181142
5590 1.9899181142
6239 1.9899181142
