evaluations raw_y
1 3458.1902256308
3 2856.5103912076
17 2481.5633479571
33 2368.2168860830
36 2301.1787191835
42 2261.2634919222
129 2119.6721634616
220 1972.2405721258
372 1846.4798022351
422 1759.8636104705
582 1713.3325729477
627 1411.9826646878
9373 1362.2966385216
9659 1149.4910147697
11233 1060.4009543868
11521 992.6701277190
12143 904.4787281686
12808 873.4712956904
13434 630.9960808446
14492 617.2738057431
15312 549.9105708628
16699 535.5159411372
17898 530.7925198528
18351 495.9170980970
18661 486.2983762627
19039 480.9924825513
19273 452.3838282568
19393 431.2925603665
19406 411.1786211233
19992 400.6281284211
19996 339.5294098521
22082 339.3288239567
22086 307.8302720533
22506 301.3740716201
23321 296.7688638005
23393 290.5144049926
23566 284.4207040231
23756 273.4637101614
24025 263.9075751363
24106 260.3438000689
24172 235.3641083089
24564 207.8893698820
25111 185.9607899114
25675 149.5254804488
28026 143.9568693119
28684 136.8729575474
29113 133.5931236328
29349 121.5779673365
30402 109.0631168312
31069 92.9856682891
31801 87.1712487884
32202 68.1066833962
34123 61.4784089936
34496 61.1849988148
35732 60.6048333828
36296 56.8502996354
36798 52.4479868943
37742 45.6470642771
38247 42.7961695677
38510 42.0712224597
38816 33.3143995229
39448 28.8231738190
40974 27.4603273081
41176 25.4100609688
42796 25.2143896173
43526 24.8327098206
43671 24.6401801051
43815 23.1221922701
44286 20.9700936779
44429 20.5635960417
44779 19.6719871682
44935 18.5674561270
45843 17.8748822683
46072 14.8769534948
46390 14.6355664726
46430 14.4509950344
46989 12.4978363647
48292 12.3383604900
48347 11.9158640688
48432 11.5749878766
48711 11.4418696881
49408 11.3514314889
49523 11.3184525994
49565 10.7296674617
49689 10.6330343661
50017 9.7424866312
50343 9.7182289354
50565 9.5291496193
50608 8.6764078455
50748 8.4808357609
51604 7.9170171955
51767 7.2915674397
52987 7.1618900742
53011 6.4886952870
53533 6.2764364593
53698 5.6867160295
54784 5.4653194611
55186 4.2476450355
57901 4.0462109642
58036 4.0027588413
58401 3.4550649553
58933 3.3418492096
59365 3.0417789896
60367 2.1427846675
62817 1.9793197061
63287 1.9474350805
63952 1.7728555582
65327 1.5735370064
66040 1.2549230126
67950 1.2218408333
68586 1.1918680805
68812 1.1549881046
68934 1.1346994318
68935 1.0982893720
69494 1.0595464396
70316 0.8638114568
71333 0.8071076587
72147 0.7655810251
73335 0.7096478435
74529 0.6662548683
75111 0.5719483490
76963 0.5382654566
77493 0.5375930352
77635 0.5045712584
78594 0.4580031887
79608 0.4440700334
80642 0.4252792298
80851 0.4223854013
81242 0.4065420708
81413 0.3963133724
81990 0.3916315951
83203 0.3649327384
84161 0.3540793183
85032 0.3323445837
86498 0.3273391585
88196 0.3262171146
88944 0.3243983005
88970 0.3072426574
89635 0.3019142592
90707 0.3017330927
90903 0.2966009996
91716 0.2861911831
93237 0.2836567487
93985 0.2748710510
95529 0.2724052302
95825 0.2683511329
97459 0.2647074619
97541 0.2633869127
97972 0.2616468450
98026 0.2607065284
98880 0.2598500951
99664 0.2553508429
99967 0.2521009455
101779 0.2520294615
102079 0.2511983861
103236 0.2509866305
103308 0.2506747574
103625 0.2492009171
104802 0.2491158233
105143 0.2490286409
105216 0.2487838858
105943 0.2479267323
106264 0.2469660828
107086 0.2464296618
107814 0.2444259080
110167 0.2443540486
110329 0.2439402900
110516 0.2438308809
111236 0.2435533845
111904 0.2429634405
112537 0.2428896515
113145 0.2422271833
115717 0.2419443955
115773 0.2418277954
116369 0.2413159006
118165 0.2410053398
118924 0.2408178074
121499 0.2407855595
122452 0.2403846947
127219 0.2403806770
128010 0.2403468692
128727 0.2402233730
132649 0.2401779834
177467 0.2288780085
177943 0.2276647526
178188 0.1922886988
178934 0.1609656671
180973 0.1551745694
181084 0.1203973781
183109 0.1165543381
183164 0.1062888087
183802 0.0888348737
185217 0.0852760991
185510 0.0784624308
186464 0.0771590544
186611 0.0747184448
186730 0.0652415105
188073 0.0577284341
188219 0.0546608942
188513 0.0451406194
189357 0.0449503230
190245 0.0424876855
191310 0.0422810310
191406 0.0405771367
191596 0.0376666261
192451 0.0352032426
192644 0.0315688738
193098 0.0312764651
193484 0.0210023199
196375 0.0209892440
196662 0.0203403344
197276 0.0165046182
198120 0.0159549084
198300 0.0155497252
199376 0.0147697424
200000 0.0145583094
200022 0.0128292135
200152 0.0240663172
evaluations raw_y
1 4026.8157574827
2 3917.4010077932
3 3431.3543602276
6 3157.9602207821
8 2918.7572225563
11 2848.9186495052
19 2543.8134594042
66 2536.4042840687
67 2373.6731506117
196 2369.7690201382
293 2120.3894822337
431 2020.7242819692
555 1898.7678961816
636 1785.5887732702
984 1674.5912174831
1170 1589.5869130968
1222 1580.9769955837
9378 1560.1778080870
10273 1493.8764172521
11380 1227.5525763220
12372 1092.8611059565
12561 1092.4403964083
13548 1083.7682758287
14020 1037.7345437598
14574 963.0162037749
14820 957.1334111587
15235 911.0213123332
15481 851.2612564548
16145 657.1758149410
17391 637.0119370138
18321 606.5779715394
18579 583.6093736350
19199 528.3965911109
19213 520.0964046372
19731 472.3830374314
19820 462.8772623796
20594 459.9004788389
20758 450.4582944993
21019 437.2732448649
21123 368.2998700691
22579 344.8715347453
22948 322.1829407529
23925 305.8847298563
24003 274.3968156384
24087 269.7791183758
24976 254.8394652031
25789 247.6958491796
25928 242.6599189776
26413 233.3209857491
26663 226.2310108215
26911 215.9602891942
27114 199.8258368548
27159 196.8122480279
27222 193.0377184102
27362 185.6432656740
28033 175.9488380035
28072 150.3397078232
30209 149.1213988749
30426 131.4547334844
30732 125.9521117470
30830 111.1298353674
31595 108.3586928369
31922 103.2383155597
32170 94.6350500151
33114 87.1937152019
33561 78.0489004133
33888 76.8224189162
34412 72.9444672198
34831 72.3712365556
35807 54.4253160362
37052 54.0126492512
38061 52.7031701196
39565 51.9906916790
39691 49.8311873926
39853 43.7548445713
40516 39.1514592538
40911 37.2528341349
42071 35.0340809081
42644 32.9985878243
42772 29.6971765363
43494 28.7798232765
43559 26.0564036299
43602 23.6087260427
44752 23.4064549628
45089 23.2983256211
45710 19.0556806999
46746 18.0249686258
46808 17.9400553942
47977 17.2944255734
48071 16.1966729052
48503 14.9952225689
48687 13.4130520542
51190 11.8067183681
51236 11.7623110777
51395 11.7092547107
51486 11.4773810637
51692 10.1321682070
52235 9.6535234378
53551 9.2813025850
53826 9.0595498085
54846 8.4325339665
55143 7.5007605032
55250 7.2193077624
55266 6.9197802126
56024 6.5681904148
56531 6.2998504428
56875 6.1422659371
57182 5.6577719216
57443 5.5588733202
57501 5.2981604965
57706 4.4432266278
58176 4.3505252830
58982 4.3098229308
59296 4.2726492100
59657 4.0978735511
60435 3.9849854390
60603 3.7891153774
60638 3.7191638572
61166 3.2871165055
61739 3.1115117941
61838 3.0326742184
62026 2.9860637624
62292 2.9193466511
62339 2.8176595669
62993 2.4914423665
63247 1.9356082753
65606 1.9265788837
65794 1.8495703129
67320 1.7490616864
67437 1.6849142970
67547 1.6360523243
67732 1.4893257062
68654 1.3609619682
68856 1.2214340215
69096 1.1686641898
69152 1.0110584271
70508 0.8267166017
72135 0.8040258014
72313 0.7471975051
73473 0.6839935672
74057 0.5911566832
74709 0.5514479864
75694 0.4688410440
76530 0.4515029407
77311 0.3909590461
77844 0.3477254656
78398 0.3313063725
79523 0.3161399023
79917 0.3055536780
80030 0.2814723166
80247 0.2783519327
80434 0.2548619455
81072 0.2468649217
81261 0.2254055794
81720 0.2224798094
82339 0.1724914207
82820 0.1358473166
86117 0.0909733456
88969 0.0904381312
89312 0.0818964715
89866 0.0787147004
90258 0.0739799501
90405 0.0688558767
90642 0.0623520163
91022 0.0596769508
92035 0.0580511719
92131 0.0547668965
92714 0.0524654188
92866 0.0524485680
92940 0.0503516091
93636 0.0501937091
93804 0.0470727697
94302 0.0454937991
94466 0.0409678397
95799 0.0363705665
96442 0.0346774753
97284 0.0319273747
97793 0.0297009072
98055 0.0283841269
99282 0.0282563573
99466 0.0277653231
99776 0.0259935323
100582 0.0240692501
100678 0.0232384888
101316 0.0222663808
102073 0.0221069710
103289 0.0217917903
103526 0.0209231975
103666 0.0201357928
103928 0.0171343029
105379 0.0158648759
106305 0.0156753163
106380 0.0146183170
107065 0.0138388289
107553 0.0138332688
107877 0.0137602622
107962 0.0130419877
108029 0.0130183647
108479 0.0128235654
109004 0.0127386449
109014 0.0122953331
109020 0.0121107950
109626 0.0118385009
110062 0.0117631363
110165 0.0117319481
110171 0.0115349431
110453 0.0114150835
110612 0.0112068726
110657 0.0105940997
111167 0.0104087586
111232 0.0096524875
112592 0.0096398568
113064 0.0096010422
113144 0.0094080032
113345 0.0090089512
113918 0.0088241475
114523 0.0087462345
114583 0.0086904052
114930 0.0085176561
115731 0.0078770940
117446 0.0077993118
117805 0.0077107515
118107 0.0073376819
119508 0.0073177285
119859 0.0073004405
119870 0.0069416684
120945 0.0068395451
121010 0.0067609704
121575 0.0067317978
122164 0.0066694519
122678 0.0065859187
123014 0.0065754127
123369 0.0065666112
123698 0.0064374826
123877 0.0064239474
124373 0.0064075064
124693 0.0063014990
126285 0.0062393639
126298 0.0061664919
127535 0.0061248931
128625 0.0060964241
128673 0.0060755795
128703 0.0060722304
128717 0.0060592960
128871 0.0060425128
129007 0.0060307781
129278 0.0059911880
129865 0.0059824132
130177 0.0059562962
130293 0.0058728803
131175 0.0058661801
132047 0.0058330944
132583 0.0058306384
132640 0.0058207933
132931 0.0058143263
132996 0.0057916570
133572 0.0057331693
133751 0.0057249120
135183 0.0056962616
135604 0.0056814859
135978 0.0056739882
136452 0.0056676943
136981 0.0056560227
137327 0.0056539846
137455 0.0056347149
137587 0.0055971187
140370 0.0055943466
140588 0.0055760856
141588 0.0055550741
143478 0.0055456994
144200 0.0055453436
144521 0.0055400339
145073 0.0055383805
145372 0.0055367512
145950 0.0055284358
146192 0.0055127241
149450 0.0055106779
149658 0.0055070674
149991 0.0055054140
150429 0.0055053806
150527 0.0055043133
150821 0.0054995802
151585 0.0054980221
151633 0.0054952382
152141 0.0054947476
152172 0.0054939149
152607 0.0054932365
153367 0.0054913987
153666 0.0054913516
154020 0.0054896326
154242 0.0054885714
154346 0.0054870024
155369 0.0054853921
156071 0.0054840526
156308 0.0054829152
156591 0.0054826029
157248 0.0054800148
158735 0.0054799787
159068 0.0054788892
159654 0.0054786517
159905 0.0054783472
160098 0.0054773080
160278 0.0054769634
160485 0.0054767483
160758 0.0054759253
160793 0.0054759252
161528 0.0054757404
162224 0.0054751532
162238 0.0054745775
162662 0.0054737619
163565 0.0054736664
163761 0.0054733923
163865 0.0054730475
165209 0.0054727345
165586 0.0054724966
166252 0.0054718782
166526 0.0054718761
166550 0.0054711895
167094 0.0054708980
167885 0.0054707861
167901 0.0054706115
168719 0.0054701664
169429 0.0054698273
170205 0.0054697747
170410 0.0054695456
170720 0.0054692509
171012 0.0054689899
171546 0.0054688377
171661 0.0054686822
173501 0.0054685575
173653 0.0054685562
173997 0.0054680783
174710 0.0054680024
175904 0.0054678440
177172 0.0054677835
178034 0.0054677080
178309 0.0054676488
178325 0.0054676221
178385 0.0054674993
179647 0.0054674227
179927 0.0054672865
181983 0.0054672844
182087 0.0054672796
182204 0.0054672520
182267 0.0054671324
183006 0.0054670490
184083 0.0054670111
184645 0.0054669590
185617 0.0054668942
186961 0.0054668577
187165 0.0054668259
189075 0.0054668180
189759 0.0054667918
190573 0.0054667796
191164 0.0054667451
192300 0.0054667276
193441 0.0054667222
195358 0.0054667051
196652 0.0054666835
197748 0.0054666735
198287 0.0054666731
198347 0.0054666635
199398 0.0054666549
199927 0.0054666506
200152 0.0054667179
evaluations raw_y
1 4612.8423786842
2 4458.7773468492
4 4424.8495537584
9 4383.7108829343
10 4313.3499698460
13 4082.0291852044
14 3864.9734772603
15 3394.4439808414
76 3315.0611396241
272 3241.7375774796
305 3152.9600724220
329 2840.1524931907
456 2837.8893128407
572 2669.7276693519
600 2566.8727813425
665 2526.9540258877
673 2354.2312829785
922 2246.0453649008
923 2224.3372031993
942 2142.4214234159
944 1873.2571552529
1402 1858.5721370543
10425 1763.9511562709
10779 1707.1105022529
11712 1580.0525257152
12434 1576.6287319990
13299 1511.0585825140
13388 1488.8611411035
13485 1485.2093347699
13532 1476.5101025917
13830 1360.1994449721
14125 1335.1929612977
14611 1322.8878577767
14766 1101.8103827481
15757 989.7090470359
16470 896.3340561105
17228 853.9069155976
17616 661.9694491339
18610 611.4959977552
20362 580.9089147724
21820 576.0092526474
22078 510.2045905424
22624 478.2288911592
22679 434.1848744773
23947 399.3489038764
24231 397.0074684412
24364 394.3781605293
25003 388.3407779391
25076 382.9289141311
25602 349.9953421219
25978 346.0939880727
26122 317.1844169987
26917 316.2685540377
27125 230.1256212502
29263 203.4588145942
29495 187.0048107562
31420 182.8626520210
31580 156.2856002626
33085 139.9282207450
34526 136.5546398078
34817 125.3130380181
35323 115.1736879632
35832 107.5453430586
36279 89.6757153407
37444 71.7929308533
38494 63.0079382755
38926 54.7347432667
39878 47.2652189446
43204 45.0864308625
43386 43.0142373474
43765 36.6029164275
43959 35.7890167582
44965 26.6395032526
46655 26.5270851404
47945 25.3168580892
48252 24.8599954192
48596 21.9423891274
49797 21.1849794292
50129 17.6651189099
51401 11.5782388756
54613 11.5184926379
54639 11.1840967327
55233 9.2783577139
55253 9.0569081440
56518 8.4148722665
57599 7.9745783344
58139 7.5382210537
58750 7.3415303032
59385 7.0999475730
59494 6.7861156984
59630 6.7257531398
59675 6.3606540990
59828 5.9431764366
60496 4.6839028975
62135 4.3856430334
62501 3.6745317137
62517 3.5216624923
63870 3.2527591105
64913 3.1315052188
65634 3.0761683815
66074 2.8734272228
66276 2.7743037494
66789 2.7381490409
66797 2.1698323636
69144 2.0647842346
69471 2.0339107509
69479 1.9708651939
70996 1.7536434998
71421 1.4781678856
73012 1.4608585400
73514 1.4112939803
73717 1.3921951302
73991 1.1446273381
74438 1.0428681392
75600 1.0036909907
76034 1.0000804981
76435 0.9385571771
77364 0.9160624517
77534 0.8656148733
77947 0.7333622769
78236 0.7333206303
78912 0.6568466227
79880 0.6482422926
80787 0.6466169517
80832 0.6385825119
80870 0.5948083325
80920 0.5786429517
81164 0.5543185081
81346 0.5078616414
81645 0.5011212906
82355 0.4856857481
82754 0.4433055805
83436 0.4233573468
83813 0.4108622168
84053 0.4042718914
84075 0.3987186348
84371 0.3683561966
84860 0.3262879750
85612 0.3159511365
86010 0.3024702444
86079 0.2935486156
86571 0.2800531010
87445 0.2747233812
87532 0.2739041544
87614 0.2575548463
88009 0.2534505301
88390 0.2401120503
88659 0.2395423510
88978 0.2191431230
89692 0.2160784561
89912 0.2104406696
90042 0.1999465593
90216 0.1725277052
91643 0.1724044636
91859 0.1608534899
92260 0.1546450411
93363 0.1540332031
93659 0.1414369704
94213 0.1398686513
94708 0.1368853717
95024 0.1361753298
95193 0.1358578979
95197 0.1233796493
95399 0.1203475609
95718 0.1129621403
95839 0.1123394814
96613 0.1108871970
96982 0.1014584530
97431 0.1008406301
98476 0.1001475467
98592 0.0970814553
98869 0.0931233908
99044 0.0916724164
99828 0.0895636341
100066 0.0879000622
100491 0.0792717410
100876 0.0669006086
106161 0.0655684293
106318 0.0627328639
106900 0.0619704397
107302 0.0580525288
107858 0.0578158497
109110 0.0577281058
109731 0.0566311189
109812 0.0549693400
111646 0.0538259539
112511 0.0524588429
112785 0.0518010394
113515 0.0513306992
114058 0.0505039790
114649 0.0474156510
116322 0.0473014461
116853 0.0469605333
117313 0.0458886333
117997 0.0458758032
118315 0.0446053808
119067 0.0442868097
119639 0.0433244819
121544 0.0431082672
121902 0.0427951867
122503 0.0426344898
122810 0.0417745671
122991 0.0415269464
124717 0.0408932915
127015 0.0408807979
127428 0.0406132635
128220 0.0402979732
128790 0.0402864859
129934 0.0400443766
130333 0.0398431266
130666 0.0396849974
132380 0.0396702316
132792 0.0396697266
133114 0.0396167093
133423 0.0395515601
133694 0.0394660040
133701 0.0394275440
134156 0.0394061646
135142 0.0393868296
135285 0.0392496678
135568 0.0391811381
135692 0.0391797153
136641 0.0390226236
137193 0.0389370104
138939 0.0388491709
140574 0.0388450484
140754 0.0388413579
140932 0.0388385627
141082 0.0388345647
141191 0.0388144501
141618 0.0387282312
142152 0.0386726933
142371 0.0385992093
144918 0.0385959612
145517 0.0385729505
146534 0.0385682736
147021 0.0385306379
148274 0.0385079546
148536 0.0385003150
150037 0.0385001041
150312 0.0384947572
150887 0.0384880647
150903 0.0384798581
151369 0.0384675497
151789 0.0384615524
152808 0.0384612731
152816 0.0384505765
154100 0.0384505352
154758 0.0384483505
154809 0.0384386658
154897 0.0384074170
156227 0.0384056482
157191 0.0383995551
158481 0.0383954149
159527 0.0383900430
161699 0.0383841292
161882 0.0383769108
162758 0.0383762662
165523 0.0383754753
165577 0.0383725933
165787 0.0383713216
165884 0.0383612943
167567 0.0383601038
169678 0.0383495724
200152 0.0820431045
evaluations raw_y
1 4175.3702831087
2 3170.4972714376
15 2904.2759883378
36 2821.7639763368
50 2605.5095523448
67 2362.9754288701
301 2062.7100350132
439 1986.8415086369
569 1847.3400433484
752 1832.9072968702
768 1814.0140822458
834 1596.6097862104
978 1409.7244151633
9292 1320.1722263608
10666 1245.0922201350
11782 1155.0266399295
12155 1101.5474091654
12185 1087.6834565559
12551 1079.0677738309
12690 1052.3784438757
13230 1046.2231972028
13628 986.8484192819
13698 979.5151053141
13834 804.9307532498
14637 763.4307988037
14822 686.8576496581
15901 663.9701111032
16403 619.0609415876
17035 589.8262749619
17255 582.6373658598
17493 568.2601431770
17724 548.4651856471
17994 450.6619248953
18995 407.9863617941
19396 397.9173355857
20382 336.0991924915
20919 328.9212389937
21807 325.7967299648
22086 323.9359402571
22151 318.5154877729
22764 296.4291634816
22774 268.9604498088
23666 266.4827579444
23721 246.6696597321
23829 210.7867313764
25159 184.0789540457
25764 149.7237787545
26945 147.4150373970
28167 136.6707979711
28850 128.8055069186
29544 124.5073004525
30017 122.6919990078
30202 104.1519653129
31050 103.8279865688
31349 101.7318699254
31492 100.5148621497
31522 78.4361480235
31980 71.2303636395
32966 70.5936417460
33499 69.6764692686
34219 67.0221384538
34575 63.6458831661
34710 61.5592425946
34778 60.9133253610
35312 60.1578484975
35357 51.1797702490
36192 43.1941305998
37287 43.1377606983
37917 42.8121113272
37972 39.1913938079
37994 37.2051627208
38475 27.4080873849
41017 27.2927379098
41430 26.3255257469
41772 23.0822534272
42218 22.6457842790
42885 17.2510749925
44893 16.6533215602
45215 15.7322357372
45913 14.0331267343
46297 10.4664155489
49286 9.4723477532
50121 7.8548238685
52097 7.7136987851
52146 7.6651592541
52222 7.6022996307
52479 7.4581222839
52899 6.9316420186
52939 6.1825379569
53562 6.0880630796
54990 5.7626390419
55059 5.2931525710
55530 4.2471908549
57360 4.1668681258
57715 4.1120542523
57957 3.7282738974
58161 3.5734467989
58594 3.4874117554
59425 3.4075156401
59738 3.2552733275
59919 3.2109438477
59965 2.8987493073
60151 2.6295092299
60522 2.5737042494
61929 2.5584545179
62035 2.1846224791
62720 2.1825430817
62742 1.9417808186
63519 1.8696099912
63673 1.7709048490
64134 1.5162016281
66119 1.4720820218
66708 1.4516197611
66822 1.3966512845
67253 1.3291997732
67933 1.3268912299
68535 1.3174741946
68583 1.2274563758
68779 1.2031984979
69011 1.1728395224
69031 1.0660470167
69646 1.0619454300
70177 1.0172911908
70178 0.9870417741
70616 0.9778146984
70845 0.9711570840
70910 0.9464183973
70976 0.9143937465
71221 0.8304803731
71386 0.6950517335
73762 0.6300538788
74618 0.6065297420
74761 0.5836606527
74937 0.5407561100
76079 0.5356320522
76311 0.4659839548
77295 0.4126794996
77819 0.4079854591
81070 0.4036965133
81586 0.3836660218
82453 0.3785322560
82611 0.3750144335
82751 0.3697164166
82759 0.3672634342
82912 0.3584426145
83606 0.3532243228
83992 0.3436947528
84048 0.3284894614
84152 0.3196500623
84525 0.3045511214
85520 0.3031456205
86399 0.2941553636
87002 0.2781457835
87267 0.2644741887
88681 0.2561966705
89781 0.2549180398
90177 0.2532676805
90524 0.2466471577
90911 0.2462886282
91548 0.2422876964
91560 0.2410808256
91828 0.2391697610
91891 0.2348034808
93296 0.2330060151
93399 0.2292345669
93656 0.2248591433
93987 0.2238967139
94522 0.2212803881
94523 0.2188051605
95405 0.2155038668
96585 0.2148005269
96914 0.2140053074
97082 0.2136182350
97243 0.2074064722
98670 0.2046380773
100524 0.2043510298
100728 0.2018224842
101027 0.2009565363
101847 0.1992457867
102927 0.1987197823
102952 0.1978578662
103685 0.1962350778
105664 0.1952238834
105757 0.1943307320
106638 0.1929745507
106767 0.1922335338
108976 0.1916854359
109022 0.1916707997
109321 0.1911560438
109536 0.1908824997
110522 0.1908304734
111191 0.1908261848
111399 0.1904846456
111729 0.1898433439
112905 0.1893994082
113455 0.1887975508
114891 0.1886044600
115652 0.1880613926
116811 0.1880222860
116857 0.1880131750
117637 0.1879213217
118442 0.1878782269
119149 0.1877891154
119465 0.1877681529
119728 0.1875389841
120378 0.1875081038
121635 0.1873464552
121879 0.1873274550
122001 0.1871856801
122089 0.1871139970
122710 0.1869683978
123699 0.1869311252
125643 0.1869113473
125896 0.1868609244
126375 0.1868381539
126389 0.1868319256
126667 0.1867402546
127316 0.1867076421
127987 0.1866868042
128666 0.1865881272
129265 0.1865846476
129308 0.1865122536
129652 0.1864170093
130558 0.1863754872
134040 0.1863735095
134531 0.1862796734
134863 0.1862539488
136678 0.1862436904
137353 0.1862335134
137742 0.1862207961
138062 0.1861823755
138301 0.1861736163
138853 0.1861471208
142263 0.1861388210
142616 0.1860990433
143385 0.1860937677
147544 0.1860897822
149096 0.1860211422
186338 0.1779521922
187249 0.1777259486
187275 0.1701040929
187652 0.1482529810
188419 0.1389227865
188850 0.1384581885
188954 0.1378764908
189183 0.1244056054
189750 0.1085409121
190502 0.0925794451
191962 0.0880339910
192655 0.0800725524
192747 0.0762906484
193858 0.0675916747
194886 0.0625293921
195178 0.0611917907
195467 0.0530671341
196040 0.0498408307
197352 0.0491688492
197495 0.0450437428
197930 0.0436950694
198320 0.0421191625
198686 0.0405854419
198803 0.0402692615
198930 0.0395040832
198969 0.0370929654
199038 0.0360444409
199418 0.0350716146
199965 0.0317816702
200152 0.0559741525
evaluations raw_y
1 4185.1419052811
2 3635.4908387121
14 3336.8447987247
33 3318.9864140910
34 3271.7506510906
53 3262.1483387824
55 3246.1398094982
58 2670.6193055843
208 2650.2748457838
352 2574.4578683441
408 2535.9688315444
552 2311.7813611036
653 2305.5974873383
668 2217.2018516524
782 2216.5206105358
792 2107.8428329021
931 2057.8979642601
955 1977.8258875797
1037 1975.9070143011
1069 1793.8343804427
1078 1784.6499692042
9190 1545.8008790381
9895 1530.3998375985
10862 1490.1002665079
11440 1346.1265470444
12230 1236.4520993808
12434 1209.1531901048
13339 1201.7707214180
13874 1107.1824062703
13877 1005.1661564595
15063 977.2460835321
15264 970.2303717543
15297 953.6420043016
15579 952.0415521581
15611 822.8340010188
16608 748.5987826678
16988 703.6837768498
17155 665.9871406220
18135 647.9941541532
18751 613.1138710435
19156 486.9362250870
20493 467.0533336737
21451 451.5045819497
21617 388.2566024236
22576 346.2310419008
22773 321.5337784789
24287 291.9353543467
24971 225.2422704349
27860 199.8216228610
29868 194.0208556618
30149 163.8172307047
30767 153.1860251340
31623 142.9902265524
32568 139.8590013958
33091 131.4776242836
33544 120.8256704850
34165 114.3327532056
34231 113.1699497166
34510 99.9618163842
35278 98.8372895462
35540 85.5424583335
36788 72.7024615440
37162 69.7772092564
37864 68.3553409377
38376 67.7264903139
38700 57.2908721520
39821 51.7846128646
40031 51.3442812086
40691 49.4612901508
41193 44.2930079593
41706 34.8385938633
43988 33.8248737242
44379 33.5476550210
44421 29.3791400778
45272 29.0736367073
45532 28.3213568235
46144 27.7282680461
46180 24.9596697052
46464 24.9054833109
46582 24.6291741763
47014 18.2277937072
50009 14.9109469876
50480 14.0398042213
50963 13.9963237886
52032 13.7971562857
52047 12.1072531198
53339 10.9926763957
53417 10.9841465734
53773 10.9624273075
53835 10.9019325241
54187 9.3705502080
54356 8.9524150619
54973 7.6006295067
56033 7.1710607054
56800 7.0416848404
57082 6.0854221932
58217 5.0754796975
61211 4.8020883655
61352 4.5358892400
61450 4.4142151320
61632 4.0443673814
62106 3.8796982625
62371 3.7024452104
62727 3.6976965544
62794 3.6508912163
63232 3.5356320010
63321 3.0555413858
64136 2.8548653971
64576 2.5656290446
66489 2.4432320457
66797 2.3400533529
66799 2.2662015152
66990 2.2303498165
67045 2.1721361098
67763 1.9398662243
68219 1.8545095427
68714 1.4813780161
70513 1.4431373707
70589 1.3743943481
70605 1.1320129750
71658 1.0963166601
71958 1.0849934962
72388 1.0577449166
73001 0.7099765594
74885 0.6597623181
77266 0.6390523200
77774 0.5648501252
78397 0.5555464486
78417 0.4996969648
79391 0.4408289801
79717 0.4380308811
79969 0.4191669405
80066 0.3656528219
80277 0.3646352881
81216 0.3478543893
81333 0.3139695257
82375 0.2716140928
82526 0.2368153596
83688 0.1957637808
85843 0.1821945720
87000 0.1759533372
87259 0.1577328467
88531 0.1392326107
89008 0.1327551022
90095 0.1323531553
90206 0.1201452375
90443 0.1110321478
90679 0.1029123405
91012 0.0903675386
92141 0.0885548551
92948 0.0782803914
94098 0.0752032513
94522 0.0654694084
94940 0.0623933045
95620 0.0619916555
95713 0.0584377518
95953 0.0542794900
96097 0.0492782486
96723 0.0422022221
98130 0.0421652068
98304 0.0406990569
98579 0.0375122319
99487 0.0319462335
99947 0.0307487591
100444 0.0304786136
101950 0.0301662036
102248 0.0295670821
102667 0.0277658014
102695 0.0269349281
102808 0.0254563765
103285 0.0232743230
104398 0.0220593332
104785 0.0219092284
105371 0.0204155363
105375 0.0193713817
106366 0.0187255157
106689 0.0171054132
107314 0.0170837855
107358 0.0166922770
107461 0.0166309406
107853 0.0165556686
108086 0.0153431836
108154 0.0143241093
108579 0.0137565927
108964 0.0110643623
113441 0.0109668380
113510 0.0108104121
113575 0.0107590171
114060 0.0104494146
114090 0.0103131242
114108 0.0102337261
114116 0.0102212280
114175 0.0099065555
114358 0.0097981191
114703 0.0095558906
114988 0.0093840677
115005 0.0092550514
115486 0.0092409606
115491 0.0084409968
115923 0.0083929421
116012 0.0083763833
116710 0.0083179534
116845 0.0081588527
116917 0.0079999466
117161 0.0079017512
117412 0.0077882423
117621 0.0075110694
117866 0.0073750576
118783 0.0073075599
119021 0.0070129751
119585 0.0069435041
120012 0.0069024714
120087 0.0066425954
121536 0.0065214193
121799 0.0062615160
122105 0.0060032517
122737 0.0057952697
123819 0.0057541753
124083 0.0055189120
124263 0.0053560466
126815 0.0051554439
128068 0.0050695201
128629 0.0050566158
128844 0.0050283744
129215 0.0050024301
129361 0.0048521924
129679 0.0048089063
129719 0.0047960908
130592 0.0047553485
131527 0.0047486109
131581 0.0047144581
132173 0.0047055507
132316 0.0046683470
132697 0.0046640064
133065 0.0046472360
133306 0.0046356326
133402 0.0046027251
133550 0.0045959583
133632 0.0045709597
133854 0.0045624776
133897 0.0045140179
135507 0.0045092341
135516 0.0044857457
136392 0.0044766214
136766 0.0044616120
136822 0.0044536394
136987 0.0044401969
137396 0.0044209393
138022 0.0044095069
138073 0.0043949998
138475 0.0043381705
139162 0.0043330625
140457 0.0043146407
140468 0.0043032803
141690 0.0042928577
141779 0.0042904546
142222 0.0042764295
142654 0.0042697045
143656 0.0042497810
145541 0.0042397785
146023 0.0042383637
146106 0.0042209619
147038 0.0042190771
147241 0.0042051334
148616 0.0042051297
148969 0.0042021674
149324 0.0042018918
149329 0.0041883111
151714 0.0041878180
151875 0.0041873012
152081 0.0041864891
152090 0.0041796993
152101 0.0041796875
152224 0.0041785623
152821 0.0041783214
153605 0.0041737443
154051 0.0041725378
154622 0.0041683577
155436 0.0041679221
155638 0.0041641838
156624 0.0041620369
156881 0.0041617375
157305 0.0041602521
157818 0.0041593242
158011 0.0041580335
158400 0.0041546346
159586 0.0041545515
160050 0.0041543055
160186 0.0041534483
160924 0.0041529407
161479 0.0041523925
161499 0.0041523562
161537 0.0041512448
161883 0.0041507996
162197 0.0041505302
162253 0.0041498540
162897 0.0041486911
163931 0.0041476888
164531 0.0041473943
165179 0.0041471293
165279 0.0041467134
166035 0.0041461481
166492 0.0041452572
167450 0.0041448563
167615 0.0041445582
168321 0.0041442757
169545 0.0041442685
169787 0.0041435530
172259 0.0041432145
172924 0.0041427584
174192 0.0041424762
175521 0.0041424748
175643 0.0041424028
176215 0.0041422623
176526 0.0041422014
177194 0.0041421907
177201 0.0041421737
177274 0.0041419854
177803 0.0041418243
178818 0.0041417553
179114 0.0041416150
180680 0.0041415877
180830 0.0041415638
181244 0.0041415547
181261 0.0041414870
181315 0.0041414699
182169 0.0041413992
182719 0.0041413947
182802 0.0041413920
182953 0.0041412654
183256 0.0041411093
186211 0.0041411075
186289 0.0041410967
186525 0.0041410572
186597 0.0041410369
187858 0.0041410312
187901 0.0041410279
188016 0.0041410135
188256 0.0041409949
188485 0.0041409854
188505 0.0041409671
189553 0.0041409492
190114 0.0041409458
190259 0.0041409362
190688 0.0041409265
190974 0.0041409190
191103 0.0041408801
191343 0.0041408733
192543 0.0041408715
193456 0.0041408527
193618 0.0041408527
193805 0.0041408523
194494 0.0041408451
194549 0.0041408326
195193 0.0041408234
196242 0.0041408210
196434 0.0041408011
198104 0.0041407984
198592 0.0041407973
199006 0.0041407954
199062 0.0041407898
199658 0.0041407696
200152 0.0041408223
evaluations raw_y
1 4109.6185913124
2 2838.8927282675
28 2802.0275777603
31 2411.5089004652
227 2150.8975514779
291 2025.2662450499
364 1821.7695134883
536 1753.3680858611
698 1737.9429732077
850 1517.3232620673
8504 1509.1241033069
9164 1493.6015796208
9344 1383.9988248720
9717 1371.2114121094
9753 1186.2340814213
11068 1084.9585204136
11289 1002.0926769457
12159 999.1295682815
12163 944.0887582074
12996 792.5615572891
13830 790.6248323872
14021 722.9611817279
14685 669.6431567827
15470 661.2617702794
15757 580.2104324333
16020 564.2298412253
16883 536.9710067315
17031 520.2776213065
17228 518.4420745060
17616 417.0212017622
18312 371.2189133781
19898 329.1425431294
20362 310.5828639557
21343 301.3275085456
21634 268.0602227079
22679 249.3667255972
23149 244.3134458370
23528 237.7400119215
23979 226.1407865011
24079 216.7422724885
25014 203.8449780922
25076 196.5850162737
25602 180.1964380990
25706 174.7505686285
25978 151.0374164777
26841 148.6141948158
27125 131.5568982996
28690 122.9992129267
29263 116.1706904752
29486 90.8110731142
29495 86.7177900917
30498 84.7182262008
31580 73.7049708961
33418 73.6686132066
33468 70.5853119402
33618 62.7566385525
33634 60.1415863558
34817 47.2306205883
35903 41.4851702709
36291 39.8140100012
37659 37.2106449923
38092 36.1402072284
38376 34.3799540261
38494 34.2230117322
38926 25.7509305078
39878 22.9446044737
42875 22.5947521100
43204 21.6439108368
43765 19.1346969162
44965 14.3696971138
46655 13.2474985119
47016 13.0769367419
48189 12.3596446705
48252 11.9435614071
48596 11.4655950029
48977 11.3497160035
49358 10.9928539398
49627 10.9284398586
49797 10.2247249666
50064 9.8207488635
50085 9.7965366687
50129 8.1705631679
51401 6.0033340631
53955 5.5793600019
54613 5.0392934772
54639 4.9698810034
55233 4.9182744704
55253 4.3085821430
57170 4.1678203764
57599 3.8571284426
58750 3.7332385410
59149 3.5748997254
59494 3.2282809570
59675 2.8917370557
59828 2.8318355876
60496 2.1202859410
62501 1.7784230068
63548 1.6586631818
63870 1.5545440388
64913 1.3430090243
66762 1.2826016872
66797 1.0681882461
67279 1.0472819304
68429 0.9897636122
69144 0.9305636185
69471 0.8141804308
69613 0.7720645427
71421 0.6873742355
72167 0.5867529428
73991 0.5131154526
74277 0.4740937930
74610 0.4596233890
75600 0.4158223515
76034 0.3920201945
77534 0.3882925144
77928 0.3688771510
77947 0.3197665645
79171 0.3079978150
79628 0.2667768226
79702 0.2595732720
80920 0.2506408876
81052 0.2271629469
81645 0.2127842755
82355 0.1761716319
83923 0.1690275733
84371 0.1508624036
84860 0.1353265548
85612 0.1351970914
86571 0.1344986762
86852 0.1257185698
87532 0.1141784638
87811 0.1101035787
88009 0.1041486106
88961 0.1038225468
88978 0.0985718155
89144 0.0969993333
89199 0.0947831818
89692 0.0898370499
90216 0.0672048986
92504 0.0670284191
93659 0.0598068494
93862 0.0574918218
94245 0.0571789344
94708 0.0520448505
95197 0.0467591528
95399 0.0464877195
95718 0.0448160037
96982 0.0358727662
98869 0.0353113412
99460 0.0352852410
99525 0.0323052126
99828 0.0302866593
100491 0.0282252256
100876 0.0235204579
102112 0.0228342445
104228 0.0224796581
104496 0.0222387286
105487 0.0220601011
105889 0.0216577403
106124 0.0216347700
106161 0.0199990941
107302 0.0185563303
107858 0.0179640239
107998 0.0175027155
108757 0.0173610162
109110 0.0166699259
109949 0.0149587227
112785 0.0146843025
112994 0.0145963219
113131 0.0142920888
113314 0.0140355720
114058 0.0136051617
114606 0.0132346302
114649 0.0126803066
115286 0.0123855593
115995 0.0122533031
116853 0.0122085474
118120 0.0120601935
118315 0.0116256958
119016 0.0115111176
119639 0.0113195790
119744 0.0111492555
121459 0.0111479638
121544 0.0110397149
121902 0.0108691387
122440 0.0108522550
122810 0.0105503590
123949 0.0105040572
124042 0.0104476770
124228 0.0103768662
124717 0.0101108602
126061 0.0101021194
126833 0.0100671619
127625 0.0100525042
127775 0.0100379338
128053 0.0100077295
128220 0.0099107649
128870 0.0098725925
129934 0.0098498753
129985 0.0098199875
130333 0.0097496594
130367 0.0097014531
130666 0.0096768234
132380 0.0096333282
132792 0.0096078794
133701 0.0095827087
133757 0.0095478671
135285 0.0095247829
135568 0.0094727037
136641 0.0094604474
137138 0.0094542055
137193 0.0094135312
138836 0.0093988352
138939 0.0093791443
140574 0.0093712186
140743 0.0093657653
140932 0.0093656074
141191 0.0093577409
141618 0.0093448438
141841 0.0093416109
142152 0.0093333887
142371 0.0093006719
144136 0.0092967939
144918 0.0092874516
146153 0.0092863102
146270 0.0092772059
146534 0.0092749947
147816 0.0092746563
147910 0.0092741234
148120 0.0092731677
148274 0.0092652175
148536 0.0092581005
150828 0.0092577654
150887 0.0092561545
151219 0.0092551700
151358 0.0092505627
151369 0.0092459200
151996 0.0092451504
152345 0.0092445922
153219 0.0092443990
153401 0.0092432597
153580 0.0092431914
153749 0.0092421053
153795 0.0092417474
154100 0.0092383214
154141 0.0092381904
154809 0.0092354251
154897 0.0092324884
156046 0.0092320109
157191 0.0092293570
157877 0.0092293156
158000 0.0092291309
158418 0.0092290512
158481 0.0092270250
159527 0.0092265664
160347 0.0092264243
161124 0.0092258236
161281 0.0092256719
161304 0.0092252618
161384 0.0092248743
161699 0.0092228912
162758 0.0092216467
165523 0.0092214020
165577 0.0092211275
165787 0.0092203915
166820 0.0092200452
166917 0.0092194835
168127 0.0092194495
168299 0.0092189104
169118 0.0092186505
169678 0.0092182390
169927 0.0092181665
170157 0.0092180477
170332 0.0092178807
172147 0.0092174536
172826 0.0092171264
174491 0.0092170427
174965 0.0092169085
175168 0.0092167061
176657 0.0092166725
176692 0.0092165667
176850 0.0092165480
177300 0.0092165026
178076 0.0092163678
178259 0.0092162572
178385 0.0092162421
178826 0.0092162354
179500 0.0092162290
179968 0.0092161296
179990 0.0092161272
180417 0.0092161120
180560 0.0092160891
180751 0.0092160866
180946 0.0092160866
181164 0.0092159664
182557 0.0092159627
182790 0.0092158904
183255 0.0092158368
183798 0.0092158228
184455 0.0092157560
185368 0.0092157308
185955 0.0092157267
186406 0.0092156820
187011 0.0092156679
187316 0.0092156290
187907 0.0092155480
190668 0.0092155221
192093 0.0092155128
192595 0.0092155006
193366 0.0092154663
194558 0.0092154656
194799 0.0092154625
195553 0.0092154463
196691 0.0092154437
196700 0.0092154405
197322 0.0092154358
197653 0.0092154271
197703 0.0092154162
200152 0.0092154181
evaluations raw_y
1 3143.6526980968
5 2705.6178572086
15 2432.1474713537
31 2181.8344524453
99 2084.3620696348
343 2072.1232072090
349 2006.2972192678
391 1975.5501881773
426 1964.8269322279
432 1879.6573185985
529 1621.8214296960
633 1550.3749772293
890 1539.2770373728
915 1414.3241228614
8844 1406.9762226305
9181 1319.1862743193
9713 1289.8001456392
9782 1209.0109393044
9802 1090.4235596662
11773 1008.6964340040
12143 912.5292888273
12730 822.4465129061
13534 822.1150427876
13761 770.0942021520
13985 723.2204439239
14351 721.2750795024
14958 661.1078628522
15450 599.9780744468
16942 559.5802771617
17096 436.0824352284
17204 420.0148938797
18460 374.7405012361
19974 364.9649616850
20578 341.1571868589
20812 341.0202947827
21535 303.2454463762
21678 292.4016303600
21904 261.4827695887
22541 255.1851210335
23096 249.3940737844
23630 234.8373069629
23821 204.9267296638
24394 195.3703460043
25789 152.4353133616
25798 149.4525838882
27034 138.6314935047
28043 133.9818724751
29114 132.1233671826
29266 129.6377572240
29547 122.6142206569
29835 115.4566354450
30498 107.2000861984
31151 93.0164175264
31696 82.9074119112
32751 80.0336104783
32754 74.7659214189
33584 61.4786232852
34734 57.1252689631
35692 44.3237920144
37766 44.3100992347
37974 43.2874921424
38053 39.1413530237
38669 30.7108864881
40471 29.2131350258
40690 28.3283337714
41172 26.2082079119
42217 25.0055928545
43042 22.3444924553
43533 21.9294238607
43808 21.7461589122
44297 21.6179084756
44828 18.9023497019
45125 16.5521179321
46513 15.8482251913
46857 12.6907161038
47688 11.0155724104
49278 10.2682525624
50064 10.2266609644
50382 10.0023804184
50417 9.8661778883
50585 8.9841094952
51488 8.4313829298
51721 6.7275656486
52321 6.6723893400
53229 5.4044098207
54778 5.2685742790
55216 5.2235973765
55255 4.8537708693
55289 4.5821376085
56259 4.2544376011
57529 3.9434523697
57928 3.5078283028
58250 3.1323080559
58892 2.8436701242
60490 2.4756192866
62117 2.4499852449
62295 2.2080208785
62970 2.0370851509
63621 1.9472378665
63861 1.9465743703
64039 1.5252867458
65352 1.5237894075
65676 1.3006583035
65679 1.2171887956
67293 1.0278609523
68380 0.9500410618
68849 0.8956476107
68935 0.8759768534
69617 0.8331265144
70012 0.8201448651
70229 0.7626910496
70416 0.7514893810
70857 0.6885499903
71455 0.6835743309
71586 0.6752928667
71702 0.6054810777
72321 0.5985777890
72547 0.5430848761
72802 0.4141823809
76099 0.2676827473
78951 0.2535896049
79294 0.2368335348
80240 0.2351285951
80387 0.2329951270
80624 0.2150230469
81004 0.2115886478
82017 0.1740680565
82848 0.1676569934
82922 0.1669365961
83786 0.1596290857
84448 0.1464027375
84449 0.1447161270
85231 0.1439215817
85779 0.1409610544
85781 0.1277883597
86424 0.1114576671
87775 0.1076397171
88035 0.1039718748
88274 0.0902336803
89703 0.0902122958
89758 0.0793216980
90497 0.0775861520
90660 0.0706017621
92055 0.0638991296
93055 0.0622616994
93221 0.0577030143
93508 0.0576340755
93648 0.0565640454
93910 0.0486272744
95080 0.0467052268
95361 0.0455662538
95790 0.0434846890
96287 0.0430502260
96362 0.0391431158
97047 0.0379748848
97535 0.0355889948
98836 0.0324718114
99608 0.0318107316
100044 0.0312441663
100147 0.0304451510
100214 0.0296123954
100520 0.0291967955
100639 0.0270127637
101214 0.0233112067
103327 0.0231930206
103900 0.0222052968
104703 0.0215215109
104912 0.0209496277
105713 0.0193598711
106994 0.0193574443
107428 0.0189537219
108089 0.0182722451
108234 0.0178236573
109080 0.0177452599
109541 0.0176500456
109852 0.0173299311
110125 0.0171178791
110348 0.0169388408
110686 0.0167216296
110877 0.0164600119
110992 0.0162442071
111453 0.0159378001
112146 0.0158767354
112421 0.0158343007
112660 0.0150760435
113351 0.0149927513
113407 0.0148517411
114355 0.0148366928
114575 0.0148331633
114675 0.0146686011
114715 0.0146541040
114764 0.0144937183
115566 0.0144779498
115730 0.0143934233
116267 0.0143327075
116338 0.0141626775
117517 0.0139164278
118607 0.0137916635
118655 0.0137049857
118685 0.0135147628
119260 0.0134468491
119774 0.0134241574
119847 0.0133423580
120159 0.0133421106
120275 0.0132429494
121101 0.0131939927
121416 0.0130983796
122565 0.0130577882
122581 0.0129240682
122625 0.0128888197
123037 0.0128140544
123554 0.0126917202
123733 0.0126713111
125396 0.0126673764
125582 0.0126523371
125586 0.0126186864
125960 0.0125247507
126771 0.0125149182
127309 0.0124953139
127437 0.0124284100
127569 0.0123200403
130570 0.0122295514
131570 0.0121945156
133492 0.0121898510
133813 0.0121872871
134441 0.0121864250
134465 0.0121848117
134692 0.0121630572
135055 0.0121534529
135354 0.0121372721
136174 0.0120966985
137603 0.0120855761
138104 0.0120816509
139640 0.0120728000
139764 0.0120691113
139811 0.0120626758
139973 0.0120586805
140589 0.0120542623
140803 0.0120463459
141094 0.0120418601
141615 0.0120339720
142154 0.0120263379
143608 0.0120245390
144002 0.0120177084
144328 0.0120133772
145351 0.0120107592
145746 0.0120074309
145890 0.0120068322
146290 0.0120048358
146573 0.0120018464
147230 0.0119980012
147624 0.0119977014
147782 0.0119972323
147971 0.0119961869
149050 0.0119955303
149058 0.0119926665
149506 0.0119905868
149636 0.0119896343
149793 0.0119892853
150203 0.0119884549
150467 0.0119864370
150740 0.0119843384
150775 0.0119825134
152206 0.0119820813
152220 0.0119794630
152644 0.0119786800
153155 0.0119785149
153547 0.0119769871
153743 0.0119765590
153847 0.0119764369
155069 0.0119764155
155074 0.0119759125
155095 0.0119758662
155568 0.0119731891
156368 0.0119730732
156508 0.0119726784
156532 0.0119717165
157867 0.0119706184
157883 0.0119706153
158026 0.0119698180
158204 0.0119694905
158701 0.0119686475
159492 0.0119686051
159720 0.0119683193
160392 0.0119673733
160517 0.0119669776
160994 0.0119661462
161081 0.0119661373
161495 0.0119658006
161643 0.0119657233
162836 0.0119656437
162954 0.0119652323
163406 0.0119650981
163483 0.0119645682
163979 0.0119634616
164692 0.0119634422
165865 0.0119633573
165886 0.0119628878
167154 0.0119627431
168367 0.0119623975
168453 0.0119623906
169135 0.0119623442
169306 0.0119622426
169629 0.0119619639
169909 0.0119616315
172249 0.0119615796
172491 0.0119615289
172628 0.0119614951
172988 0.0119612642
174065 0.0119611541
174627 0.0119610342
175073 0.0119610279
175599 0.0119607678
176943 0.0119606554
177147 0.0119605503
179057 0.0119604499
179741 0.0119604376
180555 0.0119603855
181146 0.0119603293
181443 0.0119603267
182157 0.0119603114
182282 0.0119602257
185112 0.0119602203
185340 0.0119602067
185628 0.0119601978
185770 0.0119601760
186634 0.0119601559
186777 0.0119601234
188329 0.0119600979
188973 0.0119600973
189380 0.0119600761
190952 0.0119600639
191529 0.0119600591
192138 0.0119600378
193585 0.0119600253
194560 0.0119600168
194832 0.0119600129
195760 0.0119599996
196498 0.0119599992
197272 0.0119599956
198125 0.0119599947
198243 0.0119599829
198577 0.0119599756
199927 0.0119599744
200152 0.0119600184
evaluations raw_y
1 4252.2280878293
2 3622.6168936695
3 3278.9812290278
6 3140.8007951766
16 2819.4877332225
19 2741.5426571896
36 2356.8958037212
109 2317.3504338941
263 2250.0832049748
290 1905.1754420858
312 1902.0243888417
564 1781.6992561667
602 1763.8452128763
674 1742.4738937974
797 1720.0305598798
827 1643.6771751252
7302 1591.3067298544
7982 1521.0651026229
8523 1408.3820655437
8657 1307.9839533999
9392 1061.2782207753
11338 1043.2209845406
11346 1022.0779508946
11612 947.2358362693
11792 881.6901753564
12882 585.1883173644
16630 563.0864634283
16775 559.7950104624
16915 510.3386875067
16972 505.3469297020
16991 487.5175079656
17733 411.9366235722
19022 372.1982805163
19324 353.5687878660
19829 342.4446227248
20491 320.6554785347
21214 318.2954162791
21583 293.6934456283
21635 289.6128611084
21831 178.8672020097
25468 171.7566947332
25477 147.8538140257
26734 147.6013508900
27052 141.9787223702
27543 140.6086240253
27579 129.9469680408
27805 121.3775979717
27907 115.3010043265
28793 107.9169486990
29514 103.0901947266
29663 101.9625706774
29677 86.0630975357
30177 84.5818923878
30695 80.6784205192
31375 80.4885423876
31518 75.5930015201
32060 75.4045063174
32068 74.3066846033
32433 66.1770092704
33263 58.0060877041
33913 56.8725041690
34628 48.8910177049
35371 42.4668348347
37496 41.9865714334
37915 39.1471333573
38164 37.6172673687
38617 37.0338010109
39137 28.7783038978
40561 27.2200150196
40977 26.7504629097
41280 24.7542612965
41547 23.1513831019
43133 21.1485614032
43487 20.7048793462
43531 20.2038424206
43873 19.5497676736
44507 18.9215804373
44531 18.5579447835
44684 17.7474054522
44697 14.9580257231
46052 14.8797109632
46651 14.6602557165
46865 13.8051513038
47091 12.6496287794
47182 12.4343089932
47367 12.2150527083
48042 12.1056262767
48119 10.6888627527
48480 10.5277848860
48643 9.9888887775
49424 9.4729806983
50260 8.9274025300
50952 8.7602244055
51068 6.9670403499
52000 6.0295258429
53638 5.8762841099
53673 5.7586548444
53753 5.4259344043
54388 4.3195749997
56560 4.3137476452
56795 3.7361195704
57428 3.6338537618
57835 3.6062441721
57929 3.5113703262
57989 3.4094440271
58261 3.3551827504
58295 2.6090861669
60608 2.5176472488
60951 2.4169624983
61363 2.2811943607
62544 2.2709171261
62630 2.1297535620
62744 2.1151317567
63060 2.1100058232
63641 2.0184499695
63938 2.0055158979
64000 1.9076416085
64217 1.7025381742
64835 1.6767362414
65227 1.5795308575
65355 1.5485974789
65529 1.4288309145
65986 1.0698037017
67505 0.9882232679
68528 0.9493567700
68716 0.9092765716
69657 0.8925085622
69692 0.8922362525
70073 0.8791380150
70095 0.8294021326
70198 0.8002434473
70285 0.7772934851
70396 0.7028274015
70997 0.6800301337
71134 0.6721359952
71381 0.5977531938
72226 0.5172808846
72481 0.4323254416
74995 0.4158741739
75685 0.4134803825
75778 0.3183830805
76891 0.2819132013
78899 0.2502109651
79527 0.2456049616
79793 0.2443079586
79901 0.2361153483
80303 0.1954935954
82375 0.1889937306
82527 0.1660264208
82601 0.1492433324
83963 0.1422168977
84127 0.1369346007
84689 0.1247513848
86103 0.1175306601
87119 0.1143263618
87321 0.1107252192
87716 0.1027139048
88151 0.0965361030
89437 0.0910435155
89536 0.0813737687
90176 0.0807504081
90977 0.0793546597
91289 0.0787943057
91780 0.0787295524
91828 0.0731375153
91942 0.0723116443
92675 0.0716925297
92853 0.0640664177
92990 0.0629775392
93196 0.0624526245
93623 0.0615408706
93633 0.0597621013
93744 0.0594316824
93971 0.0558935276
94454 0.0524401304
95739 0.0521986347
95828 0.0515364289
95935 0.0501884889
96277 0.0498219489
96590 0.0495482405
96721 0.0493375573
96726 0.0471514895
96748 0.0448335736
98071 0.0434471442
98140 0.0364818149
101253 0.0342216556
101939 0.0332355024
102802 0.0321096783
103006 0.0304134635
103138 0.0297733523
104184 0.0288123361
104982 0.0275878438
105392 0.0263813253
106160 0.0262204505
106673 0.0260141833
107338 0.0253412812
107768 0.0251593061
108752 0.0247356046
108759 0.0242742192
108767 0.0236298169
109545 0.0230983403
110393 0.0229239768
110419 0.0227297501
111002 0.0227270970
111276 0.0218675783
111825 0.0215671980
112339 0.0211501562
113030 0.0211153662
113086 0.0209485902
113359 0.0208837402
114031 0.0208471210
115046 0.0207544869
115076 0.0203402820
116017 0.0202408716
116617 0.0198484290
118054 0.0197953097
118164 0.0197863770
118196 0.0196227151
118992 0.0194589283
119276 0.0194569591
119488 0.0193614663
119511 0.0193457668
119526 0.0191416264
120066 0.0189823902
121008 0.0187094987
122657 0.0187030952
122687 0.0184406296
123233 0.0183282035
124530 0.0182542683
125717 0.0182098775
126462 0.0181729069
127272 0.0181308074
127662 0.0180508470
128529 0.0179810258
129365 0.0179414762
129411 0.0179319797
130249 0.0178891233
130904 0.0178829263
131249 0.0178547974
131296 0.0178447136
132205 0.0178336452
132243 0.0178313303
132304 0.0177778243
132676 0.0177529152
134414 0.0177511730
134830 0.0177504973
134836 0.0177384911
134976 0.0177374685
135033 0.0177274158
135748 0.0177240505
135767 0.0177239935
135853 0.0176879019
137160 0.0176864809
137282 0.0176721681
137783 0.0176583911
138581 0.0176488849
138761 0.0176424285
139097 0.0176400049
139763 0.0176282901
140109 0.0176199288
140482 0.0176088908
140773 0.0175920582
143327 0.0175911789
143730 0.0175792378
145197 0.0175743930
145735 0.0175730953
145961 0.0175706776
146197 0.0175670581
146255 0.0175617248
146909 0.0175611566
147461 0.0175583304
147773 0.0175557615
148405 0.0175441970
150454 0.0175418562
150817 0.0175396988
150863 0.0175394662
153226 0.0175390234
153726 0.0175388688
153734 0.0175372086
153795 0.0175363736
155641 0.0175363735
155668 0.0175359421
155736 0.0175339593
155822 0.0175337806
155885 0.0175329542
156043 0.0175328921
156095 0.0175311216
156211 0.0175289177
158380 0.0175287215
159146 0.0175284711
159165 0.0175283517
159383 0.0175282143
159504 0.0175275808
159618 0.0175269277
159649 0.0175267970
160381 0.0175256534
160673 0.0175243500
162672 0.0175241118
163231 0.0175233790
163271 0.0175231905
163658 0.0175216864
166833 0.0175214424
167176 0.0175213876
167970 0.0175213679
167986 0.0175212577
168128 0.0175211850
168132 0.0175210596
168375 0.0175208324
168589 0.0175208110
168869 0.0175205834
169308 0.0175203436
169422 0.0175200909
170951 0.0175200513
171748 0.0175199235
171865 0.0175197770
172068 0.0175197216
172160 0.0175195978
172713 0.0175195022
173557 0.0175194667
173744 0.0175194195
175125 0.0175194123
175278 0.0175193120
175412 0.0175192751
176141 0.0175192590
176197 0.0175192491
176269 0.0175190661
176622 0.0175190292
176826 0.0175188336
177391 0.0175188297
178539 0.0175187702
178736 0.0175186332
179851 0.0175185730
180234 0.0175184941
181310 0.0175184798
181423 0.0175184302
181921 0.0175184278
181961 0.0175182731
184020 0.0175182288
184708 0.0175181831
185449 0.0175181711
186313 0.0175180834
189059 0.0175180615
189588 0.0175180583
189973 0.0175180318
190416 0.0175180239
190631 0.0175180055
191362 0.0175180021
191817 0.0175179523
193751 0.0175179515
194239 0.0175179470
194511 0.0175179291
195439 0.0175179131
196177 0.0175179095
197329 0.0175179026
197922 0.0175178882
200020 0.0175178863
200152 0.0175179266
evaluations raw_y
1 3599.0602525671
2 3096.3613201549
3 2971.9817432867
6 2468.0973791399
16 2308.8718775118
29 1987.8207419089
122 1844.0634333377
301 1693.2656104166
389 1460.0958590496
621 1447.5604306347
961 1382.2179490857
1004 1195.7917378415
9626 1161.2197394236
9719 1142.3371072728
9880 1102.7844898915
10131 1070.4986729026
10236 1025.3831345537
10242 956.9110349932
10424 857.4032139775
11797 811.2939957000
12357 774.5986678881
12854 667.8339963103
13482 583.9147975237
14534 499.1783121433
16215 425.0759589094
16336 423.5446155538
17067 410.6849358563
18062 336.4486655787
19371 309.9434819269
20533 298.1221359432
20719 284.1869219754
21486 270.1803404173
21506 269.1692914966
22041 263.7577969566
22706 248.5825362391
22843 234.1899902036
22848 213.5781317239
23118 209.9067928547
23205 204.9658949906
23778 203.5730649349
23807 202.2715753452
24029 198.6545581956
24079 189.9241403384
24435 175.6359172445
24798 170.3654979467
25417 157.1013296949
25973 134.9844107103
27545 128.1019851548
27914 125.6910352773
28350 124.4005725031
28567 122.1310612773
28585 116.3429778341
28726 115.5689593379
28844 111.9118585659
28895 110.5829879486
28925 104.9427991697
29168 94.6253716061
30051 89.8579520126
30911 87.9840435375
30940 71.6288726486
33008 71.0931882033
33138 61.8345480964
33623 59.9929698230
34817 58.0163902234
34865 47.8210795449
35260 45.6599111872
36027 39.5079121443
38316 28.0744512398
40735 26.8773978181
41146 22.8875435839
41316 21.5116750100
41830 21.3417054129
43096 20.7576959552
43201 20.6745164181
43962 17.0006007193
44467 16.7582600876
45080 15.2936200671
45443 14.4180195541
45595 13.0100560453
46867 12.0600394527
47836 11.2584908552
47988 10.3492361771
48198 9.8182983648
49528 8.7383728145
50150 8.7219804387
50716 7.9483273710
51072 5.8894800521
53196 5.4168262039
53716 5.2613192276
54118 5.1408915254
54125 4.9017624555
54444 4.2169493553
55781 3.8735894209
56096 3.2882809742
57307 2.5973943976
59130 2.3857120689
60214 2.2640222156
61055 1.9892461757
61834 1.8417997215
61887 1.7071796443
62354 1.6516584801
62523 1.2263565091
66052 1.1191641313
66384 0.8168375937
68720 0.7679848107
69519 0.7245822935
69799 0.6667759544
70539 0.6170811043
71248 0.4814439664
72611 0.3853660756
74991 0.3723565504
76025 0.3029680692
76386 0.2751001933
78374 0.2547091389
78680 0.2412950685
78768 0.2371765194
78772 0.1911216992
80884 0.1651776023
81168 0.1529199922
81330 0.1479458986
82827 0.1411497252
83052 0.1371126378
83867 0.1226474114
85118 0.1145329030
87149 0.1069769623
87350 0.1004849232
87394 0.1002476347
87823 0.0969816327
87884 0.0925243608
89327 0.0899918920
89383 0.0899356470
89703 0.0891771474
89853 0.0859978336
89884 0.0798771968
90141 0.0788621095
90865 0.0676517409
91025 0.0674986200
92107 0.0660380993
92289 0.0641694542
92927 0.0633233955
93581 0.0618832821
93705 0.0612691009
93986 0.0575614727
94183 0.0568936132
94719 0.0561769901
94858 0.0558255759
95236 0.0543965136
95820 0.0525066540
95919 0.0518895624
96347 0.0510060577
96596 0.0497491124
96684 0.0483866524
97381 0.0457417103
98610 0.0451471294
98768 0.0421811793
99529 0.0411279927
100343 0.0405288846
101115 0.0384777354
102592 0.0366482121
102630 0.0358018296
103913 0.0354485630
104947 0.0346455959
105230 0.0342883639
105300 0.0339361406
105948 0.0335355682
106471 0.0331609830
106533 0.0327772013
107157 0.0326195742
107244 0.0324167358
107654 0.0308270001
110729 0.0306536864
110862 0.0300153148
112388 0.0299891586
113965 0.0298131878
115018 0.0297039195
115022 0.0295626405
115229 0.0295394691
115373 0.0293760371
115500 0.0293532869
115628 0.0292717869
115732 0.0292414297
115893 0.0291338663
116341 0.0290410372
116746 0.0288650593
116969 0.0287023007
117131 0.0284734930
118426 0.0283431124
118553 0.0283408192
119631 0.0282752229
120140 0.0282592071
120221 0.0282538973
120695 0.0281895233
121332 0.0281532837
121459 0.0280508436
121716 0.0279990841
121858 0.0278655900
123387 0.0277360916
124090 0.0276411415
124155 0.0276296367
125718 0.0275946747
125952 0.0275139598
127188 0.0275070319
127642 0.0274984211
127929 0.0274600251
128374 0.0274448263
128402 0.0274301862
129377 0.0274146045
129611 0.0274128125
129966 0.0274089511
130029 0.0273855980
130039 0.0273623060
130792 0.0273030219
130904 0.0272487340
132147 0.0272402494
133357 0.0272401918
133876 0.0272336893
134527 0.0272145387
135372 0.0272121165
135417 0.0272091843
135607 0.0272027568
135899 0.0271922473
136352 0.0271862818
136427 0.0271832439
136477 0.0271786440
137011 0.0271615607
137196 0.0271577239
137806 0.0271478585
137816 0.0271439904
138759 0.0271421500
139184 0.0271348517
139246 0.0271286653
139694 0.0271077130
139748 0.0271039672
141231 0.0270954706
142064 0.0270888286
142916 0.0270873737
143060 0.0270831946
143154 0.0270798506
143655 0.0270757868
143674 0.0270754596
144467 0.0270705788
144752 0.0270672089
145648 0.0270656990
146090 0.0270617201
146189 0.0270607585
146642 0.0270542837
146980 0.0270483474
149048 0.0270474342
149098 0.0270473231
149466 0.0270443036
149807 0.0270420286
149971 0.0270416702
150687 0.0270414738
150834 0.0270405475
150910 0.0270380825
151425 0.0270379639
152164 0.0270378900
152313 0.0270376083
152450 0.0270361393
152758 0.0270345936
153233 0.0270345816
153258 0.0270338130
153758 0.0270334454
154190 0.0270330307
154199 0.0270322508
154627 0.0270317859
154743 0.0270288605
156111 0.0270280571
156572 0.0270280419
156783 0.0270276860
157064 0.0270273879
157496 0.0270257460
158512 0.0270253359
159010 0.0270252359
160168 0.0270251724
160257 0.0270250702
160358 0.0270249524
160390 0.0270239281
160391 0.0270239051
161570 0.0270238234
161758 0.0270236275
161772 0.0270222788
162526 0.0270222739
162789 0.0270216185
163760 0.0270205784
166795 0.0270203742
167091 0.0270203278
167745 0.0270200106
167879 0.0270198915
168664 0.0270198327
169091 0.0270195811
169704 0.0270192398
170050 0.0270192321
170079 0.0270191776
170833 0.0270191747
171419 0.0270190108
171947 0.0270189512
172335 0.0270186200
172869 0.0270186003
173596 0.0270185838
174256 0.0270185640
174528 0.0270185548
174565 0.0270185158
174652 0.0270184218
174659 0.0270184200
174894 0.0270183483
175200 0.0270180432
175782 0.0270179582
177683 0.0270179529
177954 0.0270178310
178393 0.0270176291
181931 0.0270175938
182359 0.0270175799
182470 0.0270175119
182765 0.0270174921
183126 0.0270174817
183483 0.0270174758
183822 0.0270173742
185371 0.0270173481
185580 0.0270173070
185841 0.0270172879
186139 0.0270172637
186183 0.0270172355
186353 0.0270172164
186414 0.0270172151
186797 0.0270171889
187169 0.0270171831
188403 0.0270171300
189180 0.0270170903
191423 0.0270169847
200152 0.0270180832
evaluations raw_y
1 4184.1739476530
3 3939.7386901329
5 3604.6572364963
14 3351.7175598845
28 3311.1672096472
51 3286.4123149855
56 3222.5054717943
71 2999.4662365317
137 2507.4937227995
305 2422.9014291000
513 2252.1646156065
531 2225.8874906187
543 2219.5381925141
566 1976.4827388757
629 1976.3927774054
835 1935.3012318342
853 1857.3397979198
1198 1820.9864361738
1254 1657.3184804123
8836 1539.4966555884
10508 1385.9782037568
11876 1364.0270647026
12696 1237.7591849274
12985 1081.2896256429
13833 1030.3803555661
14709 965.6346155014
14910 931.7442312955
15194 910.5300294475
16238 882.3655849754
16254 803.6824451812
16700 794.8341777331
16810 771.5905958536
17064 666.9397382956
17727 650.7148011670
18462 643.8115173034
18802 608.2542423363
19425 575.6586788057
19677 537.0816650350
20403 463.9463839898
20856 452.5058388317
21151 452.1880522226
21263 408.5257557195
22222 379.9551350381
22419 358.4742718418
23866 331.0250637313
23933 266.3095089693
24617 238.9754810242
26344 231.1973181808
26636 217.2802180894
27736 174.3922236772
29400 162.4905616677
29795 154.0830779540
29881 147.1882482745
31551 133.5647771865
31969 133.4757992098
32256 125.8966984055
32737 115.0823830956
32986 114.6857116111
33309 114.6796781936
33394 106.8188300201
33811 85.8355138262
35381 80.7772313963
36434 63.0497847846
36662 62.8679389146
37220 62.0843704152
38346 50.5172007154
39467 47.5320109287
40839 46.7824764366
41202 42.8376154154
41352 36.3377989077
43634 35.5114854877
44013 32.0321327197
44067 29.5132894637
45496 26.7495777665
45826 23.7377081739
46110 20.8721136927
46660 18.2081554452
48671 16.7539324447
49894 15.7327563343
50126 14.8317308856
50142 14.6221476161
50609 12.0906158971
51941 11.1079584811
52493 11.0898068557
52579 11.0686495949
53043 10.4156599193
53419 10.1456347718
53458 10.0970121520
53833 8.7633555819
53999 8.1636170616
54619 7.0651603772
56446 6.9472821970
56728 5.4741861986
56934 5.3415379315
60007 5.3199659314
60199 4.7998133016
60402 4.6418014567
60857 4.3701783827
61278 3.5812730532
62440 3.5521543476
62509 3.5330258150
62878 3.4991977695
62967 3.1004886762
63782 2.8879003017
64020 2.8446752132
64222 2.5935854807
64832 2.5166085039
65487 2.4107355944
65822 2.2078576776
66636 2.0995917756
67409 1.9267817150
67825 1.8635975665
67865 1.7390715604
68360 1.4848247980
69392 1.3238985829
70235 1.2926931454
70251 1.2350846646
70898 1.2284183290
70986 1.1694655943
71304 0.9134824858
72034 0.8416467596
72647 0.7266230230
74531 0.6316797443
77558 0.5350167901
77834 0.5242670724
78063 0.5002366883
79037 0.4310439238
79363 0.4182060910
79712 0.3592880343
80862 0.3341097252
82002 0.3129620041
82021 0.2649483805
82172 0.2497722300
82344 0.2477220971
83334 0.2307967469
84518 0.2146158350
85060 0.1834645834
86646 0.1807987101
86905 0.1442313097
88537 0.1407506989
88860 0.1351178051
89852 0.1245242131
90325 0.1195367256
90658 0.1053411571
91270 0.1036641538
91634 0.1007592788
91787 0.0943792779
91809 0.0905905556
92594 0.0861078525
93596 0.0850981548
93744 0.0844923012
94168 0.0714585570
95281 0.0684053011
95599 0.0605589765
96369 0.0498929907
98225 0.0481211048
98636 0.0478063461
99133 0.0420064337
100090 0.0392160266
101286 0.0386096750
101596 0.0371131354
102328 0.0369679761
102341 0.0368636095
102454 0.0356944017
102519 0.0354996396
102931 0.0312611958
104044 0.0308345629
105021 0.0281087168
106012 0.0275398077
106335 0.0269342670
106973 0.0259687457
107481 0.0258756911
107684 0.0257335296
107800 0.0247548181
107965 0.0235120046
108225 0.0230230862
108610 0.0203796092
112284 0.0203548871
112295 0.0201830893
112811 0.0201357809
113012 0.0197130182
113821 0.0191147802
114349 0.0185903611
114651 0.0183385023
115137 0.0179295010
115569 0.0175219019
116108 0.0173323699
116563 0.0172495501
117431 0.0170947532
117512 0.0169989879
118167 0.0168219614
118429 0.0167434737
118667 0.0163740896
119733 0.0161622445
120677 0.0160556954
121182 0.0159658782
121751 0.0155677497
122383 0.0153533381
123729 0.0153268250
123909 0.0151413683
125128 0.0151382293
125678 0.0151054199
125731 0.0150377284
126461 0.0150162812
126485 0.0149931756
126750 0.0149239375
127364 0.0148822395
128240 0.0148744639
128275 0.0148509928
128490 0.0148255359
128778 0.0147792595
128963 0.0147661603
129007 0.0146631708
129365 0.0146515245
130238 0.0146122335
131323 0.0145870604
131367 0.0145796168
131456 0.0145746625
131897 0.0145694026
132500 0.0145356047
132933 0.0145238036
132952 0.0145175245
133196 0.0144911116
133500 0.0144853665
133543 0.0144714880
134539 0.0144656091
134749 0.0144621340
135162 0.0144611061
135211 0.0144555312
135442 0.0144433792
135860 0.0144390822
135946 0.0144184037
136412 0.0144150821
136468 0.0144149513
136633 0.0144114409
137042 0.0143970693
137150 0.0143780529
137719 0.0143642481
138121 0.0143182310
140103 0.0143068615
140114 0.0142894346
141425 0.0142808796
141667 0.0142773256
142300 0.0142769579
142389 0.0142750784
142596 0.0142737417
142930 0.0142712649
143302 0.0142304815
145669 0.0142276917
146079 0.0142256790
146380 0.0142233041
146501 0.0142226459
146673 0.0142182341
146887 0.0142111202
148051 0.0142089259
148615 0.0142056329
148662 0.0142044935
148975 0.0141954730
150885 0.0141954550
151360 0.0141921762
151524 0.0141914426
151736 0.0141900597
151747 0.0141878739
151870 0.0141869064
152934 0.0141859443
153251 0.0141806627
154268 0.0141785301
154755 0.0141778897
155082 0.0141751250
156270 0.0141743595
156309 0.0141742037
156951 0.0141711854
158046 0.0141674894
159832 0.0141674752
160428 0.0141669120
160570 0.0141667140
160597 0.0141666002
161125 0.0141658336
161183 0.0141657731
161529 0.0141644573
162543 0.0141624563
163577 0.0141620173
164177 0.0141616266
164348 0.0141614348
164825 0.0141613098
165681 0.0141608129
166138 0.0141603933
167096 0.0141598076
167967 0.0141595935
169433 0.0141586643
171905 0.0141583886
172570 0.0141580822
173838 0.0141579164
174651 0.0141577829
175800 0.0141576191
176568 0.0141575694
176840 0.0141574599
176920 0.0141573444
177449 0.0141573409
177951 0.0141573098
178239 0.0141572505
178464 0.0141571397
178760 0.0141570580
180394 0.0141569898
180813 0.0141569868
180907 0.0141569753
180961 0.0141569642
180995 0.0141569479
181643 0.0141569257
181815 0.0141569106
182599 0.0141568105
182902 0.0141566832
185935 0.0141566697
186171 0.0141566524
186222 0.0141566427
186243 0.0141565753
188078 0.0141565628
188824 0.0141565553
188878 0.0141565451
189199 0.0141565183
189460 0.0141565159
190021 0.0141565033
190749 0.0141564603
190989 0.0141564429
193451 0.0141564298
194839 0.0141564182
194962 0.0141564140
196030 0.0141564127
196080 0.0141563864
199304 0.0141563544
200152 0.0141564341
evaluations raw_y
1 3546.5822910657
6 2871.2997046361
17 2517.5204267728
22 2333.7681335490
40 2256.1534234962
90 1598.6167346890
564 1509.4886013260
760 1273.5725888138
9646 1255.8459659034
9824 1040.1497769665
10027 973.9026576235
12002 962.7666420556
12332 906.6652110256
12768 865.9078321492
12829 765.1191081916
13135 743.0054071062
13530 589.4596415989
15180 533.9848816893
16802 506.6237412685
16838 504.6272665110
18327 484.6958600677
18354 480.4411133251
18393 473.1919413412
18837 471.3835913059
18877 449.6644368700
19136 439.2859933221
19177 425.2592651180
19209 422.4687132891
19405 362.9516544916
19882 342.2948484315
20682 313.5100205921
21001 309.8823155011
21401 273.2026710351
22593 256.9129488970
22905 238.7030409549
23155 233.3988883786
23912 200.4705867093
24999 183.1648563384
25455 155.0720309916
25840 108.6488825968
30758 102.4593202432
30990 96.3906292909
31256 91.9538395836
31579 84.4543732884
31835 74.8663535554
32668 72.7604281704
33182 67.1007031039
33626 63.4997030491
34609 61.5265300262
34695 55.4516474219
34776 54.3634308033
35734 49.1613094995
37123 46.5388568082
37448 46.1788078200
37929 42.2389224632
38284 41.6278885643
38711 38.5641587190
38793 38.4566744477
39555 36.7633433378
39613 32.2384210119
40661 29.1516910731
41310 27.2594126253
41340 27.1849444843
42370 21.8547126895
43627 20.8845033797
43850 17.9401669178
45271 17.5968356390
46237 16.9086240666
46508 15.6934414563
46910 14.6336022235
46942 14.4288757114
47434 12.7975996990
47774 11.7769487914
48910 11.5323965242
49006 10.5651095233
49251 10.4560991881
49597 9.8883668910
49681 8.4767184318
51025 8.3166358687
51532 7.9403394022
51763 6.2516783572
53184 6.0152926651
54139 5.7743596907
55097 5.6498378719
55297 4.7410471280
55331 4.5709671287
55630 4.3013886927
57756 4.0457739950
57978 3.9566193809
58292 3.7683215765
58387 3.7277058504
58880 3.0260606877
60532 2.8951265395
60676 2.8527600089
61631 2.5760572794
62102 2.3983579516
62899 2.2540618056
62967 2.2383877930
62993 2.2205420974
63309 2.0823618338
63903 1.7317816638
64081 1.5397057354
64852 1.5040763297
66172 1.4967677334
66202 1.4489896938
66205 1.4428989026
66727 1.4102608153
66878 1.0933145139
67335 1.0125738611
68754 0.9620355801
69100 0.8959976818
69882 0.8814401818
70481 0.8504468014
70831 0.8456423391
71234 0.7521134292
72646 0.7019874954
72885 0.6951714048
73021 0.6676056286
73238 0.6329352906
73500 0.5897619487
73756 0.5880780168
74887 0.4623459969
76333 0.4510843971
76972 0.3911765881
78539 0.3711443371
78759 0.3610888211
78770 0.3608505741
79064 0.3480016887
79105 0.3029588561
79611 0.2976993904
79861 0.2830896756
81578 0.2816053801
81694 0.2804345818
82059 0.2739804591
82117 0.2692250898
82155 0.2337194919
84326 0.2325284613
84491 0.2199014311
85348 0.2148909857
86088 0.2074962975
86348 0.2010166594
86663 0.1874359787
86846 0.1774080928
87722 0.1535787143
89800 0.1417921629
91268 0.1404536876
91590 0.1353758264
93263 0.1253121718
93584 0.1249563558
94217 0.1234896547
94543 0.1232604049
95296 0.1136539331
97089 0.1121896883
97111 0.1116393653
97706 0.1104711520
97901 0.1101412841
98186 0.1081178554
98668 0.1079983716
99045 0.1074103842
99878 0.1061641929
99929 0.1030222099
100132 0.1005774636
101408 0.0995775466
101656 0.0987937331
101814 0.0980358282
102407 0.0973479426
102750 0.0973424814
102862 0.0969350856
103225 0.0966092045
103380 0.0964879298
103473 0.0963790632
103754 0.0962648150
103859 0.0946162811
104337 0.0943985354
104660 0.0941882582
104932 0.0920884819
105328 0.0896926036
106315 0.0896685552
106636 0.0893984165
107408 0.0879477423
109122 0.0860705260
110261 0.0851940831
112871 0.0847130110
113310 0.0847026345
113722 0.0842307635
114098 0.0838141393
116322 0.0837279019
116893 0.0837254779
117057 0.0834719641
117559 0.0831699526
118048 0.0829615521
118901 0.0828408883
119225 0.0827923370
119510 0.0827728272
119763 0.0827227879
119881 0.0826732535
120274 0.0826010365
120517 0.0825514233
121046 0.0825232469
121458 0.0823311832
122162 0.0823125789
122617 0.0823062747
122667 0.0823004264
122789 0.0821418181
123596 0.0819541895
124497 0.0818058392
126002 0.0817894642
126851 0.0817762593
127545 0.0817438918
127611 0.0817397246
128280 0.0816796766
128892 0.0815823506
131061 0.0815613881
131601 0.0814882596
132352 0.0814738548
132779 0.0814410461
133078 0.0813484906
136216 0.0813306303
136810 0.0813292922
138146 0.0812509899
138980 0.0812383156
142031 0.0812378615
142271 0.0812326805
143182 0.0812315587
143391 0.0812073434
145385 0.0812057716
146332 0.0811962468
146746 0.0811928988
146870 0.0811715802
152686 0.0811611736
193215 0.0764475463
194238 0.0755552373
194283 0.0754313917
194343 0.0709411294
194762 0.0626122488
195000 0.0608308526
195439 0.0607005604
195785 0.0597961107
195802 0.0513905364
196411 0.0513166153
196540 0.0485730886
197275 0.0483921088
197314 0.0450685275
197758 0.0438323982
198285 0.0387654486
198619 0.0365892427
199335 0.0334649488
199673 0.0307906648
200152 0.0519943406
evaluations raw_y
1 3557.5419886744
10 2917.4615032633
19 2790.6612752721
20 2654.2027744971
29 2504.7118342292
112 2385.9570452472
125 2214.5375262584
167 2123.0086822237
314 1868.9384968330
582 1638.7911130640
635 1270.2429214955
9344 1172.8831224916
10425 1099.2750051560
11289 1080.7296070509
11691 1068.0427978694
11712 971.0423190935
12550 766.3145741337
14488 627.2012332379
15470 607.0961587908
16020 587.4933007775
16147 575.1348352894
16743 572.5028303649
16883 556.9605410553
17031 549.8829406375
17228 545.1169705287
17297 489.4248020799
17616 430.0781913570
18312 390.5239465291
20002 313.0793593582
20807 305.7869303631
21820 286.0415355233
23454 271.1191214859
23644 267.3152152323
23841 261.8977877376
23979 261.5312643851
24195 259.4632484094
24278 237.1239850253
25014 220.4539456625
25076 208.0496456177
25322 181.1691127079
26917 176.8728396863
27125 139.5992912702
28820 124.8308221117
29486 101.5956164586
31580 85.9756990675
33007 84.2967922450
33377 84.0309493581
33389 81.3852233982
33618 76.6840087367
34526 66.0089451302
34817 63.8959714826
35323 53.9864520497
35903 52.2456707714
36291 49.6717222512
36333 49.5846792949
37444 44.5227807912
37659 44.5099327830
38070 43.9764985882
38092 42.1131202443
38376 40.0146337515
38494 38.2071468094
38926 29.9990123503
41123 26.1645699085
43327 25.3315786137
43765 23.1710384783
44814 22.4513100488
44965 14.1567040994
46655 13.9268926367
47945 13.5523626120
48463 12.5219313457
49371 12.3050324472
49395 11.8972153366
49627 11.3043153040
50129 10.2756447875
50976 9.8640740599
51108 9.2832506632
51401 7.2654367649
53955 7.2563236025
54499 7.2225570586
54613 6.4632331628
55233 5.9559011843
55253 5.7970142571
56048 5.7900806100
56518 4.9034847915
58739 4.7545408998
58814 4.7100355309
59246 4.6747266840
59282 4.5763386064
59385 4.5498957868
59415 4.2482235326
59675 4.0301993485
59828 3.7148823746
60496 3.1029252095
62501 2.9155943287
63870 2.7045842964
65254 2.6669104021
65634 2.4255416286
66797 2.3911270793
68429 2.3164628375
69613 2.2925777526
70016 2.2346894370
70329 2.2098679843
70697 2.2026167638
70996 2.0556790388
71421 1.8037815442
73514 1.7956405204
73991 1.5621768875
74438 1.5566773873
75600 1.5183025012
77696 1.4958673418
77947 1.4093225253
80870 1.3900316743
80920 1.3872515152
80969 1.3630619738
81346 1.3062265733
82754 1.2975655364
83436 1.2852184480
83923 1.2661342840
84371 1.2235792514
84860 1.1955329303
86079 1.1799303194
86497 1.1704275363
87129 1.1620545947
87445 1.1611527277
87532 1.1515117236
87546 1.1410508589
87811 1.1406160100
87865 1.1400400458
88009 1.1135306998
89042 1.0886789075
116175 1.0819987437
116322 1.0572288159
116327 0.9988768350
116376 0.9150610654
117313 0.8902763897
118120 0.8722236451
118164 0.8231162690
118315 0.6985988018
119639 0.6647616934
119744 0.5933324418
121266 0.5903959796
121273 0.5881647305
121400 0.5468424054
121544 0.5418718771
121591 0.5090040375
121946 0.4981536186
122440 0.4582204756
122810 0.3880519969
122991 0.3505251786
124042 0.3357052107
124513 0.3330147484
124717 0.2952067823
126061 0.2666959281
126799 0.2521445285
126833 0.2508159783
127428 0.2268399901
128220 0.2056025538
128870 0.2025631482
129375 0.1986490127
129934 0.1788910010
130333 0.1569968703
130367 0.1356992431
132380 0.1146018219
132792 0.1140981836
133933 0.1069632745
134156 0.1066857608
134664 0.1056510468
134710 0.1044806719
135285 0.0884919413
135568 0.0838202703
135692 0.0822922628
136641 0.0682360679
137193 0.0592351752
138939 0.0456283294
140743 0.0452145582
141082 0.0405353273
141241 0.0404004929
141618 0.0354751476
142152 0.0348943303
142371 0.0244520116
144918 0.0227211361
145494 0.0224657577
145517 0.0200088395
146270 0.0193301664
146534 0.0182727819
147021 0.0168777825
148274 0.0145044385
148536 0.0135149660
148792 0.0131160947
150829 0.0130877270
150836 0.0128448384
150887 0.0119249982
151358 0.0115263236
151369 0.0104373547
152292 0.0094325101
152345 0.0093244103
152576 0.0083814243
153795 0.0081406489
154100 0.0075911933
154309 0.0074994320
154372 0.0072400645
154586 0.0068102961
154758 0.0067260246
154809 0.0062160250
154897 0.0052378733
156335 0.0048261033
157191 0.0038023422
158481 0.0035985104
159527 0.0031168170
161124 0.0028862906
161225 0.0026866322
161699 0.0022931213
162758 0.0019417029
165271 0.0017163613
165787 0.0016078921
166626 0.0016009995
166820 0.0014564583
166917 0.0014300884
167508 0.0013678967
168127 0.0013380803
168299 0.0011253174
169118 0.0011114829
169186 0.0010589048
169678 0.0008816137
170332 0.0008416506
172147 0.0007089288
172826 0.0006452907
173222 0.0005674438
174631 0.0005662407
174965 0.0005006765
175168 0.0004428702
176059 0.0004381979
176657 0.0004154989
176776 0.0003980081
176850 0.0003675286
176980 0.0003660499
177989 0.0003570857
178099 0.0003221593
178259 0.0002847324
178826 0.0002748976
179968 0.0002529443
180417 0.0002519685
180560 0.0002424648
180751 0.0002190053
181164 0.0002077607
181672 0.0002007345
182444 0.0001921265
182557 0.0001806441
182790 0.0001658307
183255 0.0001502082
184455 0.0001357770
185297 0.0001346930
185368 0.0001193852
185779 0.0001104677
186406 0.0001007271
187011 0.0000984620
187316 0.0000895072
187907 0.0000635887
190668 0.0000564691
192093 0.0000516942
192595 0.0000513916
192910 0.0000511700
193084 0.0000506522
193366 0.0000385337
194373 0.0000349929
195553 0.0000318178
196700 0.0000314397
196800 0.0000313866
197322 0.0000307915
197496 0.0000306571
197653 0.0000263641
197703 0.0000243087
198632 0.0000234880
200152 0.0000254854
evaluations raw_y
1 2510.8572703509
13 2432.0456329034
15 2272.9325036751
22 2031.9084279116
113 1994.6902157919
133 1832.2354891160
193 1659.3996781028
538 1484.5153157855
603 1212.8732701911
1102 1124.1702837667
10261 1094.8456936817
10425 1078.4710379989
10740 926.7229671077
11068 894.5743192616
12550 786.2362519395
12996 744.2509224081
13830 733.2068927420
14021 723.3416821582
14685 645.5455287074
14766 608.6635932610
15757 501.7131801401
16147 477.1699833518
17031 468.1713137404
17189 440.6296401114
17616 364.6122872639
18312 360.2907402332
19492 345.2527274176
20002 326.2443710142
20362 304.0514561832
20558 302.0915639499
20883 275.8752522855
21634 274.7640289383
22078 245.1848689055
22437 240.3414325895
22679 237.3505415263
23149 194.6496938410
23947 190.0439344866
24195 176.0167393066
25014 161.4550353297
25602 152.4542016527
25978 116.8968543330
27125 105.6796108586
29486 91.2691232176
30681 85.5460687720
30942 84.8060901040
31192 81.5921657321
31420 76.7068557387
31993 70.8637702515
33007 66.8679726669
33085 55.1297642722
33634 51.5485232043
34526 46.2865258262
35903 41.1993170636
36291 39.8867874005
37224 39.5242175103
37444 37.4357515128
37659 32.8029177639
38092 32.4635099253
38376 31.0259306527
38494 25.4786192923
38926 21.0132121066
42392 20.8656120919
42875 18.2205359765
43306 18.0957115688
43765 16.8490521894
44965 12.6519528608
46655 11.3661052983
47945 10.9850026306
48392 10.7525453091
48507 10.7107265117
48580 10.6375680816
48596 10.1509934158
49371 9.9627450060
49940 9.8843355214
50085 8.7545971594
50129 8.3952019747
50976 7.5528706376
51401 6.5284647936
53064 5.9843630147
53955 5.7204259261
54284 5.3378314861
54613 5.2858360909
55233 4.6282592270
55253 4.5851818293
56048 4.0324977336
56518 3.7950313746
57599 3.5924678449
58711 3.3290849079
59282 3.1108368527
59385 3.0122546856
59675 2.7750450413
59828 2.5692257924
60496 2.1077419060
62147 1.9217952483
62501 1.7578951777
62517 1.7183638862
63548 1.7082075593
63870 1.5229008760
66044 1.4155092200
66797 1.2618579019
68027 1.2580974695
68429 1.0964813839
69144 1.0911602202
69471 0.9548558318
71421 0.7858952174
73991 0.6910203590
74150 0.6752898691
74610 0.6543966997
75329 0.6495439279
75600 0.5983259208
76034 0.5739548008
77299 0.5457612366
77744 0.5347503605
77947 0.4932067750
78603 0.4590485345
79659 0.4406395183
80678 0.4339155890
80787 0.4174545502
80814 0.4152063539
80870 0.3953256191
81052 0.3753135487
82355 0.3329006457
83436 0.3165661861
84075 0.3128779204
84791 0.3095510847
84860 0.2885839636
86079 0.2842345020
86375 0.2713688375
86503 0.2709397915
86852 0.2663344905
87532 0.2571816506
87946 0.2518461494
88009 0.2360754137
89042 0.2312610311
89199 0.2228562836
89912 0.2202286413
90042 0.2186700236
90216 0.2005007845
91294 0.2003841570
91643 0.1928578875
91859 0.1909219591
91994 0.1878483545
92504 0.1863988039
92584 0.1808241572
93659 0.1763851862
93862 0.1717421276
94172 0.1710969173
94785 0.1678428929
95024 0.1672490251
95197 0.1611316292
95399 0.1608170523
95718 0.1581972495
96613 0.1574938788
96982 0.1487042500
97629 0.1474161389
97966 0.1465416666
99828 0.1392780879
100491 0.1385562998
100876 0.1312422530
106615 0.1302967036
107403 0.1297996073
107858 0.1281809584
107939 0.1281223981
108105 0.1263573176
109110 0.1260584820
109812 0.1253741427
109949 0.1227563255
112024 0.1226310895
112357 0.1222896746
112785 0.1209871260
113515 0.1209599744
114058 0.1198939592
114606 0.1198883700
114649 0.1184358774
115175 0.1182291268
116376 0.1177926855
119016 0.1177021989
119639 0.1176745062
119744 0.1174888665
121273 0.1169560470
122702 0.1168421418
122810 0.1162797313
123536 0.1160184750
123609 0.1156498862
124513 0.1156403637
124577 0.1156253181
124717 0.1153084925
125218 0.1152172409
161699 0.0880433276
162758 0.0781873515
165271 0.0743747488
165787 0.0683652294
166626 0.0676137663
166820 0.0624479080
166917 0.0600121453
167508 0.0585505320
167567 0.0530844361
168299 0.0454586349
169118 0.0447808309
169186 0.0440145099
169678 0.0402973628
169927 0.0382866689
170157 0.0374818874
170332 0.0346837408
171798 0.0345849678
171806 0.0327267430
172112 0.0326690371
172147 0.0289247418
172579 0.0267771322
172826 0.0242574701
172937 0.0239537023
173222 0.0230526323
174081 0.0227115115
174156 0.0211959872
174965 0.0185731907
175168 0.0165564283
176657 0.0154781323
176850 0.0152906046
176872 0.0148252904
176980 0.0145113629
177300 0.0144735174
177898 0.0137268642
178076 0.0132094743
178099 0.0126998531
178259 0.0119198681
178385 0.0107197592
178826 0.0101375235
179968 0.0089355620
181164 0.0082257004
181496 0.0079913085
181672 0.0073792689
182444 0.0072713631
182557 0.0068581723
182790 0.0059510382
183255 0.0057678122
183798 0.0054326801
184455 0.0046923485
185297 0.0046782899
185368 0.0041052221
186406 0.0038011497
186992 0.0034550608
187011 0.0031967334
187907 0.0022052647
190644 0.0021091383
190668 0.0019489056
192093 0.0017451820
192595 0.0017296608
192752 0.0017045481
193084 0.0016994910
193366 0.0012930940
193937 0.0012804326
194799 0.0012402430
195310 0.0012248935
195553 0.0011458698
195840 0.0009926234
196835 0.0009843291
197285 0.0009700479
197496 0.0009322284
197653 0.0007219137
200152 0.0007130134
evaluations raw_y
1 4140.6060216386
2 4131.4996498441
3 3843.9378156006
5 2915.2494702447
15 2817.6195395739
72 2817.0433228177
78 2113.9104090916
286 2018.2573671571
452 2011.5978327043
471 1811.5444378719
558 1701.7977499055
660 1691.3142309166
689 1684.0507418657
834 1396.8158142213
10342 1357.1476348285
10586 1311.1080509010
10745 1292.3381134536
11139 1170.5415095037
11168 973.8209772221
12212 966.8881974652
13337 882.6983124768
14417 875.6763902692
14547 875.6054213241
14642 857.5696639965
14767 840.8864462905
14825 693.4937071867
16284 680.6910661494
16375 654.2079733810
16509 631.4619232306
17089 583.8259197656
17906 524.5851024852
18222 517.6736922952
18601 449.4760422159
19310 442.9476899724
19767 407.5680712869
20358 387.0181652509
20557 381.3037559791
20562 358.8867596123
21119 303.3825097787
22377 251.1699618788
24214 231.1314453893
25617 197.6524608002
26439 195.9144976670
26676 182.8131267193
27221 179.9190696266
27483 168.0652629036
28106 142.9785157172
29441 139.2338590009
29570 114.4526889658
29714 103.1625826974
31888 102.7889761910
32209 98.0180256335
32352 87.7007199588
33298 74.5174317951
33446 70.3096114552
34189 67.5204315845
35025 58.6177492738
35548 57.7808467840
36417 44.8339111530
39050 43.6718247445
39094 41.6584897658
39802 38.1651508668
40211 36.5059276667
40896 35.5594756156
40904 34.7464208387
40968 34.6600945399
41418 32.9467213381
41476 31.9597193772
41836 29.9412751598
41990 29.4144974666
42393 28.9733662789
42828 28.2533335221
42834 26.4925006732
42837 26.1373840783
43256 24.4286515395
43540 22.0509300630
44225 21.2629593626
45026 17.0538695475
45671 15.7869066624
45910 12.3697519970
48148 10.9730468776
49520 10.2161906321
50033 6.9716166243
51738 6.8910760439
52694 6.4712743873
52706 6.3113400514
54181 6.2680332661
54507 5.1098615052
55341 3.8394653613
57538 3.4132281601
58893 3.3576315376
59801 3.1975999562
59855 3.0458064013
60269 2.8107936624
60374 2.5231998392
61344 2.4705258485
61380 2.3389189765
62186 2.3044359057
62468 1.9348061484
62680 1.6489537869
63250 1.5904063267
64835 1.5322106891
65047 1.4969876421
65615 1.4289764459
66218 1.3562850719
66544 1.1251310268
67816 0.8630405080
69517 0.8515188104
69565 0.8039776772
70698 0.7831681435
71028 0.6840375485
71648 0.6480232447
71668 0.5396866711
72463 0.5317377651
73585 0.4834922702
75165 0.4624368754
75229 0.4453557364
75661 0.4371566894
75697 0.4339845639
75800 0.4149904573
76090 0.3984750811
76185 0.3847269197
76546 0.3741405482
76853 0.3266709802
77839 0.2924382534
78550 0.2740257812
78932 0.2379086134
80209 0.2250809914
80683 0.2145791381
80715 0.2027007794
80788 0.1911239557
81328 0.1841278059
82238 0.1805038549
83212 0.1533128109
84613 0.1495609734
84844 0.1469382762
85275 0.1316780371
86378 0.1293047100
86625 0.1288340780
87471 0.1252927902
87598 0.1243425916
87718 0.1132694301
87836 0.0971516799
89205 0.0968391968
89543 0.0870904484
90853 0.0808079842
91025 0.0800958307
92015 0.0665073199
93087 0.0620601745
94362 0.0616669304
94523 0.0605413624
95396 0.0582530511
95586 0.0576945279
95842 0.0556462303
96054 0.0555267505
96117 0.0544902503
96858 0.0533318244
97247 0.0507122360
98010 0.0492527028
98770 0.0448284601
100385 0.0432042447
100490 0.0422992797
101275 0.0420980183
101460 0.0414755695
101526 0.0409594108
102277 0.0401698051
102425 0.0400701286
102918 0.0392503632
103267 0.0390517941
103453 0.0389412570
103849 0.0389005775
103860 0.0385833707
103947 0.0374073977
104262 0.0368718262
104280 0.0366601675
104424 0.0365497809
105050 0.0347318577
106327 0.0344441746
106631 0.0331261352
108274 0.0317676570
108999 0.0315713499
109778 0.0314071197
110277 0.0313984636
110587 0.0309639581
111200 0.0307600636
111612 0.0303148950
112049 0.0298320990
113401 0.0296559431
113935 0.0296330635
114201 0.0295656808
114329 0.0294875784
114381 0.0294754995
114589 0.0293166251
115149 0.0292969056
115182 0.0292881058
115363 0.0292280502
115529 0.0291229028
115641 0.0289321791
115892 0.0288085486
116481 0.0286535183
116906 0.0284036580
117291 0.0280908637
118947 0.0280820717
120113 0.0279686777
121040 0.0279498978
121163 0.0278621122
121902 0.0277035780
122576 0.0276396447
122681 0.0275973810
122804 0.0275780500
123315 0.0275637496
123936 0.0275194827
124130 0.0274690350
124250 0.0274526809
124413 0.0274036438
124633 0.0273900664
125252 0.0273055611
126227 0.0272492156
127730 0.0272260490
127836 0.0272193553
127912 0.0272058972
128061 0.0270948821
129546 0.0270658710
130432 0.0270360269
131064 0.0269703287
132112 0.0269597049
132410 0.0269296724
132590 0.0269088162
133809 0.0268931687
134272 0.0268927140
134453 0.0268760395
135431 0.0268734817
135561 0.0268642547
135899 0.0268343342
137603 0.0268268690
137866 0.0268203709
137959 0.0268173271
138006 0.0268042257
138046 0.0268022218
138919 0.0267815551
141301 0.0267567460
143214 0.0267542306
143220 0.0267533720
143248 0.0267499684
143843 0.0267352555
145723 0.0267312427
145934 0.0267257473
146664 0.0267208016
147643 0.0267197841
147669 0.0267197629
148774 0.0267175315
148784 0.0267173876
148795 0.0267149391
148917 0.0267142910
149626 0.0267141115
149713 0.0267132356
149958 0.0267107182
149967 0.0267075922
151070 0.0267044532
151983 0.0266990476
155354 0.0266957544
155568 0.0266944359
157656 0.0266927166
158786 0.0266915194
160417 0.0266913854
160428 0.0266908738
160551 0.0266904837
161148 0.0266903340
161333 0.0266899275
161932 0.0266889219
163849 0.0266887525
163886 0.0266886407
163965 0.0266884499
164646 0.0266884498
164689 0.0266878959
164951 0.0266871707
166727 0.0266864166
167784 0.0266860540
168707 0.0266859784
169109 0.0266858201
169219 0.0266857714
169626 0.0266857681
170515 0.0266856795
170546 0.0266856357
170580 0.0266854751
171224 0.0266852065
172626 0.0266851525
173506 0.0266850618
173606 0.0266849902
174415 0.0266849137
174896 0.0266846791
176648 0.0266846578
177136 0.0266846352
177640 0.0266845962
177696 0.0266844899
178114 0.0266842869
179173 0.0266841711
182299 0.0266841116
182519 0.0266840910
182793 0.0266840853
183332 0.0266839944
184714 0.0266839513
185601 0.0266839084
186130 0.0266838839
188190 0.0266838773
188563 0.0266838569
188632 0.0266838354
188994 0.0266838256
189718 0.0266838198
190489 0.0266838097
190906 0.0266838089
191050 0.0266837851
191583 0.0266837558
193287 0.0266837541
193299 0.0266837438
193870 0.0266837377
194800 0.0266837323
196383 0.0266837221
196418 0.0266837216
196832 0.0266837212
197166 0.0266837133
197880 0.0266837130
197911 0.0266837123
198091 0.0266837078
198877 0.0266837076
198972 0.0266837064
199205 0.0266837028
199670 0.0266836877
200152 0.0266837216
evaluations raw_y
1 4713.0301993606
2 2301.2155333821
6 2169.6595820500
20 1916.2378103617
21 1855.9933918239
22 1812.6442320346
87 1716.3243818033
122 1490.3148907814
238 1446.7442745211
344 1250.8871934878
375 1247.5280891296
774 1102.4787020672
8137 1034.1997232631
8434 1029.2457483289
8833 1026.9658942286
9209 1011.1196513543
9258 982.6002927554
10080 932.5736937390
10304 852.1747083721
10959 801.5702848862
11106 712.7975602221
11363 630.1398348152
11505 601.2476071894
13277 596.4101449507
13651 578.3175034485
13879 575.7491772194
14013 536.5174911415
14045 534.1749121395
14819 532.3254361131
14882 528.9913851452
14950 521.9997602430
14977 509.4250978523
15162 503.9737670195
15215 472.3795077605
15599 429.9898740964
15907 410.1993264210
16547 409.1904715401
16568 382.9037794430
16673 361.8226391606
17216 323.7910157950
17703 319.1021737831
18358 315.6556939381
19149 312.8424265595
19217 292.2173018919
19686 280.9012984054
19743 275.6491504432
20439 227.4838587089
21794 173.3136910333
22822 170.2239658952
23523 165.3540386620
24565 151.5946135690
24600 143.0518203967
26115 132.9009599003
26775 125.5238871774
27198 123.7763940810
27351 117.9207440148
27463 99.5955528874
28736 93.2255277313
29142 84.3934212550
29421 71.1850401932
30878 65.4576716289
31711 64.9394643628
31830 59.2784778086
32871 56.0519316201
33302 44.5712265374
35005 43.9885860324
35431 37.7939522900
35675 33.8972631105
35690 32.5202157717
37115 29.8627711820
38072 28.9637053197
38275 28.6981358514
38730 25.8410044530
38808 25.0282117387
39029 20.9178187693
40115 20.6549381872
40724 19.4187864460
41072 17.7787266519
42253 14.9233657319
43668 14.3623958242
44276 14.0155028569
44602 13.7471797573
44728 13.6235639077
44730 13.4257517069
44852 12.7344513803
44919 12.4887122555
45510 9.8803606879
46430 8.1415515371
47143 7.1836867347
48657 6.7990089017
49248 6.6031735342
50038 6.5471312514
50665 5.1534266795
51500 5.0554526816
52436 4.6143512812
53280 4.6013628754
53337 4.4009703901
53573 4.2293596861
53783 3.2991693662
54975 3.2141968314
56041 3.0383472186
56381 3.0215879703
56738 2.4433574656
58193 2.3780806113
58738 2.1837178331
59803 2.0892061544
59866 2.0656925316
59884 1.9941839081
60192 1.9927748742
60480 1.8492006447
61066 1.8318930370
61359 1.8301441407
61505 1.7650184050
61563 1.7412552083
61605 1.4002518867
63094 1.3955312102
63454 1.3119703237
63831 1.2464079925
63903 1.1679772248
64977 1.1502894245
65265 1.0500017582
65429 1.0069342951
67146 0.9905095489
67157 0.9567562316
67455 0.8212720206
68877 0.8174821039
68927 0.7883533950
69316 0.7476068063
70298 0.7364518217
70367 0.7128318272
70591 0.6995414976
70802 0.6635978968
70838 0.6223481381
72294 0.5804659084
72722 0.5611958179
73023 0.5471143160
73469 0.5310721797
74147 0.5275569069
74292 0.5273248447
75227 0.5012094245
75377 0.4880706624
75465 0.4601951445
75756 0.4526320180
75830 0.4425726181
76444 0.4386194981
76771 0.4370115969
77130 0.4328418196
77248 0.4150900857
77343 0.3833838342
78050 0.3528867915
78827 0.3528442014
79163 0.3528214690
79373 0.3514748774
79807 0.3436254724
81016 0.3411023114
81068 0.3179600761
82130 0.3138622066
82950 0.3098466951
83031 0.2957981981
83241 0.2925769123
83676 0.2844598590
83891 0.2747268941
84339 0.2646412473
86153 0.2535159219
86529 0.2483876689
86694 0.2450544234
88502 0.2449037714
88868 0.2432503051
89070 0.2322744788
90069 0.2322324473
90245 0.2291788404
90522 0.2274430534
91120 0.2249250075
91619 0.2220193720
91770 0.2219583823
92305 0.2219206411
92603 0.2130185034
94699 0.2128450087
94765 0.2109104507
96064 0.2091004492
96378 0.2085612009
96412 0.2082248814
96894 0.2061859055
97761 0.2053989660
98914 0.2050534851
99058 0.2048174685
99300 0.2032017583
99460 0.2025561181
99805 0.2021092032
99833 0.1998686696
101750 0.1986986635
102263 0.1986218704
102310 0.1985761120
102575 0.1970946366
103989 0.1965274489
104130 0.1963514844
104476 0.1961295310
104714 0.1956909714
105832 0.1950629314
106219 0.1950356979
106868 0.1943492040
107101 0.1937418800
108964 0.1934383725
109830 0.1933879928
109831 0.1928023851
110713 0.1927533829
111281 0.1926972129
111893 0.1926316946
112222 0.1924910761
112551 0.1922640479
112695 0.1919538738
112968 0.1919016928
114182 0.1918742941
114441 0.1918525444
114473 0.1916997895
115337 0.1916063729
115368 0.1915681278
116278 0.1915380442
116335 0.1913086614
116632 0.1912579828
117870 0.1912133156
118113 0.1911628448
118584 0.1910944733
118746 0.1910779358
119085 0.1909620142
119119 0.1909162352
121065 0.1908636149
121300 0.1908432132
121392 0.1908140971
121946 0.1907315719
122256 0.1906703822
124284 0.1906025045
124629 0.1905964527
125110 0.1905758156
125309 0.1905298866
125580 0.1905057158
126351 0.1904901085
126836 0.1904067706
127037 0.1903866386
128080 0.1903401509
128763 0.1902691562
130687 0.1902666445
130960 0.1902102106
134148 0.1901796185
134492 0.1901683988
134678 0.1901575810
135686 0.1901441082
136288 0.1901288196
136970 0.1901225160
137309 0.1901139330
137397 0.1900920244
137618 0.1900814287
138018 0.1900661982
139687 0.1900471304
140806 0.1900456589
141204 0.1900374055
141541 0.1900262526
141975 0.1900214361
143974 0.1900144425
144533 0.1900118834
144573 0.1900005711
149430 0.1899957323
191347 0.1832221411
192021 0.1686233690
192402 0.1684413878
192761 0.1409834716
194209 0.1393510842
194213 0.1367234239
194245 0.1275824366
195623 0.1206200194
195791 0.1170278115
196155 0.1129138880
196333 0.1049969752
196714 0.0969328099
197523 0.0919009389
197561 0.0846866062
197651 0.0704827260
199835 0.0682119410
200091 0.0555838694
200152 0.0768425580
