evaluations raw_y
1 4045.1357430962
2 872.2209027095
6 392.9239188217
20 230.4708833919
38 228.8477398655
55 209.9092647207
58 184.8547173975
67 173.9268966967
74 162.5311553823
84 155.6142219464
103 132.5786668467
158 130.7954617493
170 126.8651141139
176 114.0256265316
209 110.1617899115
218 104.7397267895
220 99.4511834179
288 90.4601598297
373 88.7129572861
437 81.4112810760
450 77.2655848422
520 73.3576431319
523 68.2640942616
639 66.8054428979
980 66.0480549447
1228 59.8661823691
1802 53.8947684537
2703 35.9587449946
7182 30.7154289966
7261 27.8328400982
7339 27.7786243910
7449 24.2854837033
7496 22.6691617187
7741 21.2698949319
7787 21.0609949932
7796 20.8576997063
7856 16.3468271633
7919 14.8848943317
8018 14.7121114357
8095 14.4492093851
8198 13.8505972357
8220 13.6114980085
8277 13.4371636206
8288 12.7673474711
8339 12.6802333527
8347 12.5530658853
8454 12.4867133760
8455 12.2768193112
8559 12.2104867540
8630 12.1903182577
8687 12.1399173814
8729 12.1312056489
8739 12.0914661724
8740 12.0652024158
8761 12.0168389348
8804 11.9752426032
9043 11.9718280804
9071 11.9702352677
9074 11.9455786637
9083 11.9287095113
9113 11.9170877827
9176 11.9016135763
9305 11.9001975089
9333 11.8972603960
9432 11.8918666717
9444 11.8889781236
9453 11.8880257309
9535 11.8846499515
9579 11.8830650717
9584 11.8815558738
9617 11.8807116441
9640 11.8740161893
9845 11.8726566280
9957 11.8726432295
9962 11.8722461496
9965 11.8674430368
10079 11.8665464541
10106 11.8664280088
10109 11.8662066834
10154 11.8660019880
10162 11.8647470662
10305 11.8640864748
10363 11.8640596029
10404 11.8626480587
10439 11.8602094520
10655 11.8599711196
10700 11.8596855321
10808 11.8593616889
10832 11.8592573723
11058 11.8591140066
11065 11.8590096614
11125 11.8586915460
11273 11.8586584022
11368 11.8586218391
11375 11.8586048298
11439 11.8585965835
11492 11.8585823869
11494 11.8585718612
11502 11.8585501012
11531 11.8585437093
11564 11.8585416687
11615 11.8585402511
11748 11.8585350993
11754 11.8585317274
11769 11.8585235530
11877 11.8585195838
11913 11.8585156781
11932 11.8585155156
11942 11.8585145389
11956 11.8585111213
11981 11.8585036656
12063 11.8585013387
12097 11.8585001706
12106 11.8584989302
12131 11.8584968887
12197 11.8584956779
12383 11.8584950515
12384 11.8584949842
12391 11.8584948479
12413 11.8584945827
12421 11.8584945803
12435 11.8584945474
12488 11.8584942478
12574 11.8584942072
12631 11.8584940236
12669 11.8584940112
12671 11.8584938344
12773 11.8584937689
12858 11.8584937553
12885 11.8584937406
12897 11.8584937188
13029 11.8584936995
13202 11.8584936938
13213 11.8584936932
13337 11.8584936914
13421 11.8584936887
13428 11.8584936857
13473 11.8584936834
13492 11.8584936813
13515 11.8584936810
13613 11.8584936804
13629 11.8584936800
13704 11.8584936795
13730 11.8584936786
13838 11.8584936782
13868 11.8584936779
13960 11.8584936778
13988 11.8584936775
14025 11.8584936771
14143 11.8584936771
14194 11.8584936770
14240 11.8584936770
14283 11.8584936769
14336 11.8584936769
14381 11.8584936769
14456 11.8584936769
14500 11.8584936769
14541 11.8584936769
14566 11.8584936769
14624 11.8584936769
14644 11.8584936769
14684 11.8584936768
14721 11.8584936768
14734 11.8584936768
14745 11.8584936768
14793 11.8584936768
14868 11.8584936768
14934 11.8584936768
15053 11.8584936768
15171 11.8584936768
15239 11.8584936768
15323 11.8584936768
15388 11.8584936768
15497 11.8584936768
15581 11.8584936768
15647 11.8584936768
15876 11.8584936768
15986 11.8584936768
16310 11.8584936768
16404 11.8584936768
17216 11.8584936768
evaluations raw_y
1 566.7108364682
2 327.0025075535
15 277.1721451287
17 254.2912683078
25 206.4556807160
39 173.1033425658
49 155.6272506726
75 149.2737105419
123 143.0463964796
159 129.3707928973
176 121.8564736615
228 120.9077682811
232 103.0902825125
243 96.6614433321
251 93.9369955688
327 92.3645127449
374 84.0049337952
406 77.4350051623
488 72.4767256990
523 65.9802346773
627 60.9177547389
650 53.5683608326
953 49.8362817377
1185 48.6418668587
1516 48.2876634484
1517 38.3850667715
5806 37.3881335426
7117 36.6689689684
7813 35.5085965418
9654 31.7086520711
10939 29.7623435766
14724 27.5847033221
16049 25.7188472198
16741 24.0744142602
16781 21.0388331659
16861 18.5929733459
16995 18.0627269935
17056 14.7663348308
17204 12.4387334238
17241 11.9677629725
17295 10.7086872863
17336 9.9228301607
17373 8.7787765558
17499 7.9845737587
17646 7.6491216993
17700 7.3930587603
17719 6.3588964630
17740 5.8030133051
17741 5.7785234215
17810 5.3672871100
17958 3.7651278332
17972 3.7314781306
18376 2.6733728828
18649 2.5821899349
18683 2.5360221578
18945 2.1914157689
18969 2.1819421948
18977 2.0390454478
18981 1.9411278021
19253 1.8834668624
19399 1.8601339934
19418 1.8226908219
19490 1.7652841585
19581 1.7321911680
19632 1.5417168903
19948 1.5406917942
20034 1.5085473176
20127 1.4822951531
20211 1.4737570197
20352 1.4188837674
20591 1.4167197188
20616 1.4058335861
20685 1.3795145321
20852 1.3566305957
21037 1.3532343965
21057 1.3502272064
21082 1.3418981719
21103 1.3381879677
21125 1.3251999838
21280 1.3241907131
21430 1.3239735326
21475 1.3235569083
21481 1.3212328918
21505 1.3207388567
21514 1.3199006229
21543 1.3189801065
21590 1.3186722737
21660 1.3183487451
21696 1.3183112568
21739 1.3178152116
21748 1.3176758869
21778 1.3175062172
21808 1.3168307654
21866 1.3167157474
22036 1.3166031316
22077 1.3165042371
22083 1.3164949645
22233 1.3164309909
22257 1.3163413430
22311 1.3162577044
22380 1.3162240334
22410 1.3161917238
22508 1.3161316769
22756 1.3161034644
22899 1.3160875943
23091 1.3160838629
23259 1.3160811365
23276 1.3160801831
23319 1.3160796005
23354 1.3160788228
23362 1.3160784344
23388 1.3160780953
23396 1.3160778594
23405 1.3160770005
23426 1.3160767507
23496 1.3160759449
23507 1.3160756542
23585 1.3160753044
23725 1.3160749245
23794 1.3160748578
23876 1.3160747445
24003 1.3160747104
24004 1.3160746824
24037 1.3160746717
24040 1.3160746292
24062 1.3160745966
24160 1.3160745900
24174 1.3160745752
24183 1.3160745741
24193 1.3160745630
24219 1.3160745556
24237 1.3160745293
24247 1.3160745235
24480 1.3160745212
24668 1.3160745211
24748 1.3160745202
24766 1.3160745199
24787 1.3160745198
24803 1.3160745183
24826 1.3160745177
24840 1.3160745168
24844 1.3160745167
24892 1.3160745162
24925 1.3160745159
24928 1.3160745159
24993 1.3160745155
25084 1.3160745154
25150 1.3160745151
25323 1.3160745150
25324 1.3160745150
25354 1.3160745150
25440 1.3160745150
25504 1.3160745149
25648 1.3160745149
25674 1.3160745149
25724 1.3160745149
25751 1.3160745149
25752 1.3160745149
25755 1.3160745149
25756 1.3160745149
25853 1.3160745149
25875 1.3160745149
25915 1.3160745149
26013 1.3160745149
26223 1.3160745149
26420 1.3160745149
26494 1.3160745149
26607 1.3160745149
26843 1.3160745149
evaluations raw_y
1 405.5135368291
3 300.6099633222
5 243.2062171692
14 226.7447708517
54 202.1123711485
67 180.2018265184
95 159.4312705096
102 152.9480192341
104 143.3783880400
110 132.6239171096
113 126.9890590621
131 115.8121529590
164 111.6557167917
223 111.4347999153
249 106.7636491333
255 83.8881741486
320 75.8301910397
420 73.7834557031
621 69.0168559053
626 60.5836606359
1259 60.4708222319
1272 54.2214269258
1564 52.1260091380
1788 43.6224480189
4034 38.5637811845
9736 36.1574768808
9861 33.0183516938
9920 26.5659518056
10113 25.8282391191
10124 20.5879821693
10218 19.7843810005
10371 17.9344176594
10504 17.7014585091
10582 17.0159708944
10741 16.9535946900
10770 16.0662585964
10916 15.7033642559
11025 15.6651718848
11241 15.0290953357
11440 15.0011059371
11557 14.7674318505
11620 14.6928280706
11678 14.5409426151
11685 14.4846482173
11702 14.4724149816
11716 14.4479778952
11794 14.4181007534
11806 14.4114821349
11834 14.2925240682
12120 14.2623738791
12163 14.2323662929
12196 14.2307157630
12215 14.2035422158
12251 14.1894076121
12312 14.1410854603
12768 14.1384209668
12792 14.1045416371
12960 14.1043289069
12982 14.0988365024
12988 14.0881154087
13082 14.0877475064
13133 14.0873155032
13162 14.0855855570
13206 14.0829682930
13217 14.0823016374
13274 14.0793287523
13437 14.0769268730
13493 14.0767817547
13561 14.0757979442
13656 14.0752023111
13721 14.0746763255
13885 14.0746241622
13913 14.0743833539
13972 14.0741992128
14039 14.0741979647
14040 14.0741799817
14113 14.0741082182
14155 14.0740330862
14419 14.0740302315
14428 14.0740007036
14441 14.0739932058
14454 14.0739862700
14536 14.0739858114
14546 14.0739699787
14565 14.0739671897
14598 14.0739657761
14636 14.0739550159
14653 14.0739470615
14750 14.0739459525
14756 14.0739439074
14772 14.0739422081
14792 14.0739373363
14806 14.0739352471
14828 14.0739342076
14890 14.0739330155
14945 14.0739322193
14989 14.0739310529
14997 14.0739301399
15001 14.0739277264
15142 14.0739274382
15168 14.0739274135
15180 14.0739265000
15294 14.0739263702
15304 14.0739256085
15376 14.0739252970
15491 14.0739250676
15600 14.0739250647
15679 14.0739250602
15739 14.0739250327
15767 14.0739249904
15805 14.0739249271
16067 14.0739249161
16114 14.0739249143
16142 14.0739249109
16209 14.0739249039
16364 14.0739249032
16419 14.0739249020
16476 14.0739249018
16492 14.0739249006
16518 14.0739249006
16593 14.0739249006
16603 14.0739248999
16612 14.0739248994
16674 14.0739248994
16732 14.0739248991
16791 14.0739248991
16805 14.0739248990
16820 14.0739248989
16821 14.0739248989
16839 14.0739248986
16884 14.0739248986
16964 14.0739248986
16970 14.0739248986
16998 14.0739248985
17065 14.0739248985
17079 14.0739248984
17117 14.0739248984
17238 14.0739248984
17258 14.0739248984
17358 14.0739248983
17635 14.0739248983
17714 14.0739248983
17746 14.0739248983
17754 14.0739248983
17776 14.0739248983
17853 14.0739248983
17867 14.0739248983
17878 14.0739248983
17914 14.0739248983
17990 14.0739248983
18032 14.0739248983
18058 14.0739248983
18063 14.0739248983
18166 14.0739248983
18186 14.0739248983
18337 14.0739248983
18421 14.0739248983
18902 14.0739248983
18952 14.0739248983
evaluations raw_y
1 16639.5029909275
2 14639.5885576954
7 10768.2803419212
12 8491.2099119892
13 208.0250044797
24 199.0067101043
43 127.1134424915
77 99.3665954421
184 95.4773396135
272 92.8519098090
308 92.2860641554
349 87.2655298881
397 84.6067231177
463 83.7113334694
469 77.6669998410
470 72.5601600115
592 56.6802577590
1461 44.7730321542
4093 36.2336583241
10034 32.7528288892
10100 32.0771344395
10179 31.2722860795
10309 29.5721269183
10378 24.2683049091
10568 24.0433083472
10617 19.4029197002
10919 19.2109236512
10951 18.9979817497
11000 18.9745010784
11022 18.9045757895
11031 18.5648754164
11074 17.3599546459
11079 16.5297658483
11440 16.4111603198
11598 16.1468535422
11786 15.8787243760
11839 15.4759316672
11887 15.3346832463
11935 15.1706602369
11953 14.3834846413
12196 14.2948588358
12213 14.1576841273
12297 14.0221999500
12458 13.9547224680
12528 13.9507144780
12567 13.8019257308
12589 13.7799865418
12633 13.7718148505
12644 13.5975511961
13041 13.5937596683
13089 13.5575599398
13142 13.5475014167
13187 13.5396212152
13197 13.5248200832
13275 13.4852698646
13515 13.4837724484
13542 13.4730617218
13818 13.4712129622
13886 13.4703093279
13896 13.4682754383
13903 13.4668218709
13995 13.4668035057
14066 13.4665014932
14163 13.4658303641
14184 13.4656529740
14237 13.4649669977
14285 13.4645599683
14337 13.4645304728
14424 13.4639966346
14427 13.4639173096
14667 13.4634070426
14924 13.4633632158
14927 13.4632447759
14987 13.4630124138
15121 13.4629379097
15192 13.4629288447
15210 13.4629204343
15216 13.4628656864
15233 13.4628639475
15240 13.4628598706
15266 13.4628506855
15304 13.4628263809
15306 13.4627943122
15384 13.4627616881
15446 13.4627574008
15457 13.4627493711
15484 13.4627349770
15487 13.4627320152
15607 13.4627303513
15621 13.4627297450
15626 13.4627279649
15659 13.4627150889
15815 13.4627128649
15839 13.4627118381
15887 13.4627111193
15989 13.4627102086
16039 13.4627082374
16276 13.4627081105
16277 13.4627078109
16285 13.4627078100
16318 13.4627076496
16321 13.4627075926
16371 13.4627074602
16380 13.4627074430
16394 13.4627072605
16406 13.4627072489
16429 13.4627071988
16459 13.4627071923
16468 13.4627071836
16476 13.4627071332
16478 13.4627071059
16522 13.4627070332
16525 13.4627069401
16697 13.4627069370
16783 13.4627068860
16903 13.4627068789
16918 13.4627068765
16943 13.4627068725
16970 13.4627068626
17062 13.4627068618
17080 13.4627068599
17108 13.4627068565
17159 13.4627068547
17230 13.4627068528
17233 13.4627068510
17262 13.4627068510
17277 13.4627068507
17313 13.4627068493
17437 13.4627068491
17463 13.4627068481
17489 13.4627068478
17562 13.4627068477
17600 13.4627068477
17602 13.4627068471
17629 13.4627068470
17651 13.4627068469
17661 13.4627068469
17666 13.4627068469
17694 13.4627068466
17743 13.4627068465
17748 13.4627068464
17812 13.4627068464
17816 13.4627068464
17878 13.4627068462
17981 13.4627068462
18042 13.4627068462
18072 13.4627068461
18114 13.4627068461
18122 13.4627068461
18215 13.4627068461
18259 13.4627068461
18267 13.4627068461
18294 13.4627068461
18307 13.4627068461
18333 13.4627068461
18414 13.4627068461
18451 13.4627068461
18510 13.4627068461
18524 13.4627068461
18553 13.4627068461
18673 13.4627068461
18712 13.4627068461
18736 13.4627068461
18849 13.4627068461
18912 13.4627068461
18918 13.4627068461
18924 13.4627068461
18947 13.4627068461
18993 13.4627068461
19001 13.4627068461
19067 13.4627068461
19132 13.4627068461
19271 13.4627068461
19284 13.4627068461
19362 13.4627068461
19443 13.4627068461
19509 13.4627068461
19534 13.4627068461
19929 13.4627068461
evaluations raw_y
1 52495.5245068586
4 22367.2696478422
7 3276.3925897822
12 2790.9720222426
14 316.8078397478
22 286.0866545680
32 246.5758051331
43 196.0273415676
50 195.1513958083
53 186.9904535341
90 162.4068726639
96 157.2885918918
107 94.8464984564
244 80.4096095968
307 65.3124382689
1100 63.7131894928
1522 62.9500738752
1575 55.9268845450
2110 47.3764008962
2288 30.3341525087
14745 27.4095007114
14983 24.2773319496
15066 22.8248254202
15079 20.4080524269
15265 19.2061280021
15385 19.1342006875
15501 16.6096248290
15606 15.8634909242
15611 14.1733196676
16116 13.9468961321
16254 13.6482344345
16287 13.4603189616
16400 13.3436226897
16457 13.1763719936
16638 12.6729949166
16927 12.6109300697
16991 12.5929231259
17087 12.5589001833
17108 12.3523649141
17219 12.3289702869
17400 12.2595483809
17421 12.2172450841
17518 12.0435249161
17801 12.0231477264
17824 11.9616726396
17933 11.9456549147
18078 11.9423504128
18101 11.9379372858
18120 11.9304870917
18166 11.9076983764
18326 11.9061116910
18394 11.9035931523
18415 11.8985919861
18610 11.8939522829
18693 11.8922561102
18764 11.8909918728
18780 11.8905642876
18918 11.8896227127
18993 11.8891868016
19005 11.8888329775
19044 11.8880989704
19092 11.8873961370
19138 11.8873634562
19250 11.8871694364
19253 11.8864925802
19262 11.8857378718
19606 11.8857030518
19673 11.8856314569
19689 11.8856138714
19703 11.8856099132
19719 11.8855940427
19731 11.8855917600
19763 11.8855781502
19810 11.8855750890
19827 11.8855726548
19849 11.8855395133
19975 11.8855386158
19976 11.8855306346
19999 11.8855267599
20015 11.8855044334
20072 11.8854994076
20200 11.8854989741
20217 11.8854982155
20234 11.8854974895
20260 11.8854946200
20298 11.8854905161
20322 11.8854880265
20355 11.8854810386
20434 11.8854789171
20551 11.8854776220
20620 11.8854771580
20801 11.8854771501
20842 11.8854767811
20877 11.8854765781
20888 11.8854762729
20956 11.8854762164
21021 11.8854760777
21051 11.8854760768
21062 11.8854760516
21078 11.8854759975
21158 11.8854759385
21211 11.8854759231
21312 11.8854759150
21338 11.8854758677
21392 11.8854758296
21507 11.8854758139
21590 11.8854758103
21607 11.8854758017
21680 11.8854757971
21703 11.8854757955
21706 11.8854757954
21712 11.8854757907
21734 11.8854757880
21825 11.8854757873
21943 11.8854757848
21956 11.8854757841
21988 11.8854757831
22075 11.8854757825
22079 11.8854757824
22098 11.8854757821
22158 11.8854757818
22197 11.8854757816
22206 11.8854757813
22281 11.8854757809
22295 11.8854757805
22379 11.8854757804
22424 11.8854757804
22481 11.8854757804
22522 11.8854757803
22540 11.8854757802
22616 11.8854757802
22670 11.8854757801
22860 11.8854757801
22942 11.8854757801
22970 11.8854757801
22992 11.8854757801
23035 11.8854757801
23091 11.8854757801
23114 11.8854757800
23165 11.8854757800
23169 11.8854757800
23179 11.8854757800
23269 11.8854757800
23281 11.8854757800
23387 11.8854757800
23594 11.8854757800
23633 11.8854757800
23636 11.8854757800
23672 11.8854757800
23760 11.8854757800
23767 11.8854757800
23910 11.8854757800
24143 11.8854757800
24153 11.8854757800
24237 11.8854757800
24297 11.8854757800
24369 11.8854757800
24386 11.8854757800
24447 11.8854757800
24607 11.8854757800
25383 11.8854757800
26605 11.8854757800
45157 11.8854757800
evaluations raw_y
1 88883.4609034887
2 3000.9885707846
3 452.5946197368
5 414.7895661239
7 281.4617654960
20 279.4880898414
22 262.8274353153
50 260.6965669734
52 240.2787353667
57 218.6994251868
74 210.7696994632
77 111.0289051955
364 109.7433191439
374 108.4116439769
381 97.8060796611
387 92.8388247071
406 90.3986005130
413 83.4496557890
443 83.1813418791
450 79.1671582270
471 76.0739217086
553 70.0596669092
790 56.0659600523
911 55.0943790315
1903 51.9107886996
2625 50.8960437636
3125 48.7198649658
3892 42.2081692007
4281 41.6657123086
4542 38.5127399339
22110 34.8688279124
23093 34.6366153317
29794 29.5049023619
30256 29.3242191640
30349 28.8498028135
30366 27.4437469725
30381 25.1893502753
30454 23.5575578409
30487 22.3527142734
30538 22.2590298568
30787 21.9437678004
30856 21.5537772894
30974 21.1054576360
30976 20.6450505214
31012 20.5536721652
31015 20.1464954174
31204 19.8707692382
31209 19.7422220708
31243 19.5911788392
31277 19.3768428355
31536 19.1982472725
31600 19.1002747311
31647 19.0037935072
31667 18.7458959160
31711 18.5626468193
31796 18.1166763864
32071 18.0275646914
32139 17.9012947409
32171 17.5807313196
32258 17.4413408989
32287 17.3641118029
32290 17.3232890897
32318 17.1944102179
32336 17.1235024653
32356 16.1139880145
32670 16.0160184392
32880 15.6864478828
32883 15.4191313321
32955 15.3577277881
33331 15.2814130314
33355 14.9071459125
33384 14.6351684864
33465 14.6189911692
33485 14.4429131967
33583 14.1879315955
33662 14.0240859550
33870 13.8936777126
33905 13.7127065545
33993 13.6581904165
34101 13.6064921586
34324 13.4321854933
34440 13.3855591660
34507 13.3223705781
34512 13.2991366315
34524 13.2347743216
34549 13.1851116253
34717 13.1615840508
34784 13.1475567886
34830 13.1370959680
34848 13.1124588659
34881 13.0872699005
34914 13.0743759726
35161 13.0730499588
35169 13.0708617482
35178 13.0706062060
35223 13.0682482027
35228 13.0626193968
35375 13.0600975574
35492 13.0589437167
35541 13.0586394793
35625 13.0583728433
35640 13.0576288491
35649 13.0574114016
35693 13.0572668063
35938 13.0571934703
35947 13.0571703159
36033 13.0571180590
36066 13.0571000832
36068 13.0570801811
36089 13.0569649685
36127 13.0569066429
36197 13.0568713548
36284 13.0568253260
36391 13.0568043299
36392 13.0568027870
36403 13.0567955006
36448 13.0567939479
36490 13.0567799932
36510 13.0567567614
36560 13.0567450445
36693 13.0567437868
36824 13.0567369788
36888 13.0567355763
36969 13.0567306013
37134 13.0567284871
37261 13.0567284615
37287 13.0567283388
37294 13.0567277595
37304 13.0567273958
37329 13.0567272077
37366 13.0567267101
37399 13.0567263890
37467 13.0567263730
37499 13.0567260439
37679 13.0567260052
37727 13.0567259348
37745 13.0567259018
37833 13.0567258507
37845 13.0567258485
37958 13.0567258160
38119 13.0567258128
38157 13.0567258025
38185 13.0567258024
38210 13.0567257907
38287 13.0567257890
38310 13.0567257874
38381 13.0567257856
38466 13.0567257855
38504 13.0567257825
38534 13.0567257811
38543 13.0567257804
38690 13.0567257796
38777 13.0567257793
38830 13.0567257789
38951 13.0567257788
38986 13.0567257788
39024 13.0567257787
39035 13.0567257787
39112 13.0567257786
39184 13.0567257786
39200 13.0567257786
39227 13.0567257786
39228 13.0567257786
39260 13.0567257786
39314 13.0567257785
39454 13.0567257785
39584 13.0567257785
39585 13.0567257785
39621 13.0567257785
39678 13.0567257785
39692 13.0567257785
39772 13.0567257785
39880 13.0567257785
39904 13.0567257785
39932 13.0567257785
39944 13.0567257785
40057 13.0567257785
40100 13.0567257785
40137 13.0567257785
40224 13.0567257785
40253 13.0567257785
40347 13.0567257785
40416 13.0567257785
40430 13.0567257785
40654 13.0567257785
40776 13.0567257785
40962 13.0567257785
41744 13.0567257785
43324 13.0567257785
43720 13.0567257785
evaluations raw_y
1 62265.7935528405
5 21353.6939827339
6 3640.6280481128
8 954.9312929659
9 711.2875883565
17 288.4129513125
25 278.6619069611
38 242.4357087846
40 234.8787373124
48 230.0437176037
50 214.8502217079
55 168.6567247659
64 153.4484050730
73 148.4917939936
88 129.8787317846
166 95.0089949231
246 94.3155103023
283 69.0334974831
477 66.4681394875
574 58.7602305161
801 58.5355924268
1298 52.5383949406
1839 48.0041306062
2789 43.5170505850
10777 39.1979731416
12206 38.6104719648
13683 37.3864644187
13717 25.0111037635
14586 23.9301621961
14720 21.0926360409
14727 17.9830879637
15254 17.5984042637
15355 17.5938562076
15367 17.4438893593
15442 16.8234024500
15473 16.3333992849
15524 16.2004986653
15686 16.1185250968
15852 16.0156255990
15932 15.9459845649
15978 15.9053316018
16024 15.8957807844
16075 15.8636057864
16168 15.8499429349
16176 15.8467604190
16179 15.8319806423
16306 15.7316014173
16577 15.7154329455
16584 15.7095608630
16640 15.7076426612
16674 15.6734155086
16783 15.6698865920
16903 15.6676291206
17040 15.6538996152
17153 15.6421499917
17203 15.6212266511
17285 15.6146336854
17301 15.6074841152
17348 15.5999982733
17395 15.5995205913
17497 15.5936449027
17601 15.5891842167
17610 15.5881064112
17626 15.5857405120
17628 15.5835978843
17651 15.5803005522
17661 15.5629578391
17795 15.5527567407
17895 15.5479752526
18244 15.5431998762
18310 15.5416021579
18324 15.5413209161
18336 15.5409970382
18380 15.5388228203
18504 15.5387396478
18522 15.5384763291
18528 15.5379281484
18574 15.5377512530
18581 15.5362405150
18656 15.5359070872
18694 15.5355168739
18957 15.5354246780
19066 15.5352815395
19082 15.5352526093
19103 15.5351972859
19130 15.5351718214
19146 15.5350823770
19311 15.5350773541
19384 15.5350710704
19395 15.5350659564
19400 15.5350216469
19415 15.5350170745
19445 15.5350080421
19449 15.5349962092
19503 15.5349773119
19531 15.5349708877
19549 15.5349580859
19642 15.5349551458
19696 15.5349475035
19719 15.5349420460
19758 15.5349413552
19763 15.5349362663
19888 15.5349347733
19916 15.5349328834
19923 15.5349328044
19927 15.5349300137
19946 15.5349295613
20001 15.5349291307
20003 15.5349254311
20209 15.5349251190
20229 15.5349249937
20307 15.5349245240
20359 15.5349239362
20464 15.5349237431
20505 15.5349234362
20524 15.5349233531
20535 15.5349232316
20554 15.5349230993
20599 15.5349230020
20601 15.5349229432
20651 15.5349228468
20730 15.5349228296
20741 15.5349227725
20804 15.5349227322
20825 15.5349227283
20855 15.5349226958
20920 15.5349226794
20971 15.5349226549
21207 15.5349226533
21273 15.5349226421
21320 15.5349226386
21463 15.5349226381
21507 15.5349226375
21517 15.5349226370
21530 15.5349226367
21559 15.5349226366
21608 15.5349226349
21704 15.5349226348
21753 15.5349226346
21759 15.5349226345
21766 15.5349226342
21811 15.5349226342
21893 15.5349226339
21951 15.5349226338
22020 15.5349226338
22064 15.5349226336
22086 15.5349226336
22196 15.5349226335
22237 15.5349226335
22336 15.5349226335
22356 15.5349226335
22471 15.5349226335
22531 15.5349226335
22631 15.5349226334
22703 15.5349226334
22707 15.5349226334
22731 15.5349226334
22752 15.5349226334
22819 15.5349226334
22861 15.5349226334
22887 15.5349226334
22948 15.5349226334
22956 15.5349226334
22990 15.5349226334
23032 15.5349226334
23036 15.5349226334
23058 15.5349226334
23163 15.5349226334
23218 15.5349226334
23233 15.5349226334
23276 15.5349226334
23292 15.5349226334
23324 15.5349226334
23360 15.5349226334
23379 15.5349226334
23428 15.5349226334
23470 15.5349226334
23662 15.5349226334
23677 15.5349226334
23694 15.5349226334
23805 15.5349226334
23812 15.5349226334
24051 15.5349226334
24156 15.5349226334
24200 15.5349226334
24414 15.5349226334
25167 15.5349226334
26965 15.5349226334
36252 15.5349226334
evaluations raw_y
1 4970.0663646419
2 415.4225608568
22 329.0007008873
34 321.7384793126
49 278.5414608757
60 211.3868767905
71 201.9038832084
72 161.2929993063
107 114.4592643824
173 113.5992592569
175 69.5383666071
833 61.1589968055
1537 61.0920180451
2376 58.6606846568
2455 55.4978625335
2607 51.0082397360
4294 44.5984594694
6607 40.5250128363
7324 37.6805757447
9040 35.9355545163
9228 28.9627977362
9390 20.4103952577
9848 19.5667161361
9892 18.6996691274
10038 18.4722583182
10058 17.9982454100
10115 17.5847628909
10171 17.0328226780
10291 16.5301307534
10319 16.5233424779
10463 16.0865995745
10736 15.9092125986
10771 15.6233147395
10903 15.2374415005
11043 15.0567846067
11371 15.0521056905
11394 14.9278633590
11462 14.8485086811
11503 14.8452696647
11576 14.7776408114
11631 14.6824861635
11649 14.6451868278
11722 14.6374743066
11805 14.6198079662
11807 14.6183548573
11821 14.6128830852
11847 14.6119723102
11849 14.6005764489
11919 14.5945093469
11927 14.5833431479
11939 14.5497821993
12301 14.5492859985
12349 14.5414945612
12376 14.5403590193
12397 14.5370708221
12517 14.5356560882
12540 14.5345207566
12651 14.5341388386
12687 14.5333961341
12718 14.5330162768
12799 14.5328882532
12917 14.5326880407
12927 14.5324790732
12941 14.5322257108
12949 14.5319749718
12985 14.5319499982
13059 14.5318648936
13096 14.5318276414
13241 14.5317736041
13288 14.5317256802
13293 14.5316958384
13341 14.5316749333
13376 14.5316597307
13485 14.5316594480
13540 14.5316577903
13541 14.5316052032
13548 14.5316043306
13756 14.5315963126
13775 14.5315956365
13843 14.5315930822
13857 14.5315919096
13860 14.5315894572
13966 14.5315882267
14046 14.5315855713
14093 14.5315824301
14346 14.5315823316
14416 14.5315816850
14471 14.5315816043
14485 14.5315814487
14522 14.5315811068
14548 14.5315810533
14569 14.5315809469
14592 14.5315808579
14657 14.5315808213
14730 14.5315808086
14733 14.5315807997
14745 14.5315807784
14796 14.5315807432
14856 14.5315807364
14880 14.5315807208
14897 14.5315807145
14906 14.5315807006
14913 14.5315806608
14954 14.5315806295
15043 14.5315806125
15063 14.5315806038
15072 14.5315805827
15302 14.5315805797
15306 14.5315805794
15331 14.5315805788
15351 14.5315805764
15356 14.5315805763
15384 14.5315805761
15434 14.5315805718
15482 14.5315805710
15507 14.5315805709
15515 14.5315805699
15592 14.5315805681
15678 14.5315805680
15745 14.5315805677
15760 14.5315805674
15816 14.5315805673
15896 14.5315805671
15937 14.5315805670
15985 14.5315805670
16009 14.5315805670
16011 14.5315805667
16199 14.5315805667
16220 14.5315805665
16238 14.5315805665
16337 14.5315805665
16409 14.5315805665
16581 14.5315805665
16617 14.5315805665
16643 14.5315805665
16677 14.5315805665
16709 14.5315805665
16744 14.5315805665
16780 14.5315805665
16788 14.5315805665
16968 14.5315805665
16974 14.5315805665
17059 14.5315805664
17096 14.5315805664
17112 14.5315805664
17205 14.5315805664
17259 14.5315805664
17262 14.5315805664
17400 14.5315805664
17402 14.5315805664
17424 14.5315805664
17436 14.5315805664
17449 14.5315805664
17623 14.5315805664
17685 14.5315805664
17706 14.5315805664
17921 14.5315805664
18319 14.5315805664
18577 14.5315805664
evaluations raw_y
1 52428.3017678403
2 9219.6502033617
3 7852.6555337020
11 3626.7538394524
13 292.1827220848
18 273.3255492132
29 221.5978470345
47 202.2878715273
54 191.6615822591
58 188.7272248410
75 127.5467397526
157 115.8121669073
199 107.5630284463
243 98.9808750648
334 86.5821986100
346 74.7353647230
425 68.5563014963
655 62.4095514144
1093 59.1107469211
1283 50.5973123396
3213 41.3123332655
9203 38.6472591720
9225 34.7495933052
9249 29.7127562511
9376 22.5038035385
9531 20.0362888854
9875 18.8654106573
10029 18.1673126973
10055 17.2021473389
10059 15.5645615917
10354 15.3177858576
10367 15.3148743054
10391 15.1814472434
10450 15.1377482391
10457 14.0002586732
10731 13.9469794135
10756 13.9319941654
10818 13.9087565223
10861 13.5535033389
10874 13.5315276088
10981 13.4212087134
10991 13.1855596665
11194 13.1392641688
11224 12.9692130894
11260 12.8601497348
11524 12.8535206970
11530 12.8038778766
11579 12.7772623710
11615 12.7691224654
11640 12.7677348994
11806 12.7663663965
11846 12.7565014874
11862 12.7466648686
12002 12.7452718990
12010 12.7439485089
12069 12.7429875880
12159 12.7373703453
12244 12.7330423606
12407 12.7326689226
12414 12.7289747082
12537 12.7287009621
12567 12.7278435260
12588 12.7277340287
12591 12.7259800306
12780 12.7259228059
12816 12.7257895137
12854 12.7256457923
12869 12.7254518705
12880 12.7245009316
13131 12.7244399897
13159 12.7244032692
13193 12.7243828381
13304 12.7243647629
13444 12.7243434724
13446 12.7243334372
13462 12.7243027510
13541 12.7242977102
13681 12.7242976015
13716 12.7242860945
13736 12.7242853714
13747 12.7242847394
13758 12.7242844940
13782 12.7242791969
13789 12.7242722074
13830 12.7242700838
13851 12.7242651771
13886 12.7242626470
14000 12.7242618328
14112 12.7242604931
14184 12.7242599423
14288 12.7242592429
14341 12.7242588827
14345 12.7242585419
14399 12.7242583793
14429 12.7242582680
14470 12.7242581382
14512 12.7242581061
14526 12.7242580828
14531 12.7242580511
14609 12.7242580467
14620 12.7242579362
14659 12.7242577789
14814 12.7242577712
14845 12.7242577468
14913 12.7242577228
15035 12.7242577201
15042 12.7242577005
15089 12.7242576913
15201 12.7242576907
15220 12.7242576835
15303 12.7242576797
15320 12.7242576759
15527 12.7242576750
15545 12.7242576725
15593 12.7242576725
15652 12.7242576722
15673 12.7242576721
15700 12.7242576716
15757 12.7242576712
15775 12.7242576707
15798 12.7242576704
16039 12.7242576704
16089 12.7242576704
16100 12.7242576703
16101 12.7242576702
16123 12.7242576701
16268 12.7242576701
16310 12.7242576700
16341 12.7242576700
16379 12.7242576700
16421 12.7242576700
16558 12.7242576700
16572 12.7242576700
16580 12.7242576700
16633 12.7242576700
16662 12.7242576700
16676 12.7242576700
16747 12.7242576700
16764 12.7242576700
16780 12.7242576700
16781 12.7242576700
16908 12.7242576699
17015 12.7242576699
17064 12.7242576699
17094 12.7242576699
17109 12.7242576699
17202 12.7242576699
17292 12.7242576699
17321 12.7242576699
17381 12.7242576699
17385 12.7242576699
17469 12.7242576699
17688 12.7242576699
17711 12.7242576699
17722 12.7242576699
17744 12.7242576699
17956 12.7242576699
18295 12.7242576699
18974 12.7242576699
evaluations raw_y
1 17672.6664951256
2 318.2000108455
12 288.7110551008
13 277.6794863243
28 249.6979362692
34 156.3937763665
62 128.1927598405
78 104.7612171035
179 97.2132230495
202 94.6723911231
216 84.1127288592
448 81.4871647452
479 75.9564985260
490 68.5279386529
702 61.4017048416
1088 59.3609402650
1111 56.6568426803
1647 54.8955272148
1916 49.9822058701
2090 44.9617328339
3185 43.9582062963
5588 41.7642735243
9896 36.1246124232
10127 34.9525805838
10137 29.9595486313
10230 27.6293828492
10312 24.2546713042
10493 19.7107319665
10661 18.5635656450
10758 17.9393444128
10860 16.5811603980
11059 15.8632204447
11066 15.8584896499
11099 15.7541883849
11175 15.5714737621
11178 15.5186744319
11358 14.4921728063
11459 14.2673526746
11812 14.1316656710
11905 13.8276365386
12010 13.8087443544
12104 13.7701158990
12106 13.7335257315
12114 13.5340877258
12216 13.4471212965
12238 13.4076515670
12261 13.4035538687
12282 13.3465243745
12292 13.3293725197
12319 13.3208501193
12328 13.2347659079
12353 13.1235426014
12594 13.0141032792
12830 12.9947357962
13025 12.9716394608
13095 12.9591961806
13160 12.9507784305
13176 12.9439666198
13235 12.9438367225
13241 12.9392328907
13243 12.9290929179
13292 12.9102974654
13449 12.9098380282
13515 12.9052394405
13556 12.9001931373
13628 12.8989341703
13650 12.8966269013
13789 12.8943206957
14297 12.8942318878
14342 12.8939476055
14352 12.8938218113
14452 12.8937959863
14469 12.8937806382
14491 12.8936983913
14533 12.8936723718
14588 12.8936130433
14664 12.8935872374
14696 12.8935798778
14802 12.8935616021
14803 12.8935550942
14822 12.8935469223
14823 12.8935462156
14855 12.8935372131
14905 12.8935342870
14910 12.8935283185
14917 12.8935270963
14932 12.8935232899
14939 12.8935195619
14968 12.8935163575
14980 12.8935153349
15083 12.8935117280
15090 12.8935074623
15160 12.8935018160
15363 12.8935012482
15390 12.8935003577
15432 12.8934987205
15509 12.8934985690
15570 12.8934983040
15592 12.8934982593
15600 12.8934979753
15720 12.8934979142
15840 12.8934978732
15876 12.8934977877
15907 12.8934977501
15986 12.8934977451
15992 12.8934977191
16011 12.8934976056
16125 12.8934975786
16242 12.8934975761
16247 12.8934975734
16258 12.8934975726
16324 12.8934975692
16362 12.8934975636
16458 12.8934975631
16556 12.8934975629
16654 12.8934975620
16742 12.8934975614
16756 12.8934975613
16794 12.8934975613
16864 12.8934975602
16932 12.8934975600
17045 12.8934975599
17087 12.8934975598
17188 12.8934975598
17229 12.8934975598
17261 12.8934975597
17271 12.8934975597
17310 12.8934975597
17317 12.8934975596
17496 12.8934975596
17499 12.8934975596
17560 12.8934975596
17611 12.8934975596
17733 12.8934975596
17903 12.8934975596
17931 12.8934975596
17968 12.8934975596
18075 12.8934975596
18229 12.8934975596
18324 12.8934975596
18356 12.8934975596
18358 12.8934975596
18402 12.8934975596
18505 12.8934975596
18511 12.8934975596
18603 12.8934975596
18635 12.8934975596
18715 12.8934975596
18754 12.8934975596
18914 12.8934975596
18923 12.8934975596
18926 12.8934975596
19021 12.8934975596
19075 12.8934975596
19147 12.8934975596
19353 12.8934975596
19621 12.8934975596
19787 12.8934975596
21833 12.8934975596
22174 12.8934975596
34357 12.8934975596
48497 12.8934975596
evaluations raw_y
1 103235.0490463319
2 75623.5135872585
3 312.2150779808
13 215.1231976847
29 167.0719242226
59 164.6564393301
60 156.6713450253
105 113.8907122840
244 92.5932192399
266 90.4032726470
383 81.7680219579
404 80.1380144686
433 68.2753411336
615 65.9785530709
718 57.7634852398
1158 55.8138766425
2383 55.5258448612
2487 49.0287107998
2968 47.4027377603
4220 43.9155620332
5407 40.2999832395
7828 22.3740454390
8274 22.1071713590
8434 19.9110186882
8444 19.9037872215
8469 19.5555876312
8539 19.1243664224
8542 16.7809152885
8628 16.4489333223
8672 16.3014203995
8685 15.6578660103
8740 14.5977480203
8820 14.5702683884
8875 13.2305524363
9079 12.6341027283
9408 12.3812557528
9431 12.2177654624
9481 12.1851758354
9513 12.1282796801
9572 12.1124416203
9601 12.0447515531
9830 12.0062012920
9831 11.9306298545
9909 11.9120992922
9993 11.8406915349
10240 11.8340684396
10265 11.8279986250
10389 11.8233380384
10404 11.8231001080
10470 11.8211980802
10472 11.8160374072
10563 11.8157918572
10578 11.8116455615
10586 11.8085051149
10744 11.8084971022
10817 11.8056011086
11097 11.8055893481
11121 11.8055694377
11237 11.8052549052
11317 11.8050358757
11467 11.8050088214
11524 11.8049988239
11603 11.8049966222
11656 11.8049267836
11745 11.8049030111
11816 11.8048783904
11879 11.8048720383
11964 11.8048557585
12031 11.8048234983
12179 11.8048218979
12248 11.8048211015
12295 11.8048165917
12378 11.8048154206
12510 11.8048138881
12571 11.8048108799
12608 11.8048093348
12652 11.8048085987
12689 11.8048080620
12721 11.8048067935
12793 11.8048065626
12872 11.8048055256
12910 11.8048052549
13019 11.8048051106
13066 11.8048049389
13106 11.8048046970
13276 11.8048046866
13385 11.8048046842
13396 11.8048046499
13577 11.8048045971
13623 11.8048045663
13705 11.8048045553
13855 11.8048045335
14099 11.8048045315
14105 11.8048045287
14196 11.8048045243
14376 11.8048045239
14408 11.8048045229
14608 11.8048045227
14653 11.8048045221
14671 11.8048045220
14725 11.8048045219
14773 11.8048045217
14866 11.8048045216
15000 11.8048045215
15009 11.8048045215
15047 11.8048045215
15049 11.8048045214
15065 11.8048045214
15139 11.8048045214
15264 11.8048045213
15280 11.8048045213
15325 11.8048045213
15418 11.8048045213
15605 11.8048045213
15617 11.8048045213
15636 11.8048045213
15645 11.8048045213
15646 11.8048045213
15730 11.8048045213
15744 11.8048045213
15771 11.8048045213
15774 11.8048045213
15823 11.8048045213
15926 11.8048045213
15997 11.8048045213
16144 11.8048045213
16293 11.8048045213
16301 11.8048045213
16395 11.8048045213
16444 11.8048045213
16462 11.8048045213
16509 11.8048045213
16522 11.8048045213
16525 11.8048045213
16614 11.8048045213
16836 11.8048045213
17429 11.8048045213
evaluations raw_y
1 24294.5746989738
3 11446.6595728337
4 5985.2170964967
7 378.7452021818
15 278.8842767860
28 270.6651500199
32 250.0555960786
38 180.5266930213
71 148.1563027543
80 136.1546494059
82 128.9281055992
136 124.0480027153
213 112.3807598128
219 106.3596806974
305 86.2419845036
351 74.2730618405
474 59.3970375587
823 50.1659688952
859 41.9958325479
3345 39.2307490632
13455 33.7326164293
21674 32.7235639959
21772 25.9655907283
22192 24.4636662391
22212 23.7679013259
22222 23.6512859597
22304 23.2968585319
22308 19.6622741358
22455 14.4765079826
22955 14.3624023397
22960 14.3264368076
23071 13.9488127309
23098 13.7843316773
23107 13.6895329506
23115 13.4711417716
23270 13.1673900531
23556 12.9974660869
23734 12.9651597193
23802 12.9378330674
23815 12.9205890158
23826 12.8902613051
24083 12.8851095821
24178 12.8780109867
24192 12.8720178381
24241 12.8510385870
24322 12.8388257922
24383 12.7979337784
24550 12.7978301987
24582 12.7889276244
24628 12.7818001476
24654 12.7766604862
24746 12.7726133892
24759 12.7559583829
24784 12.7486711318
24992 12.7261584497
25304 12.7231631210
25366 12.7188883381
25495 12.7166978947
25571 12.7128844799
25807 12.7112228982
25979 12.7110461610
26127 12.7104570979
26166 12.7104217384
26231 12.7101279513
26295 12.7098978211
26492 12.7097838683
26561 12.7097785380
26589 12.7097092129
26674 12.7096955340
26679 12.7096875626
26692 12.7096800646
26724 12.7096559640
26778 12.7096536854
26807 12.7096448595
26893 12.7096248337
26903 12.7096154769
26916 12.7096139717
26919 12.7096051868
26950 12.7095939795
26999 12.7095869566
27108 12.7095852720
27126 12.7095759131
27129 12.7095689972
27133 12.7095685553
27199 12.7095635727
27424 12.7095632433
27459 12.7095613640
27531 12.7095612786
27532 12.7095603479
27562 12.7095582634
27640 12.7095580485
27684 12.7095576868
27735 12.7095571144
27770 12.7095571066
27832 12.7095568147
27842 12.7095565341
28009 12.7095565048
28055 12.7095561603
28056 12.7095561487
28132 12.7095560798
28153 12.7095560277
28303 12.7095559668
28377 12.7095559259
28385 12.7095559174
28394 12.7095559073
28428 12.7095558619
28481 12.7095557956
28507 12.7095557823
28643 12.7095557686
28693 12.7095557624
28718 12.7095557599
28771 12.7095557427
28976 12.7095557414
29006 12.7095557409
29036 12.7095557379
29065 12.7095557368
29078 12.7095557365
29130 12.7095557352
29212 12.7095557344
29216 12.7095557341
29258 12.7095557341
29297 12.7095557339
29339 12.7095557337
29401 12.7095557337
29403 12.7095557335
29432 12.7095557335
29437 12.7095557333
29440 12.7095557330
29542 12.7095557330
29615 12.7095557329
29682 12.7095557329
29752 12.7095557329
29770 12.7095557329
29786 12.7095557329
29830 12.7095557328
29843 12.7095557328
29862 12.7095557328
29867 12.7095557328
29918 12.7095557328
29970 12.7095557328
29991 12.7095557328
30033 12.7095557328
30097 12.7095557328
30138 12.7095557328
30175 12.7095557328
30212 12.7095557328
30264 12.7095557328
30307 12.7095557328
30344 12.7095557328
30407 12.7095557328
30449 12.7095557328
30488 12.7095557328
30564 12.7095557328
30641 12.7095557328
30647 12.7095557328
30680 12.7095557328
30713 12.7095557328
30727 12.7095557328
30770 12.7095557328
30921 12.7095557328
30934 12.7095557328
31017 12.7095557328
31046 12.7095557328
31059 12.7095557328
31084 12.7095557328
31091 12.7095557328
31119 12.7095557328
31140 12.7095557328
31271 12.7095557328
31362 12.7095557328
31376 12.7095557328
31517 12.7095557328
31738 12.7095557328
31977 12.7095557328
32736 12.7095557328
34787 12.7095557328
36786 12.7095557328
38888 12.7095557328
50258 12.7095557328
evaluations raw_y
1 29776.2820936733
2 24084.6492008155
6 5549.3936387062
9 316.1953638865
29 273.1232125434
47 232.7797817023
53 220.7721122245
69 214.6341027638
82 185.2327949080
93 169.1465637848
103 167.5117004912
104 157.9434597853
114 150.6017808422
134 135.4079228671
234 100.3293316397
281 95.5914968869
299 94.5240388161
372 86.8986222660
471 76.1084605059
507 71.5346025413
523 59.5338291223
1149 57.2948192321
1309 50.0055042582
2199 42.7301967307
6069 41.3190191794
7079 40.8647394419
7157 37.6562008149
7289 35.7708849960
7557 30.0278767853
7618 29.3227561919
7711 25.9372554296
7775 21.9958458050
8098 21.0425884669
8133 17.2923658571
8268 17.1773106231
8352 15.3762208977
8451 15.2098872214
8454 14.4720224765
8576 13.9992814213
8853 13.9757903742
8936 13.6783668238
8973 13.6342097385
9027 13.6124665117
9081 13.4107623642
9223 13.2859414492
9604 13.2592403667
9654 13.2473383726
9747 13.2416579790
9829 13.2336948265
9843 13.2292841670
9866 13.2230843222
9956 13.2218793430
10109 13.2100241556
10221 13.2082422972
10244 13.2031156816
10412 13.1964466587
10659 13.1958670317
10961 13.1956893447
10999 13.1955670907
11081 13.1954311861
11165 13.1949138560
11331 13.1948230263
11430 13.1948182303
11484 13.1948109496
11542 13.1948070871
11545 13.1947264082
11829 13.1947206611
11869 13.1947075348
11872 13.1946975913
11907 13.1946926751
11999 13.1946895037
12010 13.1946856544
12036 13.1946842675
12127 13.1946841472
12141 13.1946794494
12230 13.1946792667
12287 13.1946776053
12339 13.1946773814
12346 13.1946772543
12380 13.1946764191
12388 13.1946763815
12435 13.1946762734
12551 13.1946761361
12565 13.1946761172
12574 13.1946757675
12604 13.1946757484
12610 13.1946756924
12647 13.1946755965
12677 13.1946755429
12678 13.1946754867
12726 13.1946754224
12770 13.1946753215
12811 13.1946753075
12858 13.1946753037
13013 13.1946752411
13116 13.1946752322
13199 13.1946752273
13229 13.1946752181
13265 13.1946752127
13280 13.1946752118
13408 13.1946751971
13643 13.1946751964
13690 13.1946751959
13701 13.1946751949
13798 13.1946751949
13805 13.1946751946
13824 13.1946751939
13891 13.1946751939
13951 13.1946751938
13968 13.1946751934
14084 13.1946751934
14126 13.1946751933
14169 13.1946751933
14215 13.1946751933
14318 13.1946751933
14321 13.1946751932
14332 13.1946751932
14384 13.1946751932
14415 13.1946751932
14416 13.1946751932
14560 13.1946751932
14574 13.1946751932
14691 13.1946751932
14726 13.1946751932
14784 13.1946751932
14785 13.1946751932
14841 13.1946751932
14847 13.1946751932
14869 13.1946751931
14894 13.1946751931
15039 13.1946751931
15054 13.1946751931
15102 13.1946751931
15177 13.1946751931
15223 13.1946751931
15258 13.1946751931
15280 13.1946751931
15304 13.1946751931
15341 13.1946751931
15364 13.1946751931
15435 13.1946751931
15502 13.1946751931
15526 13.1946751931
15552 13.1946751931
15653 13.1946751931
15695 13.1946751931
15725 13.1946751931
15878 13.1946751931
15937 13.1946751931
16227 13.1946751931
16706 13.1946751931
17977 13.1946751931
evaluations raw_y
1 39084.6722202576
5 895.9500497582
13 356.4025591537
29 310.4898100564
35 304.1496952880
38 295.5455699795
42 228.9751318256
56 227.4651071374
89 222.8752265071
99 212.6575837757
115 180.0153758399
162 162.6195873491
178 143.2107109378
181 137.9387411961
200 127.4774565147
226 123.2896738789
266 94.7604156924
300 91.8454187969
347 83.0636587516
360 76.0991791042
523 68.7022296746
800 66.0531787198
1089 57.5643568474
1520 51.6957732279
2266 44.8461856871
5312 37.5350577882
11244 34.4047900339
20321 32.3642477705
27793 24.3061222970
28676 24.2629096356
28759 24.0880133937
28768 21.8571496184
28839 21.5493025201
28883 18.5329921236
28935 16.7261725995
29006 15.9389832946
29024 14.6809918310
29316 14.3264845438
29359 14.1666781091
29404 14.1462098266
29418 14.1295215813
29435 14.0488018574
29440 13.9651637472
29496 13.8329558366
29507 13.8144405869
29522 13.7139249754
29538 13.4927105902
29600 13.2244688532
29789 13.0345509386
30001 13.0289105786
30031 12.8563203942
30107 12.7278313084
30283 12.6998326752
30718 12.6405803991
30870 12.5339212989
30890 12.4602681729
31000 12.3767495041
31124 12.3518478375
31226 12.3505967426
31232 12.3408756520
31280 12.2674395355
31304 12.2379292720
31397 12.1876794738
31456 12.1447629526
31542 12.1106859146
31648 12.0966387501
31894 12.0950238015
31906 12.0904729527
31920 12.0563638557
31945 12.0480700355
32074 12.0354040146
32273 12.0316397424
32282 12.0142216390
32313 12.0098935420
32344 12.0074062161
32365 11.9935752973
32529 11.9933003834
32535 11.9772432215
32817 11.9680144623
33116 11.9655453116
33128 11.9650249774
33143 11.9578339772
33227 11.9541206230
33465 11.9536712797
33469 11.9527433692
33499 11.9508573260
33604 11.9498404026
33685 11.9493050481
33709 11.9479502393
33754 11.9474656766
33783 11.9469381059
33926 11.9465881747
34057 11.9464525071
34095 11.9463715049
34102 11.9463569644
34175 11.9460043230
34337 11.9459532346
34352 11.9459097350
34478 11.9458531170
34545 11.9458286247
34594 11.9458277141
34629 11.9458164654
34636 11.9457738078
34663 11.9457656008
34735 11.9457502377
34757 11.9457475252
34780 11.9457455889
34811 11.9457413573
34852 11.9457376179
34891 11.9457239288
34925 11.9457023291
35013 11.9457006308
35148 11.9456969231
35227 11.9456940479
35510 11.9456928990
35520 11.9456926341
35693 11.9456909891
35785 11.9456905164
35795 11.9456894434
36013 11.9456892107
36089 11.9456890150
36093 11.9456889634
36126 11.9456888517
36141 11.9456886645
36172 11.9456884949
36302 11.9456883693
36492 11.9456883596
36569 11.9456883513
36583 11.9456883360
36702 11.9456883062
36717 11.9456882969
36769 11.9456882929
36775 11.9456882809
36843 11.9456882767
37013 11.9456882766
37032 11.9456882745
37091 11.9456882743
37118 11.9456882730
37166 11.9456882724
37198 11.9456882706
37230 11.9456882699
37245 11.9456882694
37251 11.9456882694
37269 11.9456882691
37309 11.9456882685
37351 11.9456882682
37385 11.9456882679
37435 11.9456882678
37473 11.9456882676
37499 11.9456882672
37535 11.9456882672
37645 11.9456882671
37648 11.9456882671
37708 11.9456882670
37926 11.9456882670
37948 11.9456882670
37999 11.9456882670
38047 11.9456882670
38076 11.9456882670
38085 11.9456882670
38151 11.9456882669
38226 11.9456882669
38313 11.9456882669
38369 11.9456882669
38406 11.9456882669
38491 11.9456882669
38521 11.9456882669
38616 11.9456882669
38617 11.9456882669
38625 11.9456882669
38668 11.9456882669
38713 11.9456882669
38760 11.9456882669
38796 11.9456882669
38806 11.9456882669
38827 11.9456882669
38873 11.9456882669
38917 11.9456882669
38939 11.9456882669
39072 11.9456882669
39138 11.9456882669
39380 11.9456882669
39685 11.9456882669
evaluations raw_y
1 35246.9774534519
2 14674.6743818311
4 5034.5304989738
11 1824.2067671233
14 1170.1482405120
20 270.3911378252
42 217.3898574382
51 207.3249207427
63 153.7018040912
84 139.7127800589
145 119.6519867059
172 107.3024438750
202 106.7975456420
211 92.4541827840
320 92.1391966368
384 91.7318603035
386 89.9184715655
394 71.9965959236
455 64.0687486250
976 51.7928059887
3507 51.7422427823
3941 42.0683888780
6524 30.8633345958
23922 28.8143907290
23983 27.9353884850
24005 26.8452674849
24095 24.6761825716
24114 21.4900949706
24156 21.0717512753
24621 19.1081936597
24653 19.1008124712
24861 18.2583489415
24946 17.8055281367
24955 16.9150511178
25211 16.6745317845
25245 16.0488761945
25472 15.7945658249
25605 15.7678816683
25708 15.6527653179
25816 15.6248484568
25873 15.5873867850
25960 15.5667449940
26049 15.5453783662
26068 15.4976310302
26082 15.4569758467
26233 15.4305339237
26235 15.4157649683
26284 15.3975552063
26344 15.3612080443
26446 15.2910135720
26583 15.1907083634
26620 15.1879381552
26702 15.1745781387
26759 15.1309184672
26854 15.1275303152
27169 15.1122443626
27294 15.0606732131
27384 15.0550330336
27513 15.0132176654
27684 15.0066922729
27781 15.0002112266
27852 15.0001577580
27907 14.9974470819
27920 14.9966373954
27952 14.9950297881
27996 14.9942749336
28007 14.9913266397
28010 14.9907804068
28015 14.9896129362
28029 14.9867666291
28137 14.9824286299
28179 14.9799417844
28222 14.9762268231
28327 14.9737410475
28398 14.9731066377
28507 14.9721955062
28671 14.9716451189
28760 14.9715291369
28852 14.9713936860
28940 14.9712260750
28945 14.9711896014
28985 14.9711356278
28986 14.9710183963
29096 14.9709653049
29213 14.9709517297
29259 14.9709471987
29271 14.9709233152
29402 14.9709109308
29414 14.9708996768
29508 14.9708957696
29521 14.9708865002
29564 14.9708864389
29591 14.9708850178
29596 14.9708844064
29611 14.9708823131
29648 14.9708818047
29658 14.9708796517
29701 14.9708767740
29727 14.9708746396
29790 14.9708712645
29836 14.9708712430
29873 14.9708707697
29894 14.9708704714
29977 14.9708704605
29999 14.9708701917
30061 14.9708692916
30105 14.9708687035
30184 14.9708686195
30222 14.9708684580
30240 14.9708684025
30283 14.9708680095
30352 14.9708678622
30367 14.9708677929
30517 14.9708677733
30535 14.9708677656
30589 14.9708677638
30651 14.9708676512
30655 14.9708676467
30718 14.9708676367
30739 14.9708676260
30836 14.9708676212
30910 14.9708676012
31073 14.9708675895
31145 14.9708675886
31209 14.9708675796
31273 14.9708675774
31391 14.9708675767
31412 14.9708675765
31481 14.9708675761
31543 14.9708675754
31578 14.9708675750
31672 14.9708675748
31687 14.9708675740
31695 14.9708675738
31712 14.9708675735
31812 14.9708675733
31828 14.9708675730
31901 14.9708675728
32019 14.9708675727
32064 14.9708675727
32084 14.9708675725
32228 14.9708675725
32240 14.9708675725
32304 14.9708675725
32311 14.9708675725
32386 14.9708675725
32446 14.9708675725
32463 14.9708675725
32512 14.9708675725
32521 14.9708675725
32569 14.9708675725
32573 14.9708675725
32578 14.9708675725
32581 14.9708675725
32764 14.9708675725
32806 14.9708675725
32817 14.9708675725
32841 14.9708675725
32877 14.9708675725
32900 14.9708675725
33007 14.9708675725
33087 14.9708675725
33089 14.9708675725
33111 14.9708675725
33119 14.9708675725
33143 14.9708675725
33244 14.9708675725
33269 14.9708675725
33306 14.9708675725
33362 14.9708675725
33383 14.9708675725
33586 14.9708675725
33641 14.9708675725
33674 14.9708675725
33757 14.9708675725
33858 14.9708675725
34069 14.9708675725
34140 14.9708675725
34594 14.9708675725
34779 14.9708675725
43677 14.9708675725
