evaluations raw_y
1 797832.4945816791
3 177946.9604273729
14 33903.4319063001
28 18560.3300175499
30 11346.5464216042
74 11125.8929652327
122 3585.9607328569
128 1613.2794113523
137 250.6355029137
163 245.8608146070
272 218.1406935783
302 216.7994570891
304 216.7265975682
313 208.7300045285
316 140.0604052687
325 131.4574618927
343 131.1208087219
354 109.1036354571
392 109.0083342655
426 104.0587545839
448 94.8794846264
449 91.0814079118
460 86.3320381952
467 82.6005751442
470 80.0874297605
479 77.4119082241
484 65.1820556993
493 61.4840346579
518 58.2187313517
531 53.1781802128
544 50.6816836491
556 46.1169719901
574 43.7390400965
587 42.2224128828
624 35.3283160957
658 28.9285243449
693 24.4658871479
707 22.3064533475
720 20.0622018926
722 16.8821980953
734 13.9437848008
741 12.9790914322
796 10.5664710403
813 7.8985908201
842 7.8820750122
892 5.6427655720
936 4.1414906767
943 3.4744256728
969 3.4268338093
974 2.5169152921
1006 1.8137670701
1019 1.3986556211
1022 1.3710410360
1095 1.1942898059
1121 0.9119392046
1175 0.8554963672
1177 0.7281541656
1264 0.6236562570
1271 0.4050044184
1302 0.3837647280
1315 0.3335761948
1343 0.2972593422
1345 0.2054305602
1368 0.1471990995
1458 0.1426839402
1472 0.1058063885
1555 0.1004196649
1560 0.0892300953
1563 0.0795040932
1611 0.0794205940
1623 0.0785070686
1628 0.0711002654
1633 0.0710041270
1641 0.0651490447
1653 0.0462155927
1672 0.0451263861
1694 0.0418411070
1705 0.0416351195
1745 0.0398411213
1783 0.0395445535
1788 0.0369275963
1797 0.0329328414
1807 0.0322916444
1827 0.0276867769
1851 0.0265341089
1863 0.0251225695
1866 0.0240727669
1871 0.0224155626
1872 0.0213276000
1885 0.0212689551
1889 0.0210691382
1894 0.0190350577
1903 0.0160338382
1914 0.0132735545
1942 0.0094194701
1973 0.0083528919
1997 0.0080659014
2057 0.0078287044
2064 0.0052539757
2076 0.0039908356
2136 0.0027627291
2177 0.0024966629
2227 0.0024372397
2236 0.0024224581
2245 0.0024152292
2251 0.0023634212
2307 0.0023577922
2308 0.0023067543
2314 0.0023001659
2317 0.0019537215
2321 0.0015950767
2335 0.0014846515
2343 0.0010628906
2396 0.0008830736
2434 0.0008337010
2442 0.0007717567
2452 0.0007187449
2455 0.0005947111
2462 0.0005577770
2482 0.0005176098
2487 0.0005143060
2550 0.0005096761
2607 0.0004508572
2614 0.0004156495
2632 0.0003335284
2635 0.0003301402
2644 0.0002773316
2664 0.0002738789
2679 0.0002614359
2699 0.0002585281
2705 0.0002078354
2711 0.0001887693
2732 0.0001390796
2741 0.0001386594
2792 0.0001377056
2807 0.0001267800
2813 0.0001242796
2821 0.0001200143
2823 0.0001037516
2836 0.0000999336
2849 0.0000945836
2852 0.0000818960
2875 0.0000750766
2910 0.0000651047
2916 0.0000571694
2920 0.0000563024
2922 0.0000493701
2975 0.0000438462
3003 0.0000316244
3008 0.0000298045
3017 0.0000297704
3045 0.0000286049
3079 0.0000285094
3083 0.0000278071
3096 0.0000239789
3097 0.0000236374
3107 0.0000207261
3110 0.0000169049
3126 0.0000159145
3156 0.0000158518
3179 0.0000155183
3186 0.0000150990
3194 0.0000150139
3197 0.0000141349
3199 0.0000118792
3211 0.0000099744
3222 0.0000094029
3232 0.0000092219
3263 0.0000071206
3341 0.0000070040
3378 0.0000065205
3394 0.0000062430
3395 0.0000038642
3530 0.0000038229
3532 0.0000033175
3536 0.0000030921
3547 0.0000030103
3559 0.0000026044
3569 0.0000021115
3631 0.0000020365
3635 0.0000017639
3641 0.0000017288
3689 0.0000013153
3771 0.0000012154
3783 0.0000009170
3785 0.0000006927
3833 0.0000005279
3883 0.0000005057
3911 0.0000005024
3915 0.0000004855
3922 0.0000004703
3923 0.0000004600
3935 0.0000004531
3961 0.0000003842
3972 0.0000003331
3981 0.0000002766
3983 0.0000001978
3999 0.0000001977
4006 0.0000001891
4041 0.0000001714
4064 0.0000001126
4135 0.0000001008
4136 0.0000000930
4161 0.0000000527
4244 0.0000000519
4256 0.0000000407
4260 0.0000000396
4261 0.0000000247
4323 0.0000000232
4333 0.0000000198
4383 0.0000000181
4387 0.0000000179
4406 0.0000000126
4449 0.0000000113
4453 0.0000000092
4538 0.0000000070
4545 0.0000000058
4587 0.0000000043
4612 0.0000000038
4624 0.0000000032
4643 0.0000000032
4667 0.0000000028
4673 0.0000000026
4708 0.0000000021
4731 0.0000000015
4745 0.0000000013
4782 0.0000000012
4796 0.0000000012
4811 0.0000000011
4813 0.0000000007
4821 0.0000000006
4862 0.0000000006
4872 0.0000000006
4885 0.0000000006
4886 0.0000000004
4904 0.0000000004
4941 0.0000000004
4950 0.0000000003
4955 0.0000000002
4961 0.0000000002
4971 0.0000000002
4977 0.0000000001
5024 0.0000000001
5054 0.0000000001
5104 0.0000000001
5113 0.0000000000
5131 0.0000000000
5266 0.0000000000
5288 0.0000000000
5297 0.0000000000
5317 0.0000000000
5379 0.0000000000
5384 0.0000000000
5388 0.0000000000
5411 0.0000000000
5419 0.0000000000
5425 0.0000000000
5434 0.0000000000
5437 0.0000000000
5441 0.0000000000
5443 0.0000000000
5446 0.0000000000
5448 0.0000000000
5470 0.0000000000
5478 0.0000000000
5485 0.0000000000
5494 0.0000000000
5507 0.0000000000
5603 0.0000000000
5619 0.0000000000
5630 0.0000000000
5655 0.0000000000
5665 0.0000000000
5671 0.0000000000
5678 0.0000000000
5700 0.0000000000
5736 0.0000000000
5780 0.0000000000
5854 0.0000000000
5889 0.0000000000
6023 0.0000000000
6031 0.0000000000
6108 0.0000000000
6111 0.0000000000
6125 0.0000000000
6175 0.0000000000
6223 0.0000000000
6293 0.0000000000
6321 0.0000000000
6350 0.0000000000
6425 0.0000000000
37068 0.0000000000
100230 50839263978.5819473267
evaluations raw_y
1 645275.2566227686
2 561654.0161885554
6 284379.5035033908
23 212221.2096030042
32 207660.0861506222
41 170804.9212951589
44 144331.4637139280
57 103776.8899599731
81 63132.9338168390
87 18753.7902001630
100 10928.8434155145
143 2309.0838164859
150 100.7454094937
155 78.4546700535
233 77.3252303521
239 62.8343310931
292 58.4087793235
314 52.3089407301
326 49.8138580260
336 45.6840504411
343 42.4944730580
348 27.3951277325
362 27.0117762748
367 26.5876692183
403 24.5756638350
454 23.7983751350
474 23.2149760796
493 18.9521088306
529 14.1347154334
553 12.7480540363
563 12.4957631427
567 12.4870709670
571 12.3504426730
578 11.8810339838
593 10.5941290193
595 9.4207700179
603 6.9907391723
629 6.9306947142
639 6.1410473375
818 6.0274502955
826 5.6762696501
833 4.1594851325
843 3.8436402390
844 3.7463223097
911 2.2971893111
994 2.1174230359
1019 1.6801597208
1026 1.5349280599
1068 1.4334428816
1070 1.3509349762
1071 1.2137763553
1072 1.0871752596
1078 0.7196307114
1135 0.6940770549
1176 0.6498544631
1187 0.4956181136
1194 0.4169564836
1205 0.3986757137
1218 0.3924187173
1220 0.3566879779
1258 0.2661718999
1271 0.1852080717
1283 0.1593202425
1331 0.0878367464
1351 0.0802997956
1412 0.0794919718
1425 0.0774644116
1435 0.0736244325
1442 0.0695326963
1460 0.0568678600
1462 0.0514191036
1465 0.0443827778
1466 0.0436771149
1468 0.0434375150
1482 0.0426260618
1498 0.0423981263
1510 0.0300679185
1542 0.0278688961
1543 0.0275328588
1560 0.0227597478
1565 0.0225368002
1578 0.0206711967
1586 0.0164395641
1591 0.0146294233
1604 0.0122708564
1611 0.0114357752
1620 0.0114101305
1672 0.0063750510
1705 0.0049054357
1707 0.0047754453
1720 0.0046555646
1722 0.0045781113
1729 0.0035831361
1739 0.0033655788
1757 0.0028295667
1788 0.0022781426
1801 0.0014668647
1807 0.0014006357
1920 0.0013739403
1921 0.0005430807
2121 0.0005205981
2135 0.0005134597
2150 0.0005059995
2155 0.0002594648
2201 0.0002024656
2211 0.0001799912
2237 0.0001658662
2244 0.0001528980
2255 0.0001487523
2284 0.0001457503
2291 0.0001075576
2302 0.0000954408
2303 0.0000901312
2314 0.0000628237
2329 0.0000498900
2386 0.0000483361
2396 0.0000313926
2406 0.0000308690
2419 0.0000283759
2422 0.0000264966
2438 0.0000248471
2460 0.0000123770
2474 0.0000118211
2522 0.0000088228
2542 0.0000078095
2549 0.0000064178
2554 0.0000061060
2564 0.0000060315
2602 0.0000056821
2619 0.0000035728
2644 0.0000035032
2656 0.0000025510
2665 0.0000018708
2717 0.0000017218
2738 0.0000016741
2753 0.0000013421
2755 0.0000012457
2772 0.0000009153
2781 0.0000008768
2785 0.0000004475
2915 0.0000004342
2927 0.0000004193
2941 0.0000003250
2973 0.0000002803
2982 0.0000002496
2996 0.0000002358
2997 0.0000001995
3007 0.0000001831
3017 0.0000001757
3029 0.0000001728
3031 0.0000001102
3033 0.0000001028
3052 0.0000001021
3169 0.0000000909
3193 0.0000000827
3197 0.0000000576
3198 0.0000000541
3213 0.0000000436
3282 0.0000000423
3287 0.0000000405
3322 0.0000000274
3346 0.0000000227
3368 0.0000000196
3378 0.0000000132
3389 0.0000000131
3396 0.0000000131
3404 0.0000000122
3407 0.0000000117
3410 0.0000000079
3426 0.0000000061
3453 0.0000000060
3529 0.0000000058
3531 0.0000000033
3589 0.0000000032
3592 0.0000000029
3596 0.0000000024
3612 0.0000000018
3684 0.0000000012
3788 0.0000000011
3797 0.0000000010
3811 0.0000000008
3822 0.0000000008
3824 0.0000000006
3852 0.0000000006
3891 0.0000000005
3904 0.0000000003
4023 0.0000000003
4033 0.0000000003
4045 0.0000000003
4065 0.0000000002
4067 0.0000000002
4096 0.0000000002
4127 0.0000000002
4131 0.0000000002
4138 0.0000000002
4141 0.0000000001
4143 0.0000000001
4158 0.0000000001
4284 0.0000000001
4314 0.0000000001
4349 0.0000000001
4358 0.0000000001
4371 0.0000000001
4386 0.0000000001
4391 0.0000000001
4396 0.0000000001
4400 0.0000000001
4405 0.0000000001
4407 0.0000000001
4425 0.0000000001
4430 0.0000000001
4435 0.0000000001
4455 0.0000000000
4462 0.0000000000
4474 0.0000000000
4522 0.0000000000
4538 0.0000000000
4580 0.0000000000
4589 0.0000000000
4596 0.0000000000
4624 0.0000000000
4634 0.0000000000
4650 0.0000000000
4827 0.0000000000
4836 0.0000000000
4842 0.0000000000
4902 0.0000000000
4917 0.0000000000
5014 0.0000000000
5042 0.0000000000
5045 0.0000000000
5053 0.0000000000
5067 0.0000000000
5073 0.0000000000
5087 0.0000000000
5104 0.0000000000
5122 0.0000000000
5131 0.0000000000
5168 0.0000000000
5226 0.0000000000
5245 0.0000000000
5249 0.0000000000
5253 0.0000000000
5270 0.0000000000
5317 0.0000000000
5332 0.0000000000
5349 0.0000000000
5366 0.0000000000
5368 0.0000000000
5388 0.0000000000
5423 0.0000000000
5462 0.0000000000
5509 0.0000000000
5519 0.0000000000
5531 0.0000000000
5541 0.0000000000
5613 0.0000000000
5649 0.0000000000
5660 0.0000000000
5668 0.0000000000
5732 0.0000000000
5760 0.0000000000
5831 0.0000000000
5941 0.0000000000
5945 0.0000000000
5952 0.0000000000
5990 0.0000000000
6062 0.0000000000
6153 0.0000000000
6240 0.0000000000
41884 0.0000000000
100150 160034342.6925982535
evaluations raw_y
1 1043755.7577513595
3 532302.7612619274
7 500370.4890390490
14 303601.4460564614
22 283887.7781847455
27 166608.0670525083
31 157508.5207441754
33 110032.5203929019
34 109211.9934999717
43 103440.3316995740
46 63090.3461704291
54 57133.7337968596
59 25235.5332023384
69 1040.8226919772
76 749.6020762710
83 674.5199936068
84 387.5392504324
91 383.8700835424
95 321.5845877447
96 259.9680538898
228 259.0283553554
301 256.2325935184
304 216.3780262662
332 215.9659653702
343 195.7278084591
345 146.4356123020
348 142.2988474389
380 111.9791847052
399 68.7235127521
444 53.4458241069
466 50.8286316078
470 43.2623714995
476 29.5461622180
590 28.0097915662
627 24.4757569869
632 22.9342462133
662 19.9568063409
699 15.8333777464
725 7.6580317373
822 6.7628961182
838 4.2442917079
941 4.1709030110
963 3.5749279780
979 3.2681853001
981 2.9950160693
982 2.6177659588
984 1.9092110263
1012 1.3483931811
1042 1.1869043679
1154 0.9837544572
1158 0.7584995662
1169 0.6775440937
1193 0.6028175554
1260 0.5990123504
1263 0.3625408166
1373 0.2216536984
1391 0.2172317665
1422 0.1229422817
1449 0.1119768368
1520 0.0864718140
1522 0.0812750589
1524 0.0803299252
1543 0.0580516446
1565 0.0423656029
1628 0.0375421654
1652 0.0348897292
1658 0.0231961546
1670 0.0228884099
1680 0.0088495046
1808 0.0087523810
1881 0.0082634926
1913 0.0077886953
1920 0.0071515930
1921 0.0051849342
1982 0.0050820230
1984 0.0048568504
1986 0.0046125150
2000 0.0044256162
2043 0.0026813677
2053 0.0025769864
2083 0.0024921857
2090 0.0023537267
2157 0.0023333443
2162 0.0019502035
2176 0.0014855573
2200 0.0014431518
2258 0.0014307946
2262 0.0013307374
2266 0.0013300637
2272 0.0007857657
2292 0.0006159162
2319 0.0005569813
2320 0.0005359332
2340 0.0005275087
2402 0.0005203763
2412 0.0004979641
2423 0.0004670055
2433 0.0004047635
2452 0.0002897627
2475 0.0002740959
2503 0.0002724307
2505 0.0002690632
2510 0.0002010938
2527 0.0001931164
2563 0.0001573347
2567 0.0001553181
2581 0.0001163064
2672 0.0000761425
2691 0.0000540672
2706 0.0000453121
2726 0.0000450339
2768 0.0000290044
2781 0.0000265956
2788 0.0000157670
2932 0.0000157524
2945 0.0000117233
2958 0.0000088087
2976 0.0000072870
3028 0.0000055076
3031 0.0000038587
3143 0.0000037448
3155 0.0000032735
3157 0.0000031885
3167 0.0000031074
3171 0.0000030026
3183 0.0000028942
3199 0.0000028768
3203 0.0000023647
3207 0.0000021188
3216 0.0000010500
3332 0.0000007652
3426 0.0000007085
3429 0.0000005877
3438 0.0000005560
3441 0.0000004972
3468 0.0000004327
3493 0.0000004242
3683 0.0000003901
3722 0.0000003659
3727 0.0000003381
3735 0.0000003192
3763 0.0000002658
3784 0.0000002585
3836 0.0000002317
3879 0.0000002162
3899 0.0000002144
3903 0.0000001967
3904 0.0000001948
3913 0.0000001873
3947 0.0000001871
3972 0.0000001828
3989 0.0000001821
3991 0.0000001716
4001 0.0000001677
4017 0.0000001625
4033 0.0000001592
4053 0.0000001402
4057 0.0000001220
4072 0.0000001136
4089 0.0000001020
4100 0.0000001019
4105 0.0000001010
4119 0.0000000997
4124 0.0000000985
4141 0.0000000816
4160 0.0000000589
4252 0.0000000588
4263 0.0000000549
4284 0.0000000442
4285 0.0000000349
4310 0.0000000311
4311 0.0000000273
4353 0.0000000204
4395 0.0000000189
4415 0.0000000116
4455 0.0000000095
4557 0.0000000065
4577 0.0000000058
4598 0.0000000049
4613 0.0000000042
4683 0.0000000034
4704 0.0000000031
4744 0.0000000029
4756 0.0000000022
4790 0.0000000022
4804 0.0000000019
4813 0.0000000017
4814 0.0000000017
4820 0.0000000017
4837 0.0000000016
4842 0.0000000013
4845 0.0000000013
4859 0.0000000012
4869 0.0000000011
4876 0.0000000011
4877 0.0000000009
4896 0.0000000008
4947 0.0000000007
4950 0.0000000007
4952 0.0000000006
4962 0.0000000006
4968 0.0000000005
4979 0.0000000004
5121 0.0000000004
5177 0.0000000004
5181 0.0000000003
5197 0.0000000003
5201 0.0000000003
5226 0.0000000003
5232 0.0000000003
5255 0.0000000003
5277 0.0000000003
5281 0.0000000003
5294 0.0000000002
5341 0.0000000002
5353 0.0000000002
5356 0.0000000002
5359 0.0000000002
5374 0.0000000002
5417 0.0000000001
5421 0.0000000001
5448 0.0000000001
5454 0.0000000001
5506 0.0000000001
5514 0.0000000001
5522 0.0000000001
5529 0.0000000001
5531 0.0000000001
5543 0.0000000000
5586 0.0000000000
5626 0.0000000000
5691 0.0000000000
5722 0.0000000000
5726 0.0000000000
5749 0.0000000000
5947 0.0000000000
5952 0.0000000000
5994 0.0000000000
6019 0.0000000000
6040 0.0000000000
6049 0.0000000000
6054 0.0000000000
6082 0.0000000000
6104 0.0000000000
6106 0.0000000000
6156 0.0000000000
6203 0.0000000000
6211 0.0000000000
6213 0.0000000000
6218 0.0000000000
6223 0.0000000000
6230 0.0000000000
6233 0.0000000000
6309 0.0000000000
6373 0.0000000000
6388 0.0000000000
6505 0.0000000000
6506 0.0000000000
6542 0.0000000000
6545 0.0000000000
6554 0.0000000000
6565 0.0000000000
6584 0.0000000000
6677 0.0000000000
6758 0.0000000000
6761 0.0000000000
6792 0.0000000000
6804 0.0000000000
6815 0.0000000000
6830 0.0000000000
6831 0.0000000000
6848 0.0000000000
6854 0.0000000000
6855 0.0000000000
6858 0.0000000000
6875 0.0000000000
6912 0.0000000000
6921 0.0000000000
7066 0.0000000000
7085 0.0000000000
7256 0.0000000000
7271 0.0000000000
7342 0.0000000000
7354 0.0000000000
7362 0.0000000000
40265 0.0000000000
100060 1363.6656094360
evaluations raw_y
1 1937989.8502819370
2 1887758.2457382882
3 1745603.9527978606
4 1579819.0346419623
6 1051712.5655852077
7 918453.7755557165
13 814496.2101684953
17 595085.6928288317
21 149478.6236870952
31 20186.5971340215
50 11766.9458588091
54 384.8357946986
279 238.5117887154
309 216.8032060124
346 127.6607781725
432 115.9481434283
441 115.2683936122
444 101.1644269553
475 98.3427690087
487 86.3628449799
492 80.3887043562
518 74.0902459615
526 64.1919223823
577 51.6829508386
602 47.7592839702
603 46.3984170456
627 34.1686367595
674 32.3129994030
679 32.1863500207
686 23.5399592281
700 13.1851533853
708 12.6305226901
791 8.0562365123
820 6.9824546685
826 5.3693891624
892 4.2840506342
914 4.2389944743
935 3.8369666499
947 3.5536973063
974 3.3743244268
983 3.0353348798
1004 2.7764839416
1005 2.0705949397
1062 1.5041156704
1168 1.3853894156
1174 1.3804979361
1196 1.3714917657
1210 1.2456886102
1252 1.1342069502
1263 1.1215726650
1275 1.0737348639
1284 0.9808320191
1303 0.8018604669
1304 0.7903949189
1332 0.7839693624
1343 0.7788909284
1353 0.7316730446
1372 0.7175145529
1390 0.7150869947
1400 0.7145325179
1420 0.7077088864
1423 0.6873075873
1431 0.6773361831
1437 0.6365400320
1450 0.5955231059
1456 0.5105460330
1460 0.4412747078
1461 0.4212161666
1533 0.3912905326
1562 0.3757551879
1571 0.3642047044
1573 0.3522235015
1578 0.3495955394
1584 0.2783418469
1633 0.2462710359
1671 0.2080239379
1691 0.1498904146
1701 0.1340860581
1719 0.1272926342
1741 0.0799771039
1803 0.0795997618
1812 0.0794087706
1818 0.0559783359
1834 0.0490810029
1875 0.0470005398
1901 0.0463932055
1955 0.0458555454
1956 0.0446671793
1984 0.0440212161
2011 0.0437206998
2016 0.0434843721
2018 0.0433627373
2027 0.0428812121
2031 0.0419602863
2034 0.0419254230
2049 0.0412702129
2053 0.0400573947
2063 0.0394900756
2069 0.0388858106
2107 0.0383116073
2110 0.0361800850
2122 0.0357929794
2128 0.0345171624
2145 0.0332017615
2151 0.0312777597
2163 0.0232078644
2195 0.0223816972
2207 0.0202703302
2211 0.0175281896
2241 0.0172299018
2311 0.0164855439
2313 0.0152494988
2331 0.0146068043
2355 0.0107528546
2362 0.0097965080
2367 0.0091316603
2380 0.0087516772
2395 0.0082877729
2401 0.0078525047
2412 0.0048623771
2423 0.0046675000
2441 0.0044998423
2443 0.0042081636
2495 0.0041960691
2503 0.0036595479
2506 0.0033244097
2517 0.0022797899
2527 0.0018107998
2535 0.0017432296
2598 0.0008556353
2645 0.0007959976
2657 0.0006980222
2665 0.0005896750
2669 0.0005164167
2675 0.0004926649
2728 0.0004876269
2781 0.0004227918
2811 0.0003643704
2812 0.0003229942
2824 0.0002726065
2846 0.0002576977
2854 0.0002166733
2927 0.0001780237
2932 0.0001420996
2972 0.0001354847
2988 0.0001265058
3009 0.0001115282
3051 0.0000903168
3126 0.0000787622
3153 0.0000626948
3203 0.0000618738
3212 0.0000604837
3221 0.0000571503
3242 0.0000554288
3255 0.0000518534
3272 0.0000513269
3279 0.0000489552
3287 0.0000483955
3291 0.0000455357
3294 0.0000314550
3388 0.0000306345
3402 0.0000293495
3420 0.0000290915
3423 0.0000263979
3454 0.0000248133
3501 0.0000244526
3503 0.0000205088
3531 0.0000166743
3573 0.0000161710
3589 0.0000144545
3591 0.0000114595
3655 0.0000109078
3704 0.0000108540
3705 0.0000104496
3713 0.0000094616
3727 0.0000085318
3735 0.0000085172
3743 0.0000083705
3745 0.0000083574
3757 0.0000080329
3768 0.0000074732
3773 0.0000074021
3778 0.0000065002
3788 0.0000050558
3858 0.0000050305
3878 0.0000044383
3921 0.0000036669
3951 0.0000034499
3976 0.0000033397
3982 0.0000032315
3991 0.0000030502
3992 0.0000024559
4076 0.0000022490
4077 0.0000018901
4082 0.0000017356
4138 0.0000016548
4171 0.0000015751
4177 0.0000015641
4178 0.0000012241
4186 0.0000009030
4308 0.0000006701
4324 0.0000006337
4343 0.0000005567
4355 0.0000005125
4366 0.0000004826
4410 0.0000004249
4445 0.0000004006
4451 0.0000003059
4464 0.0000001894
4474 0.0000001888
4478 0.0000001612
4569 0.0000001025
4593 0.0000001021
4603 0.0000001004
4611 0.0000001001
4614 0.0000000936
4652 0.0000000928
4664 0.0000000849
4675 0.0000000663
4720 0.0000000473
4744 0.0000000336
4766 0.0000000310
4777 0.0000000299
4799 0.0000000171
4896 0.0000000169
4931 0.0000000167
4934 0.0000000155
4941 0.0000000123
4967 0.0000000119
4972 0.0000000107
4977 0.0000000101
4991 0.0000000059
5129 0.0000000058
5137 0.0000000057
5148 0.0000000056
5155 0.0000000039
5174 0.0000000039
5184 0.0000000032
5192 0.0000000031
5212 0.0000000030
5260 0.0000000026
5269 0.0000000023
5290 0.0000000021
5305 0.0000000021
5308 0.0000000019
5322 0.0000000013
5354 0.0000000012
5369 0.0000000012
5370 0.0000000011
5371 0.0000000011
5404 0.0000000010
5416 0.0000000009
5443 0.0000000008
5448 0.0000000007
5454 0.0000000007
5476 0.0000000006
5484 0.0000000006
5496 0.0000000006
5525 0.0000000006
5549 0.0000000006
5550 0.0000000004
5552 0.0000000003
5599 0.0000000003
5602 0.0000000003
5604 0.0000000003
5610 0.0000000003
5629 0.0000000003
5633 0.0000000003
5640 0.0000000002
5665 0.0000000002
5669 0.0000000002
5678 0.0000000002
5681 0.0000000002
5711 0.0000000002
5725 0.0000000001
5735 0.0000000001
5741 0.0000000001
5762 0.0000000001
5803 0.0000000001
5818 0.0000000001
5858 0.0000000001
5862 0.0000000001
5866 0.0000000001
5872 0.0000000001
5892 0.0000000001
5894 0.0000000001
5902 0.0000000001
5920 0.0000000001
5922 0.0000000001
5962 0.0000000001
6021 0.0000000000
6038 0.0000000000
6045 0.0000000000
6063 0.0000000000
6116 0.0000000000
6136 0.0000000000
6144 0.0000000000
6185 0.0000000000
6189 0.0000000000
6194 0.0000000000
6234 0.0000000000
6270 0.0000000000
6286 0.0000000000
6295 0.0000000000
6305 0.0000000000
6367 0.0000000000
6397 0.0000000000
6538 0.0000000000
6541 0.0000000000
6543 0.0000000000
6557 0.0000000000
6570 0.0000000000
6610 0.0000000000
6621 0.0000000000
6626 0.0000000000
6666 0.0000000000
6686 0.0000000000
6693 0.0000000000
6725 0.0000000000
6731 0.0000000000
6741 0.0000000000
6753 0.0000000000
6757 0.0000000000
6778 0.0000000000
6790 0.0000000000
6811 0.0000000000
6825 0.0000000000
6838 0.0000000000
6853 0.0000000000
6863 0.0000000000
6883 0.0000000000
7158 0.0000000000
7263 0.0000000000
7311 0.0000000000
17107 0.0000000000
38593 0.0000000000
100010 74792.0086863688
evaluations raw_y
1 1080275.1587624412
2 567667.7168839815
3 386815.6832287133
4 237842.9517118708
6 168933.1408605828
14 66756.2749194102
28 61042.2899134750
32 171.1398625239
154 148.4346305802
219 110.9652420699
256 110.6457202702
293 86.8078984001
336 74.3230972247
380 66.4387012936
383 65.2367850836
384 59.8793794876
397 51.8550893170
402 40.3621729197
427 38.0832412204
439 34.0340109484
458 26.5891062265
459 24.8210701210
468 18.9324840895
561 13.9491410620
592 12.5636458803
603 11.9177811339
626 7.8043020019
663 7.5524536411
710 7.1506389167
727 7.0594737179
731 6.6112126390
765 6.2497198085
771 5.6658655261
795 5.2644655357
814 5.1353156163
821 4.2593735296
855 3.2219660597
885 3.0127434943
902 2.7714061044
912 2.5268584056
922 2.4307147135
936 1.3747031750
975 1.3702392715
981 0.7392388490
993 0.7041478688
1113 0.6251321095
1121 0.3955692745
1242 0.3444846998
1309 0.3118262961
1321 0.2313716520
1332 0.2147548489
1343 0.1814714548
1399 0.1800819775
1401 0.1738958938
1410 0.1444770779
1441 0.0831473218
1456 0.0814720221
1489 0.0747229102
1504 0.0739503563
1523 0.0717973398
1526 0.0430102554
1558 0.0418511697
1596 0.0415154795
1619 0.0411055146
1633 0.0399594336
1634 0.0391694268
1635 0.0379432869
1646 0.0290477283
1648 0.0271240742
1670 0.0237435719
1675 0.0208090791
1681 0.0155889592
1737 0.0154977943
1750 0.0117316129
1751 0.0098578804
1788 0.0086475241
1822 0.0084767551
1866 0.0083850446
1867 0.0075740924
1874 0.0046400485
1967 0.0045851246
1973 0.0042918765
1982 0.0041254977
2000 0.0040847934
2001 0.0033870969
2015 0.0032844184
2023 0.0028611679
2026 0.0024844993
2083 0.0024215896
2108 0.0021644132
2113 0.0019055341
2121 0.0016406793
2132 0.0013834825
2144 0.0012179583
2151 0.0010046936
2313 0.0010046867
2329 0.0009917777
2335 0.0008888286
2345 0.0008518610
2353 0.0006938466
2390 0.0006852847
2404 0.0006817786
2411 0.0005182632
2544 0.0004996364
2594 0.0004969222
2602 0.0004957103
2606 0.0004912268
2612 0.0004736387
2622 0.0004675513
2640 0.0004605556
2642 0.0004306626
2644 0.0003516912
2660 0.0003492298
2671 0.0002791315
2699 0.0002735290
2774 0.0002722493
2779 0.0002700355
2781 0.0002610629
2793 0.0002303091
2800 0.0002168679
2819 0.0001461606
2870 0.0001335854
2886 0.0001014824
2916 0.0000714516
2962 0.0000551162
3018 0.0000317193
3026 0.0000255933
3059 0.0000161113
3263 0.0000157654
3278 0.0000149247
3301 0.0000147186
3302 0.0000145122
3307 0.0000134812
3319 0.0000124131
3325 0.0000100524
3349 0.0000094757
3389 0.0000093223
3397 0.0000090589
3408 0.0000080003
3427 0.0000077940
3433 0.0000071726
3439 0.0000068893
3464 0.0000063387
3475 0.0000060002
3493 0.0000057909
3502 0.0000055795
3528 0.0000037787
3608 0.0000032473
3626 0.0000032077
3633 0.0000031870
3634 0.0000031526
3644 0.0000030067
3649 0.0000027931
3722 0.0000026070
3737 0.0000022760
3748 0.0000022247
3754 0.0000021830
3757 0.0000021460
3768 0.0000017844
3775 0.0000017412
3839 0.0000017325
3842 0.0000017235
3863 0.0000016552
3873 0.0000014687
3874 0.0000013898
3890 0.0000012468
3908 0.0000010947
3915 0.0000009373
3930 0.0000007868
4078 0.0000007163
4090 0.0000006151
4098 0.0000005477
4131 0.0000005461
4133 0.0000004896
4141 0.0000004595
4142 0.0000004452
4152 0.0000003807
4164 0.0000003649
4166 0.0000003065
4243 0.0000002336
4294 0.0000001844
4317 0.0000001512
4341 0.0000001323
4356 0.0000001082
4370 0.0000000986
4467 0.0000000885
4493 0.0000000700
4494 0.0000000618
4591 0.0000000537
4606 0.0000000419
4613 0.0000000390
4671 0.0000000326
4678 0.0000000312
4684 0.0000000286
4703 0.0000000278
4734 0.0000000270
4774 0.0000000226
4804 0.0000000208
4861 0.0000000198
4876 0.0000000169
4891 0.0000000168
4925 0.0000000150
4941 0.0000000142
4943 0.0000000122
4953 0.0000000113
4965 0.0000000113
4979 0.0000000112
4984 0.0000000111
4992 0.0000000098
5011 0.0000000088
5038 0.0000000082
5048 0.0000000078
5117 0.0000000074
5131 0.0000000070
5142 0.0000000061
5144 0.0000000060
5153 0.0000000057
5234 0.0000000057
5257 0.0000000053
5262 0.0000000047
5277 0.0000000044
5297 0.0000000042
5300 0.0000000039
5306 0.0000000038
5316 0.0000000037
5366 0.0000000035
5368 0.0000000034
5378 0.0000000032
5388 0.0000000032
5394 0.0000000031
5411 0.0000000030
5423 0.0000000030
5424 0.0000000028
5432 0.0000000024
5470 0.0000000022
5483 0.0000000022
5493 0.0000000020
5498 0.0000000017
5516 0.0000000011
5570 0.0000000011
5575 0.0000000011
5634 0.0000000011
5635 0.0000000010
5641 0.0000000009
5642 0.0000000008
5695 0.0000000007
5704 0.0000000006
5725 0.0000000006
5740 0.0000000004
5766 0.0000000003
5798 0.0000000003
5864 0.0000000002
5958 0.0000000002
5971 0.0000000001
5984 0.0000000001
6007 0.0000000001
6012 0.0000000001
6092 0.0000000001
6124 0.0000000000
6146 0.0000000000
6195 0.0000000000
6202 0.0000000000
6208 0.0000000000
6218 0.0000000000
6229 0.0000000000
6230 0.0000000000
6241 0.0000000000
6258 0.0000000000
6336 0.0000000000
6344 0.0000000000
6354 0.0000000000
6367 0.0000000000
6388 0.0000000000
6392 0.0000000000
6439 0.0000000000
6454 0.0000000000
6490 0.0000000000
6493 0.0000000000
6506 0.0000000000
6511 0.0000000000
6521 0.0000000000
6531 0.0000000000
6542 0.0000000000
6573 0.0000000000
6590 0.0000000000
6700 0.0000000000
6708 0.0000000000
6725 0.0000000000
6740 0.0000000000
6806 0.0000000000
6830 0.0000000000
6890 0.0000000000
32422 0.0000000000
100040 731.8750162704
evaluations raw_y
1 1202520.7447901231
2 1110739.6139475948
4 1086688.1924244794
6 952662.6576805612
7 649352.1542239028
16 313132.1740440464
41 224066.0098409877
45 114026.9807587429
53 76066.1452917489
69 33232.5028982018
87 3838.9967152527
91 3641.0924892896
115 1794.6534458006
128 460.7879507386
132 414.9818616573
143 403.8021429850
145 335.1829824868
148 213.4149094240
166 146.2551799362
179 117.0282033941
333 108.8478868663
341 88.2170555879
362 79.4677688220
368 76.0531947068
369 64.5405240092
411 57.3391311597
423 41.5031907805
439 40.4017531388
449 38.8755683953
457 35.6052545431
471 33.0280413482
495 31.6473614827
535 28.0328210469
565 26.0229862481
575 24.2733710836
586 20.5658218564
630 12.1323886793
640 10.5444433233
721 8.6340339292
738 7.3789603096
742 6.4031653301
857 4.1763071421
890 3.8930933191
907 3.6313027287
912 2.9182759752
948 2.7167021288
964 2.4466982371
990 2.0258989033
996 1.7075083240
1082 1.6099040129
1107 1.5779407114
1108 1.3812008826
1116 1.3664983760
1154 1.0600703189
1197 0.8412627679
1235 0.8357514083
1239 0.7550760945
1299 0.7326589313
1308 0.7215504163
1315 0.7098331030
1326 0.5047510533
1382 0.4808284394
1388 0.4427236553
1398 0.3731318473
1426 0.3544916980
1477 0.2439728361
1516 0.2321726246
1535 0.2066909604
1544 0.1646902685
1554 0.1549098484
1582 0.1450695523
1598 0.1281328463
1606 0.0917256121
1614 0.0914204931
1624 0.0543435262
1644 0.0519267051
1713 0.0478613759
1736 0.0436171914
1756 0.0435377228
1761 0.0431084797
1763 0.0429218452
1776 0.0302515125
1781 0.0263688479
1799 0.0225953349
1825 0.0199855016
1836 0.0197929243
1838 0.0184922642
1867 0.0178961494
1872 0.0162990988
1909 0.0108393376
1940 0.0108288162
1943 0.0090447368
1957 0.0051886520
2026 0.0044150201
2034 0.0029279413
2085 0.0028967611
2121 0.0024173257
2132 0.0021849590
2134 0.0019187191
2171 0.0019129980
2172 0.0017631377
2201 0.0013541257
2211 0.0013334827
2222 0.0009865814
2233 0.0006774138
2255 0.0005709108
2284 0.0005146750
2289 0.0005129901
2302 0.0004804848
2306 0.0001475930
2466 0.0001266520
2473 0.0001050465
2474 0.0001003882
2509 0.0000954455
2531 0.0000616263
2679 0.0000557278
2706 0.0000547431
2795 0.0000503095
2801 0.0000487963
2835 0.0000467013
2844 0.0000296215
2920 0.0000285109
2935 0.0000283619
2940 0.0000240332
2941 0.0000180379
2966 0.0000172069
2970 0.0000163083
3071 0.0000114829
3124 0.0000102953
3153 0.0000097064
3169 0.0000092630
3198 0.0000086749
3209 0.0000053479
3277 0.0000031700
3296 0.0000031544
3336 0.0000023190
3370 0.0000018956
3410 0.0000018399
3435 0.0000018278
3441 0.0000017820
3442 0.0000017543
3447 0.0000017210
3456 0.0000017070
3459 0.0000016951
3464 0.0000015621
3496 0.0000013543
3500 0.0000013039
3510 0.0000009546
3546 0.0000009488
3554 0.0000009378
3561 0.0000009283
3569 0.0000009220
3573 0.0000007329
3574 0.0000006320
3581 0.0000005333
3592 0.0000004799
3602 0.0000003416
3623 0.0000003074
3727 0.0000003042
3756 0.0000002894
3764 0.0000002233
3784 0.0000001961
3793 0.0000001880
3836 0.0000001816
3852 0.0000001436
3892 0.0000001426
3900 0.0000001179
3904 0.0000000964
3913 0.0000000908
3935 0.0000000817
3949 0.0000000594
3991 0.0000000584
3995 0.0000000546
4001 0.0000000544
4014 0.0000000381
4043 0.0000000364
4044 0.0000000363
4050 0.0000000354
4059 0.0000000353
4061 0.0000000308
4092 0.0000000292
4105 0.0000000269
4119 0.0000000261
4139 0.0000000231
4164 0.0000000205
4169 0.0000000187
4228 0.0000000186
4231 0.0000000163
4241 0.0000000136
4242 0.0000000128
4251 0.0000000112
4252 0.0000000109
4256 0.0000000106
4263 0.0000000105
4312 0.0000000102
4344 0.0000000093
4353 0.0000000064
4403 0.0000000059
4511 0.0000000059
4541 0.0000000054
4561 0.0000000043
4569 0.0000000043
4578 0.0000000039
4579 0.0000000037
4580 0.0000000033
4586 0.0000000030
4611 0.0000000026
4620 0.0000000023
4665 0.0000000019
4677 0.0000000013
4763 0.0000000013
4782 0.0000000013
4793 0.0000000012
4797 0.0000000012
4802 0.0000000012
4805 0.0000000011
4811 0.0000000010
4833 0.0000000009
4861 0.0000000008
4864 0.0000000008
4871 0.0000000007
4893 0.0000000007
4904 0.0000000006
4906 0.0000000006
4917 0.0000000006
4925 0.0000000006
4926 0.0000000006
4931 0.0000000005
4934 0.0000000004
4948 0.0000000003
4957 0.0000000003
4965 0.0000000003
4977 0.0000000002
5004 0.0000000002
5063 0.0000000002
5066 0.0000000002
5071 0.0000000001
5074 0.0000000001
5109 0.0000000001
5142 0.0000000001
5186 0.0000000000
5202 0.0000000000
5331 0.0000000000
5386 0.0000000000
5388 0.0000000000
5394 0.0000000000
5418 0.0000000000
5442 0.0000000000
5452 0.0000000000
5470 0.0000000000
5474 0.0000000000
5482 0.0000000000
5484 0.0000000000
5499 0.0000000000
5503 0.0000000000
5513 0.0000000000
5536 0.0000000000
5576 0.0000000000
5625 0.0000000000
5626 0.0000000000
5635 0.0000000000
5642 0.0000000000
5655 0.0000000000
5663 0.0000000000
5764 0.0000000000
5776 0.0000000000
5811 0.0000000000
5813 0.0000000000
5827 0.0000000000
5907 0.0000000000
5917 0.0000000000
5949 0.0000000000
5963 0.0000000000
5972 0.0000000000
5986 0.0000000000
5987 0.0000000000
5993 0.0000000000
6010 0.0000000000
6039 0.0000000000
6047 0.0000000000
6065 0.0000000000
6068 0.0000000000
6085 0.0000000000
6093 0.0000000000
6114 0.0000000000
6121 0.0000000000
6132 0.0000000000
6141 0.0000000000
6193 0.0000000000
6198 0.0000000000
6209 0.0000000000
6211 0.0000000000
6246 0.0000000000
6313 0.0000000000
6352 0.0000000000
6381 0.0000000000
6385 0.0000000000
6499 0.0000000000
6573 0.0000000000
16940 0.0000000000
39747 0.0000000000
100060 1085780.1603928132
evaluations raw_y
1 586465.0470740682
3 120370.1559115280
11 99622.6358843756
23 43091.8810917714
24 24013.1942637645
27 21059.9711350529
31 999.7832126291
39 288.3456865802
46 229.3186831164
153 211.4830136787
186 199.0801258383
210 179.5666189785
215 173.0891452802
272 132.5957777905
288 124.2929082781
306 117.5111112569
315 112.7624205760
322 95.6261507528
358 86.5262456881
369 78.4282760992
380 74.9893952969
411 72.7875462873
423 61.1691335133
443 57.4233434677
451 51.3742076297
454 39.8070048775
518 38.3215600329
594 35.4185560838
640 33.6851666500
641 31.4121503644
654 30.9885241785
660 27.1806564336
670 25.7487954649
701 24.1136295601
724 14.6276759882
766 13.4710486952
855 12.4650335982
870 12.0620505828
875 10.5233423929
878 10.4830330243
883 9.3775299984
912 8.5663384232
963 8.5602465386
978 8.2504999421
982 7.4835336967
985 7.0855750967
993 6.7200184056
994 6.2924117473
1003 5.8474964724
1004 5.4082671834
1013 4.9690107296
1016 4.4226192019
1027 3.8164534548
1049 3.4182003932
1175 3.3153843578
1207 3.1236651033
1233 3.0404002979
1238 2.6312515510
1246 2.5667309190
1292 2.4571711331
1302 2.4381186759
1309 2.3300550611
1316 1.7840105389
1328 1.4749937070
1343 1.4520040278
1380 1.0673509781
1391 1.0335449261
1465 0.7745253459
1518 0.6384707331
1561 0.5276336283
1573 0.4726532677
1575 0.4323433156
1576 0.4215381959
1582 0.4078085817
1589 0.3539792565
1592 0.3034184620
1599 0.2959093492
1642 0.2783018658
1661 0.2498364727
1704 0.2133747035
1721 0.1919671642
1725 0.1533470743
1736 0.1373097536
1767 0.1069929393
1772 0.1015966509
1794 0.0841348557
1863 0.0800011768
1879 0.0767772650
1914 0.0703262614
1943 0.0507609514
1944 0.0459990390
1947 0.0449053440
1957 0.0444795784
1967 0.0429923108
1984 0.0423001656
1989 0.0405757411
2042 0.0363366478
2057 0.0313750615
2063 0.0296621943
2067 0.0282696164
2078 0.0259841094
2083 0.0236203230
2104 0.0233562767
2108 0.0227206195
2131 0.0182189941
2149 0.0158968340
2158 0.0126447019
2184 0.0110975035
2307 0.0086098013
2324 0.0085086344
2327 0.0057193527
2356 0.0046360732
2404 0.0045371879
2415 0.0044093070
2439 0.0037247026
2457 0.0036288804
2461 0.0030889469
2477 0.0030489299
2484 0.0022012034
2517 0.0019379329
2530 0.0017545487
2542 0.0013737650
2560 0.0009845510
2564 0.0009689028
2579 0.0009355139
2624 0.0009251188
2628 0.0008839885
2642 0.0008530661
2655 0.0008115184
2661 0.0006449505
2696 0.0006189053
2699 0.0006076820
2705 0.0005474822
2729 0.0004170312
2732 0.0003616148
2752 0.0002815005
2771 0.0002777965
2774 0.0002731928
2802 0.0002548352
2838 0.0001427171
2865 0.0001285295
2895 0.0001117947
2902 0.0000948735
2912 0.0000787309
2939 0.0000742503
2942 0.0000657981
2948 0.0000566758
2997 0.0000455457
3005 0.0000453513
3076 0.0000400899
3079 0.0000395991
3095 0.0000298758
3101 0.0000293229
3114 0.0000240117
3121 0.0000222788
3123 0.0000195367
3153 0.0000180511
3190 0.0000173654
3195 0.0000168595
3232 0.0000157878
3267 0.0000155695
3275 0.0000131448
3291 0.0000124065
3300 0.0000111240
3303 0.0000105893
3320 0.0000104043
3339 0.0000095906
3341 0.0000089884
3352 0.0000088083
3353 0.0000085150
3363 0.0000081468
3366 0.0000074357
3385 0.0000070389
3386 0.0000063955
3392 0.0000051330
3410 0.0000050514
3418 0.0000049741
3442 0.0000047492
3452 0.0000045023
3471 0.0000042172
3500 0.0000041130
3501 0.0000038068
3502 0.0000037693
3512 0.0000035534
3518 0.0000034550
3559 0.0000032726
3572 0.0000027196
3591 0.0000025809
3593 0.0000023655
3655 0.0000017061
3724 0.0000013429
3737 0.0000011761
3745 0.0000010580
3754 0.0000009988
3758 0.0000009513
3761 0.0000009055
3774 0.0000008588
3775 0.0000008313
3787 0.0000004636
3793 0.0000003826
3854 0.0000002724
3899 0.0000002002
3935 0.0000001858
3962 0.0000001452
4011 0.0000001022
4034 0.0000001007
4050 0.0000000600
4096 0.0000000544
4165 0.0000000516
4224 0.0000000508
4233 0.0000000471
4236 0.0000000441
4243 0.0000000379
4302 0.0000000348
4345 0.0000000320
4356 0.0000000288
4370 0.0000000245
4442 0.0000000208
4453 0.0000000190
4457 0.0000000187
4465 0.0000000170
4481 0.0000000155
4490 0.0000000149
4500 0.0000000147
4551 0.0000000129
4574 0.0000000117
4575 0.0000000110
4581 0.0000000110
4585 0.0000000108
4590 0.0000000105
4595 0.0000000104
4601 0.0000000070
4614 0.0000000064
4625 0.0000000054
4675 0.0000000049
4692 0.0000000046
4720 0.0000000039
4788 0.0000000038
4813 0.0000000033
4817 0.0000000030
4842 0.0000000021
4860 0.0000000020
4866 0.0000000018
4874 0.0000000011
4933 0.0000000009
4962 0.0000000006
5024 0.0000000005
5042 0.0000000004
5063 0.0000000004
5090 0.0000000004
5110 0.0000000004
5120 0.0000000003
5126 0.0000000003
5142 0.0000000003
5143 0.0000000003
5161 0.0000000003
5165 0.0000000002
5175 0.0000000002
5185 0.0000000002
5191 0.0000000001
5270 0.0000000001
5284 0.0000000001
5286 0.0000000001
5330 0.0000000001
5419 0.0000000001
5464 0.0000000000
5483 0.0000000000
5525 0.0000000000
5527 0.0000000000
5587 0.0000000000
5647 0.0000000000
5657 0.0000000000
5659 0.0000000000
5749 0.0000000000
5766 0.0000000000
5770 0.0000000000
5778 0.0000000000
5822 0.0000000000
5860 0.0000000000
5872 0.0000000000
5887 0.0000000000
5889 0.0000000000
5902 0.0000000000
6136 0.0000000000
6142 0.0000000000
6155 0.0000000000
6159 0.0000000000
6169 0.0000000000
6170 0.0000000000
6179 0.0000000000
6181 0.0000000000
6207 0.0000000000
6346 0.0000000000
6393 0.0000000000
6426 0.0000000000
6432 0.0000000000
6446 0.0000000000
6493 0.0000000000
6508 0.0000000000
6517 0.0000000000
6555 0.0000000000
6583 0.0000000000
6604 0.0000000000
6632 0.0000000000
6637 0.0000000000
6642 0.0000000000
6650 0.0000000000
6654 0.0000000000
6671 0.0000000000
6691 0.0000000000
6725 0.0000000000
6816 0.0000000000
6823 0.0000000000
6835 0.0000000000
6836 0.0000000000
6848 0.0000000000
6855 0.0000000000
6984 0.0000000000
7003 0.0000000000
7044 0.0000000000
7138 0.0000000000
7163 0.0000000000
7182 0.0000000000
7201 0.0000000000
7296 0.0000000000
7313 0.0000000000
7342 0.0000000000
7358 0.0000000000
17672 0.0000000000
17854 0.0000000000
100070 14580111.6850101110
evaluations raw_y
1 2169277.3232468516
2 1226579.1114029868
6 1030918.3146148926
12 649157.7412952053
22 584967.4233364541
23 544426.0163265256
25 279529.9440930924
32 207508.3870574358
34 103698.6736722315
41 80546.7424547077
44 29098.9259249540
50 208.1811805269
279 173.8974459813
309 160.8278111889
322 96.4865196686
382 84.6703739220
420 82.9230922830
424 76.4658674477
431 72.4515854991
446 72.1782476295
449 69.7239576805
450 63.0872904913
466 62.6766948191
586 59.1212899814
595 58.3356679580
600 57.6029490209
601 57.1118273465
602 47.8072417415
603 42.5724000106
614 31.8734286539
623 25.2793151143
656 24.8878744988
740 21.0603464250
864 17.5557681778
875 14.2064470587
893 12.5183603304
916 12.2002099175
921 11.4689048820
925 6.4295930772
959 4.5377861185
1052 4.4994788649
1079 4.2029832484
1083 3.8537826070
1085 3.8321482997
1088 3.5081742429
1089 2.6233254884
1093 2.3107046331
1135 1.0217555636
1268 0.8298995931
1283 0.7836291745
1322 0.7569191959
1326 0.7325489018
1333 0.3903916852
1395 0.3751396908
1474 0.3293306734
1492 0.3065703551
1493 0.2754325469
1496 0.2674649903
1516 0.1884723256
1571 0.1554306047
1586 0.1550000505
1594 0.1465234512
1596 0.1409614595
1606 0.1289854362
1611 0.1139555991
1635 0.1084859579
1646 0.1044048147
1648 0.0793214239
1709 0.0627105775
1711 0.0581887906
1786 0.0531821976
1794 0.0462294616
1806 0.0453364269
1834 0.0451981419
1836 0.0440435472
1840 0.0417859850
1864 0.0368100065
1916 0.0360221278
1921 0.0341556343
1923 0.0285726408
1933 0.0256357758
1938 0.0251441456
1949 0.0235881595
1954 0.0174951950
1973 0.0160886655
1984 0.0153617592
1986 0.0150760213
2008 0.0147713738
2013 0.0108947826
2016 0.0050879445
2163 0.0032009680
2220 0.0026898452
2224 0.0026164785
2228 0.0012001447
2416 0.0010891478
2425 0.0009212983
2428 0.0008117699
2529 0.0007925321
2534 0.0007563728
2539 0.0005000609
2584 0.0004952306
2595 0.0004941421
2598 0.0003047159
2684 0.0002741972
2709 0.0002705246
2722 0.0002686795
2757 0.0002409732
2778 0.0002306562
2797 0.0001898789
2809 0.0001411840
2834 0.0001182831
2854 0.0001143788
2857 0.0001086907
2921 0.0000941379
2940 0.0000940189
2945 0.0000691715
2963 0.0000539197
3023 0.0000459922
3037 0.0000404876
3053 0.0000388987
3065 0.0000386948
3069 0.0000323376
3096 0.0000311226
3112 0.0000292761
3149 0.0000225314
3150 0.0000219835
3166 0.0000208593
3199 0.0000198780
3206 0.0000171799
3210 0.0000164500
3239 0.0000160327
3242 0.0000152301
3316 0.0000150052
3322 0.0000143243
3325 0.0000133216
3333 0.0000116047
3348 0.0000109972
3358 0.0000105426
3363 0.0000098627
3366 0.0000091231
3371 0.0000081868
3401 0.0000078398
3411 0.0000074985
3464 0.0000067043
3488 0.0000063102
3531 0.0000059422
3546 0.0000045211
3569 0.0000041251
3607 0.0000041071
3616 0.0000036588
3650 0.0000035742
3664 0.0000035681
3674 0.0000033869
3686 0.0000031440
3741 0.0000031236
3744 0.0000028320
3751 0.0000027719
3754 0.0000026877
3759 0.0000024658
3762 0.0000023775
3770 0.0000019406
3776 0.0000018236
3875 0.0000017870
3885 0.0000017365
3891 0.0000017151
3922 0.0000016323
3923 0.0000015908
3941 0.0000012319
3979 0.0000011691
3982 0.0000009520
3992 0.0000008844
4056 0.0000008315
4061 0.0000007882
4069 0.0000007350
4083 0.0000006086
4084 0.0000004954
4110 0.0000002900
4213 0.0000002497
4252 0.0000002296
4277 0.0000001823
4281 0.0000001055
4351 0.0000000951
4431 0.0000000735
4443 0.0000000634
4476 0.0000000566
4593 0.0000000564
4607 0.0000000522
4619 0.0000000516
4624 0.0000000502
4636 0.0000000499
4639 0.0000000353
4671 0.0000000348
4681 0.0000000345
4695 0.0000000323
4696 0.0000000303
4715 0.0000000211
4778 0.0000000210
4815 0.0000000186
4872 0.0000000181
4893 0.0000000116
4906 0.0000000075
4932 0.0000000067
4985 0.0000000059
5021 0.0000000039
5038 0.0000000033
5145 0.0000000031
5152 0.0000000029
5161 0.0000000026
5167 0.0000000018
5174 0.0000000018
5186 0.0000000013
5192 0.0000000013
5219 0.0000000013
5246 0.0000000012
5267 0.0000000012
5272 0.0000000008
5283 0.0000000008
5296 0.0000000007
5307 0.0000000006
5394 0.0000000006
5411 0.0000000005
5469 0.0000000005
5496 0.0000000004
5503 0.0000000004
5525 0.0000000003
5526 0.0000000003
5572 0.0000000003
5585 0.0000000002
5591 0.0000000002
5609 0.0000000002
5671 0.0000000001
5680 0.0000000001
5684 0.0000000001
5712 0.0000000001
5765 0.0000000001
5801 0.0000000001
5813 0.0000000001
5815 0.0000000001
5819 0.0000000001
5836 0.0000000001
5850 0.0000000001
5851 0.0000000000
5879 0.0000000000
5881 0.0000000000
5931 0.0000000000
5932 0.0000000000
5944 0.0000000000
5963 0.0000000000
6117 0.0000000000
6175 0.0000000000
6234 0.0000000000
6236 0.0000000000
6259 0.0000000000
6290 0.0000000000
6291 0.0000000000
6321 0.0000000000
6323 0.0000000000
6347 0.0000000000
6378 0.0000000000
6403 0.0000000000
6435 0.0000000000
6472 0.0000000000
6496 0.0000000000
6564 0.0000000000
6577 0.0000000000
6582 0.0000000000
6591 0.0000000000
6594 0.0000000000
6602 0.0000000000
6610 0.0000000000
6624 0.0000000000
6634 0.0000000000
6637 0.0000000000
6640 0.0000000000
6689 0.0000000000
6691 0.0000000000
6720 0.0000000000
6756 0.0000000000
6789 0.0000000000
6793 0.0000000000
6915 0.0000000000
6921 0.0000000000
6941 0.0000000000
6960 0.0000000000
6961 0.0000000000
6986 0.0000000000
7038 0.0000000000
7044 0.0000000000
7156 0.0000000000
7160 0.0000000000
7165 0.0000000000
7205 0.0000000000
7250 0.0000000000
7258 0.0000000000
7269 0.0000000000
7426 0.0000000000
17651 0.0000000000
100050 10818.0916205506
evaluations raw_y
1 995872.2228843147
3 312831.3242164192
4 159643.8820363246
7 118099.5396115464
14 55195.1509230352
23 5946.3180458512
32 172.5667531621
196 134.4028729586
204 123.5520005333
210 113.9492277402
245 108.5214024615
304 96.5220680033
308 95.3381499774
313 66.5169598581
343 60.4734721708
347 57.7052618466
352 41.8246396736
389 40.1592896346
391 38.7265434660
392 36.8301698693
422 12.3287157117
643 10.7613151736
658 7.5839656708
662 6.2075447886
709 5.3139471927
719 5.1362742624
869 4.2974418463
878 3.5811217244
888 2.9128534045
958 2.8808830156
964 2.7250333768
980 2.5495435569
1043 2.3667848800
1063 2.1924099895
1072 2.1635564782
1096 2.0496407560
1104 1.6331896407
1124 1.6268164813
1142 1.5896572879
1145 1.3753667765
1151 1.3652611224
1160 1.3271037412
1171 0.9437080846
1240 0.8325765476
1323 0.8322139406
1327 0.7526762430
1337 0.6889464379
1355 0.5995196987
1372 0.5706070056
1376 0.4912026330
1386 0.4493737447
1388 0.4359015724
1389 0.4020668317
1394 0.2649150713
1410 0.2548154764
1430 0.2486151446
1510 0.2474286913
1527 0.1676705686
1542 0.1548852816
1560 0.1339732539
1652 0.1312857947
1661 0.1300275114
1664 0.0792926242
1735 0.0787937363
1749 0.0787128231
1758 0.0721493072
1765 0.0584886702
1806 0.0478280465
1836 0.0465444519
1842 0.0459358480
1851 0.0438223573
1860 0.0430252175
1862 0.0428927689
1907 0.0420831659
1909 0.0419355188
1920 0.0412920742
1926 0.0406918814
1930 0.0392410223
1943 0.0389842894
1952 0.0365284194
1967 0.0341649492
1985 0.0313670703
2011 0.0298629561
2048 0.0270665296
2100 0.0259709788
2103 0.0259610742
2110 0.0251137743
2113 0.0241300623
2114 0.0238418243
2121 0.0237571269
2124 0.0233628892
2131 0.0233136800
2136 0.0209346928
2169 0.0203666822
2173 0.0199990417
2180 0.0163599376
2208 0.0119551573
2223 0.0102757802
2299 0.0095728055
2303 0.0089747207
2308 0.0088910925
2329 0.0088390142
2330 0.0084327205
2332 0.0074346347
2396 0.0073947444
2399 0.0069650936
2400 0.0052258124
2429 0.0046139747
2442 0.0041605937
2444 0.0038915910
2456 0.0030113840
2458 0.0028067072
2459 0.0025364872
2530 0.0024681391
2531 0.0021762062
2563 0.0018326667
2565 0.0016422239
2575 0.0013959451
2579 0.0013016351
2671 0.0009625439
2711 0.0009463236
2721 0.0007697270
2734 0.0005228730
2875 0.0005216692
2881 0.0004003719
2916 0.0002830660
2921 0.0002409651
3034 0.0002369313
3047 0.0002064593
3070 0.0001978396
3095 0.0001675598
3101 0.0001462155
3112 0.0001424963
3119 0.0001236242
3121 0.0001021363
3213 0.0000715669
3242 0.0000708520
3250 0.0000570315
3298 0.0000303208
3340 0.0000299504
3358 0.0000157195
3370 0.0000136760
3434 0.0000110470
3438 0.0000090016
3441 0.0000049920
3544 0.0000044984
3569 0.0000037822
3575 0.0000036338
3576 0.0000028192
3645 0.0000024304
3665 0.0000018601
3692 0.0000017210
3722 0.0000017204
3729 0.0000016568
3731 0.0000015785
3745 0.0000009319
3811 0.0000009122
3833 0.0000009113
3842 0.0000009107
3852 0.0000008909
3866 0.0000008213
3879 0.0000005331
3889 0.0000005042
3904 0.0000003830
3984 0.0000003348
4012 0.0000002995
4074 0.0000002913
4076 0.0000002314
4089 0.0000002085
4103 0.0000001984
4145 0.0000001926
4159 0.0000001920
4163 0.0000001728
4170 0.0000001459
4171 0.0000001324
4186 0.0000001173
4207 0.0000001013
4223 0.0000000747
4232 0.0000000604
4472 0.0000000540
4530 0.0000000526
4532 0.0000000491
4545 0.0000000348
4568 0.0000000330
4575 0.0000000307
4578 0.0000000306
4582 0.0000000191
4612 0.0000000190
4619 0.0000000188
4625 0.0000000141
4709 0.0000000130
4720 0.0000000116
4722 0.0000000112
4728 0.0000000110
4734 0.0000000095
4746 0.0000000094
4751 0.0000000067
4769 0.0000000060
4773 0.0000000059
4778 0.0000000058
4811 0.0000000058
4836 0.0000000057
4858 0.0000000053
4859 0.0000000042
4876 0.0000000036
4886 0.0000000035
4888 0.0000000033
4904 0.0000000032
4906 0.0000000032
4910 0.0000000030
4912 0.0000000020
4932 0.0000000018
4939 0.0000000016
4971 0.0000000015
4972 0.0000000012
4982 0.0000000011
4986 0.0000000009
4992 0.0000000006
5014 0.0000000006
5127 0.0000000005
5155 0.0000000004
5185 0.0000000003
5192 0.0000000003
5194 0.0000000002
5220 0.0000000002
5270 0.0000000002
5309 0.0000000002
5325 0.0000000002
5342 0.0000000001
5358 0.0000000001
5364 0.0000000001
5366 0.0000000001
5372 0.0000000001
5374 0.0000000001
5376 0.0000000001
5377 0.0000000001
5384 0.0000000001
5394 0.0000000001
5420 0.0000000001
5433 0.0000000001
5435 0.0000000001
5473 0.0000000000
5508 0.0000000000
5509 0.0000000000
5513 0.0000000000
5522 0.0000000000
5531 0.0000000000
5534 0.0000000000
5603 0.0000000000
5723 0.0000000000
5760 0.0000000000
5761 0.0000000000
5778 0.0000000000
5823 0.0000000000
5834 0.0000000000
5843 0.0000000000
5867 0.0000000000
5901 0.0000000000
5904 0.0000000000
5974 0.0000000000
5990 0.0000000000
6001 0.0000000000
6098 0.0000000000
6114 0.0000000000
6188 0.0000000000
6199 0.0000000000
6235 0.0000000000
6239 0.0000000000
6292 0.0000000000
6296 0.0000000000
6297 0.0000000000
6306 0.0000000000
6338 0.0000000000
6376 0.0000000000
6444 0.0000000000
6458 0.0000000000
6506 0.0000000000
6526 0.0000000000
16480 0.0000000000
100110 367507.2105050199
evaluations raw_y
1 566808.3426094609
2 407772.2671420570
3 407186.7093606029
4 187474.0869818090
6 104178.4959244825
30 60529.0739598679
32 43127.8110040488
44 39238.7595830800
46 39184.6572603862
50 18891.2438235506
54 3412.8380178932
64 352.9664863616
66 206.5825920581
75 160.6642920944
98 154.0922614590
200 107.9677834854
299 82.4616286946
303 63.0705300174
315 61.3540259112
334 48.5383298056
384 48.3433578029
386 39.7290659835
438 35.2923594156
452 25.8857968232
453 23.6384387294
464 23.5200576351
465 15.0038473518
508 13.3728468252
646 12.8466633003
655 12.1732513691
657 11.8348323440
680 10.8980865547
692 6.5672148274
701 6.2040510621
722 6.0117192921
727 4.9250677170
763 3.1615538597
782 2.5655077905
791 1.3716647891
1082 1.3460424042
1123 0.8367105200
1145 0.7464491127
1167 0.6395920551
1194 0.6192134319
1226 0.6172938214
1245 0.2829187619
1382 0.2706295367
1398 0.2386507837
1402 0.2117385889
1403 0.1746513661
1409 0.1532759575
1414 0.1185317572
1435 0.1073896867
1549 0.1057013304
1558 0.1012590364
1576 0.0919422365
1596 0.0860075235
1602 0.0812688951
1618 0.0793424888
1641 0.0592137597
1657 0.0479051344
1667 0.0428881710
1707 0.0407248489
1711 0.0407156347
1728 0.0363763852
1751 0.0269362999
1788 0.0241069373
1858 0.0228610805
1870 0.0213888693
1886 0.0197221090
1894 0.0186681725
1898 0.0168905885
1914 0.0147431178
1924 0.0105582196
1936 0.0104369170
1948 0.0061910595
2068 0.0054449872
2102 0.0047000527
2153 0.0045986499
2155 0.0030493014
2193 0.0026985423
2201 0.0016456202
2269 0.0014261954
2311 0.0014108112
2329 0.0009905840
2378 0.0009643124
2387 0.0009268556
2411 0.0009213753
2447 0.0008520605
2452 0.0007353608
2464 0.0006511277
2467 0.0005763794
2475 0.0005104072
2531 0.0004893599
2563 0.0004777646
2572 0.0004736472
2576 0.0003828856
2595 0.0003499423
2598 0.0002820948
2643 0.0002370260
2686 0.0002202807
2708 0.0001838146
2714 0.0001591362
2735 0.0001522578
2743 0.0001522343
2770 0.0001423164
2786 0.0001357693
2792 0.0001225649
2801 0.0001099852
2807 0.0000938816
2882 0.0000887831
2893 0.0000845623
2907 0.0000732228
2912 0.0000645317
2919 0.0000558902
2929 0.0000557407
2930 0.0000528730
2933 0.0000504334
2941 0.0000330938
2966 0.0000311667
2991 0.0000298098
3011 0.0000283164
3078 0.0000255140
3081 0.0000230264
3097 0.0000214301
3098 0.0000164390
3103 0.0000155217
3134 0.0000148218
3221 0.0000146747
3233 0.0000102937
3234 0.0000100319
3246 0.0000077481
3261 0.0000072725
3262 0.0000056815
3302 0.0000056362
3321 0.0000054430
3324 0.0000047241
3339 0.0000041319
3342 0.0000037247
3344 0.0000033500
3347 0.0000033457
3379 0.0000032870
3402 0.0000029386
3426 0.0000016968
3531 0.0000014398
3561 0.0000011417
3583 0.0000009280
3612 0.0000008292
3764 0.0000008130
3765 0.0000006610
3776 0.0000006122
3791 0.0000005672
3803 0.0000005080
3835 0.0000004935
3840 0.0000004908
3842 0.0000004786
3846 0.0000004542
3854 0.0000004116
3861 0.0000003121
3865 0.0000002767
3888 0.0000002174
3897 0.0000002107
3904 0.0000001001
4016 0.0000000959
4025 0.0000000509
4027 0.0000000422
4121 0.0000000334
4155 0.0000000277
4169 0.0000000236
4212 0.0000000211
4214 0.0000000138
4293 0.0000000134
4313 0.0000000120
4334 0.0000000114
4342 0.0000000078
4346 0.0000000074
4360 0.0000000065
4546 0.0000000059
4551 0.0000000057
4574 0.0000000054
4579 0.0000000051
4589 0.0000000037
4625 0.0000000034
4634 0.0000000029
4646 0.0000000024
4730 0.0000000022
4741 0.0000000020
4752 0.0000000018
4775 0.0000000015
4781 0.0000000013
4786 0.0000000013
4850 0.0000000012
4874 0.0000000010
4889 0.0000000010
4893 0.0000000009
4921 0.0000000009
4931 0.0000000008
4977 0.0000000008
5044 0.0000000007
5052 0.0000000004
5070 0.0000000004
5126 0.0000000004
5186 0.0000000004
5194 0.0000000003
5243 0.0000000003
5261 0.0000000003
5276 0.0000000003
5305 0.0000000002
5308 0.0000000002
5320 0.0000000002
5323 0.0000000001
5328 0.0000000001
5333 0.0000000001
5372 0.0000000001
5433 0.0000000001
5439 0.0000000001
5453 0.0000000001
5480 0.0000000000
5484 0.0000000000
5579 0.0000000000
5615 0.0000000000
5660 0.0000000000
5714 0.0000000000
5724 0.0000000000
5739 0.0000000000
5751 0.0000000000
5762 0.0000000000
5823 0.0000000000
5859 0.0000000000
5869 0.0000000000
5893 0.0000000000
5894 0.0000000000
5902 0.0000000000
5906 0.0000000000
5922 0.0000000000
5984 0.0000000000
6072 0.0000000000
6074 0.0000000000
6081 0.0000000000
6130 0.0000000000
6176 0.0000000000
6185 0.0000000000
6256 0.0000000000
6284 0.0000000000
6336 0.0000000000
6337 0.0000000000
6360 0.0000000000
6392 0.0000000000
6429 0.0000000000
6445 0.0000000000
6487 0.0000000000
6590 0.0000000000
6603 0.0000000000
6620 0.0000000000
6638 0.0000000000
6654 0.0000000000
6765 0.0000000000
6829 0.0000000000
38587 0.0000000000
100170 24244759503102.7929687500
evaluations raw_y
1 484531.1286684523
2 179180.8451607399
11 119960.8302412102
15 46429.6088802498
17 39583.0369023199
24 18866.9961199817
41 14526.9697634837
43 3382.5982723130
46 1269.9109371721
76 703.9857291153
86 519.7354372994
87 409.1086530361
140 387.7464274923
147 298.3267107335
193 219.6579588324
222 214.6480263618
225 188.8040827030
226 128.3154124986
244 120.4601383289
302 113.5018587559
308 103.2092014271
320 99.3227756346
343 98.1270464006
353 92.9625505387
367 89.2920385791
383 76.8740343264
386 70.2936254057
398 62.7622156980
414 47.6149826758
455 42.8310833254
467 41.8105638412
492 37.2051821335
497 34.0485638663
506 25.6651253995
518 23.7508475142
573 13.0142520703
651 12.4092735082
671 12.3966016409
678 12.1794567824
699 10.5187291824
709 9.0412106056
739 8.2242672679
759 6.8191623573
777 6.7570222157
786 6.5808295922
806 6.4214897061
817 6.2825926659
835 5.5553909529
869 4.7333426722
882 4.4312151563
883 3.2975933579
983 3.0754225183
993 2.8599193993
1002 2.8133280284
1020 2.5078034587
1044 2.0886042135
1062 1.9097788705
1067 1.7190628464
1085 1.4691135975
1098 1.3672735793
1109 1.3650524152
1160 1.3048495040
1212 1.2736980136
1222 1.2093010941
1225 1.1353878250
1239 0.7640782091
1249 0.7592555736
1258 0.7296309380
1264 0.6240594347
1304 0.5437859699
1315 0.4887005123
1316 0.4108041635
1333 0.2567072476
1360 0.2501058921
1390 0.2360486969
1431 0.2206075197
1438 0.2159143269
1442 0.2044920075
1453 0.1983471722
1462 0.1948296074
1468 0.1607144021
1469 0.1506875715
1474 0.1480600094
1510 0.1408148936
1542 0.1405000569
1550 0.1254108977
1552 0.0929795205
1565 0.0846757669
1569 0.0647076086
1653 0.0550814913
1665 0.0544062069
1668 0.0432250775
1672 0.0425868494
1683 0.0425550840
1699 0.0326328312
1723 0.0269386122
1729 0.0254416679
1786 0.0145222356
1803 0.0142644948
1805 0.0130604432
1812 0.0098328628
1814 0.0097385583
1819 0.0096418399
1852 0.0086051942
1880 0.0084099238
1909 0.0080065272
1923 0.0075632529
1945 0.0057360506
1949 0.0054113650
1954 0.0047351754
1955 0.0046482022
2003 0.0046452371
2014 0.0025963609
2030 0.0024916730
2112 0.0020590664
2120 0.0014353060
2224 0.0011834280
2235 0.0009917547
2249 0.0007794220
2253 0.0007632626
2271 0.0007541180
2290 0.0006591290
2331 0.0005905774
2333 0.0005774102
2341 0.0005343115
2343 0.0005045606
2352 0.0004326627
2393 0.0003941709
2410 0.0003422333
2416 0.0002814053
2418 0.0002606554
2441 0.0002007793
2461 0.0001563638
2542 0.0001513442
2543 0.0001511810
2547 0.0001379986
2561 0.0001036535
2575 0.0000910045
2600 0.0000666258
2616 0.0000533268
2627 0.0000519633
2630 0.0000438584
2672 0.0000397278
2696 0.0000378086
2741 0.0000353161
2745 0.0000258955
2811 0.0000239127
2824 0.0000180559
2867 0.0000170460
2886 0.0000170169
2900 0.0000156584
2908 0.0000141253
2917 0.0000126328
2939 0.0000088093
2998 0.0000085894
2999 0.0000084599
3001 0.0000081895
3017 0.0000075874
3023 0.0000070580
3031 0.0000041098
3043 0.0000034620
3088 0.0000034368
3121 0.0000034237
3126 0.0000031918
3130 0.0000031665
3150 0.0000031594
3157 0.0000027313
3167 0.0000017314
3192 0.0000016687
3203 0.0000015170
3294 0.0000012148
3326 0.0000009929
3360 0.0000009679
3367 0.0000009471
3376 0.0000009376
3380 0.0000009365
3382 0.0000009232
3399 0.0000007162
3455 0.0000006052
3459 0.0000005869
3528 0.0000005670
3532 0.0000005428
3544 0.0000004916
3585 0.0000004881
3593 0.0000004744
3597 0.0000004597
3601 0.0000003845
3634 0.0000003791
3638 0.0000003396
3644 0.0000002611
3649 0.0000002048
3654 0.0000001886
3714 0.0000001853
3732 0.0000001708
3750 0.0000001402
3791 0.0000001351
3797 0.0000001124
3800 0.0000001048
3803 0.0000000538
3935 0.0000000492
4002 0.0000000409
4038 0.0000000399
4040 0.0000000363
4053 0.0000000309
4063 0.0000000292
4098 0.0000000273
4106 0.0000000196
4163 0.0000000187
4175 0.0000000163
4186 0.0000000115
4196 0.0000000108
4337 0.0000000107
4371 0.0000000090
4374 0.0000000089
4391 0.0000000082
4410 0.0000000064
4535 0.0000000064
4589 0.0000000063
4592 0.0000000058
4617 0.0000000057
4624 0.0000000057
4632 0.0000000052
4659 0.0000000041
4676 0.0000000038
4682 0.0000000034
4744 0.0000000032
4754 0.0000000032
4758 0.0000000032
4760 0.0000000032
4775 0.0000000032
4788 0.0000000031
4793 0.0000000026
4811 0.0000000026
4814 0.0000000021
4832 0.0000000018
4836 0.0000000017
4893 0.0000000017
4894 0.0000000015
4899 0.0000000014
4904 0.0000000014
4905 0.0000000014
4919 0.0000000011
4973 0.0000000009
4982 0.0000000006
5005 0.0000000006
5063 0.0000000006
5073 0.0000000005
5081 0.0000000004
5082 0.0000000004
5095 0.0000000003
5100 0.0000000003
5121 0.0000000003
5122 0.0000000002
5148 0.0000000002
5153 0.0000000002
5156 0.0000000002
5169 0.0000000001
5180 0.0000000001
5288 0.0000000001
5289 0.0000000001
5425 0.0000000001
5434 0.0000000000
5443 0.0000000000
5448 0.0000000000
5483 0.0000000000
5525 0.0000000000
5528 0.0000000000
5530 0.0000000000
5583 0.0000000000
5613 0.0000000000
5641 0.0000000000
5647 0.0000000000
5651 0.0000000000
5668 0.0000000000
5678 0.0000000000
5732 0.0000000000
5770 0.0000000000
5773 0.0000000000
5782 0.0000000000
5792 0.0000000000
5913 0.0000000000
5925 0.0000000000
5926 0.0000000000
5939 0.0000000000
5944 0.0000000000
5984 0.0000000000
6031 0.0000000000
6046 0.0000000000
6103 0.0000000000
6104 0.0000000000
6111 0.0000000000
6119 0.0000000000
6130 0.0000000000
6158 0.0000000000
6237 0.0000000000
6256 0.0000000000
6287 0.0000000000
6344 0.0000000000
6355 0.0000000000
6364 0.0000000000
6366 0.0000000000
6425 0.0000000000
6568 0.0000000000
6591 0.0000000000
16485 0.0000000000
16674 0.0000000000
16949 0.0000000000
100110 15984764779.9775199890
evaluations raw_y
1 532894.8816092865
2 411551.0218645185
14 276807.9125695752
16 242290.7060952907
31 176192.0046113625
38 150228.9682087692
42 65095.7467014682
49 55762.0938321644
53 45148.3633164852
55 39549.4239212869
63 6163.6517151982
100 3837.2787623786
101 232.7910430380
137 215.0792016903
168 214.5856496164
176 202.3532065092
177 152.0736037205
240 140.6170559896
242 114.9456958286
256 84.7837797624
311 84.3019729605
315 83.6757757103
323 66.2499880141
331 40.2399797963
419 37.3840846680
427 20.1328791621
551 15.6529255157
577 14.3349402261
590 13.0711911388
591 11.9659944461
634 10.7386015428
675 7.7517095691
683 7.2713129368
696 5.9317875073
759 4.7815016445
791 3.6030933196
812 3.4074063530
821 2.8673636465
823 2.4685077295
824 2.1241989677
870 1.4621543931
959 1.4457861235
968 1.3766797784
1008 1.3626431181
1043 1.3360991822
1052 1.2727900613
1060 1.1354820145
1079 1.1240478713
1083 0.9050403796
1087 0.7372705765
1154 0.7258515702
1165 0.7201628913
1170 0.5795238953
1175 0.4643817534
1184 0.4518533607
1190 0.4219329651
1192 0.4206583034
1200 0.3321594539
1259 0.2494184683
1272 0.1575830277
1296 0.1569335742
1322 0.1538103036
1325 0.1495718122
1332 0.1244901421
1335 0.0922728087
1353 0.0642996575
1402 0.0422356804
1412 0.0419674613
1428 0.0302843334
1441 0.0207045501
1542 0.0164841291
1552 0.0122540304
1583 0.0090184223
1673 0.0088447409
1755 0.0087739893
1758 0.0087598415
1764 0.0078555404
1790 0.0076821291
1795 0.0071672407
1803 0.0064263549
1843 0.0061325065
1851 0.0058521063
1854 0.0054250399
1863 0.0052381210
1881 0.0047094665
1885 0.0046596226
1923 0.0046441757
1925 0.0044662090
1935 0.0035398361
1972 0.0032123552
1976 0.0028188451
2018 0.0027114940
2023 0.0026858671
2027 0.0024609109
2046 0.0024473916
2054 0.0016748162
2085 0.0014978452
2091 0.0012493007
2108 0.0012364183
2135 0.0010826033
2136 0.0010275696
2141 0.0009491849
2153 0.0007344775
2255 0.0005577450
2264 0.0005186345
2269 0.0005018790
2271 0.0004948902
2291 0.0004716477
2308 0.0002967192
2314 0.0002512581
2369 0.0002497643
2381 0.0001332847
2464 0.0000906517
2474 0.0000756901
2487 0.0000539617
2545 0.0000464860
2554 0.0000449066
2576 0.0000330887
2585 0.0000307452
2595 0.0000279969
2610 0.0000182701
2626 0.0000153896
2721 0.0000099107
2780 0.0000096825
2809 0.0000087263
2821 0.0000084608
2823 0.0000073832
2835 0.0000071954
2837 0.0000065061
2852 0.0000060062
2863 0.0000058031
2882 0.0000048580
2906 0.0000048242
2916 0.0000038058
2920 0.0000034745
2927 0.0000033639
2940 0.0000028883
3031 0.0000027041
3033 0.0000017850
3100 0.0000017519
3109 0.0000017134
3128 0.0000016863
3134 0.0000010852
3142 0.0000010832
3149 0.0000009896
3160 0.0000009074
3166 0.0000009066
3169 0.0000007473
3197 0.0000005220
3296 0.0000004541
3375 0.0000003219
3438 0.0000002765
3519 0.0000002452
3591 0.0000002410
3619 0.0000002018
3629 0.0000001760
3670 0.0000001349
3677 0.0000001079
3711 0.0000001069
3713 0.0000001059
3720 0.0000001013
3745 0.0000000972
3757 0.0000000920
3764 0.0000000912
3786 0.0000000536
3888 0.0000000536
3893 0.0000000522
3897 0.0000000516
3901 0.0000000323
3910 0.0000000303
3921 0.0000000225
3937 0.0000000204
3950 0.0000000182
4061 0.0000000166
4071 0.0000000135
4073 0.0000000116
4084 0.0000000111
4088 0.0000000107
4128 0.0000000076
4141 0.0000000063
4160 0.0000000061
4211 0.0000000034
4322 0.0000000032
4331 0.0000000030
4353 0.0000000029
4365 0.0000000028
4379 0.0000000022
4384 0.0000000021
4442 0.0000000021
4456 0.0000000020
4465 0.0000000019
4473 0.0000000019
4484 0.0000000015
4493 0.0000000014
4510 0.0000000013
4514 0.0000000012
4561 0.0000000009
4596 0.0000000007
4610 0.0000000006
4707 0.0000000006
4740 0.0000000005
4782 0.0000000004
4811 0.0000000004
4823 0.0000000003
4871 0.0000000002
4874 0.0000000002
4887 0.0000000002
4922 0.0000000001
4973 0.0000000001
4981 0.0000000001
4996 0.0000000001
5024 0.0000000001
5050 0.0000000001
5109 0.0000000001
5122 0.0000000001
5129 0.0000000001
5131 0.0000000001
5146 0.0000000001
5168 0.0000000001
5190 0.0000000001
5198 0.0000000001
5201 0.0000000000
5225 0.0000000000
5231 0.0000000000
5234 0.0000000000
5245 0.0000000000
5298 0.0000000000
5316 0.0000000000
5358 0.0000000000
5362 0.0000000000
5372 0.0000000000
5390 0.0000000000
5398 0.0000000000
5405 0.0000000000
5423 0.0000000000
5443 0.0000000000
5453 0.0000000000
5478 0.0000000000
5483 0.0000000000
5485 0.0000000000
5494 0.0000000000
5506 0.0000000000
5545 0.0000000000
5566 0.0000000000
5579 0.0000000000
5603 0.0000000000
5617 0.0000000000
5625 0.0000000000
5635 0.0000000000
5687 0.0000000000
5719 0.0000000000
5722 0.0000000000
5742 0.0000000000
5762 0.0000000000
5772 0.0000000000
5814 0.0000000000
5817 0.0000000000
5825 0.0000000000
5835 0.0000000000
5891 0.0000000000
5903 0.0000000000
5907 0.0000000000
5993 0.0000000000
5999 0.0000000000
6016 0.0000000000
6025 0.0000000000
6142 0.0000000000
6152 0.0000000000
6164 0.0000000000
6174 0.0000000000
6465 0.0000000000
6523 0.0000000000
6643 0.0000000000
6645 0.0000000000
6669 0.0000000000
16146 0.0000000000
16157 0.0000000000
16238 0.0000000000
16462 0.0000000000
85884 0.0000000000
100140 113330492.5374627262
evaluations raw_y
1 1063798.8992699401
3 378807.6444627907
13 310470.0099108306
14 128797.4489296671
23 108161.5590582135
24 14935.1502676333
46 5027.2594696263
87 906.3662507214
91 225.6412158544
96 217.7746535533
148 216.6590563981
176 215.3400691141
181 213.7142704003
196 211.4948935315
223 194.9618795645
227 164.8039241601
234 138.8975712762
248 136.2585514326
255 133.5747510047
267 116.0421362580
274 109.8522260506
276 98.2656537850
294 74.0241891066
296 64.7908892016
341 58.7452857318
354 52.6970644153
368 45.8945499857
383 40.8442875600
387 27.8441854516
437 25.2988533775
448 23.5255296293
476 13.3784178849
528 12.5397301749
562 12.5237722054
585 9.4892290293
593 7.6472436122
653 5.9634651472
711 5.3994802872
732 3.9976625837
828 3.0842553983
846 2.8341340730
891 2.7283267530
912 2.6899027418
921 2.6664955963
925 2.5714410150
929 2.4658904301
931 2.2711161994
941 1.5994073491
1040 1.5197251386
1051 1.3767309492
1076 1.2416830997
1084 0.9696356957
1152 0.7549395241
1161 0.7411395840
1215 0.7372818679
1219 0.5949621376
1225 0.5056296351
1254 0.4371957113
1325 0.4240308031
1332 0.3985103346
1348 0.2976409704
1365 0.2235375246
1403 0.2216899024
1410 0.2081322022
1432 0.2027869877
1434 0.1573225943
1450 0.1395340094
1519 0.1182224538
1536 0.1119038377
1549 0.1053776602
1594 0.0874625519
1608 0.0872428419
1615 0.0817870239
1626 0.0797932998
1630 0.0735253079
1639 0.0644041922
1643 0.0556394117
1644 0.0498565817
1660 0.0458384113
1676 0.0414959830
1704 0.0348324509
1706 0.0316510263
1724 0.0253077844
1736 0.0174162800
1804 0.0160034318
1811 0.0096659037
1896 0.0082260546
1900 0.0070314619
1982 0.0067969070
1984 0.0047471694
2002 0.0047002028
2013 0.0046535133
2015 0.0038628068
2048 0.0030722868
2062 0.0027332602
2074 0.0024405274
2076 0.0019087512
2136 0.0017666164
2144 0.0013865965
2146 0.0010695168
2192 0.0009776649
2202 0.0006760444
2222 0.0005307915
2329 0.0004327035
2369 0.0003244128
2400 0.0003090061
2421 0.0002777346
2440 0.0002199318
2573 0.0002116774
2576 0.0001603562
2583 0.0001594001
2595 0.0001495647
2598 0.0001433514
2601 0.0001029625
2708 0.0001014002
2786 0.0000847207
2810 0.0000823824
2817 0.0000764837
2826 0.0000738521
2835 0.0000625250
2854 0.0000614397
2875 0.0000583975
2892 0.0000556229
2893 0.0000356347
2916 0.0000286133
2947 0.0000233093
2963 0.0000186446
3011 0.0000163663
3018 0.0000159258
3044 0.0000156577
3051 0.0000155696
3055 0.0000132063
3083 0.0000109823
3117 0.0000108286
3127 0.0000102298
3131 0.0000086546
3198 0.0000085830
3221 0.0000084270
3232 0.0000083316
3243 0.0000082113
3256 0.0000078922
3264 0.0000077883
3267 0.0000068258
3275 0.0000064183
3282 0.0000061656
3287 0.0000058182
3299 0.0000049789
3321 0.0000048789
3343 0.0000047222
3350 0.0000045076
3353 0.0000038342
3378 0.0000038322
3441 0.0000036697
3447 0.0000034767
3452 0.0000034413
3461 0.0000034178
3473 0.0000033764
3477 0.0000031359
3506 0.0000030866
3518 0.0000029358
3533 0.0000026010
3583 0.0000022602
3584 0.0000022481
3591 0.0000018902
3645 0.0000018631
3653 0.0000017870
3661 0.0000017595
3663 0.0000017326
3692 0.0000016245
3704 0.0000015586
3707 0.0000014715
3750 0.0000014151
3762 0.0000013924
3791 0.0000012737
3802 0.0000011892
3807 0.0000011211
3847 0.0000010014
3857 0.0000009749
3895 0.0000009585
3915 0.0000009481
3922 0.0000009472
3923 0.0000009238
3930 0.0000009220
3936 0.0000009201
3937 0.0000009181
3949 0.0000009041
3952 0.0000008800
3956 0.0000008721
3957 0.0000008328
3961 0.0000008034
3971 0.0000007962
3972 0.0000006592
3999 0.0000006374
4025 0.0000006037
4063 0.0000005554
4124 0.0000005524
4127 0.0000005129
4140 0.0000005070
4150 0.0000004302
4180 0.0000003978
4183 0.0000003463
4315 0.0000003075
4335 0.0000002131
4345 0.0000002013
4348 0.0000001535
4493 0.0000001279
4497 0.0000001142
4561 0.0000001068
4578 0.0000001039
4585 0.0000000994
4590 0.0000000848
4595 0.0000000745
4598 0.0000000646
4607 0.0000000612
4609 0.0000000609
4619 0.0000000532
4664 0.0000000494
4700 0.0000000475
4715 0.0000000440
4740 0.0000000426
4744 0.0000000424
4747 0.0000000340
4757 0.0000000304
4758 0.0000000293
4761 0.0000000219
4840 0.0000000214
4885 0.0000000157
4904 0.0000000140
4914 0.0000000122
4928 0.0000000111
4962 0.0000000105
4969 0.0000000103
4974 0.0000000094
4978 0.0000000093
4991 0.0000000084
5004 0.0000000063
5005 0.0000000059
5042 0.0000000057
5053 0.0000000056
5078 0.0000000055
5087 0.0000000052
5131 0.0000000049
5133 0.0000000038
5147 0.0000000036
5161 0.0000000036
5168 0.0000000033
5172 0.0000000033
5181 0.0000000031
5234 0.0000000030
5237 0.0000000030
5242 0.0000000027
5296 0.0000000024
5309 0.0000000024
5312 0.0000000016
5357 0.0000000015
5367 0.0000000014
5371 0.0000000014
5373 0.0000000011
5405 0.0000000010
5411 0.0000000010
5453 0.0000000009
5476 0.0000000008
5480 0.0000000008
5484 0.0000000006
5487 0.0000000006
5499 0.0000000003
5538 0.0000000003
5575 0.0000000002
5698 0.0000000002
5703 0.0000000002
5727 0.0000000002
5731 0.0000000002
5732 0.0000000002
5736 0.0000000002
5738 0.0000000001
5749 0.0000000001
5753 0.0000000001
5764 0.0000000001
5895 0.0000000001
5952 0.0000000001
5969 0.0000000001
5973 0.0000000000
5985 0.0000000000
5998 0.0000000000
6008 0.0000000000
6094 0.0000000000
6103 0.0000000000
6174 0.0000000000
6177 0.0000000000
6197 0.0000000000
6210 0.0000000000
6223 0.0000000000
6239 0.0000000000
6240 0.0000000000
6254 0.0000000000
6259 0.0000000000
6276 0.0000000000
6302 0.0000000000
6309 0.0000000000
6324 0.0000000000
6327 0.0000000000
6331 0.0000000000
6440 0.0000000000
6503 0.0000000000
6529 0.0000000000
6543 0.0000000000
6544 0.0000000000
6552 0.0000000000
6630 0.0000000000
6648 0.0000000000
6654 0.0000000000
6668 0.0000000000
6693 0.0000000000
6700 0.0000000000
6712 0.0000000000
6725 0.0000000000
6741 0.0000000000
6758 0.0000000000
6847 0.0000000000
6870 0.0000000000
6877 0.0000000000
6901 0.0000000000
7003 0.0000000000
7005 0.0000000000
7039 0.0000000000
7065 0.0000000000
7089 0.0000000000
7127 0.0000000000
36735 0.0000000000
100290 13078417237.9337272644
evaluations raw_y
1 325261.0139844472
7 302693.8604701406
11 228017.1364649679
22 202785.0944652909
36 153180.6023691876
42 134268.3658073306
46 77445.2782025610
53 65780.0020630651
63 33683.9076773071
81 28006.1522565899
89 17655.9262676145
91 17451.7776089394
95 9345.7254465886
98 3425.1872288752
101 2447.6708903753
119 213.6728847644
145 199.4754120605
148 109.4282908609
275 104.0119045414
285 99.5579640957
290 94.2167627742
294 80.8768525963
303 54.8114655539
318 52.3997476893
331 41.2393721702
350 29.2267414897
426 24.4016807862
448 22.7331619844
481 21.6192768992
493 18.3758314965
522 15.6006941923
524 13.1024004535
532 12.8154236382
547 12.8127451566
582 12.5947074669
586 10.6938239223
603 10.1899727988
642 8.7911591320
649 7.1965788196
676 7.1496470409
677 6.6649301503
682 6.3415221909
694 5.4469184560
696 5.2328820689
701 3.5847749606
757 3.5216683900
826 3.0093756497
841 2.8403498165
849 2.6840237647
863 2.2857643781
873 2.0232476879
889 1.9302375532
904 1.9066570526
907 1.4587636963
912 1.3459194758
921 1.0964913756
931 0.7037475494
951 0.6401450175
984 0.5793190282
1001 0.4365736301
1003 0.4071337435
1029 0.1397755312
1183 0.1244181827
1194 0.1241635184
1220 0.1159848254
1252 0.0865092784
1263 0.0795626804
1274 0.0793944199
1321 0.0792089426
1322 0.0633249128
1328 0.0550541244
1345 0.0426040795
1364 0.0416340078
1385 0.0406155843
1393 0.0340789481
1397 0.0257640182
1404 0.0193180830
1489 0.0185002745
1572 0.0178405765
1575 0.0166561686
1576 0.0149769269
1586 0.0147458078
1588 0.0116160425
1615 0.0102561478
1618 0.0086411025
1687 0.0085099445
1721 0.0082188279
1723 0.0080257882
1738 0.0073621774
1744 0.0067591114
1752 0.0064098008
1753 0.0056067621
1756 0.0050999818
1783 0.0046008432
1806 0.0026787333
1867 0.0026001710
1873 0.0025756458
1874 0.0025012096
1876 0.0023331248
1909 0.0012030030
1926 0.0011349947
1937 0.0011228775
1969 0.0010788670
1971 0.0009678329
2107 0.0007500231
2119 0.0005636936
2140 0.0005020511
2183 0.0004783389
2250 0.0003002094
2271 0.0002968980
2287 0.0002748710
2292 0.0002701981
2299 0.0002581994
2307 0.0002501500
2343 0.0001777089
2357 0.0001417595
2396 0.0001209110
2439 0.0001143290
2460 0.0000884057
2480 0.0000858971
2482 0.0000849768
2504 0.0000787986
2544 0.0000700749
2553 0.0000684378
2565 0.0000678884
2575 0.0000608860
2577 0.0000583692
2610 0.0000575073
2614 0.0000558872
2622 0.0000546789
2630 0.0000528888
2672 0.0000436188
2770 0.0000360890
2778 0.0000306652
2835 0.0000305695
2836 0.0000295803
2841 0.0000281531
2856 0.0000263470
2863 0.0000218627
2922 0.0000174192
2950 0.0000162195
2954 0.0000158714
2957 0.0000157250
2974 0.0000146169
2982 0.0000137490
2992 0.0000102379
3117 0.0000101049
3121 0.0000097902
3123 0.0000092583
3138 0.0000088894
3188 0.0000087275
3197 0.0000083308
3203 0.0000072949
3222 0.0000065458
3232 0.0000062250
3304 0.0000061516
3311 0.0000059439
3317 0.0000055446
3321 0.0000053958
3327 0.0000052951
3338 0.0000052191
3347 0.0000050639
3360 0.0000034529
3413 0.0000034483
3422 0.0000032826
3432 0.0000029726
3437 0.0000028471
3455 0.0000023651
3489 0.0000022665
3497 0.0000019402
3527 0.0000017078
3539 0.0000016099
3578 0.0000016099
3603 0.0000009223
3644 0.0000007490
3665 0.0000006219
3681 0.0000004782
3730 0.0000004466
3799 0.0000004310
3805 0.0000003637
3818 0.0000003632
3821 0.0000003309
3826 0.0000003301
3852 0.0000003082
3857 0.0000002688
3891 0.0000002484
3901 0.0000002170
3921 0.0000001279
3943 0.0000001049
4045 0.0000001008
4056 0.0000000737
4065 0.0000000716
4075 0.0000000545
4082 0.0000000456
4116 0.0000000413
4119 0.0000000343
4121 0.0000000278
4140 0.0000000197
4234 0.0000000190
4252 0.0000000150
4261 0.0000000127
4268 0.0000000117
4300 0.0000000113
4305 0.0000000092
4322 0.0000000080
4353 0.0000000073
4374 0.0000000059
4438 0.0000000053
4480 0.0000000049
4482 0.0000000038
4545 0.0000000036
4556 0.0000000035
4562 0.0000000035
4568 0.0000000035
4574 0.0000000031
4585 0.0000000030
4602 0.0000000029
4620 0.0000000029
4687 0.0000000028
4704 0.0000000025
4710 0.0000000024
4715 0.0000000022
4728 0.0000000022
4737 0.0000000021
4741 0.0000000017
4742 0.0000000016
4767 0.0000000012
4866 0.0000000011
4872 0.0000000010
4883 0.0000000008
4922 0.0000000007
4925 0.0000000007
4952 0.0000000007
4962 0.0000000006
4980 0.0000000005
4984 0.0000000004
5000 0.0000000004
5061 0.0000000004
5062 0.0000000003
5076 0.0000000003
5109 0.0000000003
5110 0.0000000003
5115 0.0000000002
5126 0.0000000002
5170 0.0000000002
5211 0.0000000002
5237 0.0000000001
5285 0.0000000001
5290 0.0000000001
5292 0.0000000001
5322 0.0000000001
5334 0.0000000001
5338 0.0000000001
5345 0.0000000001
5354 0.0000000001
5366 0.0000000000
5421 0.0000000000
5436 0.0000000000
5454 0.0000000000
5465 0.0000000000
5484 0.0000000000
5490 0.0000000000
5517 0.0000000000
5561 0.0000000000
5569 0.0000000000
5576 0.0000000000
5601 0.0000000000
5624 0.0000000000
5637 0.0000000000
5659 0.0000000000
5671 0.0000000000
5703 0.0000000000
5721 0.0000000000
5732 0.0000000000
5771 0.0000000000
5845 0.0000000000
5889 0.0000000000
5914 0.0000000000
5921 0.0000000000
5931 0.0000000000
5947 0.0000000000
5948 0.0000000000
6021 0.0000000000
6037 0.0000000000
6059 0.0000000000
6151 0.0000000000
6244 0.0000000000
15803 0.0000000000
100220 904286742252.1296386719
evaluations raw_y
1 1222102.5412505507
3 1024349.2087036349
4 886265.0765319191
6 450573.0494995417
14 334685.3662145855
27 319804.1101196555
35 260904.0502936289
51 226757.3443024006
53 129332.2866098954
100 122674.6780330025
101 121868.4371727791
107 113909.4305351134
124 81654.2735205423
129 63903.0819754480
136 34025.1526532098
138 17326.9107879754
152 8485.2184857322
166 6688.3829820051
170 2727.5774247531
176 867.4658416318
192 866.8633688622
197 826.6598808316
220 803.8268902848
259 735.4517483938
282 638.1724887553
308 419.9761649782
318 409.6699463754
324 254.4078052876
372 237.7579371031
381 219.9362497074
391 214.6593641425
396 124.5382056553
468 115.8645117641
474 79.6560443845
523 66.2317306285
621 60.8829729186
625 57.0992216279
628 52.2453970448
639 49.2902003273
651 47.7827316263
664 37.6234213050
699 37.3329297170
707 34.0037160227
711 31.5373954412
722 31.0731283477
726 27.9277769018
738 25.0716139706
822 24.0126428422
836 23.7318290844
838 19.0384579790
876 18.6877206453
885 18.1720937813
896 17.9777220712
904 17.6069828203
912 13.8780201908
926 13.0383209440
948 12.5591289715
958 11.8965456093
964 11.3776126499
968 9.9127180605
1001 7.1200342025
1017 6.9282886998
1090 6.9230426853
1094 6.8684562690
1105 6.6543772251
1182 6.1216137376
1203 5.6906992717
1225 5.4158951924
1226 4.9971253817
1231 4.6315925647
1239 4.2883731439
1246 4.2036760713
1263 3.1348850399
1275 2.7273352257
1293 2.4899912488
1303 2.3814450282
1332 2.2686436598
1344 1.4301068278
1365 1.4009632286
1368 1.2797967023
1370 0.7216825445
1453 0.6689859346
1463 0.3334516203
1534 0.2392815562
1631 0.2186219559
1654 0.2058529101
1661 0.2001470562
1665 0.1940234307
1669 0.1528332475
1676 0.1485546184
1727 0.1356341862
1764 0.1285018300
1794 0.1236252079
1798 0.1146222525
1802 0.1065128304
1829 0.1063145524
1830 0.1045192930
1851 0.0993649066
1854 0.0857787575
1883 0.0842985933
1903 0.0825306804
1915 0.0812908607
1929 0.0800479814
1936 0.0799088703
1944 0.0775295870
1991 0.0773926870
2023 0.0752268920
2026 0.0689359440
2048 0.0571902244
2158 0.0556456446
2159 0.0544560331
2167 0.0480702190
2171 0.0450489278
2175 0.0433765247
2178 0.0430109032
2215 0.0425999606
2243 0.0425071652
2255 0.0422057560
2267 0.0408397550
2275 0.0400786333
2280 0.0400411541
2281 0.0322666435
2310 0.0312853443
2329 0.0285932482
2344 0.0277240312
2357 0.0247787164
2408 0.0203696029
2426 0.0191664320
2448 0.0180537657
2449 0.0145242763
2470 0.0144988909
2475 0.0136850398
2485 0.0131577655
2487 0.0112501842
2488 0.0108306899
2491 0.0091089001
2557 0.0089413392
2590 0.0086057747
2610 0.0081312168
2700 0.0078458953
2706 0.0076555294
2711 0.0075262958
2727 0.0074449860
2764 0.0074349541
2777 0.0060689882
2835 0.0053911710
2875 0.0050297588
2965 0.0048591928
2989 0.0048554909
2995 0.0047996003
2998 0.0047392724
3006 0.0046814266
3015 0.0046762315
3064 0.0046744987
3089 0.0046654784
3108 0.0046568817
3130 0.0046540668
3192 0.0046486314
3201 0.0046309679
3207 0.0046146607
3225 0.0045202768
3234 0.0043792377
3242 0.0041607374
3258 0.0040440336
3269 0.0040342791
3294 0.0038235880
3303 0.0035357704
3321 0.0034016497
3329 0.0031398394
3351 0.0026724869
3355 0.0024805617
3363 0.0023930901
3407 0.0023459590
3442 0.0021622701
3451 0.0020769338
3463 0.0017847822
3488 0.0015650419
3507 0.0015144640
3516 0.0015003575
3517 0.0014403915
3518 0.0011815218
3534 0.0010757882
3535 0.0010628755
3541 0.0008952638
3590 0.0006435702
3618 0.0005841671
3630 0.0005395287
3631 0.0005222061
3635 0.0004556477
3646 0.0003270548
3677 0.0002763967
3680 0.0002561402
3791 0.0002339825
3799 0.0002044626
3801 0.0001891287
3819 0.0001566191
3846 0.0001437176
3905 0.0001412593
3916 0.0001241445
3926 0.0001235017
3929 0.0001148062
3933 0.0000980671
3937 0.0000954882
3941 0.0000527738
4019 0.0000522424
4099 0.0000510262
4110 0.0000453178
4112 0.0000421660
4147 0.0000409819
4171 0.0000356389
4176 0.0000297934
4195 0.0000271581
4218 0.0000269632
4221 0.0000233919
4230 0.0000193218
4236 0.0000176051
4242 0.0000157360
4250 0.0000152824
4260 0.0000095253
4336 0.0000091147
4376 0.0000087375
4386 0.0000082760
4387 0.0000073827
4423 0.0000063885
4448 0.0000060479
4464 0.0000045084
4481 0.0000044507
4484 0.0000034683
4535 0.0000032583
4554 0.0000030860
4581 0.0000027632
4630 0.0000027513
4684 0.0000027409
4692 0.0000025606
4693 0.0000018045
4709 0.0000017458
4724 0.0000016654
4786 0.0000014490
4827 0.0000010290
4843 0.0000010264
4858 0.0000008663
4909 0.0000006419
4935 0.0000006050
4942 0.0000004767
5011 0.0000003672
5039 0.0000002812
5095 0.0000002660
5101 0.0000002476
5104 0.0000001935
5108 0.0000001905
5112 0.0000001766
5116 0.0000001021
5152 0.0000000976
5162 0.0000000691
5214 0.0000000564
5223 0.0000000539
5235 0.0000000315
5264 0.0000000305
5324 0.0000000267
5366 0.0000000222
5369 0.0000000222
5390 0.0000000218
5394 0.0000000209
5404 0.0000000198
5416 0.0000000167
5419 0.0000000163
5441 0.0000000154
5448 0.0000000109
5467 0.0000000098
5525 0.0000000093
5526 0.0000000062
5535 0.0000000061
5543 0.0000000058
5646 0.0000000049
5697 0.0000000041
5736 0.0000000038
5744 0.0000000036
5755 0.0000000035
5767 0.0000000035
5773 0.0000000033
5780 0.0000000031
5786 0.0000000031
5788 0.0000000031
5793 0.0000000020
5943 0.0000000020
5948 0.0000000019
5952 0.0000000017
5963 0.0000000016
5973 0.0000000015
5985 0.0000000014
6013 0.0000000013
6015 0.0000000011
6023 0.0000000011
6037 0.0000000010
6044 0.0000000007
6106 0.0000000007
6129 0.0000000006
6143 0.0000000006
6174 0.0000000006
6214 0.0000000006
6218 0.0000000005
6222 0.0000000004
6269 0.0000000003
6302 0.0000000003
6320 0.0000000003
6321 0.0000000003
6342 0.0000000003
6348 0.0000000003
6360 0.0000000003
6367 0.0000000003
6373 0.0000000003
6385 0.0000000002
6393 0.0000000002
6395 0.0000000002
6408 0.0000000002
6451 0.0000000002
6463 0.0000000002
6466 0.0000000002
6472 0.0000000001
6473 0.0000000001
6480 0.0000000001
6482 0.0000000001
6491 0.0000000001
6513 0.0000000001
6524 0.0000000001
6576 0.0000000000
6587 0.0000000000
6658 0.0000000000
6680 0.0000000000
6692 0.0000000000
6702 0.0000000000
6706 0.0000000000
6710 0.0000000000
6717 0.0000000000
6744 0.0000000000
6786 0.0000000000
6837 0.0000000000
6850 0.0000000000
6851 0.0000000000
6869 0.0000000000
6875 0.0000000000
6969 0.0000000000
6970 0.0000000000
7060 0.0000000000
7062 0.0000000000
7117 0.0000000000
7216 0.0000000000
7378 0.0000000000
7379 0.0000000000
16710 0.0000000000
36851 0.0000000000
100180 10249150798368.5800781250
