evaluations raw_y
1 16807276.0631644316
3 7313487.3751936927
4 1367160.8714626415
13 3451.0558545379
22 300.3353732565
116 186.5719447502
2355 180.5626960437
2375 179.6274003555
2381 176.7685201099
2393 174.3422284353
2400 168.8459738043
2417 165.5214935349
2446 159.2959230863
2456 156.1165729391
2477 150.8956741240
2484 148.9871383791
2500 141.1914374960
2559 139.9481724482
2569 138.2712693854
2574 133.4379726555
2591 127.0023430172
2702 126.1594498382
2714 124.8599344014
2716 121.9650600490
2723 119.8585798957
2765 116.4496616060
2777 112.9116247657
2789 110.8297744535
2806 103.1991004440
2817 102.7586786910
2819 100.9710406972
2834 93.3133391034
2860 90.2070054653
2866 88.9015271856
2883 88.1229085063
2888 80.3932934749
2903 63.7677850225
2921 62.5330242806
2925 57.5566051630
2935 53.3326408985
2938 48.5483501184
2979 45.9627484747
2984 44.4672885257
2991 42.6390352868
2995 35.7351362726
3014 32.9050149656
3032 31.7322821946
3035 28.8293952594
3085 26.0273422576
3089 22.6541579778
3139 21.6327464573
3146 19.8332831441
3154 19.4907530039
3181 19.0693794523
3192 18.7342801214
3221 18.3290278128
3247 17.4955151021
3248 17.1524402361
3256 16.4791301771
3265 16.3972684088
3266 15.4717189299
3282 14.3755382856
3287 13.7572087315
3306 13.1275060239
3340 13.0267773617
3353 12.8750707962
3373 12.8705603669
3380 12.6974534787
3383 11.6437854891
3442 11.1707027181
3444 11.1275833321
3447 10.9121955496
3479 10.4829542619
3484 8.8728503970
3508 8.2458736800
3531 7.6327349604
3561 7.3040320707
3578 6.2822079110
3597 5.6652071925
3642 5.2233017579
3660 5.0319507979
3697 4.4187390297
3755 4.4098386907
3761 4.1876283962
3771 4.1737632060
3774 4.1294616991
3782 4.0363553348
3789 3.9633053912
3795 3.9272717526
3797 3.8645514501
3804 3.6725401224
3812 3.4117139804
3827 2.9129112839
3846 2.3017505951
3856 1.9152621217
3868 1.4738133638
3895 1.3911432298
3931 1.3785166362
3933 0.7419548305
3940 0.7188037343
3997 0.3862235350
4156 0.3675149386
4173 0.3219120267
4178 0.3173161804
4203 0.2545357885
4205 0.2394176579
4207 0.2127876746
4215 0.1707248378
4255 0.1657968768
4317 0.1598927335
4327 0.1569601441
4333 0.1403663632
4334 0.1037077468
4391 0.0976732964
4429 0.0943317532
4451 0.0724561679
4482 0.0719883434
4497 0.0593362923
4502 0.0563105586
4507 0.0558929331
4529 0.0389678056
4547 0.0328383278
4621 0.0265913509
4624 0.0214358039
4633 0.0176112364
4667 0.0133729076
4690 0.0118969361
4703 0.0083058629
4759 0.0076819262
4764 0.0072324111
4771 0.0052204599
4850 0.0049886422
4904 0.0043261356
4920 0.0041976773
4930 0.0030844345
4983 0.0029632521
5002 0.0028868252
5010 0.0028235753
5017 0.0027443214
5024 0.0026491510
5027 0.0025634458
5031 0.0024706137
5037 0.0024079963
5041 0.0022928930
5045 0.0021916224
5070 0.0020825813
5098 0.0020534902
5103 0.0019402586
5114 0.0015017081
5184 0.0014418560
5185 0.0011929011
5230 0.0011109371
5243 0.0010881406
5252 0.0009684238
5267 0.0008429034
5287 0.0007839502
5292 0.0007523673
5302 0.0006573369
5315 0.0005331047
5318 0.0004524684
5390 0.0004373259
5392 0.0003451621
5408 0.0002590391
5437 0.0002045496
5447 0.0001217830
5516 0.0000830438
5536 0.0000615287
5586 0.0000586154
5590 0.0000551915
5592 0.0000433516
5599 0.0000387779
5609 0.0000353605
5615 0.0000200816
5652 0.0000192663
5670 0.0000189138
5672 0.0000127917
5677 0.0000123586
5710 0.0000083555
5722 0.0000083034
5723 0.0000070557
5733 0.0000062779
5741 0.0000048609
5805 0.0000046911
5829 0.0000034904
5836 0.0000030320
5848 0.0000024909
5853 0.0000022805
5864 0.0000021667
5879 0.0000019068
5891 0.0000015168
5893 0.0000014118
5901 0.0000013321
5903 0.0000007068
5926 0.0000005607
5935 0.0000005437
5943 0.0000004958
5967 0.0000004829
6008 0.0000002701
6044 0.0000002624
6045 0.0000001484
6051 0.0000001354
6064 0.0000000795
6086 0.0000000576
6155 0.0000000389
6173 0.0000000387
6175 0.0000000084
6260 0.0000000049
6291 0.0000000047
6312 0.0000000030
6313 0.0000000024
6322 0.0000000019
6341 0.0000000017
6346 0.0000000014
6369 0.0000000010
6383 0.0000000007
6402 0.0000000006
6452 0.0000000005
6483 0.0000000005
6485 0.0000000004
6495 0.0000000004
6499 0.0000000002
6520 0.0000000002
6523 0.0000000002
6524 0.0000000002
6555 0.0000000001
6563 0.0000000001
6617 0.0000000001
6618 0.0000000001
6657 0.0000000000
6685 0.0000000000
6695 0.0000000000
6705 0.0000000000
6711 0.0000000000
6746 0.0000000000
6755 0.0000000000
6769 0.0000000000
6795 0.0000000000
6801 0.0000000000
6841 0.0000000000
6858 0.0000000000
6881 0.0000000000
6894 0.0000000000
6927 0.0000000000
6932 0.0000000000
6939 0.0000000000
6945 0.0000000000
6962 0.0000000000
6992 0.0000000000
7007 0.0000000000
7019 0.0000000000
7063 0.0000000000
7081 0.0000000000
7106 0.0000000000
7114 0.0000000000
7117 0.0000000000
7159 0.0000000000
7270 0.0000000000
evaluations raw_y
1 20613150.3573850282
2 6644155.0361955026
6 1981370.5689430793
8 499111.5631057540
9 19580.6893618932
12 3686.1300665398
32 1410.6862358683
51 596.8704484863
55 595.6003115524
84 565.9159381812
361 345.7890565468
432 244.2745492175
1899 242.5129028193
1920 240.6447945928
1929 231.6209779008
1933 220.8073392593
1964 212.6504523308
1978 203.4580608091
2022 199.2733684448
2062 193.1819428236
2080 191.7789086263
2142 191.1382193787
2193 186.2720329981
2206 180.3906497228
2225 178.2627617957
2248 168.4195337863
2254 163.5726003453
2286 162.8167881942
2302 161.9090290459
2310 158.2773095859
2336 155.0248625214
2341 145.6550617390
2352 135.1478397067
2361 129.4645471797
2381 123.1757129964
2388 118.9256091777
2403 109.1736172321
2407 94.9404147966
2416 94.3811602006
2424 78.5514002384
2466 59.9589204844
2597 55.4583016726
2655 53.3187924010
2660 52.8685806556
2667 52.5471467174
2669 51.1780047526
2693 51.0389077006
2695 50.8763222925
2703 47.4638718472
2705 47.3520781239
2710 46.8095474985
2721 44.3306149579
2722 44.0477913019
2729 43.0744502215
2745 41.4475508780
2759 40.4979794906
2760 40.0035265904
2762 39.2347643966
2783 38.4071532182
2786 36.9261432944
2800 34.9548688490
2829 31.7448464885
2841 27.2801871840
2863 21.1114198238
2890 19.5179999544
3070 17.9741910591
3084 17.4984664952
3109 17.1837458968
3110 16.4385838730
3116 15.0657487351
3134 13.8948846906
3181 13.6143764343
3202 13.5585390296
3213 12.9955450216
3230 12.9029082548
3248 12.7118953944
3249 11.7945152477
3254 11.7704365566
3256 11.3108790418
3257 11.0040904296
3286 10.8337068870
3291 9.5927955714
3301 9.5500159566
3364 9.5226440728
3376 9.4365371267
3420 9.0378379798
3423 8.8997601070
3448 8.1372546361
3488 8.0816063298
3500 7.8568544883
3509 7.3644545908
3564 7.0748996295
3585 6.9328349650
3588 6.2897800546
3601 6.2036033917
3602 5.6057777730
3653 4.9130569116
3655 4.6375631726
3687 4.1338101476
3707 3.6385165456
3729 3.2676535259
3780 2.9822853198
3816 2.2667736987
3825 2.2034623121
3846 2.1524794822
3906 1.8077855394
3913 1.6623712228
3916 1.6034682954
3921 1.5468938356
3934 1.4156478173
3968 1.2607498701
3995 1.2166849070
4026 1.1560560851
4042 1.1224033220
4049 0.9424341328
4082 0.9356053496
4114 0.9294046136
4124 0.8724581679
4135 0.7833255201
4226 0.7520122706
4231 0.7340490114
4259 0.7137608744
4272 0.6840537688
4282 0.6684688421
4283 0.6616040190
4304 0.6534297409
4309 0.6294750783
4316 0.5488137862
4324 0.5318277389
4327 0.4438068928
4375 0.3784412794
4379 0.3036261205
4444 0.2968658812
4463 0.2311656504
4473 0.2076545534
4495 0.1880651083
4498 0.1866678948
4505 0.0770316679
4606 0.0754683912
4616 0.0491538972
4632 0.0153460595
4698 0.0125919296
4710 0.0088499591
4723 0.0087714963
4759 0.0059618562
4775 0.0052047044
4781 0.0050908916
4782 0.0049996758
4783 0.0044161188
4785 0.0026664438
4853 0.0024294331
4861 0.0019460477
4874 0.0018840123
4894 0.0010829088
4918 0.0010550108
4919 0.0008385279
4920 0.0004266994
4941 0.0002646200
4969 0.0002598477
4981 0.0001609520
5010 0.0001283282
5044 0.0001138537
5059 0.0000942773
5065 0.0000800383
5095 0.0000356068
5140 0.0000323440
5143 0.0000317240
5152 0.0000234545
5165 0.0000189412
5167 0.0000189300
5177 0.0000083604
5237 0.0000078013
5280 0.0000055777
5283 0.0000014804
5383 0.0000012603
5384 0.0000011599
5483 0.0000010428
5507 0.0000010110
5531 0.0000007092
5537 0.0000006633
5565 0.0000006440
5576 0.0000006219
5582 0.0000004973
5595 0.0000004590
5605 0.0000002313
5633 0.0000002041
5694 0.0000001744
5697 0.0000001427
5717 0.0000001138
5719 0.0000001132
5731 0.0000001036
5734 0.0000000896
5741 0.0000000569
5766 0.0000000519
5775 0.0000000277
5824 0.0000000174
5860 0.0000000119
5872 0.0000000062
5905 0.0000000060
5921 0.0000000059
5934 0.0000000050
5949 0.0000000037
5959 0.0000000030
5963 0.0000000016
5995 0.0000000014
6018 0.0000000012
6037 0.0000000012
6048 0.0000000011
6052 0.0000000009
6056 0.0000000006
6078 0.0000000006
6092 0.0000000004
6104 0.0000000003
6123 0.0000000001
6175 0.0000000001
6187 0.0000000001
6188 0.0000000000
6232 0.0000000000
6239 0.0000000000
6275 0.0000000000
6282 0.0000000000
6293 0.0000000000
6304 0.0000000000
6312 0.0000000000
6321 0.0000000000
6327 0.0000000000
6344 0.0000000000
6391 0.0000000000
6392 0.0000000000
6413 0.0000000000
6415 0.0000000000
6416 0.0000000000
6447 0.0000000000
6453 0.0000000000
6487 0.0000000000
6495 0.0000000000
6507 0.0000000000
6512 0.0000000000
6528 0.0000000000
6537 0.0000000000
6541 0.0000000000
6551 0.0000000000
6579 0.0000000000
6582 0.0000000000
6590 0.0000000000
6623 0.0000000000
6633 0.0000000000
6654 0.0000000000
6770 0.0000000000
evaluations raw_y
1 523514.2187410881
5 82987.0548334241
26 8597.6686236943
28 845.4197586695
35 642.6431503438
62 102.4394087855
285 60.2910258748
657 52.6795762001
748 49.6619747830
2196 48.4507019027
2218 47.2913732795
2230 46.4579958348
2338 43.8573170494
2350 40.0524379566
2360 39.4361774348
2374 37.3669356928
2376 35.1505873766
2387 34.2111710175
2391 34.1414807341
2394 33.8069291635
2452 32.8486183192
2455 32.1842559160
2562 31.8917277286
2573 30.5754847173
2601 30.4274844644
2652 28.8995460305
2663 28.8252694187
2677 28.6904208771
2690 28.4078802032
2692 27.4624603684
2716 27.0347255325
2728 25.8635973639
2765 24.6752434775
2835 23.9812386698
2867 23.7177646752
2871 23.3406059512
2915 23.2172854569
2928 21.7552810633
2939 21.4031868024
2941 20.1883581633
2946 20.1117232082
2952 19.5662963990
2964 19.0031492003
2979 18.9107034193
2985 16.5006792365
3002 15.8136078753
3017 15.6340114273
3030 13.4200413841
3033 13.0825247790
3044 11.7279398962
3048 10.6624315130
3103 10.2676649813
3105 9.7384715537
3117 8.5026673813
3124 7.1397062749
3134 5.5839368048
3178 5.0199170955
3197 4.8834225611
3224 4.7057993970
3226 4.3678303742
3237 3.0591635417
3300 2.5245226893
3356 2.3554151532
3374 2.3339596325
3375 2.2224579857
3397 2.1297252721
3427 2.1013363982
3435 2.0796833753
3447 1.9417109392
3453 1.9145438406
3469 1.8543479980
3483 1.6744962413
3494 1.6588349946
3497 1.6431402205
3508 1.6396234182
3510 1.6372990257
3515 1.5804626938
3516 1.4869335059
3562 1.3525982122
3566 1.2929503768
3576 1.1427902272
3582 1.0547642583
3603 0.8682493259
3701 0.7943595532
3719 0.7894948993
3763 0.6335365431
3795 0.6157186285
3801 0.5811708509
3802 0.5606899315
3811 0.4967781620
3832 0.4403298938
3863 0.4060404476
3911 0.3694644599
3941 0.3516119481
3969 0.3405316401
3972 0.3323051720
3988 0.3227210639
3992 0.3173934985
3999 0.2788694195
4048 0.2460841779
4108 0.2342638206
4132 0.2335092802
4137 0.2223989524
4138 0.2188974546
4142 0.2082500949
4157 0.2065679255
4167 0.1769281561
4214 0.1690978179
4215 0.1579259641
4224 0.1561896004
4234 0.1480917941
4241 0.1218397979
4276 0.0896203898
4301 0.0770870630
4321 0.0732329054
4324 0.0705770266
4333 0.0675729226
4350 0.0514322492
4384 0.0491123873
4398 0.0470483210
4400 0.0453096112
4405 0.0345990225
4445 0.0316225140
4465 0.0288953545
4477 0.0256712632
4500 0.0227813716
4514 0.0095944479
4575 0.0069095249
4598 0.0060123157
4606 0.0019495325
4710 0.0018041591
4713 0.0014329665
4724 0.0009303434
4729 0.0006433674
4747 0.0002361198
4857 0.0002264208
4860 0.0001914032
4865 0.0001910892
4871 0.0000922534
4900 0.0000765824
4909 0.0000700546
4916 0.0000478248
4920 0.0000470427
4923 0.0000321255
4958 0.0000318668
4972 0.0000314619
4982 0.0000267096
4988 0.0000137581
4993 0.0000124461
5014 0.0000094915
5038 0.0000082773
5042 0.0000078512
5063 0.0000048991
5074 0.0000043154
5078 0.0000032582
5166 0.0000022225
5176 0.0000016835
5201 0.0000013619
5223 0.0000005933
5272 0.0000005107
5284 0.0000005077
5285 0.0000004341
5290 0.0000003550
5291 0.0000002730
5302 0.0000000941
5340 0.0000000915
5413 0.0000000713
5436 0.0000000688
5438 0.0000000534
5463 0.0000000423
5495 0.0000000370
5501 0.0000000344
5504 0.0000000328
5512 0.0000000266
5524 0.0000000218
5529 0.0000000204
5536 0.0000000181
5563 0.0000000149
5583 0.0000000130
5611 0.0000000122
5621 0.0000000095
5631 0.0000000088
5634 0.0000000069
5658 0.0000000049
5667 0.0000000044
5670 0.0000000033
5675 0.0000000029
5687 0.0000000024
5698 0.0000000013
5761 0.0000000013
5762 0.0000000012
5772 0.0000000009
5774 0.0000000008
5801 0.0000000007
5806 0.0000000006
5815 0.0000000006
5816 0.0000000006
5824 0.0000000004
5831 0.0000000003
5856 0.0000000002
5872 0.0000000002
5883 0.0000000002
5902 0.0000000001
5908 0.0000000001
5911 0.0000000001
5951 0.0000000000
5962 0.0000000000
5973 0.0000000000
5981 0.0000000000
5997 0.0000000000
6017 0.0000000000
6025 0.0000000000
6057 0.0000000000
6061 0.0000000000
6064 0.0000000000
6097 0.0000000000
6181 0.0000000000
6206 0.0000000000
6208 0.0000000000
6222 0.0000000000
6342 0.0000000000
6447 0.0000000000
6461 0.0000000000
6510 0.0000000000
evaluations raw_y
1 547739.3167568127
2 44396.7508870640
7 28587.2845406729
16 1432.2317228680
79 846.9715686072
84 387.7590941892
294 221.6526894106
338 207.6601095790
434 196.1559510745
449 191.5159946617
1370 184.6398260000
1390 175.3117729476
1393 168.1582562001
1404 157.0220772250
1575 154.1211614344
1599 150.7611982704
1612 145.8089983903
1656 144.9140552394
1660 135.8016615616
1682 134.8257525003
1701 127.5737240245
1730 127.1128086073
1735 110.8350844608
1777 109.8171630075
1800 103.9038836247
1807 99.7391643474
2127 99.2265743783
2131 98.9532455340
2132 96.7509917661
2139 94.6835896963
2147 91.9660572890
2165 91.9502226528
2202 91.6378132963
2205 87.4993878046
2209 86.4488871881
2211 81.9622168069
2215 80.7232219132
2240 79.5441117883
2245 75.2285658725
2248 73.3959533253
2255 69.3564058241
2269 61.5732304586
2289 59.9973453990
2296 58.9063817134
2311 58.2982631218
2313 49.1994013391
2320 47.1955258390
2349 43.8492385008
2377 36.8490105698
2419 34.7035008167
2455 32.0965636388
2522 32.0513701852
2523 31.5055695771
2549 30.5192090514
2592 27.7309793057
2620 26.7544122382
2655 23.7212725845
2688 22.6473769171
2721 20.5061081536
2833 18.3290233979
2891 17.3888996550
2896 17.0385874965
2905 16.6767312876
2923 15.3577558223
2942 14.7317200427
2948 13.7637624728
2960 13.3388263928
2961 12.5027408446
2973 8.3119301940
3017 6.3542971881
3021 6.2187835299
3147 5.0104088387
3196 4.7445499516
3261 4.7312440115
3299 4.1401792453
3319 3.8575288996
3322 3.7787802491
3323 3.7529368062
3374 3.5596063159
3400 2.8704991067
3403 2.7354660095
3444 2.5660751977
3455 2.5213607008
3473 2.4431755700
3494 2.3907473612
3496 2.3741762860
3502 2.2250696776
3506 2.2080122679
3524 2.1915564976
3525 2.1767893461
3535 2.1373010543
3550 1.9930356308
3574 1.9375980071
3577 1.9215301830
3582 1.9114492476
3583 1.7896279210
3595 1.7375045465
3603 1.7085196707
3621 1.6026768130
3673 1.5980227119
3675 1.5920861786
3690 1.5372651722
3694 1.5209097230
3716 1.4148552256
3736 1.3423556052
3761 1.2664877804
3782 1.0933237536
3848 1.0719112335
3850 1.0614580042
3851 1.0083489757
3870 0.9851987948
3899 0.9186526052
3913 0.8873778748
3932 0.8730328069
3952 0.8337242352
3963 0.7902906488
3987 0.7175681153
3991 0.6271284256
4002 0.4936965743
4016 0.4632557706
4139 0.3812949806
4144 0.3438048130
4145 0.3172232988
4172 0.3160751563
4187 0.3082823009
4197 0.3044978666
4198 0.3014506216
4200 0.2850874912
4222 0.2634434969
4235 0.1590125210
4255 0.1512209163
4285 0.0700449692
4319 0.0466931470
4362 0.0431180497
4364 0.0350558153
4392 0.0270305311
4412 0.0193231286
4448 0.0162453138
4472 0.0156582481
4479 0.0077656342
4522 0.0066364708
4541 0.0053231544
4591 0.0047270321
4604 0.0045922751
4607 0.0045762568
4616 0.0024343363
4626 0.0023350926
4656 0.0021650008
4659 0.0016903417
4681 0.0015984619
4686 0.0013743169
4716 0.0012231798
4717 0.0009928058
4726 0.0007371903
4734 0.0004217484
4751 0.0002909935
4782 0.0002639029
4807 0.0002370648
4817 0.0001199942
4843 0.0000472975
4941 0.0000424719
4943 0.0000370004
4947 0.0000228946
4960 0.0000148202
5010 0.0000141381
5025 0.0000134801
5027 0.0000099236
5038 0.0000096946
5042 0.0000067276
5044 0.0000062729
5045 0.0000040651
5063 0.0000031830
5071 0.0000015767
5217 0.0000015597
5224 0.0000015459
5228 0.0000014980
5234 0.0000010552
5236 0.0000009349
5246 0.0000009079
5260 0.0000009077
5269 0.0000007793
5275 0.0000006404
5282 0.0000005142
5292 0.0000004567
5310 0.0000002870
5321 0.0000002639
5324 0.0000002342
5333 0.0000001187
5407 0.0000001153
5419 0.0000000937
5425 0.0000000577
5435 0.0000000518
5445 0.0000000481
5460 0.0000000418
5475 0.0000000384
5482 0.0000000360
5492 0.0000000270
5503 0.0000000247
5526 0.0000000096
5591 0.0000000053
5629 0.0000000029
5655 0.0000000027
5665 0.0000000020
5684 0.0000000019
5695 0.0000000018
5724 0.0000000013
5744 0.0000000013
5747 0.0000000010
5765 0.0000000005
5784 0.0000000005
5809 0.0000000005
5811 0.0000000004
5838 0.0000000004
5843 0.0000000002
5850 0.0000000002
5880 0.0000000001
5891 0.0000000001
5910 0.0000000001
5933 0.0000000001
5938 0.0000000001
5940 0.0000000000
5978 0.0000000000
5993 0.0000000000
6011 0.0000000000
6050 0.0000000000
6051 0.0000000000
6058 0.0000000000
6059 0.0000000000
6063 0.0000000000
6122 0.0000000000
6178 0.0000000000
6181 0.0000000000
6191 0.0000000000
6205 0.0000000000
6238 0.0000000000
6240 0.0000000000
6242 0.0000000000
6263 0.0000000000
6279 0.0000000000
6305 0.0000000000
6314 0.0000000000
6318 0.0000000000
6375 0.0000000000
6390 0.0000000000
6408 0.0000000000
6444 0.0000000000
6445 0.0000000000
6455 0.0000000000
6523 0.0000000000
6540 0.0000000000
evaluations raw_y
1 9894587.7229462694
3 386444.0271612090
5 151308.3450781960
12 1738.6944847143
27 240.6759679390
2142 240.3524579083
2153 228.9010247780
2164 223.1170415296
2191 217.4556258150
2192 212.3603716611
2196 209.6740197566
2201 198.7230101348
2228 194.7856475517
2231 194.4252813207
2241 188.9233870793
2254 185.9402434320
2256 184.7030681360
2262 175.8355294962
2270 173.5391438377
2298 170.6629520827
2311 167.5625734061
2318 166.0500021334
2380 165.4954678758
2384 163.5638648785
2386 163.3052501769
2394 154.7922530749
2419 152.3698857596
2429 144.5154065642
2470 138.3755873404
2479 121.8423348942
2503 119.6403704168
2558 119.0447347973
2568 111.2765872623
2585 95.9850783161
2638 95.3442014563
2666 92.7599154814
2669 90.8031209888
2687 89.7294428947
2708 84.4965806021
2747 76.8985283302
2756 69.8018161254
2776 64.9128339904
2782 60.7415773833
2791 50.4042419838
2851 45.4878108592
2877 44.8975640999
2890 43.2452118141
2903 40.4037567676
2909 38.6865222286
2912 36.4862117715
2928 33.6599979147
2948 29.3180488642
2949 26.4459686817
3014 26.4239689489
3036 23.9822811456
3038 19.3982694240
3100 19.0645364982
3195 17.9243656074
3215 16.5315723263
3230 15.5465431266
3273 13.2255893805
3289 13.1096107050
3312 12.4116412906
3324 11.7392217858
3340 11.5512680422
3352 11.3159941998
3382 10.2618351112
3408 8.7617687241
3425 8.6927359311
3434 8.5349433094
3466 7.7008254248
3499 7.2925249588
3503 6.8577351973
3535 6.6181308875
3551 6.3861182337
3570 6.1341575167
3572 5.7268000416
3586 5.6542975138
3595 5.3383271127
3606 5.1330214566
3620 4.8515811306
3624 4.2690408402
3638 4.2584564367
3645 3.1604811640
3740 2.6313856200
3833 2.1185541896
3889 1.9939164943
3917 1.8792823343
3944 1.8057851839
3958 1.7311978881
3971 1.6493860038
3972 1.5792157103
3998 1.5656879837
4004 1.5554949046
4017 1.3945253341
4023 1.3325733149
4036 1.1304164208
4144 1.0483816109
4148 0.9748361211
4149 0.9312943464
4165 0.8584176046
4178 0.7756701469
4200 0.7050192263
4237 0.4084218206
4284 0.3083597536
4288 0.2753347786
4306 0.2405253157
4318 0.2143362783
4340 0.1944578717
4378 0.1329679291
4384 0.1177152656
4392 0.0983276882
4430 0.0937244229
4432 0.0718588802
4447 0.0459936034
4483 0.0455875648
4494 0.0349111635
4503 0.0272396137
4511 0.0162634940
4559 0.0116178078
4570 0.0091086573
4607 0.0082586226
4649 0.0082392142
4652 0.0070592234
4658 0.0036687533
4673 0.0034133201
4698 0.0029719909
4707 0.0024348952
4716 0.0020646855
4720 0.0017053750
4722 0.0014133351
4736 0.0009272602
4790 0.0006668518
4808 0.0004045476
4813 0.0003559639
4817 0.0003076399
4881 0.0002159948
4923 0.0001884430
4933 0.0001614269
4937 0.0001542377
4947 0.0001242200
4960 0.0001065649
4965 0.0000583591
4967 0.0000324676
5074 0.0000321546
5084 0.0000262503
5115 0.0000256999
5121 0.0000136017
5150 0.0000117620
5170 0.0000105830
5177 0.0000065439
5205 0.0000059340
5216 0.0000033587
5230 0.0000028515
5239 0.0000026152
5241 0.0000016202
5290 0.0000010504
5322 0.0000009840
5352 0.0000005453
5399 0.0000004996
5411 0.0000004517
5417 0.0000002704
5433 0.0000002222
5444 0.0000001942
5464 0.0000001461
5486 0.0000000837
5505 0.0000000832
5511 0.0000000439
5530 0.0000000255
5554 0.0000000219
5597 0.0000000200
5604 0.0000000140
5627 0.0000000108
5638 0.0000000105
5653 0.0000000085
5662 0.0000000075
5666 0.0000000057
5682 0.0000000035
5684 0.0000000034
5691 0.0000000030
5692 0.0000000027
5719 0.0000000025
5728 0.0000000013
5748 0.0000000010
5768 0.0000000008
5772 0.0000000007
5793 0.0000000006
5806 0.0000000004
5840 0.0000000004
5852 0.0000000004
5857 0.0000000003
5884 0.0000000003
5891 0.0000000002
5893 0.0000000002
5902 0.0000000001
5940 0.0000000001
5948 0.0000000001
5951 0.0000000001
5962 0.0000000001
5978 0.0000000001
5986 0.0000000000
6005 0.0000000000
6011 0.0000000000
6033 0.0000000000
6069 0.0000000000
6131 0.0000000000
6162 0.0000000000
6169 0.0000000000
6180 0.0000000000
6207 0.0000000000
6266 0.0000000000
6311 0.0000000000
6366 0.0000000000
6392 0.0000000000
6399 0.0000000000
6417 0.0000000000
6418 0.0000000000
6425 0.0000000000
6478 0.0000000000
6479 0.0000000000
6486 0.0000000000
6503 0.0000000000
6536 0.0000000000
6571 0.0000000000
6576 0.0000000000
6601 0.0000000000
6720 0.0000000000
evaluations raw_y
1 26597209.4093778022
4 3761196.0648173471
10 1494938.3977539064
11 510053.5205727872
14 244209.0782883722
19 6766.0613776489
31 2045.3572227025
45 932.8451337951
220 488.1381338994
513 422.8677414188
535 240.7711247443
1862 232.6784585807
1894 229.5405245534
1899 201.8876530050
1905 174.1022927594
1940 160.0320186710
1967 155.2614823451
1977 148.6689739086
1983 142.6084483923
1991 135.8347875270
2022 121.7713894008
2052 118.1400589804
2108 105.4737194922
2394 98.1117303386
2409 91.1378114603
2466 70.0652451080
2495 68.0336238079
2548 67.0518461586
2553 59.1975754857
2589 57.3397747406
2621 56.7353827701
2622 55.6157159932
2682 50.8819144274
2702 49.2179483077
2716 47.9135927717
2721 46.5718262962
2733 41.8527089680
2754 41.1573838690
2766 41.0986081158
2767 41.0952399492
2772 39.9322126193
2776 37.2602192689
2783 34.7778084950
2785 30.8791822354
2793 29.8286191274
2822 28.6443408192
2838 27.5800401673
2896 23.9814990291
2933 22.8613977383
2950 19.9213313509
2953 18.9675479644
2959 17.9120277247
2981 16.2285798093
2987 16.0960403103
2989 15.0569655828
3004 12.0865099950
3104 11.3068665860
3108 10.4132218919
3119 9.4775857702
3137 7.4458656206
3172 7.1512375083
3188 6.9521694293
3192 5.8628674972
3197 5.6363258829
3204 5.2883692308
3236 5.2491709412
3244 4.5822242454
3252 4.1737646165
3317 3.7732372625
3325 3.7620881881
3332 3.7258525026
3356 3.5413533587
3365 3.4912482547
3376 3.1601738106
3423 3.1116947719
3427 3.1071684425
3503 3.0027658736
3536 2.8233694012
3549 2.6643392196
3558 2.6089613134
3574 2.5361171613
3583 2.4792033801
3588 2.4344941262
3591 2.3825370809
3623 2.0479889365
3632 2.0249445461
3648 1.6230608628
3658 1.5629849696
3667 1.4815473774
3783 1.4278953009
3845 1.3449235381
3885 1.3212930392
3889 1.2885875020
3922 1.1816629957
3956 1.1627734138
3965 1.0619829000
4000 0.9929175354
4026 0.9759766071
4036 0.8805877356
4073 0.8066486814
4081 0.7547426514
4121 0.6598778427
4123 0.5699263314
4174 0.5312353639
4190 0.5005451997
4226 0.4523603848
4231 0.3934659652
4279 0.3796875233
4286 0.3645191188
4291 0.3524315790
4295 0.3488230975
4300 0.3313464131
4303 0.3116958473
4310 0.2929928505
4313 0.2840802586
4343 0.2212681747
4383 0.2208250470
4387 0.2177660455
4394 0.2156210295
4410 0.1834363241
4429 0.1626182366
4430 0.1588587050
4454 0.1542024799
4463 0.1172238751
4480 0.0778990444
4490 0.0712544704
4562 0.0700058045
4563 0.0510674616
4606 0.0453692351
4630 0.0403048364
4647 0.0162388676
4710 0.0053046114
4811 0.0038093082
4826 0.0022790780
4831 0.0010423333
4944 0.0009092252
4957 0.0008418887
4964 0.0008130084
5026 0.0003807395
5105 0.0003480579
5115 0.0003431857
5126 0.0002915049
5129 0.0002685939
5147 0.0002611921
5155 0.0002356503
5163 0.0002196687
5179 0.0002078033
5182 0.0002005127
5183 0.0001899572
5186 0.0001656647
5193 0.0001629611
5226 0.0001516710
5234 0.0001114082
5279 0.0000999261
5286 0.0000715751
5332 0.0000485308
5343 0.0000354229
5356 0.0000290706
5364 0.0000177807
5409 0.0000166617
5415 0.0000165315
5424 0.0000144649
5433 0.0000083612
5453 0.0000074613
5454 0.0000049771
5477 0.0000044267
5489 0.0000024447
5579 0.0000014090
5583 0.0000006407
5615 0.0000005754
5654 0.0000003281
5701 0.0000002038
5706 0.0000001642
5769 0.0000001121
5795 0.0000001033
5807 0.0000000573
5890 0.0000000571
5909 0.0000000178
5922 0.0000000106
6011 0.0000000072
6018 0.0000000049
6045 0.0000000044
6074 0.0000000040
6081 0.0000000039
6097 0.0000000037
6103 0.0000000018
6166 0.0000000016
6177 0.0000000016
6178 0.0000000011
6189 0.0000000009
6190 0.0000000006
6202 0.0000000005
6206 0.0000000005
6222 0.0000000004
6241 0.0000000003
6245 0.0000000003
6262 0.0000000001
6315 0.0000000001
6328 0.0000000001
6352 0.0000000001
6358 0.0000000001
6360 0.0000000000
6379 0.0000000000
6386 0.0000000000
6404 0.0000000000
6438 0.0000000000
6450 0.0000000000
6478 0.0000000000
6480 0.0000000000
6490 0.0000000000
6491 0.0000000000
6513 0.0000000000
6516 0.0000000000
6565 0.0000000000
6567 0.0000000000
6572 0.0000000000
6583 0.0000000000
6596 0.0000000000
6697 0.0000000000
6724 0.0000000000
6757 0.0000000000
6840 0.0000000000
evaluations raw_y
1 582088.9594953937
5 478317.0904080265
8 51164.3475756533
9 15066.4123443814
24 4193.5320887128
31 1453.6647594465
51 771.8190372738
67 464.1421362441
119 341.6358250746
1680 335.1820217943
1696 303.8604726661
1721 283.2905349596
1731 240.8700191032
1742 235.4339746135
1767 180.9498581821
1801 118.9527345827
1861 108.3353472068
1953 105.7903036801
1976 95.3257468967
1983 89.1291774409
1991 83.1589361641
2011 69.4320152642
2023 68.4907549092
2026 64.5933204262
2032 58.1978957878
2047 55.9061460532
2062 51.9566940370
2081 48.2037852067
2096 46.9775694634
2102 38.8852798022
2180 34.5910217932
2205 34.2278931125
2221 31.2552048818
2262 30.7616448543
2383 30.6337054882
2409 30.3101391695
2417 29.3525755238
2422 29.2615132866
2500 27.1812028025
2594 26.9541531105
2713 26.8538097095
2720 25.6121678988
2746 25.4756751420
2754 24.6080246105
2755 23.3107105552
2811 19.7893006351
2853 17.2066952698
2872 16.2113949908
2897 15.0537068682
2902 14.0676352993
2914 12.6149035129
2926 11.2415401584
2954 10.4487934929
2976 10.3120999216
2984 10.0644853639
3004 8.4794073594
3046 7.8102840727
3091 6.7508284952
3106 6.7149532452
3128 6.5218468058
3144 5.8696188736
3194 5.6997782418
3203 5.5442305342
3221 5.3885006571
3224 4.1772273571
3310 3.6020923647
3317 3.5038417331
3335 3.2388760676
3339 3.1210830946
3340 3.0529419242
3352 2.9102601334
3354 2.6010371011
3386 1.9139033433
3406 1.8903324126
3415 1.8496658677
3431 1.5781233547
3437 1.3105620847
3450 1.0252546391
3508 0.8402947250
3523 0.8185088403
3537 0.7159495660
3542 0.6430207357
3587 0.4246282753
3623 0.3888703618
3654 0.3555140869
3703 0.2541448225
3711 0.2503177905
3714 0.2486305650
3715 0.2452034590
3727 0.2292230575
3746 0.2272416468
3766 0.2002950066
3790 0.1936560208
3795 0.1895304636
3808 0.1525486983
3823 0.1295094537
3835 0.1207611437
3849 0.1143553394
3851 0.0956044705
3876 0.0888846295
3897 0.0767560162
3937 0.0686616774
3962 0.0616191467
3987 0.0602558727
3988 0.0430408356
4003 0.0407159008
4023 0.0348991377
4034 0.0319835873
4047 0.0297967683
4063 0.0262661839
4077 0.0239882794
4081 0.0216408893
4089 0.0178157450
4099 0.0162981640
4143 0.0159092619
4175 0.0128299681
4236 0.0124629714
4237 0.0107118767
4243 0.0104345285
4248 0.0078344395
4268 0.0063748754
4269 0.0043189246
4293 0.0033508324
4309 0.0025783133
4330 0.0017624085
4342 0.0012897538
4395 0.0010557443
4405 0.0007346927
4434 0.0004372462
4442 0.0003377036
4478 0.0003172365
4483 0.0002871037
4512 0.0002827030
4513 0.0002472343
4517 0.0002225324
4533 0.0001759572
4536 0.0001459575
4557 0.0001441614
4570 0.0001329706
4571 0.0001316303
4581 0.0001155544
4585 0.0000979419
4588 0.0000739946
4595 0.0000559784
4604 0.0000432589
4663 0.0000300530
4688 0.0000252443
4694 0.0000245636
4699 0.0000179506
4702 0.0000079470
4746 0.0000065333
4754 0.0000041616
4776 0.0000035261
4817 0.0000029223
4819 0.0000014567
4891 0.0000007408
4914 0.0000005845
4917 0.0000005628
4935 0.0000005030
4946 0.0000004993
4949 0.0000003810
4982 0.0000002359
5003 0.0000001602
5023 0.0000001417
5024 0.0000001190
5034 0.0000001113
5064 0.0000000835
5074 0.0000000600
5107 0.0000000467
5110 0.0000000369
5192 0.0000000353
5200 0.0000000351
5204 0.0000000342
5208 0.0000000276
5213 0.0000000275
5220 0.0000000274
5221 0.0000000267
5225 0.0000000261
5231 0.0000000234
5235 0.0000000199
5243 0.0000000174
5247 0.0000000094
5292 0.0000000086
5295 0.0000000076
5307 0.0000000071
5311 0.0000000029
5351 0.0000000018
5386 0.0000000012
5441 0.0000000007
5479 0.0000000006
5495 0.0000000005
5531 0.0000000004
5562 0.0000000003
5585 0.0000000003
5587 0.0000000002
5604 0.0000000002
5615 0.0000000002
5631 0.0000000002
5637 0.0000000001
5653 0.0000000001
5656 0.0000000001
5660 0.0000000000
5696 0.0000000000
5713 0.0000000000
5720 0.0000000000
5724 0.0000000000
5786 0.0000000000
5794 0.0000000000
5855 0.0000000000
5868 0.0000000000
5877 0.0000000000
5893 0.0000000000
5896 0.0000000000
5933 0.0000000000
5944 0.0000000000
5979 0.0000000000
6037 0.0000000000
6049 0.0000000000
6089 0.0000000000
6132 0.0000000000
6142 0.0000000000
6157 0.0000000000
6176 0.0000000000
6182 0.0000000000
6214 0.0000000000
6330 0.0000000000
evaluations raw_y
1 4551085.3037481671
2 722197.3186098054
8 115791.9664751135
18 74519.7046450270
35 13244.1527530010
39 6609.4950141259
82 858.6102557505
99 377.9868798176
135 152.9616043696
232 113.8560579177
298 113.7498831304
383 72.5427390806
2547 71.1285882866
2567 68.0772546365
2586 66.8925328179
2591 59.5642827724
2627 56.3432567617
2660 55.8634524079
2678 55.4469478545
2682 53.0459985691
2691 49.5568369544
2695 48.6852027665
2707 45.5654717654
2712 44.2067439317
2723 43.5140815492
2738 39.0135028900
2762 38.1414265322
2773 35.3845814279
2781 34.1081804314
2794 32.3504970360
2816 32.2834396352
2824 29.6852168934
2832 26.5309695608
2924 25.4830717064
2934 25.1700511748
2936 24.3720011081
2971 23.7514569816
2981 22.3160413209
2993 21.6800741005
3002 20.5676342213
3018 19.8100563430
3034 19.4123843379
3059 19.2927503227
3064 17.8331416514
3076 16.8772203095
3095 15.3196668452
3125 12.2718551987
3150 10.5882059072
3182 10.1854915716
3207 9.0085916457
3209 8.6455665688
3251 7.0460313513
3268 6.8380944615
3277 6.5596491700
3295 6.4821157972
3359 5.6510032834
3363 5.3379294075
3370 4.0978074898
3388 3.7260585687
3392 3.3994076885
3442 3.3436546667
3456 2.8364554518
3462 1.7152155881
3513 1.5981804140
3525 1.2100995560
3541 0.7514165626
3670 0.4990267326
3730 0.4294354597
3783 0.3608847768
3809 0.3378584464
3816 0.3114297569
3821 0.2859865994
3842 0.1877116554
3857 0.1789139467
3870 0.1701863280
3889 0.1612643829
3892 0.1307769345
3956 0.1109249014
3962 0.0919106567
3994 0.0763534685
4001 0.0697348505
4015 0.0529796038
4057 0.0524826640
4074 0.0305017372
4165 0.0250079787
4189 0.0226804545
4199 0.0196342622
4201 0.0194669140
4204 0.0170933074
4212 0.0153861551
4222 0.0153730555
4232 0.0118727513
4275 0.0101747018
4283 0.0101385995
4293 0.0097105087
4296 0.0064128241
4328 0.0063799746
4334 0.0058916441
4338 0.0045863878
4362 0.0037320214
4402 0.0035227045
4423 0.0034229225
4453 0.0023984258
4466 0.0023186513
4490 0.0023179324
4510 0.0021267701
4513 0.0014036108
4535 0.0013764792
4543 0.0011823878
4548 0.0011087268
4558 0.0007411818
4591 0.0007376021
4593 0.0007207857
4623 0.0005708219
4632 0.0003200721
4665 0.0002108506
4697 0.0002050659
4704 0.0001373955
4731 0.0001330559
4751 0.0001190359
4753 0.0001005113
4763 0.0000725393
4776 0.0000673534
4826 0.0000615907
4828 0.0000458552
4857 0.0000304726
4883 0.0000292149
4886 0.0000195631
4893 0.0000163719
4913 0.0000101534
4924 0.0000095763
4929 0.0000085238
4933 0.0000050501
5007 0.0000039923
5026 0.0000023247
5034 0.0000023002
5051 0.0000012225
5123 0.0000009796
5146 0.0000008097
5157 0.0000007437
5162 0.0000006732
5171 0.0000005141
5182 0.0000004405
5190 0.0000001529
5199 0.0000001456
5301 0.0000001088
5343 0.0000000497
5358 0.0000000450
5359 0.0000000283
5425 0.0000000271
5448 0.0000000264
5449 0.0000000218
5454 0.0000000138
5470 0.0000000092
5471 0.0000000073
5495 0.0000000064
5524 0.0000000054
5528 0.0000000044
5535 0.0000000027
5543 0.0000000026
5569 0.0000000019
5571 0.0000000013
5578 0.0000000012
5584 0.0000000008
5670 0.0000000008
5691 0.0000000005
5704 0.0000000004
5706 0.0000000002
5778 0.0000000001
5793 0.0000000001
5829 0.0000000000
5832 0.0000000000
5840 0.0000000000
5853 0.0000000000
5891 0.0000000000
5916 0.0000000000
5951 0.0000000000
5957 0.0000000000
5965 0.0000000000
5983 0.0000000000
5997 0.0000000000
6005 0.0000000000
6020 0.0000000000
6086 0.0000000000
6092 0.0000000000
6094 0.0000000000
6128 0.0000000000
6162 0.0000000000
6194 0.0000000000
6201 0.0000000000
6267 0.0000000000
6320 0.0000000000
evaluations raw_y
1 15919925.6850028075
2 13694054.9794952814
3 9508281.2951153070
4 2160948.2251852299
6 1340796.0774077408
12 164717.5762514121
28 111925.5445625921
36 29497.2959244584
37 8868.8756873673
40 4442.5672756415
141 1214.4522793373
297 955.7562028427
3223 951.6461782828
3266 849.8722352213
3288 701.1566489211
3291 696.2974402518
3326 653.7464747403
3358 640.4948928841
3366 619.3152272274
3376 617.3050801047
3390 564.4231359712
3428 542.5436532731
3436 541.6368892860
3437 530.4546896841
3443 494.5192067416
3467 440.5916527874
3478 440.0193780408
3495 401.6961701038
3508 384.0854136839
3517 337.3535435823
3520 313.2581661967
3529 297.4703709594
3534 293.7825396644
3585 270.1825184204
3589 264.4344008117
3610 262.6449793963
3613 237.1974352316
3614 230.7605515653
3621 199.9560705241
3645 143.6288873012
3674 102.3899619188
3683 72.8167157544
3768 70.9673597444
3791 58.2269423108
3807 34.0677339996
3816 25.8119404210
3818 25.6382605038
3885 24.6981157753
3903 22.8428592058
3926 18.5860058449
4013 13.6613846628
4024 11.4397798551
4041 10.6490947831
4084 9.1324204219
4114 8.0467041524
4124 5.8572838282
4172 5.6436530911
4213 4.6868844365
4254 4.5745268000
4258 4.3304504868
4261 4.2507512196
4264 4.0468676759
4269 3.9804311939
4276 3.6166503388
4324 3.2097114740
4331 2.6295376351
4368 2.4806171976
4379 2.2179357920
4391 1.8058135808
4420 1.7522994735
4436 1.4585410898
4459 1.3116535143
4464 1.1785761864
4471 1.1637867708
4474 0.9270214702
4481 0.7623218099
4502 0.5718274871
4524 0.5615719169
4532 0.5326636428
4553 0.4577374584
4563 0.2855512180
4602 0.2458662481
4607 0.2193726053
4611 0.2122416815
4625 0.1854352606
4629 0.1424000073
4643 0.1258702713
4663 0.0873227543
4665 0.0829762126
4678 0.0693172052
4681 0.0404308289
4682 0.0259811417
4695 0.0221302736
4716 0.0219513779
4823 0.0215818516
4825 0.0079162800
4891 0.0070327170
4910 0.0068513224
4917 0.0045414519
4949 0.0027717646
4953 0.0024382000
4972 0.0019019778
5022 0.0016153609
5023 0.0014652076
5029 0.0014290781
5057 0.0012902006
5070 0.0008500478
5076 0.0004594452
5115 0.0003955645
5182 0.0003206527
5197 0.0002622472
5222 0.0002273953
5232 0.0001598705
5241 0.0001540421
5242 0.0001405399
5249 0.0001082630
5256 0.0001013354
5285 0.0000918891
5293 0.0000697467
5302 0.0000638843
5305 0.0000377587
5335 0.0000337471
5341 0.0000177373
5380 0.0000119477
5388 0.0000089291
5391 0.0000077984
5453 0.0000075059
5460 0.0000069320
5461 0.0000056962
5470 0.0000053190
5471 0.0000049163
5494 0.0000027614
5499 0.0000021226
5506 0.0000008712
5573 0.0000008532
5617 0.0000007250
5622 0.0000006508
5637 0.0000003812
5665 0.0000002213
5676 0.0000002051
5690 0.0000001792
5698 0.0000001224
5719 0.0000001065
5730 0.0000000728
5733 0.0000000638
5749 0.0000000478
5772 0.0000000392
5802 0.0000000392
5805 0.0000000321
5819 0.0000000247
5823 0.0000000138
5892 0.0000000108
5905 0.0000000104
5911 0.0000000073
5914 0.0000000067
5949 0.0000000043
5957 0.0000000041
5958 0.0000000039
5970 0.0000000034
5981 0.0000000021
5993 0.0000000020
6042 0.0000000016
6056 0.0000000008
6071 0.0000000004
6114 0.0000000003
6122 0.0000000003
6140 0.0000000002
6181 0.0000000002
6182 0.0000000001
6196 0.0000000001
6213 0.0000000001
6232 0.0000000000
6241 0.0000000000
6277 0.0000000000
6278 0.0000000000
6281 0.0000000000
6318 0.0000000000
6328 0.0000000000
6346 0.0000000000
6361 0.0000000000
6378 0.0000000000
6387 0.0000000000
6390 0.0000000000
6440 0.0000000000
6445 0.0000000000
6458 0.0000000000
6511 0.0000000000
6531 0.0000000000
6593 0.0000000000
6624 0.0000000000
6631 0.0000000000
6690 0.0000000000
6718 0.0000000000
6721 0.0000000000
6743 0.0000000000
6800 0.0000000000
evaluations raw_y
1 38840625.0604575574
2 28999376.0768879391
4 24645850.1752439104
5 12664476.3732386436
6 2130003.5567269721
11 541198.6344273939
13 251002.0355012283
17 41730.2987409773
27 18722.4642223025
54 1068.9464220396
146 286.2624738051
1994 286.1962410716
1995 284.1899651894
2003 279.7939597147
2029 268.8628841073
2033 264.0183381453
2037 263.2862204104
2051 241.4788894029
2052 230.0277400326
2062 211.7904030438
2087 211.7586092477
2107 203.7875045126
2119 200.0083970269
2121 175.4213484731
2179 172.2549167559
2408 167.1435033833
2430 162.9348603707
2501 155.7866877450
2542 152.9183660069
2564 151.8192260378
2620 149.7959039483
2631 149.2624767648
2648 148.4987055893
2649 147.6682167450
2700 147.3243393789
2702 145.4355299491
2741 144.8135394361
2749 143.3555408485
2752 139.0139366926
2831 138.0161470116
2843 137.2372742827
2883 137.2305334079
2893 135.5322821706
2903 135.3831193530
2907 134.3402845009
2923 132.7887140380
2941 131.7504428578
2942 129.2858097102
2951 128.7520771693
2963 128.0732039193
2973 127.8539199571
2977 122.4113299040
2982 121.0102310643
2991 116.8257200259
3014 115.0234515017
3019 110.2125458122
3024 105.6689280880
3032 104.5731202396
3051 100.9955459262
3052 95.4142094783
3071 77.8927321927
3105 75.2192498595
3128 74.1861908406
3156 69.1989383561
3172 63.3369474871
3209 54.0519204747
3215 52.8672130875
3228 52.2403649606
3238 49.8533382287
3266 48.2770090276
3283 42.2620688180
3311 40.9516416794
3319 34.4889850655
3470 33.1860696187
3476 32.7061848460
3495 31.0567003443
3506 29.2737609876
3510 29.2099897088
3511 28.9211033702
3512 27.6514145285
3523 26.4732050830
3532 26.1760948280
3561 22.6289260778
3588 22.4686090852
3611 22.3197151127
3631 20.4838934625
3637 16.9586073896
3643 14.8307885269
3687 13.6681478393
3732 12.9879693959
3745 11.9022017284
3756 11.4205937686
3763 11.4204628194
3772 11.4079793210
3774 9.8241321403
3776 8.3846988002
3792 8.3279282201
3861 8.1864946381
3871 7.8005398378
3892 7.2890445464
3923 7.0929458943
3933 6.8450720475
3938 6.8124617783
3945 6.7244308396
3962 6.6759006419
3963 6.6127230792
3971 6.4005722674
3997 6.1159178399
4003 5.3183480631
4014 5.2894504563
4015 5.2854233006
4021 4.9103850550
4032 4.8972067374
4033 4.8200426191
4055 4.0594261008
4123 3.8605241355
4155 3.7564411353
4164 3.5305585703
4184 3.3679200201
4193 3.3069906401
4222 3.1960856774
4229 3.1900840933
4232 2.8728355018
4244 2.3130239824
4253 2.0984577850
4262 1.8457778770
4341 1.6591439183
4350 1.5610353123
4364 1.0309842183
4367 0.7964726016
4376 0.5749597545
4532 0.4328577794
4551 0.3618832854
4572 0.2786898777
4621 0.1903175423
4674 0.1802127422
4759 0.1665545516
4787 0.1654613985
4797 0.1652302267
4801 0.1638894006
4807 0.1595914142
4817 0.1556182709
4826 0.1508095788
4839 0.1496021575
4842 0.1425966988
4846 0.1369473741
4862 0.1243043832
4870 0.1229772265
4906 0.1184707178
4912 0.1001552320
4952 0.0929759050
4992 0.0771944084
5010 0.0758301782
5013 0.0754167234
5015 0.0673413184
5023 0.0617665997
5034 0.0467811883
5094 0.0440084094
5114 0.0436132569
5121 0.0362283903
5127 0.0361620677
5131 0.0358844766
5135 0.0340667184
5136 0.0226987387
5168 0.0224313659
5170 0.0177708686
5176 0.0116025544
5215 0.0115795214
5263 0.0080382372
5301 0.0070040402
5314 0.0055586493
5321 0.0051669311
5332 0.0035698969
5386 0.0022645168
5389 0.0022385732
5401 0.0022260197
5413 0.0012379059
5456 0.0007821152
5476 0.0007740442
5485 0.0007282393
5502 0.0003567138
5543 0.0002802020
5578 0.0002135056
5584 0.0001716662
5589 0.0000821859
5619 0.0000402143
5667 0.0000274687
5716 0.0000133231
5773 0.0000124990
5783 0.0000094027
5788 0.0000045151
5806 0.0000035408
5842 0.0000021289
5861 0.0000018334
5862 0.0000017917
5863 0.0000012730
5873 0.0000006623
5929 0.0000004235
5939 0.0000003549
5986 0.0000003013
6027 0.0000001914
6032 0.0000001801
6036 0.0000001393
6050 0.0000001147
6061 0.0000000945
6095 0.0000000884
6104 0.0000000862
6110 0.0000000600
6118 0.0000000318
6158 0.0000000315
6170 0.0000000307
6175 0.0000000072
6262 0.0000000038
6302 0.0000000033
6304 0.0000000033
6323 0.0000000019
6332 0.0000000018
6392 0.0000000017
6409 0.0000000013
6411 0.0000000007
6464 0.0000000005
6470 0.0000000005
6482 0.0000000002
6493 0.0000000002
6544 0.0000000002
6557 0.0000000002
6559 0.0000000002
6562 0.0000000001
6597 0.0000000001
6622 0.0000000001
6630 0.0000000001
6634 0.0000000001
6646 0.0000000001
6647 0.0000000001
6705 0.0000000001
6715 0.0000000001
6716 0.0000000000
6723 0.0000000000
6749 0.0000000000
6777 0.0000000000
6862 0.0000000000
6873 0.0000000000
6881 0.0000000000
6889 0.0000000000
6893 0.0000000000
6901 0.0000000000
6927 0.0000000000
6934 0.0000000000
6944 0.0000000000
6956 0.0000000000
6961 0.0000000000
6981 0.0000000000
7011 0.0000000000
7076 0.0000000000
7078 0.0000000000
7125 0.0000000000
7183 0.0000000000
7195 0.0000000000
7224 0.0000000000
7320 0.0000000000
evaluations raw_y
1 5157448.8116641520
16 74486.8926787818
21 3677.5641630785
72 3557.8503014402
85 1851.9416594434
136 628.5401686066
137 560.2674050841
2184 532.6404387729
2514 501.9990392552
2553 496.6118113483
2564 421.6165526434
2594 399.8785280510
2629 284.6407081449
2775 280.3229322695
2791 270.4472638578
2814 263.7091421373
2821 241.9803540131
2852 236.4858441490
2904 231.6608895992
2906 225.8749003108
2926 225.2120034053
2965 223.6988310197
2980 222.5512380681
2988 216.4090006167
3036 211.4446207633
3053 210.2695185309
3063 209.7405033740
3073 209.1311658074
3081 208.0060327215
3091 205.4024570519
3097 204.5158407115
3161 203.4197986438
3164 202.5398078037
3193 202.2221489684
3197 198.2768112774
3207 197.1401711356
3208 194.9931476688
3217 194.7675128161
3247 193.6368438035
3278 191.4950640259
3284 191.0705445558
3290 190.3951440086
3294 189.4581088928
3301 188.2775493853
3311 187.1909623385
3322 186.9457588409
3325 182.8950971136
3346 182.8486665808
3372 179.8616188547
3378 179.7651034059
3379 179.4907018209
3391 174.7932581881
3411 172.3120876860
3417 169.0563318234
3430 168.1348970059
3433 164.6784229922
3434 153.7097656828
3452 136.0056224147
3538 126.3549552901
3540 124.8272869623
3546 123.4757170806
3564 121.5653049689
3567 116.0683792989
3578 113.4044472675
3584 111.6994749611
3596 101.7287487924
3618 101.5093217832
3619 93.2511586689
3629 92.2804249545
3635 88.5011198985
3637 84.1407358758
3679 82.8709659376
3681 50.4256746505
3707 38.7855142569
3714 30.8618638694
3824 23.6554853595
3859 15.3974684686
3877 11.7034842387
3916 11.6091532217
3923 8.9163555807
3965 5.8119806489
4048 2.7115448926
4140 1.9511656323
4152 1.4906985894
4195 1.1110178078
4226 0.9455635529
4230 0.8955789120
4241 0.7929180203
4301 0.6163312005
4324 0.4793823736
4331 0.4441678775
4332 0.3445695445
4353 0.2723419011
4384 0.2199269804
4418 0.2109458427
4452 0.1859169598
4455 0.1510204111
4459 0.1219598714
4465 0.1154935179
4498 0.1053921238
4517 0.0793373499
4551 0.0554694715
4598 0.0470447607
4656 0.0403520889
4667 0.0354997351
4670 0.0306120254
4677 0.0269801782
4681 0.0253452088
4691 0.0175997192
4710 0.0125206780
4714 0.0109829922
4763 0.0086427063
4813 0.0080321520
4814 0.0069555302
4831 0.0049429548
4833 0.0043338989
4841 0.0028216267
4851 0.0025753838
4852 0.0023309590
4879 0.0022052511
4881 0.0015852277
4887 0.0014107668
4906 0.0014106693
4920 0.0006972688
4933 0.0006331415
4994 0.0006087734
5003 0.0004949670
5008 0.0003797038
5041 0.0002756436
5064 0.0002192559
5071 0.0001858116
5098 0.0001653150
5111 0.0001553491
5118 0.0001196479
5121 0.0001157497
5127 0.0000952374
5140 0.0000583300
5171 0.0000581916
5191 0.0000570148
5197 0.0000495534
5205 0.0000485464
5207 0.0000407984
5213 0.0000358351
5216 0.0000295009
5231 0.0000244660
5242 0.0000072613
5292 0.0000068802
5307 0.0000044437
5321 0.0000037164
5356 0.0000032592
5392 0.0000027828
5395 0.0000024953
5403 0.0000016696
5412 0.0000010506
5428 0.0000009822
5433 0.0000005153
5516 0.0000004301
5536 0.0000003119
5545 0.0000002478
5552 0.0000001540
5579 0.0000001283
5608 0.0000000674
5615 0.0000000552
5662 0.0000000438
5683 0.0000000266
5708 0.0000000209
5761 0.0000000204
5768 0.0000000192
5781 0.0000000179
5786 0.0000000175
5789 0.0000000171
5791 0.0000000120
5798 0.0000000107
5814 0.0000000033
5887 0.0000000031
5910 0.0000000028
5912 0.0000000022
5920 0.0000000012
5937 0.0000000004
6015 0.0000000003
6023 0.0000000003
6058 0.0000000001
6067 0.0000000001
6077 0.0000000001
6130 0.0000000000
6158 0.0000000000
6162 0.0000000000
6198 0.0000000000
6209 0.0000000000
6213 0.0000000000
6235 0.0000000000
6268 0.0000000000
6287 0.0000000000
6291 0.0000000000
6303 0.0000000000
6305 0.0000000000
6328 0.0000000000
6346 0.0000000000
6358 0.0000000000
6359 0.0000000000
6408 0.0000000000
6411 0.0000000000
6429 0.0000000000
6443 0.0000000000
6489 0.0000000000
6507 0.0000000000
6513 0.0000000000
6532 0.0000000000
6571 0.0000000000
6576 0.0000000000
6605 0.0000000000
6620 0.0000000000
6700 0.0000000000
evaluations raw_y
1 1025846.0247546744
11 2334.9968483947
64 755.8535518787
201 625.7653316495
902 602.4640314030
1489 601.6593268521
1579 592.5965202363
1620 585.7439706672
1651 583.7093408440
1659 572.6217867405
1670 570.9013425188
1701 562.8491156214
1702 559.4635437478
1709 554.8482227801
1735 542.4197389528
1776 527.7342794719
1785 500.5935053736
1815 483.0689859611
1891 474.9884411902
2014 470.7973872936
2029 470.6742912431
2032 457.3082760686
2089 450.9182551248
2130 448.8919799052
2134 448.0089945134
2146 442.3321461119
2175 435.3263591897
2190 433.5909744180
2228 427.5362780955
2229 415.2573984855
2252 413.4772100806
2268 403.4005238860
2275 395.3072303093
2291 375.2423549276
2315 361.2780275727
2333 322.5081261095
2379 307.6735607733
2394 299.0025041315
2423 271.4139307846
2437 263.6938065949
2443 257.7015098704
2463 230.9994895082
2494 228.1357864215
2506 211.6103572626
2515 207.3063970988
2555 185.9042320564
2588 185.8918006294
2595 184.9949138299
2600 174.2192745927
2626 164.3701569994
2638 163.0563814147
2657 163.0040036554
2663 158.4822610612
2673 157.4996768562
2675 153.8897541752
2677 149.9557264886
2766 134.1953820978
2786 129.3903278637
2790 127.8167999339
2793 126.1358211563
2799 119.9133561998
2808 119.7396925206
2821 108.6153392949
2824 99.4475596818
2853 98.1906594190
2856 95.5602539885
2881 95.2943289228
2884 92.3140847029
2885 92.0766153424
2886 91.2941288200
2899 82.8227934504
2914 80.6580659108
2926 80.3563368486
2927 79.8792792914
2932 77.9154115811
2946 74.5084279385
2963 70.3401689823
2988 67.3933435822
3001 66.9746852924
3013 62.2759779207
3014 61.8496241230
3125 60.2717516194
3129 55.3379055465
3130 50.2677860726
3162 47.1995338205
3198 46.0970481227
3209 44.7306698919
3211 43.6466850637
3221 41.7134353624
3278 41.4640226295
3309 36.8721872501
3311 36.0656906746
3333 33.7249303397
3357 32.3568634560
3381 30.3871084302
3393 27.0317590593
3416 24.4238817789
3422 23.6699929343
3424 21.7605903926
3450 20.0283809095
3453 19.5962189849
3462 19.1764471125
3509 15.5574110309
3593 15.2264857292
3622 12.2946250474
3643 12.0743699327
3657 10.6942946232
3660 8.5581172413
3685 8.1688164523
3703 7.5760089180
3748 7.3006840225
3750 7.1190479183
3763 6.8170714779
3773 6.8067468404
3779 6.6995625718
3811 6.5952874519
3818 6.3087625285
3860 6.2755647478
3865 5.7292602494
3872 5.6662533078
3896 5.1230501881
3909 5.1066656626
3922 4.9204505018
3923 4.8497199608
3938 4.6127098638
3942 4.4682163117
3944 4.1327324891
3951 3.9190328318
3971 3.6236898155
3981 3.5403919598
3997 2.8667236088
4008 2.2620030350
4021 2.2304199205
4022 1.9957977831
4048 1.8222857381
4049 1.7146369764
4057 1.2986305444
4065 1.0904136948
4086 1.0901257722
4185 1.0480437540
4195 0.9073456897
4229 0.8122375985
4231 0.5122603253
4311 0.4112237356
4321 0.3862519689
4325 0.3089964319
4335 0.2874142556
4348 0.1717332365
4450 0.1674943253
4467 0.1514862015
4477 0.1415468485
4484 0.1008455189
4488 0.0970331571
4493 0.0656897900
4535 0.0646173029
4547 0.0354212811
4548 0.0253845417
4615 0.0222540650
4653 0.0153864405
4694 0.0139411762
4695 0.0075799674
4720 0.0054563135
4726 0.0052764629
4752 0.0041029610
4788 0.0032312106
4792 0.0012720931
4857 0.0012539519
4862 0.0011102840
4869 0.0009370133
4879 0.0008190112
4895 0.0006540395
4959 0.0004747017
4961 0.0002901007
5013 0.0002383707
5063 0.0001576677
5087 0.0001213986
5109 0.0000635258
5144 0.0000574359
5163 0.0000487273
5164 0.0000229535
5173 0.0000138966
5261 0.0000099011
5267 0.0000070832
5299 0.0000062982
5300 0.0000024961
5360 0.0000022261
5372 0.0000015831
5415 0.0000015097
5424 0.0000009885
5448 0.0000009880
5457 0.0000007208
5458 0.0000006451
5459 0.0000005576
5467 0.0000004366
5474 0.0000003806
5481 0.0000002300
5503 0.0000001793
5520 0.0000001602
5523 0.0000001138
5562 0.0000000981
5587 0.0000000967
5592 0.0000000908
5594 0.0000000839
5595 0.0000000810
5600 0.0000000702
5602 0.0000000528
5626 0.0000000461
5627 0.0000000447
5631 0.0000000333
5667 0.0000000256
5679 0.0000000238
5688 0.0000000227
5714 0.0000000200
5721 0.0000000068
5818 0.0000000066
5825 0.0000000065
5830 0.0000000063
5832 0.0000000043
5838 0.0000000036
5872 0.0000000035
5886 0.0000000020
5906 0.0000000014
5907 0.0000000013
5944 0.0000000012
5953 0.0000000008
5977 0.0000000006
5988 0.0000000005
6009 0.0000000003
6036 0.0000000002
6082 0.0000000001
6084 0.0000000001
6118 0.0000000001
6124 0.0000000001
6128 0.0000000001
6133 0.0000000001
6156 0.0000000000
6186 0.0000000000
6213 0.0000000000
6233 0.0000000000
6279 0.0000000000
6284 0.0000000000
6294 0.0000000000
6314 0.0000000000
6346 0.0000000000
6348 0.0000000000
6361 0.0000000000
6365 0.0000000000
6417 0.0000000000
6425 0.0000000000
6434 0.0000000000
6453 0.0000000000
6456 0.0000000000
6520 0.0000000000
6533 0.0000000000
6535 0.0000000000
6558 0.0000000000
6582 0.0000000000
6627 0.0000000000
6628 0.0000000000
6650 0.0000000000
6653 0.0000000000
6717 0.0000000000
6747 0.0000000000
6828 0.0000000000
6850 0.0000000000
evaluations raw_y
1 60194897.0363931060
3 23771473.1025040671
12 20532479.4888581373
14 3824367.3704922516
23 441173.2431608186
33 241295.0860931883
37 18096.7327893552
61 2569.1946671863
266 769.3821460144
323 755.7730406438
478 638.0510750067
502 569.1400268898
2086 568.2397232503
2115 567.7620088893
2131 558.2965486546
2139 541.7376483827
2145 538.0300926773
2167 528.0792592619
2181 522.0767178869
2195 515.5688630290
2200 505.3267780159
2212 496.0211581897
2228 495.3638597372
2231 490.4633186360
2254 485.6251115592
2275 480.4721971751
2281 455.3559716177
2302 453.2733271264
2406 450.9273979040
2414 429.6851834603
2514 419.5771885753
2591 415.7607924196
2601 414.7184946295
2643 414.1553262523
2644 411.8821982883
2658 409.0959196559
2682 408.7601160064
2684 399.8184969595
2707 399.6679454060
2711 396.5898738521
2713 380.3579866706
2722 371.5941769474
2819 367.6573870135
2839 363.3296534626
2844 346.3681635461
2874 334.7113838025
2934 318.2970472011
2970 312.1669343105
2973 311.8135787049
2983 301.0710698321
2991 278.6432449581
3020 266.0663692396
3046 259.9873487935
3067 253.0671782730
3080 244.7426151119
3091 217.9414081049
3145 217.3089393524
3148 215.5617557070
3151 199.9859871370
3164 175.6390328173
3196 160.2488724699
3242 160.0345729637
3324 154.8664074436
3329 145.3859402719
3388 141.5807988432
3435 138.8646315619
3447 130.5505165235
3456 129.7698442649
3469 125.3730178956
3498 122.4494912781
3513 121.9412751306
3521 120.5562020471
3543 119.6648421883
3544 112.2821873788
3560 110.0560769520
3608 108.7206088622
3616 107.6693338788
3618 103.7674974204
3645 99.8294570021
3653 93.6602243874
3670 93.2448412095
3680 88.7422437026
3697 83.0181844608
3701 74.0745097919
3711 72.3811460646
3714 63.1192419008
3731 55.9239895011
3734 52.3197765111
3744 51.2719931731
3757 36.4643512235
3787 29.3559781015
3795 27.9547663767
3809 26.4791289373
3812 23.8531446491
3906 20.0865674842
3934 16.7089213628
3961 16.2203130582
3966 16.2136402201
3968 12.4637927154
4002 10.5044168449
4005 9.5681771849
4023 8.9348230970
4030 7.4131075903
4045 7.2146665211
4048 5.7112732875
4054 5.6918258148
4070 5.4822140445
4135 4.2010293185
4175 4.1888130431
4178 4.0174099357
4227 3.7269844446
4243 3.3965811624
4251 3.3075176815
4285 3.0785942257
4295 2.9438828490
4324 2.8861738597
4331 2.7242225423
4342 2.6159974063
4350 2.6098853920
4356 2.5938734285
4386 2.5588888899
4395 2.1461980294
4402 1.9434868493
4421 1.8356938818
4422 1.2092028616
4442 1.1382629075
4454 1.0009407888
4485 0.9827330037
4499 0.9180862344
4507 0.7985443901
4532 0.7850526542
4534 0.6351892614
4539 0.3701130282
4554 0.3623672863
4576 0.3286921130
4586 0.3093210416
4601 0.2894884154
4624 0.2513148141
4627 0.2509360088
4631 0.2480611930
4640 0.1842987062
4650 0.1656403276
4665 0.1115910953
4667 0.0877826312
4705 0.0622303133
4719 0.0474551197
4723 0.0467436502
4727 0.0413664437
4760 0.0279931870
4787 0.0262702160
4804 0.0223327396
4816 0.0180432121
4818 0.0140517957
4821 0.0108927805
4868 0.0106260038
4871 0.0054346024
4915 0.0048891348
4931 0.0045545068
4947 0.0036869094
4955 0.0020204295
4966 0.0017753443
4983 0.0007816197
5033 0.0006597437
5037 0.0003667694
5051 0.0001518126
5136 0.0000630817
5177 0.0000512281
5220 0.0000401547
5251 0.0000341094
5267 0.0000313360
5274 0.0000308618
5277 0.0000240626
5288 0.0000234762
5293 0.0000179552
5329 0.0000125701
5346 0.0000046633
5421 0.0000029043
5442 0.0000024483
5451 0.0000023052
5461 0.0000008375
5512 0.0000008209
5542 0.0000007697
5562 0.0000005659
5580 0.0000004476
5597 0.0000004052
5603 0.0000003779
5612 0.0000002096
5628 0.0000001902
5635 0.0000001871
5661 0.0000001404
5672 0.0000001263
5678 0.0000001149
5683 0.0000000334
5751 0.0000000252
5775 0.0000000232
5786 0.0000000117
5792 0.0000000108
5813 0.0000000096
5833 0.0000000074
5841 0.0000000059
5862 0.0000000031
5897 0.0000000016
5908 0.0000000016
5918 0.0000000013
5921 0.0000000012
5949 0.0000000012
5950 0.0000000012
5951 0.0000000010
5955 0.0000000008
5964 0.0000000007
5966 0.0000000005
5979 0.0000000002
5984 0.0000000002
6031 0.0000000002
6080 0.0000000001
6091 0.0000000001
6103 0.0000000001
6139 0.0000000001
6162 0.0000000000
6226 0.0000000000
6233 0.0000000000
6238 0.0000000000
6241 0.0000000000
6250 0.0000000000
6257 0.0000000000
6268 0.0000000000
6276 0.0000000000
6306 0.0000000000
6314 0.0000000000
6317 0.0000000000
6358 0.0000000000
6365 0.0000000000
6387 0.0000000000
6393 0.0000000000
6395 0.0000000000
6403 0.0000000000
6421 0.0000000000
6439 0.0000000000
6445 0.0000000000
6462 0.0000000000
6466 0.0000000000
6538 0.0000000000
6566 0.0000000000
6690 0.0000000000
evaluations raw_y
1 19740316.4207711257
3 2804076.7481204285
6 489497.1946152395
11 304719.4627249654
12 4019.9589271714
48 3014.4395991532
50 159.0454318456
2252 153.1242882290
2284 146.5151991444
2296 133.9868632876
2333 124.2489554179
2377 118.9439350438
2390 117.9790173418
2418 112.6922534861
2431 97.2064298565
2457 96.8613347994
2472 95.4549378267
2473 93.0041214367
2509 85.0200296099
2541 82.3808302811
2553 79.9779894638
2603 77.0834238229
2620 76.5707554197
2628 76.3063156815
2635 73.0706985687
2786 70.5350649922
2838 70.0229195771
2846 70.0083606375
2855 69.8177187619
2864 68.1218314274
2878 67.6425447175
2883 61.2331843134
2896 55.3222569913
2922 53.8535288651
2945 49.9983302872
2963 39.6183216514
2980 39.4128749793
2981 36.2096160161
2993 32.5734213835
3029 27.4356389197
3036 26.7187433887
3040 23.8213905128
3043 21.8282664701
3057 19.8973289719
3095 13.9704061225
3150 9.0391393040
3192 7.5246453646
3408 6.5262648959
3421 5.6681671896
3437 4.7180085549
3454 4.4522160326
3531 4.4512969455
3552 4.4264763090
3554 4.2375184382
3626 4.0418619149
3634 3.7737205259
3647 3.6924279891
3656 3.6247815644
3658 3.6155778924
3667 3.5872104940
3668 3.4016121322
3736 3.4009600793
3742 3.2720310520
3754 3.2360376462
3769 3.0055730414
3772 2.8282248938
3786 2.7782561143
3788 2.5779976846
3793 2.2947034078
3808 2.2392611274
3814 2.0864856183
3848 1.8467676189
3943 1.7613578710
3945 1.7371811801
3955 1.6023218843
3983 1.5154184251
3989 1.4296291138
4008 1.3404563770
4040 1.1322643843
4061 1.1047079238
4078 1.0626303765
4079 1.0051376485
4091 0.9496797015
4095 0.8970000694
4149 0.7010635769
4175 0.6933234110
4186 0.6761139756
4198 0.5667578023
4202 0.4850575125
4215 0.4780706002
4217 0.4575716565
4235 0.4117838009
4262 0.3885967784
4282 0.3883880310
4285 0.3436843032
4287 0.3031433114
4288 0.2954758401
4303 0.2403421533
4313 0.2360789882
4331 0.2195392651
4333 0.1976742537
4349 0.1363810421
4365 0.0829487901
4392 0.0650606394
4394 0.0638224425
4451 0.0341820409
4491 0.0270045677
4536 0.0214002754
4544 0.0152581646
4602 0.0152463552
4622 0.0136698506
4639 0.0118339273
4656 0.0105984328
4683 0.0104991254
4687 0.0100706750
4690 0.0098593963
4711 0.0094772746
4717 0.0091207977
4725 0.0079734005
4727 0.0067744008
4738 0.0049285050
4816 0.0039991938
4819 0.0035622179
4835 0.0034610866
4850 0.0033160392
4856 0.0027705215
4862 0.0027179493
4879 0.0017203459
4909 0.0016531410
4920 0.0016141239
4932 0.0011461135
4942 0.0009992861
5004 0.0007360709
5012 0.0004634234
5020 0.0004038998
5026 0.0003636149
5043 0.0002953696
5109 0.0002170862
5111 0.0001846154
5117 0.0001773871
5129 0.0001078859
5172 0.0000330466
5257 0.0000308557
5270 0.0000249091
5278 0.0000171029
5306 0.0000105293
5323 0.0000092910
5341 0.0000071155
5356 0.0000057681
5365 0.0000051288
5374 0.0000048459
5382 0.0000044841
5390 0.0000027776
5451 0.0000027756
5461 0.0000020449
5477 0.0000020099
5480 0.0000012841
5499 0.0000012078
5510 0.0000010459
5515 0.0000007540
5529 0.0000007345
5530 0.0000005974
5533 0.0000004243
5541 0.0000003342
5553 0.0000002511
5570 0.0000001943
5591 0.0000001303
5619 0.0000001288
5622 0.0000001146
5624 0.0000000953
5626 0.0000000755
5640 0.0000000727
5641 0.0000000381
5671 0.0000000378
5706 0.0000000249
5707 0.0000000249
5735 0.0000000223
5753 0.0000000180
5761 0.0000000170
5786 0.0000000111
5794 0.0000000078
5816 0.0000000061
5817 0.0000000049
5864 0.0000000047
5899 0.0000000043
5902 0.0000000041
5903 0.0000000037
5906 0.0000000029
5914 0.0000000024
5925 0.0000000019
5931 0.0000000012
5943 0.0000000007
5966 0.0000000007
5999 0.0000000006
6007 0.0000000003
6031 0.0000000002
6075 0.0000000002
6085 0.0000000002
6103 0.0000000001
6132 0.0000000001
6142 0.0000000000
6260 0.0000000000
6279 0.0000000000
6289 0.0000000000
6292 0.0000000000
6299 0.0000000000
6337 0.0000000000
6341 0.0000000000
6376 0.0000000000
6384 0.0000000000
6407 0.0000000000
6416 0.0000000000
6427 0.0000000000
6434 0.0000000000
6461 0.0000000000
6463 0.0000000000
6464 0.0000000000
6471 0.0000000000
6486 0.0000000000
6514 0.0000000000
6517 0.0000000000
6518 0.0000000000
6553 0.0000000000
6564 0.0000000000
6586 0.0000000000
6614 0.0000000000
6624 0.0000000000
6634 0.0000000000
6640 0.0000000000
6647 0.0000000000
6734 0.0000000000
6735 0.0000000000
6754 0.0000000000
6809 0.0000000000
6834 0.0000000000
6870 0.0000000000
evaluations raw_y
1 2561058.4263826287
2 1879537.7886983184
4 828111.7181253631
8 732927.6318982249
12 57034.4544625339
25 22399.1561645876
34 12635.6691309208
60 2045.1758200839
67 392.6748272516
353 346.9714898925
372 275.4442586975
1708 270.6892541422
1738 234.3414626207
1744 224.9221017288
1783 218.8301703116
1881 209.4427885883
1889 204.9843038758
1896 201.8297984378
1904 191.6552950476
1919 190.5968606072
1922 183.9201170016
1948 156.4898221761
2003 151.6097144721
2040 142.6069519143
2075 139.6377689089
2094 130.7915049908
2133 122.9738351072
2155 121.9564577216
2172 115.8082321941
2181 114.3564080028
2187 112.7128292449
2406 112.5561041775
2411 106.7579705818
2424 90.9204203648
2477 84.6450412493
2489 81.7500441636
2497 81.5175228466
2512 78.1139490365
2527 75.1389077607
2547 74.7036299351
2564 72.8821841509
2594 63.4568718197
2614 63.2673156420
2616 57.2322541994
2623 56.6823953584
2625 54.8563160046
2630 54.3392936281
2638 46.2675001694
2643 43.5299919506
2673 37.4956708084
2693 28.5016601276
2738 28.1578089772
2793 24.2281249048
2815 22.8505039427
2827 22.3718169622
2840 19.1364779214
2871 19.0717732384
2881 17.8056794396
2915 17.7782735866
2980 16.8472915742
3061 14.6356457084
3240 14.2955908853
3244 14.1580659010
3257 13.9486493528
3270 13.6112619894
3273 13.5374052219
3284 13.0156367568
3300 12.6642692852
3303 12.4264287475
3351 12.3694944679
3380 12.0654797978
3401 11.3721562781
3451 11.3188742025
3462 10.8234016890
3471 10.3678638496
3479 10.3363728740
3503 9.8802608303
3520 9.7281596280
3537 9.6704080742
3572 9.5606871555
3577 9.4607268539
3588 9.3517938340
3590 9.3064771740
3608 8.8536765406
3652 8.7403752105
3661 8.7179311254
3676 8.4812546559
3694 8.4472397578
3703 8.2604270025
3705 8.1776931930
3708 8.0179835785
3711 7.9643373200
3721 7.9621446686
3724 7.6526543969
3739 7.6211950577
3771 6.8760516757
3782 6.7842795932
3807 6.3966906872
3813 6.3566918464
3817 6.0586904272
3821 6.0555696473
3824 5.8811468862
3840 5.6109025108
3850 5.2469795262
3858 5.2170952550
3861 4.6111402472
3867 4.5935508938
3903 4.5182252553
3935 3.6663727113
3964 3.4135791513
3980 3.1829281416
3981 2.6275398429
4026 2.6239814831
4032 2.0068079191
4062 1.6657218314
4072 1.5518647813
4082 1.4821792125
4108 1.3226541976
4113 1.1706337367
4120 1.1602937246
4130 1.1044431276
4132 0.7661975892
4152 0.6346171939
4181 0.4738713538
4237 0.4034246694
4268 0.3695184943
4276 0.3204321961
4280 0.3076057608
4291 0.2829197930
4293 0.1285261809
4371 0.1039871713
4420 0.0937278915
4424 0.0811812567
4432 0.0734672356
4444 0.0622888397
4456 0.0416808583
4555 0.0416214652
4559 0.0398426836
4572 0.0386382986
4576 0.0370493531
4593 0.0363849599
4604 0.0320724643
4615 0.0256637703
4636 0.0237199161
4655 0.0198484715
4691 0.0196160379
4701 0.0182881499
4702 0.0165863024
4711 0.0156811290
4714 0.0136989963
4723 0.0119806296
4740 0.0091862156
4757 0.0084299715
4773 0.0076880230
4774 0.0065540659
4794 0.0049820487
4854 0.0042494764
4862 0.0024098127
4932 0.0021774079
4950 0.0017447934
4951 0.0017260315
4964 0.0009828452
4971 0.0005201987
4997 0.0004068319
5066 0.0003467333
5070 0.0003008851
5078 0.0002035308
5089 0.0001798856
5105 0.0001378371
5124 0.0001136330
5170 0.0000812022
5179 0.0000573912
5186 0.0000489815
5231 0.0000410194
5265 0.0000257568
5272 0.0000210989
5308 0.0000184272
5323 0.0000177262
5343 0.0000146000
5353 0.0000098571
5364 0.0000096126
5379 0.0000084837
5383 0.0000059327
5399 0.0000048016
5403 0.0000031546
5422 0.0000024104
5472 0.0000022060
5492 0.0000019583
5504 0.0000017632
5512 0.0000011476
5519 0.0000011014
5531 0.0000010888
5532 0.0000010642
5538 0.0000009688
5549 0.0000008729
5556 0.0000008269
5562 0.0000005638
5572 0.0000003620
5628 0.0000001716
5668 0.0000001416
5678 0.0000000481
5739 0.0000000320
5783 0.0000000276
5792 0.0000000108
5900 0.0000000071
5921 0.0000000063
5936 0.0000000059
5949 0.0000000045
5962 0.0000000027
5980 0.0000000025
6013 0.0000000022
6024 0.0000000014
6045 0.0000000010
6113 0.0000000010
6126 0.0000000007
6136 0.0000000006
6146 0.0000000004
6151 0.0000000001
6234 0.0000000001
6267 0.0000000000
6288 0.0000000000
6329 0.0000000000
6332 0.0000000000
6334 0.0000000000
6339 0.0000000000
6387 0.0000000000
6401 0.0000000000
6414 0.0000000000
6420 0.0000000000
6448 0.0000000000
6471 0.0000000000
6476 0.0000000000
6478 0.0000000000
6496 0.0000000000
6501 0.0000000000
6522 0.0000000000
6592 0.0000000000
6626 0.0000000000
6631 0.0000000000
6639 0.0000000000
6646 0.0000000000
6650 0.0000000000
6661 0.0000000000
6685 0.0000000000
6728 0.0000000000
6738 0.0000000000
6769 0.0000000000
6899 0.0000000000
6920 0.0000000000
