evaluations raw_y
1 2869337409.1380696297
2 367057720.3384488225
20 358057821.8749670386
21 228685922.8657464683
152 172272913.3301734328
228 153960941.9499438107
434 128288420.5326814502
621 99454530.1437305063
1051 93277751.9442577213
15727 79596252.6984965950
17043 51206684.1816209406
17962 34193184.8322331235
18613 33259989.2276918553
19025 32680328.2228638679
19037 27612423.8122027591
19158 16794328.5445480086
20075 13751350.4169294629
20179 12783090.2459277604
20884 8471920.6613597758
21976 7482001.8792222021
22193 7326159.0850905245
22321 7165597.2213227320
22392 6718133.8657390038
22429 5555629.0123789534
22877 4709069.5458685458
23456 2274778.7095348476
24892 1897143.8251219078
25373 1875867.3390096046
25402 1438081.0373754599
25665 1392518.1992034914
25792 1297580.8221248500
26027 1091283.5124387373
26386 1018904.1669354360
26537 716105.6267157213
26604 566830.4356101406
27328 456112.6146551449
27823 366481.8948917754
28414 268179.4478342951
28795 186593.6154506220
29533 180575.2844014853
30768 103266.1878594976
31548 78169.8118541130
32440 76937.0158978171
32482 57936.8118009033
32804 57562.5544931019
32873 45863.2174811018
33470 40928.7499913287
33509 37149.0107777965
33762 33294.6758042348
33861 32418.5184048038
34429 31429.5410066674
34550 28650.5351212237
34907 24616.7059972700
35215 21773.8016916928
35232 21468.4019025783
35643 20261.1500492253
35927 14358.1660585031
36445 13226.2753565894
36830 13222.5693776861
36851 13051.2433887871
37099 11110.5796832770
37177 9691.1247750132
37564 9672.8295226477
37639 9549.0388909853
37672 8168.8447423808
37925 6256.0444453554
38082 3940.4609147375
38849 2970.3912624896
40201 2941.7292489533
40314 2008.2317451816
40445 1907.5561142060
41138 1423.5984173462
41756 1248.5586409094
42654 1098.8252662574
42731 1003.7115384260
42977 979.0253749119
43024 817.9291844526
43266 726.5625209491
43473 635.0354036036
43557 587.5278536939
43723 555.5667119732
43968 243.3246696915
44387 236.7748639478
45661 214.0228395338
46219 195.9084885747
46851 145.4515130771
47323 141.8665261244
47566 127.9674679020
47758 124.9672784187
47761 119.9420282608
47902 89.3520216478
48340 66.6982296205
48853 62.4092176108
49216 48.3411930184
49638 41.4362831478
49689 37.3315920894
50497 26.9240392180
50810 18.1881775065
51310 16.6499286928
51481 13.9761064200
52350 12.7330524889
52486 12.7157280359
52733 11.8181261254
52752 9.3612047510
53538 7.4113047011
53738 7.2013608481
53894 3.5405209642
54980 3.2970598944
55001 3.2357893600
55104 2.3847416725
56018 1.9344480119
56538 1.8330917460
56847 1.4525840522
57169 1.3855887005
57266 0.8656065061
58003 0.7724265332
58753 0.7359016817
58893 0.6990370429
58918 0.4824400648
59942 0.4149964625
60129 0.1683235012
62881 0.1661427929
62982 0.1517904202
63036 0.1328725186
63286 0.1319261660
63709 0.1180114533
63815 0.1138248472
63877 0.1066278718
63974 0.0944370695
64042 0.0905143804
64530 0.0897038581
64610 0.0815447046
64732 0.0669951166
64954 0.0615759647
65176 0.0384902690
66762 0.0344695414
67022 0.0315580391
67136 0.0292186064
67214 0.0273957817
67794 0.0249376840
68061 0.0240996334
68204 0.0236267700
68563 0.0235978380
68729 0.0205319568
68874 0.0182741513
69206 0.0146663633
70847 0.0134511230
71269 0.0132847998
71433 0.0132692445
71871 0.0132187496
71980 0.0129780476
72121 0.0129493002
72132 0.0128051900
72200 0.0124515933
72213 0.0120948374
72621 0.0118537412
72950 0.0118208775
73129 0.0115303380
73261 0.0114630600
73361 0.0113211582
73690 0.0109058200
74070 0.0108383938
75127 0.0108381966
75433 0.0105503829
77033 0.0105347679
77448 0.0104859382
77813 0.0104813687
78375 0.0104590842
78571 0.0104232219
79722 0.0104196472
79960 0.0104036017
80156 0.0104016751
80368 0.0103969874
80470 0.0103884951
80579 0.0103848288
80950 0.0103827903
81212 0.0103758796
81288 0.0103749849
81379 0.0103749814
81423 0.0103736309
81502 0.0103717664
81590 0.0103677256
81594 0.0103624094
82241 0.0103621909
82340 0.0103580435
83706 0.0103541375
83990 0.0103533055
84331 0.0103530257
85649 0.0103529783
85874 0.0103516311
88854 0.0103505498
89971 0.0103498329
90082 0.0103482108
90216 0.0103473686
90617 0.0103457186
101432 0.0103253322
102280 0.0102993685
103937 0.0102894929
109293 0.0100422075
109977 0.0100082975
110476 0.0098458126
112082 0.0094318179
113551 0.0083881139
114274 0.0069663328
116043 0.0068760524
116249 0.0064424581
116364 0.0062539629
116790 0.0056222138
117266 0.0055159767
118316 0.0051214648
119143 0.0045331499
121153 0.0041916850
121210 0.0039948614
122169 0.0039912472
122433 0.0039655458
122610 0.0038639443
122962 0.0029755911
125238 0.0028956336
125892 0.0027462762
126480 0.0026485288
126785 0.0025504168
126912 0.0023597280
128148 0.0023591597
128408 0.0023185076
128610 0.0022094782
128824 0.0022042932
128980 0.0019482679
130072 0.0018830761
130223 0.0018826324
130287 0.0017779388
130464 0.0017155979
130638 0.0016128315
131667 0.0015899169
131934 0.0015516161
132392 0.0014045310
133707 0.0012688032
134846 0.0012482945
135252 0.0010506720
137414 0.0008201714
139590 0.0007719250
140263 0.0007613763
140739 0.0007296325
141171 0.0007189850
141173 0.0007000725
141624 0.0006882740
141901 0.0006849919
142075 0.0006497098
142516 0.0006112015
143105 0.0005820744
143929 0.0005763797
144167 0.0005532384
144673 0.0004909147
146534 0.0004674533
146795 0.0004649278
147289 0.0004594138
147757 0.0004409758
147913 0.0004057504
148303 0.0004006075
148452 0.0003471424
148865 0.0003015730
152500 0.0003001811
152808 0.0002674450
153030 0.0002653207
153509 0.0002329230
155896 0.0002278763
156073 0.0001911804
156780 0.0001872583
156932 0.0001566923
156962 0.0001533429
158500 0.0001531361
158529 0.0001490555
158638 0.0001380964
160734 0.0001365638
160745 0.0001357804
161443 0.0001115765
161753 0.0001114051
161854 0.0001075192
162199 0.0001071095
162798 0.0001052805
162801 0.0001024750
163213 0.0000919220
164550 0.0000878864
164656 0.0000801413
164750 0.0000740063
167070 0.0000699008
167593 0.0000670021
167771 0.0000611307
169122 0.0000579321
169141 0.0000557648
169615 0.0000516689
169954 0.0000492416
170803 0.0000490668
171786 0.0000464756
172209 0.0000385066
173077 0.0000346391
173932 0.0000307416
175138 0.0000272573
175730 0.0000231255
178467 0.0000205582
178587 0.0000191850
179884 0.0000171989
182045 0.0000154727
182559 0.0000138134
182810 0.0000135496
183668 0.0000134900
184235 0.0000119415
185279 0.0000103747
185654 0.0000103520
186527 0.0000101833
186639 0.0000092919
186854 0.0000080837
187315 0.0000078688
187996 0.0000075955
188402 0.0000065076
188737 0.0000045804
192580 0.0000036438
194020 0.0000032375
196193 0.0000028968
198246 0.0000027432
198627 0.0000027391
198943 0.0000023770
199496 0.0000023721
199572 0.0000020717
199738 0.0000019986
200089 0.0000019595
200172 0.0000038315
evaluations raw_y
1 97736598298.4733276367
2 6401673259.5767335892
3 3123750851.5726933479
6 3076677725.4616403580
10 936181538.1040675640
11 853326198.7514432669
14 833954707.7517802715
21 368990329.0947654247
110 207978470.7170540690
130 194344080.6963116825
169 155024566.0853860378
317 143435002.3186453879
492 137855691.7388444245
664 121200880.6622795463
752 82914086.7063142657
10707 70834516.8849310577
11770 63684470.0204383060
13200 61670180.0787796602
13371 54477033.1915021613
13906 27755569.2532274835
15159 27142547.5397282578
15555 26968371.6504208371
15653 21565163.0891450420
16068 18071914.6299530827
16284 16720313.0299842525
16819 14638414.0390313305
16995 13478185.2367567085
17308 13336043.4133643936
17354 13245133.1117401104
17437 11285108.5615693964
17968 11011214.8237848096
18028 10965242.8727961332
18062 10690256.2145801540
18269 9788947.5598985162
18364 8527653.9285453521
18543 7881197.5041093072
18619 7504217.5640650690
18716 6624480.0519626904
19167 6411436.8353479011
19213 6390837.0832820972
19337 6280181.7523748726
19374 4335525.1921946658
19841 2907440.0049203788
20057 2351325.0131696532
20836 2208487.7961081690
21078 1532674.3054086100
21814 1344657.4918737696
22139 1238790.9626686734
22381 1020768.1876324044
22829 614227.8948946245
23663 601457.3712044655
24122 553816.1258352721
24223 505832.6383415932
24280 397721.5582078809
24535 337081.1375554642
25124 292808.3861891714
25423 289727.4359248890
25582 273386.5103448458
25617 273320.1167844696
25730 268856.5303517925
25744 261523.3763401782
25887 200889.2279065512
26103 198771.0599504806
26147 193903.2044087061
26167 174071.4356379680
26282 171046.3920960508
26335 113051.4434002795
27464 106387.9963937128
27926 100196.1971944587
27929 80034.3492581568
28307 77750.6682493397
28337 71092.6367913065
28481 67255.7280643212
28747 38893.4650508254
29802 37445.1524548767
30082 35503.9634579209
30097 35423.6698378415
30720 24942.2399377642
31227 20303.2256114744
31500 17220.5409830604
31618 15132.4541060015
32151 13482.0749377901
32434 10734.7215399262
33203 9727.7100437280
33376 9238.2748076008
33422 8813.5673578547
33461 8411.7306491425
33610 8354.0800492995
33714 5915.2191819575
35299 5178.2830580085
35487 4713.8847291518
36188 4645.1358506836
36397 3765.4289481081
36662 3585.9994623803
36807 2856.1845262493
37525 2677.0884218180
37624 2491.5738816451
37639 2481.0605008858
37867 2028.8358795521
38174 1908.3566321691
38347 1394.1288253012
38623 1163.7376426688
38801 1092.3855123604
39442 1036.4016225637
39527 1006.2370220925
39588 560.7078143984
40372 508.9941259656
40485 290.2080927309
42463 223.9355462857
42685 222.7927774927
42743 180.2705836628
43920 105.6608427943
44548 99.9179691424
45299 87.3680069392
45337 76.4140646573
45494 65.8115882153
45975 57.5748084658
46697 57.2354582976
46720 47.8984030332
47241 29.4424133705
47957 27.9453822878
47989 23.9066679594
48285 17.9532696606
48932 13.3084753487
49641 9.1482473048
50174 8.8581079312
50713 8.5150330473
50762 5.3373502115
51156 3.6872471469
52438 3.6387598867
52704 3.4946021873
52924 3.4483551149
53005 3.0390788374
53490 2.6648808601
53846 1.8409552166
54940 1.6983578424
54953 1.4199077889
55388 1.3885647978
56130 1.3254469768
56453 1.1570465490
56791 1.0925243224
57218 1.0321063418
57987 1.0161137679
58097 1.0081760551
58114 0.9696688647
58548 0.9062277025
59243 0.8977336439
59511 0.8911891098
59660 0.8896367099
59855 0.8812779317
60021 0.8768609704
60081 0.7957109544
60950 0.7873552814
61142 0.7867547541
61262 0.7841256280
61689 0.7778650915
61858 0.7753366366
61904 0.7279371819
62988 0.7235254030
63829 0.7194037546
64661 0.7158337128
65128 0.7128241827
65129 0.7123255242
65297 0.7047772523
67088 0.7046691977
67166 0.7031832681
67454 0.7027501979
67492 0.7023616950
67588 0.7018960015
67625 0.7017751725
68229 0.7007364384
68321 0.7002094220
69158 0.6983429268
70776 0.6980626429
72084 0.6979100487
72504 0.6977801559
73984 0.6976864579
74022 0.6976138702
74262 0.6972681740
75385 0.6968900854
76738 0.6966659014
79045 0.6966393241
79054 0.6966339418
79247 0.6965327165
80531 0.6965281449
83942 0.6959288800
85306 0.6948848597
86367 0.6948082182
93229 0.6941350533
93356 0.6925773040
93639 0.6882459590
94881 0.6881788840
103440 0.6422269908
105366 0.6076111577
105404 0.5649119313
106057 0.5569301181
106180 0.5540420328
106251 0.4988956556
107740 0.4961521647
108011 0.4952930688
108074 0.4939163543
108288 0.4844476467
108314 0.4832471336
109042 0.4683522327
109245 0.4587972277
109931 0.4144538139
111601 0.3771780025
111857 0.3763280265
111906 0.3562700862
112346 0.3516987734
113503 0.3387387107
114690 0.3287843863
115024 0.3257857414
115761 0.2997372161
116007 0.2983007773
116742 0.2794133730
117318 0.2549811090
118052 0.2211344889
119520 0.2105708891
119743 0.1970208370
120217 0.1941098012
120790 0.1928199312
121039 0.1855845378
122082 0.1541298306
124558 0.1328682573
125904 0.1180354096
125947 0.1110213584
126962 0.1094878545
127172 0.1084153194
128102 0.1057542450
128104 0.0865783433
129644 0.0775085808
129711 0.0761633819
129724 0.0738742289
130096 0.0653608572
130806 0.0581173786
131508 0.0556576290
131821 0.0552253173
131908 0.0475488414
132870 0.0390637802
134051 0.0386341128
134651 0.0383101824
134970 0.0377888852
135072 0.0340968025
135491 0.0303993178
136248 0.0292909639
136423 0.0261681694
136657 0.0261360748
137654 0.0177024997
139699 0.0159213198
140478 0.0155463622
140625 0.0142202312
141219 0.0132282746
142548 0.0109368642
143257 0.0107555404
143354 0.0099354272
143990 0.0099099330
144058 0.0097082597
144247 0.0094804465
144491 0.0085798984
145935 0.0077190214
146126 0.0072753381
147158 0.0069260009
147593 0.0060757555
150144 0.0057096078
150283 0.0055887762
151141 0.0052462735
151402 0.0046186837
152240 0.0040197494
153115 0.0039781076
154836 0.0039396436
155018 0.0034201929
155037 0.0031895260
156795 0.0030462166
157403 0.0024972523
159344 0.0023533010
159837 0.0019504842
160905 0.0018523003
160974 0.0017382811
161313 0.0016697900
161535 0.0015419262
163714 0.0015233151
164603 0.0013298067
164948 0.0012139304
165453 0.0012023504
165884 0.0011806726
166655 0.0011231632
167099 0.0010177586
168383 0.0009163393
168655 0.0009066111
169477 0.0008993873
169865 0.0008790853
169906 0.0008488438
170527 0.0007738802
170708 0.0007728277
171057 0.0006805742
171063 0.0006204209
171685 0.0005937251
171806 0.0005828917
173441 0.0005513210
173607 0.0005359166
174608 0.0005227386
174622 0.0004302953
175999 0.0004174977
176852 0.0004038584
176940 0.0003815212
177433 0.0003723643
177980 0.0003546559
178081 0.0002751708
180532 0.0002269617
181766 0.0001940670
184648 0.0001752461
186150 0.0001389582
186471 0.0001386420
188962 0.0001240540
189347 0.0001181064
190320 0.0001141712
191140 0.0001138515
191563 0.0001010844
192086 0.0000977064
192361 0.0000792927
193494 0.0000777901
193885 0.0000728146
194718 0.0000611046
195085 0.0000520700
197693 0.0000488513
199020 0.0000481873
199446 0.0000449781
199630 0.0000433789
199959 0.0000396153
200027 0.0001145842
evaluations raw_y
1 36722431400.6881027222
2 563196150.6294066906
13 556860862.2655119896
16 265294537.3277432024
127 246298819.2948426008
156 208897295.7292698920
208 183794189.2988402545
306 165432315.7311419845
348 148284022.3443702459
357 146009946.8601686358
638 137310449.9200377166
858 127705142.4562712312
1009 125595601.9591114074
7631 123288763.8175150752
8148 109894652.0635312051
8472 63871805.4250763431
10254 58382181.1193370372
10367 50383895.1270933673
10817 47720381.7316985950
10862 45887432.4666905701
10949 27988807.1170206219
12335 26619645.9601584151
12442 22632704.4479045421
13016 21870961.3952761777
13305 21579192.1649893709
13354 18776771.4756275527
13759 17645959.8753558248
13842 16426972.1206957716
14228 14461346.0326123498
14271 10603451.7357993126
14786 8052496.7151796352
15186 7736517.8439524565
15561 4613147.1748347292
16499 4447700.2154744063
16959 3394941.2454480571
17623 3343008.4052468194
17897 3207831.6352825537
17920 2235522.8492251285
18625 1975511.2153553984
18763 1958051.1000787853
18766 1298246.2093105547
19116 1295948.9708202092
19380 1205620.2939583466
19709 1060293.7943272982
20063 906464.5476564432
20764 820356.0554342858
20842 659143.0071127451
21224 630165.2520203178
21340 614482.3493537395
21543 577353.9780109514
21820 540720.2619167801
21844 511355.6268089210
21930 411253.7401758136
22151 325283.4318490899
22835 226082.5356104076
24096 160029.8634722791
24824 142118.3504206100
25130 138964.5288860229
25175 135883.6743365681
25623 100311.1259775699
25985 95375.5943123968
25986 92729.8088653060
26096 86050.8518141864
26173 77450.0545727333
26341 65027.8731530310
26587 51104.3018947560
27935 39936.3823457245
28102 39766.5065780981
28313 37128.2751929485
28503 37114.7308179574
28528 31427.1456357968
28753 21387.5817484270
29491 21358.4214249513
30414 21180.5896338426
30437 20046.5657447437
30726 11812.7999251254
31506 10387.0316235090
31624 8784.1362445320
32095 8687.8765170446
32440 8099.9786856660
32564 7300.5768148675
33148 6093.6761943892
33209 5138.6623110101
33467 5049.2386873760
33691 4638.5834445409
33720 4092.4311857835
34077 3630.1432575245
34865 2844.6196497894
35234 2795.1029886450
35305 2344.0837365450
35697 2166.4421434536
36004 1951.5729479311
36194 1904.2933621717
36403 1392.1619805047
36588 1365.6973231222
37066 1244.2508188681
37318 992.6877742313
37471 945.0527930192
37645 891.7753245338
37967 858.7039563142
37971 845.1207136679
38247 750.8260141353
38353 490.6999101388
38807 247.5001012751
40126 184.4626569094
40575 180.1379335250
41096 147.4496392263
41182 145.9334442066
41233 138.5188918443
41548 99.2284094070
42312 97.4437282150
42563 94.9918961920
42686 91.0503934847
42691 81.5506373315
42749 72.5372384817
43014 72.3288773471
43516 70.3883208422
43588 67.6079267469
43689 55.0304682840
43926 21.1061725670
45305 20.8813000197
45543 20.8775589802
45861 20.8112779623
45876 20.4971274322
45981 16.7287118531
46703 15.3868572920
46742 11.6218781582
47373 7.8783920026
47878 5.8220599535
48774 5.5579286382
49174 4.7107793676
49409 4.3439070237
49647 2.7557085684
50455 2.3380246453
50768 1.3275181550
52140 1.2311042543
52444 1.1083209888
52710 0.9064041903
53011 0.7315743826
53547 0.6165449580
53852 0.4140604729
54938 0.4057780119
54959 0.3687792176
55062 0.3042248199
56136 0.2017423129
56897 0.1912244631
56929 0.1779948945
57224 0.1537640113
57411 0.1418453728
58554 0.1330615280
58711 0.1235891997
58876 0.1129878164
58913 0.1103453809
59096 0.1007651322
60059 0.0919377222
60087 0.0636083172
61910 0.0544474699
62994 0.0523812670
63446 0.0521586054
63749 0.0518331494
63941 0.0516174251
64087 0.0513356542
64568 0.0491653834
64667 0.0483033876
65134 0.0464089769
65303 0.0454803985
66770 0.0445034402
67498 0.0439531727
67647 0.0438845052
68012 0.0437475161
68333 0.0436616004
68392 0.0436031406
69008 0.0435117268
69164 0.0428266378
71391 0.0427575644
72171 0.0427352958
72522 0.0427031028
72579 0.0426486414
73319 0.0426369020
74028 0.0426293963
74235 0.0425925078
74268 0.0425725132
74825 0.0425653072
75057 0.0425564029
75391 0.0425054994
77754 0.0425029762
77767 0.0425027658
78066 0.0424889607
78630 0.0424882918
78805 0.0424846650
79166 0.0424754917
80261 0.0424715768
81154 0.0424512056
83948 0.0424453976
90174 0.0424099748
90279 0.0423758223
90833 0.0420991221
95707 0.0420981330
96489 0.0420379912
98175 0.0418894558
101474 0.0416668203
103110 0.0415306938
103123 0.0398403102
103895 0.0391887941
108017 0.0391010850
109197 0.0389016821
109620 0.0356426095
109704 0.0339955927
109935 0.0336797455
109937 0.0294949882
109982 0.0285602306
110211 0.0251819000
110684 0.0209491674
111619 0.0189442598
113289 0.0174519430
113928 0.0174057681
114149 0.0171425853
114232 0.0131229439
115653 0.0124287038
116207 0.0112962033
116555 0.0108671682
117295 0.0104037716
117514 0.0103076552
117802 0.0102681088
117992 0.0102000402
118058 0.0085371492
118673 0.0075377235
119101 0.0074850199
119526 0.0067093177
120223 0.0064175807
122271 0.0062879526
122411 0.0059299535
123213 0.0057740446
123230 0.0051428397
124414 0.0049885361
125174 0.0048564108
125685 0.0045706898
126167 0.0044166200
126184 0.0043489845
126870 0.0038650825
128020 0.0038593720
129433 0.0037106486
129731 0.0036513431
129756 0.0028786239
131263 0.0027331298
131836 0.0026133499
132269 0.0025297357
132350 0.0024067948
133684 0.0023652848
133797 0.0023380316
133921 0.0022883282
134271 0.0022513273
134405 0.0020817113
135210 0.0018906014
135605 0.0018667522
136202 0.0017860914
137423 0.0017411496
137459 0.0015844478
137591 0.0015617929
138181 0.0015552152
138264 0.0015162075
138348 0.0012633498
139257 0.0012290759
140223 0.0011960203
140616 0.0011918555
140635 0.0010941585
142165 0.0009866923
144591 0.0009861847
144720 0.0009406894
144733 0.0009061712
144791 0.0008823502
144963 0.0007510960
146435 0.0007178920
146922 0.0007108263
146934 0.0007020494
147199 0.0006740346
148017 0.0006278307
148247 0.0006150012
148405 0.0006122773
148442 0.0006069098
148755 0.0005626466
148882 0.0005437125
148960 0.0005112218
150633 0.0004759592
151066 0.0004425159
152242 0.0003745350
154209 0.0003615393
154541 0.0003580254
154891 0.0003549353
155043 0.0003430161
156213 0.0003328268
156346 0.0003264335
156907 0.0003137752
157053 0.0002718554
158263 0.0002617733
158554 0.0002397557
158723 0.0002014309
161037 0.0001828341
162157 0.0001764396
162362 0.0001589665
163906 0.0001479087
164257 0.0001433969
164394 0.0001336932
165717 0.0001289704
166368 0.0001259936
166802 0.0001162915
167633 0.0001104496
168616 0.0001079205
169554 0.0001010902
170120 0.0000977364
170787 0.0000869816
171297 0.0000819266
171367 0.0000744987
172796 0.0000588105
173017 0.0000548145
173642 0.0000540734
174169 0.0000467739
174983 0.0000387396
179106 0.0000387220
179253 0.0000338549
179775 0.0000300197
181469 0.0000297736
181588 0.0000237458
183320 0.0000213652
184654 0.0000177066
186217 0.0000171631
187097 0.0000151799
188290 0.0000143201
189161 0.0000125801
189168 0.0000117193
190150 0.0000109412
191182 0.0000108899
191617 0.0000090560
194049 0.0000082339
194203 0.0000075702
195914 0.0000072369
196610 0.0000065506
197723 0.0000058699
198467 0.0000056150
199452 0.0000053565
199603 0.0000049912
199812 0.0000044616
199943 0.0000040685
200140 0.0000055407
evaluations raw_y
1 1544634107.4331412315
2 1289322599.1278893948
4 1151234580.8595135212
12 603163422.4822332859
13 507373359.6558259130
45 453235832.0359861851
50 379498025.2349072695
70 334930162.0858324766
147 319423130.6943303347
165 272853467.7794157267
267 266252149.7204411328
315 253154166.1066758037
317 228968859.8967605233
335 159254080.8291409612
499 149506198.9187560081
510 143153516.4617116153
668 135941824.4504704177
789 133887980.4507737458
1027 107210686.4160862267
19495 99647204.7838228643
20059 80936007.8693300188
20082 78283078.2071962953
21049 69415656.1491009444
21223 67047992.1873685122
21464 51926052.3228556663
21517 50206020.9713104889
21582 49640358.1736952066
21891 43837887.9318173155
22263 41555314.7725029737
22442 39828080.4317101091
23086 34465756.3457948491
23432 28230651.4724395946
23604 23936121.9687526710
23885 23312836.4321211986
23997 15848078.9025455508
24518 13866091.2067969088
24799 13126149.4726293702
24933 12175632.0903264899
25114 11741369.4523263592
25116 11277124.1873781718
25205 10903460.6556127034
25344 6394582.1741193775
26337 5262174.8672806686
26479 5127082.3418743787
27454 4654908.8399463892
27621 3471799.0131766559
27981 3174007.0453995247
28086 3152807.0819228701
28304 2187941.3248656690
28736 1785393.8365833755
29360 1707512.8322373384
29444 1006571.3395075691
30710 951704.4545283974
30864 837903.2657661231
31688 561641.9814768711
32045 549334.0930527344
32206 461489.7706581380
32407 430118.0314384499
32548 401939.3052578609
33040 371017.5647740496
33144 290604.1789029652
33507 274696.4803589323
33623 226138.3809386036
33941 225696.0838403517
34060 212770.7770452118
34197 210695.0346363031
34480 206204.0203434709
34492 154476.6824722094
34597 143235.5661901822
34776 141629.3866315549
35125 112595.3182280179
35489 89043.8006778654
36247 72534.9302627712
36345 65122.4053049473
36768 60629.0838812243
36793 52849.2393507454
37455 43971.8566260222
37498 33530.1751607996
37629 18188.0818440420
39991 13942.1858131033
40267 12919.9304474242
40296 10696.5235398555
40815 8248.5743855920
41166 8234.1375538807
41509 7894.7267497377
41811 7458.2786948992
41862 5469.5710743404
42547 4517.0915046664
42966 4041.6771172033
43214 3510.2147530242
43534 3110.8078685481
43687 3006.3041668588
44095 2866.3591776091
44211 2172.6092780667
44601 1996.9400490172
44926 1880.8732225058
45348 1762.0733748156
45369 1465.1327888881
45441 1139.7503825649
45845 1118.0093456135
46068 822.1759144152
46710 787.8100128686
46997 700.7643057324
47331 526.1407687958
47696 482.1371286904
47758 449.6122909055
47839 381.5650722454
48207 324.2371950809
48514 226.3001224455
49232 164.3780843628
49961 158.7591076389
49984 158.4933416350
50031 142.7310705475
50439 84.4035136118
51525 83.9628079338
51536 81.6698844035
51651 70.2178892732
51841 68.7885858599
52026 65.1119777575
52101 59.9964494427
52427 46.8622715272
52653 44.8900945688
52924 43.4555752123
53042 37.0717060841
53545 26.6969951569
53836 21.2987899822
54061 18.5974035740
54342 10.9206075546
55310 9.4379820966
55464 8.4842695972
56243 8.0397973411
56335 7.5801442634
56781 7.2099864828
56847 6.1062544866
57111 4.8036186856
57608 4.7040139153
57692 3.9505236372
57808 3.7748693584
57945 1.7490901306
60142 0.9674390679
61493 0.9441034866
61497 0.7081257612
62223 0.6627692011
62325 0.6307054919
62784 0.5194063337
62836 0.4958814350
62978 0.4553501061
63555 0.4490153698
63604 0.4239739845
63610 0.3755733618
63733 0.2634501996
63984 0.2426764425
64704 0.1791971632
64833 0.1673843242
65072 0.1631375178
65284 0.1161913352
67451 0.1081985832
67599 0.0966885487
68414 0.0909005179
68703 0.0836105136
68939 0.0833550389
69148 0.0655471254
70199 0.0639347751
70420 0.0511271941
71740 0.0487902058
71746 0.0455125586
72974 0.0444622831
73632 0.0428865083
74252 0.0406201003
75067 0.0404595865
75507 0.0399733172
75781 0.0397970297
76189 0.0395510184
76618 0.0394118230
76670 0.0393710641
76850 0.0391741297
77353 0.0390182378
77738 0.0389094473
77769 0.0389045883
77833 0.0385230336
78694 0.0382671384
78789 0.0381488166
78847 0.0381159705
79515 0.0378341298
80834 0.0378044894
80863 0.0378044733
81154 0.0377432389
81520 0.0377105461
81536 0.0376534248
82257 0.0376265932
82806 0.0376114920
82813 0.0376000912
82889 0.0375753119
83467 0.0375751556
83572 0.0375670829
83661 0.0375636827
83932 0.0375384462
84273 0.0375218263
84653 0.0375131258
85295 0.0375049188
85816 0.0374911340
87879 0.0374871740
88163 0.0374729819
91473 0.0374673230
92147 0.0374557035
94348 0.0374552694
94900 0.0374491040
95691 0.0374228425
98000 0.0374059086
102983 0.0372477859
103476 0.0371065234
106884 0.0361218614
108061 0.0346454618
114216 0.0328033649
115888 0.0304173566
117066 0.0301252992
117888 0.0298832524
117918 0.0255217848
117967 0.0249108467
119131 0.0244790749
119205 0.0222838166
119510 0.0165127886
119895 0.0134954082
120593 0.0115249784
122828 0.0109330390
124096 0.0103749824
124322 0.0095601963
124398 0.0082282949
126877 0.0079286178
127367 0.0075139942
129400 0.0074216470
129789 0.0070160648
130516 0.0057068692
131178 0.0056831028
131503 0.0051991290
132056 0.0051690801
132150 0.0046933858
132265 0.0045024463
133286 0.0040290058
133668 0.0036231150
135179 0.0028779513
137601 0.0027277951
137726 0.0024359300
138574 0.0022518066
139222 0.0021542471
139738 0.0018545323
141249 0.0017493656
142390 0.0015381010
143736 0.0011698936
146206 0.0011245073
147070 0.0011038433
147181 0.0010936057
147287 0.0009345320
147392 0.0009187254
148533 0.0007905382
148953 0.0007278078
152230 0.0006879023
152521 0.0006854750
152587 0.0006426568
152710 0.0005467917
152817 0.0004756826
155263 0.0004316503
156818 0.0004284666
156965 0.0003968454
157022 0.0003713252
157076 0.0003685031
157562 0.0003373555
157999 0.0003359362
158636 0.0003078111
158696 0.0003041351
158954 0.0003031360
159031 0.0002863142
159269 0.0002850782
159754 0.0002575311
160231 0.0002458303
160347 0.0002381771
161781 0.0002351788
162112 0.0002097078
162311 0.0001768114
163154 0.0001639500
165316 0.0001558027
165508 0.0001532737
166040 0.0001269366
166559 0.0001127784
167873 0.0001110266
168223 0.0001063106
168658 0.0001020097
168737 0.0000954599
168909 0.0000896302
169441 0.0000794220
170717 0.0000720733
171121 0.0000710438
171172 0.0000646477
172500 0.0000491814
172770 0.0000490525
174525 0.0000426786
174837 0.0000373544
175609 0.0000349416
176301 0.0000341086
177819 0.0000340547
178074 0.0000314213
178546 0.0000311658
178688 0.0000288926
179302 0.0000272228
179979 0.0000166886
184637 0.0000157707
185025 0.0000157250
185411 0.0000147986
185550 0.0000141825
186246 0.0000138998
186354 0.0000135267
186469 0.0000126606
186831 0.0000104626
187318 0.0000098435
187483 0.0000078142
191189 0.0000069071
191598 0.0000060894
193054 0.0000059529
193718 0.0000048615
193760 0.0000045122
195463 0.0000042067
196147 0.0000040754
196974 0.0000040323
197614 0.0000038332
198080 0.0000033426
198800 0.0000029890
200006 0.0000027140
200096 0.0000567839
evaluations raw_y
1 650443421.0715228319
5 486136686.7616748810
23 319309166.9436510205
36 255413426.7873585820
48 248199228.2872839570
99 226626443.0765835643
121 224888210.2680807412
124 212601407.5528752804
215 174016933.6846734583
350 155262975.5472629964
382 148261760.8972433507
527 131192492.3717150837
592 108350768.5821042955
1056 99034257.3118999749
7246 56413864.8834546730
9772 55071666.5331820920
9962 54499403.7412685752
10380 40076534.8567505032
10518 28645806.5532291867
11789 20060259.2169322781
12157 19680003.4305021428
12327 19551326.4889113419
12455 19258642.8020566329
12568 17294033.1250146106
13029 13542486.7865556851
13341 13096930.6940463409
13379 12654342.0858967248
13610 12196774.8937512916
13772 11591987.0296127219
13873 8971934.7589141689
14284 6277784.0412207292
15166 5508767.1435864102
15574 1903025.8343731875
17620 1837719.3917175431
17933 1769860.2307064494
18081 1556974.8475007473
18584 1540243.9512955621
18638 1363861.3048380883
18779 1196240.2586445396
18996 1078699.1201527198
19129 632535.1661958428
20076 444718.6144628139
20777 424293.7084171200
20855 259824.4728786006
21594 255369.5445156004
21785 254532.1643658568
21857 234228.7190007287
21943 194062.5431550067
22164 151471.6757831546
22848 130956.6698802700
22945 113243.2254612283
23326 101610.4784778756
23669 86856.9739075594
24109 65199.6840573471
24299 47371.2101086156
25715 42629.5769410088
25998 35156.3543049927
26354 30579.6083199911
26600 26320.3576863444
27180 26222.3593267005
27228 22620.4269072919
27237 21013.6716682145
27299 15585.5455918130
28356 13448.6925991853
28500 11506.8328328982
28541 8730.7473845295
28766 8082.8468500787
29821 7176.8246777512
30707 6937.8077136572
30739 5856.3450952169
31199 5776.2551284884
31246 5018.4555639255
31519 2798.6325575999
32411 2673.9366990064
32453 2123.0046734040
33314 1959.2781528816
33443 1664.9947363863
33733 1262.5784579674
34400 1123.2769186433
35247 806.1283833886
35898 759.0499839878
36017 736.9087267820
36116 629.8191349171
36207 561.2355871800
36416 465.2050481391
37163 415.5539382670
37484 328.6361916102
38350 292.9478507881
38366 263.1281891592
38502 258.8811011045
38634 210.1789560010
38820 141.2068802481
39607 133.8886141829
39797 105.3716202276
40139 85.0626716145
40682 80.6119327933
41109 44.1767015973
42325 40.5476863286
42625 37.2192592821
42704 32.7053789945
42762 27.7944238647
43511 27.0067478861
43939 14.5060073115
45125 13.5900995099
45318 10.0746163032
45556 9.0814876513
46173 7.5946333108
46336 7.3745340823
46755 6.3477428090
47173 5.8705064119
47207 4.8723783507
47386 4.4433371355
47873 3.8004636908
47891 2.8026004319
48824 2.7794901694
48951 2.7249538227
49180 2.6760091210
49187 2.2242491712
49380 1.9051518774
49660 1.0678061750
50468 0.8936069824
50781 0.6837197524
51651 0.6392806191
52423 0.4879039303
52723 0.3903508680
52943 0.3605576295
53509 0.3119571939
53560 0.2783584744
53574 0.2481678690
53865 0.1543217867
54951 0.1320772135
55407 0.1101347311
55507 0.1022288817
56364 0.0814907540
56509 0.0641703517
57237 0.0540447922
57424 0.0505532339
57990 0.0486613320
58116 0.0461921014
58574 0.0363844869
58864 0.0323403167
58889 0.0290925648
58926 0.0272816000
60100 0.0124160426
61923 0.0076307099
63007 0.0057756780
63848 0.0045577840
64627 0.0045105741
64680 0.0044331909
64769 0.0042369937
64795 0.0041844916
65000 0.0038264950
65147 0.0037630879
65313 0.0034837601
65316 0.0024178821
66993 0.0022651875
67511 0.0021010294
67644 0.0020892747
67660 0.0018636335
68534 0.0017793565
68764 0.0017474958
69021 0.0017363619
69177 0.0014185464
70795 0.0013847989
71404 0.0013528170
72312 0.0013521509
72535 0.0013448620
72592 0.0013000286
73332 0.0012999259
73534 0.0012746159
74041 0.0012718618
74248 0.0012666730
74281 0.0012662823
74603 0.0012643923
74654 0.0012613841
75070 0.0012601680
75098 0.0012563557
75404 0.0012387369
77419 0.0012386567
77589 0.0012374005
77757 0.0012357856
77904 0.0012356601
77950 0.0012346602
78154 0.0012334885
78542 0.0012327971
78643 0.0012317936
78719 0.0012313627
79179 0.0012296565
80441 0.0012290776
80706 0.0012289537
80925 0.0012285452
81044 0.0012284968
81167 0.0012275347
81701 0.0012274007
81983 0.0012273199
82618 0.0012272683
82733 0.0012272627
82918 0.0012270776
83049 0.0012270403
83677 0.0012269140
83961 0.0012266301
86386 0.0012265407
87003 0.0012264079
91126 0.0012263912
91533 0.0012262336
92333 0.0012249152
95720 0.0012247211
98188 0.0012233893
103908 0.0012029159
109950 0.0011007706
110224 0.0010003266
113941 0.0009888385
114245 0.0008298789
115666 0.0008180675
116031 0.0008031455
116102 0.0007425024
116174 0.0006993837
116519 0.0006941466
116693 0.0006688800
117237 0.0006622772
117527 0.0006037646
118071 0.0005899769
118201 0.0005862620
118519 0.0005314208
118686 0.0004156824
122424 0.0004040174
122581 0.0003940386
122732 0.0003697610
124125 0.0003467728
124651 0.0003142219
127411 0.0003076038
127670 0.0002973051
127877 0.0002609498
127951 0.0002535280
128379 0.0002378618
129868 0.0002007819
131504 0.0001938559
132832 0.0001682589
133343 0.0001681573
133697 0.0001626953
134688 0.0001593776
134760 0.0001348494
135527 0.0001271192
136467 0.0001264609
136669 0.0001261476
137378 0.0001160279
137698 0.0001117240
138400 0.0001106084
138955 0.0001101272
139150 0.0001044264
139368 0.0000957150
139891 0.0000941231
140609 0.0000879715
140639 0.0000847482
141539 0.0000846579
141552 0.0000770493
141694 0.0000694123
142244 0.0000663526
142265 0.0000624698
144634 0.0000623632
144857 0.0000610637
144871 0.0000577530
145312 0.0000555249
145431 0.0000555219
145681 0.0000514763
146350 0.0000495664
146497 0.0000466424
146582 0.0000466254
147260 0.0000417596
147545 0.0000357973
148927 0.0000326554
150406 0.0000245931
150610 0.0000239871
153622 0.0000217605
155075 0.0000214261
155243 0.0000210654
155507 0.0000192102
156737 0.0000189250
156984 0.0000146792
159441 0.0000144535
159583 0.0000139205
159919 0.0000130587
160047 0.0000115578
160596 0.0000106955
160766 0.0000091867
162966 0.0000086931
163283 0.0000086022
163486 0.0000081302
163541 0.0000074365
163653 0.0000070697
164480 0.0000060893
167319 0.0000057931
168331 0.0000054892
168533 0.0000050882
168823 0.0000048679
168853 0.0000046552
168938 0.0000041386
170251 0.0000035598
171079 0.0000035145
172210 0.0000033535
172341 0.0000032992
172439 0.0000029435
172887 0.0000026020
174695 0.0000023507
175239 0.0000021935
175338 0.0000020978
175953 0.0000019913
176661 0.0000018331
177329 0.0000018255
178543 0.0000017679
178822 0.0000013027
180809 0.0000012709
180833 0.0000011846
180904 0.0000009362
183723 0.0000008540
184304 0.0000006899
184981 0.0000006008
185737 0.0000005563
186411 0.0000005474
187154 0.0000004366
188116 0.0000003848
189295 0.0000003798
190731 0.0000003703
191010 0.0000003155
191196 0.0000002666
192474 0.0000002556
192519 0.0000002315
193152 0.0000002183
194216 0.0000002136
194220 0.0000001923
195370 0.0000001434
196557 0.0000001371
197534 0.0000001075
197643 0.0000000924
198878 0.0000000905
200140 0.0000073591
evaluations raw_y
1 6103200688.5893735886
2 1109789837.2284820080
3 896591022.1154804230
8 765142693.8933523893
17 736787463.1167318821
22 583561276.6672065258
26 470502869.8925150633
50 448296948.4635583162
116 425151137.5432218313
120 370587426.3933289051
241 327939588.4310278893
315 303280185.8506030440
329 225672155.1252928376
497 204946641.1770724654
628 203123938.7234255373
642 180626702.8448174000
708 179820785.3702000380
729 139613564.2891926467
855 128468974.9759804904
862 102523787.9376049340
200012 -nan
evaluations raw_y
1 2444923329.9718494415
15 1752462879.4563670158
28 1313208253.9425165653
36 672698325.1137956381
178 495834331.0297326446
179 285312085.6386946440
413 249119326.4542325139
512 204777521.5874088705
783 199636874.9338369966
900 195607166.8949306607
924 113587463.0622510016
200073 -nan
evaluations raw_y
1 504842137297.4724121094
2 3754621667.8580198288
4 1937713303.0090680122
5 1181536805.6697039604
19 936823276.1332149506
20 906961229.8638122082
50 367196221.1563442349
70 281443795.6794765592
124 217575932.4537383914
128 185249753.9010240138
332 178855815.1910289526
493 177572355.5694712996
528 113185554.7642689645
620 104705702.0480582416
1048 102731185.2982071489
1210 100513196.4725358784
200043 -nan
evaluations raw_y
1 7080063828.0576362610
3 805670882.3986682892
5 737968608.0512251854
20 695320819.6100091934
26 571969971.1694145203
28 475040055.8724123240
57 454694557.6122351885
58 452304648.3631947637
86 398314091.3358126879
138 369082981.7630009651
157 343785150.0646128058
232 310873444.3015075922
353 247616356.3386698961
355 222023135.2954132855
368 216585573.4310349524
530 194021207.0236755908
627 192992427.3470257819
720 158834607.7668918073
852 143227523.6583845019
1048 138518524.8784741163
8483 126855083.6139277965
10085 109663333.9860328138
10378 57267497.8290778100
11969 29342862.4122077003
13023 20453948.1763002537
13923 17336935.5568544082
15578 14601661.1436165478
15670 12613859.1221441068
16457 11134906.4611795396
16822 10456071.8544492386
16836 8686675.0687242355
17012 5651991.7479418730
17751 4343737.5031847293
18636 3660246.8126287227
18777 2876912.5681843343
19050 1873585.0811195550
20853 1405226.2085332791
21121 1034915.7500540452
21353 822961.2854135622
21855 809526.7962929379
22398 662803.3963189137
22846 494476.8493732274
23216 459880.2707309684
23425 453687.2542760791
23569 306831.9261691888
24552 241961.8203599755
24835 204315.7124446351
25141 193524.6094370421
25458 182817.6896177109
25491 178900.6648036563
25634 178214.9564556890
25639 100995.7293898855
26352 97335.6022838303
26453 84056.1409249603
26598 74330.6380502193
27178 67183.7140557640
27297 58235.5629560705
27827 53283.2344281679
28113 48641.1092863872
28283 45988.5213196441
28386 45509.3307561172
28539 27576.6466718017
28764 23641.2395762704
29044 18486.7103103104
29852 16352.2107897626
30673 15337.6688689542
31174 15168.9769348078
31244 14707.6620042208
31304 14232.0939872561
31366 12172.6157392565
31390 11832.1779601360
31517 8767.8705750032
31635 8349.0422716224
31716 7207.3995517351
32162 6431.2700611342
32890 6133.7999177855
33171 5290.6860917039
33212 4348.3045135902
33731 3881.1685206163
33747 3823.2762116109
34088 3485.5312539484
34371 2754.8569985661
34510 2729.2359711191
34804 2577.0212628281
35245 2477.0659332270
35316 2172.0806478559
35671 1808.0714405706
35799 1734.6363674920
36100 1731.3466095619
36205 1431.2379248233
36414 1132.1449547166
36824 792.5546473391
37855 725.1569032496
38457 452.1668654399
39486 344.2695723504
40137 229.9712597761
40502 202.5625778150
41107 181.9297345389
41193 134.4070507148
41725 78.2187528986
42994 77.9373588702
43590 73.9873669522
43926 63.9695688072
43937 35.3684749540
45316 31.1836866413
45493 29.5005203367
45511 28.6373945774
45630 28.0020455233
45641 27.3006162686
45869 26.0758491765
45875 24.4649112862
45992 20.9349414435
46224 19.5639524301
46693 18.6049959052
46725 15.5324575758
46889 13.3313065498
47082 12.5789331623
47258 11.3297044364
47295 10.7562769564
47384 9.6622245490
47854 8.4441647427
47873 8.0780349418
47986 7.8624951476
48006 4.7226578068
49218 4.2444305588
49334 4.2217047510
49532 4.1321216765
49658 2.4310964531
50779 1.9548842985
50803 1.8031919619
51173 1.6216413574
51570 1.4172843763
52258 1.2419552377
52455 1.0207278525
52941 0.7889610469
53863 0.4260596278
54949 0.4224284526
54957 0.4084177163
55338 0.3595366651
55405 0.2689668804
56147 0.2466183905
56351 0.1950732354
56470 0.1834763688
56694 0.1821093195
56808 0.1510876892
57235 0.1372557856
57511 0.1316857574
57779 0.1314504755
57836 0.1120401236
57973 0.1106947634
58188 0.1021093079
58307 0.0901386787
58572 0.0877778669
58772 0.0869489301
58774 0.0852200560
58887 0.0625769980
59463 0.0621973771
59475 0.0595017829
60070 0.0540659532
60388 0.0464567754
60702 0.0442001989
60986 0.0416157343
61159 0.0356252803
61525 0.0337010113
61921 0.0240670336
63005 0.0226537480
64174 0.0208946799
64403 0.0207737802
64579 0.0201881953
64678 0.0185911484
65314 0.0171488990
66810 0.0170087703
66991 0.0169509864
67183 0.0166563358
67582 0.0163308073
67642 0.0159520825
68343 0.0159258539
68403 0.0158104395
68602 0.0157286896
68762 0.0156974741
68891 0.0156301043
69021 0.0155805140
69175 0.0153070577
70000 0.0153054927
70276 0.0152739471
70318 0.0152631631
70337 0.0152284161
70793 0.0150696747
72090 0.0150210500
72941 0.0150093224
73028 0.0149906085
73230 0.0149892341
73330 0.0149749957
73703 0.0149666675
73850 0.0149544412
74039 0.0149449498
74279 0.0149390249
74652 0.0149365807
74836 0.0149199417
75402 0.0149162378
76034 0.0149061721
76799 0.0149051117
77018 0.0149036466
77320 0.0148996447
77587 0.0148993122
78717 0.0148918436
79892 0.0148916920
80548 0.0148908988
80712 0.0148894252
80818 0.0148880600
81471 0.0148865047
81759 0.0148839655
85323 0.0148757085
89899 0.0148713847
90468 0.0148576919
93982 0.0148117381
97544 0.0147192442
98261 0.0147182726
98362 0.0145157433
100045 0.0145119944
104941 0.0144915919
108021 0.0118905234
110086 0.0114255078
110222 0.0094730545
110946 0.0084039294
111835 0.0075927287
113213 0.0069287950
114118 0.0069247031
114243 0.0056617412
116333 0.0055729342
117525 0.0054885992
117654 0.0053953859
117974 0.0050820844
118895 0.0049350121
119642 0.0045079289
119922 0.0044810597
120060 0.0040677355
120234 0.0039264885
120948 0.0038689665
121019 0.0038186374
121245 0.0038144190
121490 0.0031740033
122399 0.0031573525
122969 0.0026615492
124906 0.0026473320
124915 0.0025173155
126434 0.0023993518
127189 0.0021202375
128493 0.0019448703
128680 0.0019094570
129051 0.0018002615
129316 0.0017955417
129907 0.0017031803
129961 0.0016959729
130313 0.0015986917
131165 0.0015830473
131525 0.0015617331
131636 0.0014521421
132646 0.0014129884
132830 0.0013608669
133751 0.0012234571
134035 0.0011335502
134708 0.0011224535
135524 0.0011058522
136107 0.0010712619
136363 0.0010662709
136367 0.0009991867
137696 0.0009661978
137935 0.0009172718
138599 0.0008287240
139537 0.0007906154
140112 0.0007461823
140234 0.0007156648
140965 0.0006974839
140984 0.0006917363
141491 0.0006732842
141682 0.0006308066
142276 0.0005778579
142603 0.0005613386
143885 0.0005147334
144542 0.0004766521
144999 0.0004717178
145570 0.0004613154
145938 0.0004490673
146237 0.0004232655
147258 0.0003977219
148030 0.0003570512
148598 0.0003494823
149700 0.0002794253
152257 0.0002552130
152757 0.0002519474
153322 0.0002293414
153547 0.0002112173
153945 0.0001926904
154281 0.0001855002
154745 0.0001774470
155902 0.0001768056
156597 0.0001710685
157302 0.0001689561
157691 0.0001598887
157792 0.0001520792
157937 0.0001502030
158816 0.0001413754
158889 0.0001329484
160082 0.0001250204
160643 0.0001196508
161209 0.0001067905
162108 0.0001007076
163182 0.0000848872
164617 0.0000821368
164761 0.0000763438
167133 0.0000748066
167650 0.0000746006
168308 0.0000590036
169832 0.0000589059
170916 0.0000521637
172102 0.0000476979
172557 0.0000457879
173885 0.0000457853
174797 0.0000413770
175123 0.0000384802
175175 0.0000363826
176069 0.0000326850
177505 0.0000325835
178716 0.0000324241
179207 0.0000283679
179647 0.0000277117
179704 0.0000263127
180163 0.0000221585
181712 0.0000215039
182091 0.0000197520
182847 0.0000193449
183361 0.0000190674
183800 0.0000177320
184268 0.0000175927
184479 0.0000118409
186613 0.0000114967
187299 0.0000109624
188133 0.0000107860
188622 0.0000102469
189169 0.0000088996
190936 0.0000082748
191999 0.0000069023
192727 0.0000066660
194214 0.0000062263
194458 0.0000058799
194789 0.0000058724
195081 0.0000051718
195456 0.0000043736
197976 0.0000040083
199297 0.0000036972
199346 0.0000035827
199381 0.0000034275
199965 0.0000032967
200083 0.0000236094
evaluations raw_y
1 2285429795.0405941010
2 1213507817.6115384102
7 677988722.8356949091
8 519987838.9927700162
17 387738979.0906865597
19 375082047.8419661522
31 327259625.7976181507
45 204447039.7069076002
180 144410238.1092545390
522 141747344.5788156986
668 131664977.2017607093
824 127620145.2189933360
825 103603747.6222034097
9062 101250853.8525548279
9138 101246561.8468165100
9582 86528232.9778889418
10500 78112877.3151912093
10857 65033973.4693410844
10891 49731352.1683884263
11752 46954747.2583761737
12196 33561600.7276884317
13016 29570561.5001941323
13138 25718375.6903555281
13201 24504698.5961503424
13591 23375293.0194790699
13783 12692028.9752451461
14506 11117898.8404568750
15414 10612577.4854138680
15833 8097938.7214465709
16287 6440549.2155361129
17023 5236004.4136597198
17308 4864784.3246860150
17440 3132267.1456034109
18355 3114982.6726454729
18663 2323482.2760023177
19188 2083432.8107275439
19552 1484205.1235756930
19729 1450900.9324822396
19880 1440224.6334240448
20326 1140059.9857741215
20521 842541.2036352007
21382 621622.6348173867
21475 572952.0872542151
21902 497499.1713656922
21925 393631.5076385850
22830 365773.0090451144
22927 307166.2616498555
23172 276340.2530318224
23327 244598.4282792767
23443 236484.5599990264
24289 225755.3179697196
24529 118339.2453229239
25149 112501.1350918879
25355 85163.5254481405
25980 81148.0072437206
26490 66675.9325501420
27089 64769.5066731912
27221 63206.8171526560
27465 53401.0375521051
27584 45309.9482034397
27799 37682.1119585598
28360 28914.7550123616
28747 22976.7814343275
29371 21221.2116624144
29455 14688.4830389703
30205 14163.7887926460
30319 10006.7232540924
31308 9401.1762114425
31558 9097.3923403527
31580 6792.6652502244
31818 6298.7035977472
32119 4025.1463714375
33234 3571.0395566346
33634 2498.7664982341
34208 2420.2927088041
34220 2215.6206802359
34608 1917.6294459802
34677 1576.7403561915
35500 916.8993916116
36433 863.3314692017
36646 451.1449900768
38522 426.8356297409
38590 416.7900111261
38923 310.7100414229
38929 247.8442153105
39588 218.3363917198
40162 197.9378126747
40172 185.7079803106
40307 181.4368104467
40552 174.4690154459
40630 167.9592781311
40777 167.3451315604
40850 156.1876649065
41108 130.8724186424
41674 112.6497211774
41873 103.9086056828
41936 98.2358857225
42084 92.4305298495
42179 84.3346637408
42527 72.1557404179
42558 65.2233956367
42849 63.9904968013
42871 57.7452565008
42977 44.8956706395
43225 42.2244640210
43583 39.4886635948
44044 32.9563122942
44352 31.1315652572
44632 24.3628634422
44937 23.9855398469
45008 23.0694172575
45152 21.3132195003
45452 15.5635210634
45856 13.1101293099
46155 11.7823880974
46721 10.3194145018
46935 9.7779150960
47008 6.5076469982
47707 4.1983497533
48516 3.6096880080
49243 3.1807940250
49591 2.8267608640
49673 2.1287233020
50455 2.1124717273
50586 2.0672027373
50610 1.5273114135
51293 1.4311612571
51623 1.1593890531
51662 1.0785833174
52037 0.9005265898
52115 0.8944716315
52664 0.7416109761
53364 0.7403306874
53419 0.7201339239
53556 0.4771395149
53847 0.4088307229
54072 0.3924171874
54488 0.3035033999
54643 0.2576509321
54933 0.2340858810
55309 0.1976986341
55321 0.1906614556
55380 0.1730817625
56094 0.1702998079
56254 0.1426709458
56689 0.1161518919
57100 0.1097223248
57122 0.0887429914
57406 0.0847258600
57524 0.0576967526
57956 0.0448497153
58908 0.0306438390
60309 0.0296161455
60644 0.0284713018
60708 0.0271105413
60803 0.0267761755
60951 0.0266532060
61069 0.0210708034
61392 0.0205120027
61438 0.0181355294
61508 0.0143015762
61814 0.0142611471
62117 0.0136499322
62357 0.0091808123
62795 0.0071325584
63975 0.0065550538
63995 0.0039241956
65685 0.0033512099
66685 0.0031598128
66843 0.0030080593
66871 0.0029521686
66931 0.0026319111
67219 0.0025570955
67493 0.0025569043
67610 0.0024048116
67662 0.0023301892
68321 0.0022229754
69094 0.0021548710
69149 0.0021488086
69159 0.0020866084
69388 0.0020737005
69583 0.0020079817
69808 0.0019773065
70006 0.0019768255
70138 0.0019702225
70277 0.0019213783
70431 0.0018366235
71495 0.0018269296
71585 0.0018033244
71757 0.0017692099
71789 0.0017684339
72925 0.0017630343
72985 0.0017327351
73231 0.0017255253
73340 0.0017160156
73643 0.0017065124
74263 0.0016965437
74283 0.0016956955
74784 0.0016956293
75078 0.0016873863
75518 0.0016867804
75548 0.0016834747
75792 0.0016823340
76200 0.0016820309
76450 0.0016800085
76592 0.0016779590
76629 0.0016753099
76855 0.0016738968
77162 0.0016736637
77281 0.0016704076
77844 0.0016700013
78276 0.0016699336
78445 0.0016691890
78475 0.0016684868
78705 0.0016649447
79526 0.0016631189
80380 0.0016627887
80861 0.0016626600
81361 0.0016625684
81531 0.0016611493
82268 0.0016611368
82937 0.0016610108
83243 0.0016608901
84193 0.0016608558
84260 0.0016607232
84284 0.0016606768
84664 0.0016604800
85306 0.0016602775
86309 0.0016602659
88039 0.0016602469
88501 0.0016602097
90451 0.0016587956
93021 0.0016554193
101259 0.0016426577
102820 0.0016076671
104108 0.0016000136
106976 0.0015826430
107039 0.0015538723
107596 0.0015447222
109879 0.0014518774
111204 0.0014153511
111386 0.0013943612
112593 0.0013514828
112689 0.0011777216
113815 0.0010613108
114429 0.0009082531
116008 0.0008980129
116659 0.0008668640
117197 0.0008330710
118382 0.0007907949
119906 0.0006025536
122855 0.0005880472
123001 0.0005408048
124732 0.0005270051
125421 0.0005239592
125555 0.0005061542
125821 0.0004984195
126124 0.0004899378
126332 0.0004600213
126704 0.0004053382
128444 0.0003744185
128485 0.0003579868
130610 0.0003490710
131149 0.0003446612
131334 0.0003375811
131487 0.0002689752
133417 0.0002060202
135641 0.0001919170
137011 0.0001896361
137170 0.0001789586
137345 0.0001656671
138056 0.0001596353
138627 0.0001577591
138964 0.0001464676
139337 0.0001416206
140621 0.0001383690
140800 0.0001323539
140987 0.0001154974
142063 0.0001112016
142979 0.0001019514
143916 0.0001008966
144031 0.0000930887
144574 0.0000839193
145091 0.0000823622
145664 0.0000743167
146007 0.0000582175
150586 0.0000538390
150801 0.0000457579
153891 0.0000447943
154579 0.0000377322
155330 0.0000354154
155671 0.0000306467
157195 0.0000289867
157710 0.0000252903
158918 0.0000236810
158970 0.0000221478
160225 0.0000214372
160871 0.0000213174
160944 0.0000204303
161096 0.0000197131
161593 0.0000179696
162729 0.0000178703
162997 0.0000161610
163763 0.0000158417
164160 0.0000152275
164229 0.0000151963
164339 0.0000150910
164555 0.0000146860
164877 0.0000113349
165300 0.0000111358
168073 0.0000103543
168709 0.0000102710
168972 0.0000094379
169434 0.0000094324
169593 0.0000085583
170725 0.0000080049
170945 0.0000078878
171224 0.0000058137
174532 0.0000052428
176466 0.0000046415
176819 0.0000043472
177918 0.0000033273
180582 0.0000032188
181374 0.0000030059
181643 0.0000028237
183116 0.0000028083
183290 0.0000028061
183322 0.0000028018
184090 0.0000027457
184391 0.0000026315
184447 0.0000023160
184709 0.0000021536
185422 0.0000019850
186099 0.0000019186
187886 0.0000018774
188308 0.0000016737
188992 0.0000014963
189711 0.0000013696
190694 0.0000011352
191365 0.0000010675
192037 0.0000008697
193152 0.0000008219
194205 0.0000007832
195042 0.0000007213
195523 0.0000006037
196770 0.0000005607
197289 0.0000005144
198266 0.0000004477
198946 0.0000004449
199579 0.0000004139
199996 0.0000003392
200134 0.0000060967
evaluations raw_y
1 4113048347.1024026871
2 639173983.2524546385
8 517993992.4064388871
16 506269504.3519449234
17 249661696.5071086287
51 179817826.4828717411
74 148992865.8779504597
181 91017246.6160822809
325 87924926.4167036414
353 72767508.1500516087
652 64302925.5128723904
677 60140345.7631935403
10134 45311305.0550071150
10911 35007454.7229124531
11114 31535530.3526379466
11651 22792649.9838701338
12670 22294113.5159894228
13158 20739659.2086127661
13218 19210165.8143168986
13499 19007686.5708968937
13774 18151447.8242622390
13803 9860801.5879735164
14526 8618008.9527584501
15853 8081575.1174782338
16003 7586617.6983833462
16307 5841708.0988859674
16647 5253050.6675908454
16677 4606474.8115033293
16868 2867614.2497724672
17329 2647058.8782402715
17460 2568052.4272587947
17831 2296559.4052357916
18068 2202484.3281492251
18537 1857286.4828478498
19367 1846122.6402584999
19445 1525584.2391052586
19572 1194199.8095821938
19900 1145912.9975938292
19956 1121303.1376246817
19968 1015017.2879808601
20090 828291.6887505430
20541 742766.3633740344
20979 733325.1749039374
21075 726709.4367148286
21080 533675.5074262260
21402 494573.5522853443
21495 338580.4990981744
22546 331899.5546139411
22850 186930.0229402350
23916 134341.9920165772
24244 124112.5222784084
24476 120559.4167603278
24549 74092.8793179730
25325 65344.4763982748
25375 60865.4873842960
25637 53674.4832291745
26368 51486.0781975280
26510 47592.9721717228
26573 36413.9140141507
27241 32124.1990036350
27386 29849.1180749500
27624 29052.3222766026
27723 22224.2896949690
27796 22144.7839291231
28394 19563.0552318441
28562 18085.3749953386
28589 16134.6212724786
28767 14138.8903859814
29163 14095.5853140857
29391 11702.4802055692
29475 10658.2658768581
29778 10097.2586109276
29942 9784.8797406764
30118 7548.3152552782
30339 6250.5490843505
31130 5927.9868589865
31328 5005.4105457517
31633 4739.5560338887
31838 3228.5034159280
32655 3157.0946402595
32681 2709.7084746118
32880 2303.4951862664
33175 2104.2514101397
33538 2064.4696949177
33816 1662.8350819384
34110 1656.5611787343
34285 1486.8408635040
34628 1308.4714542874
34807 1242.4743467567
34954 1199.2471109324
35249 951.9713311654
35758 906.4343154808
35933 699.5651091954
36347 668.5022538856
36666 562.8431194771
36824 483.4743731170
37486 312.5824182606
38333 271.8511590354
38610 259.5038633098
38664 236.0671082404
39047 194.7245704736
39052 193.3709306088
39933 181.1301966696
40134 180.3099796860
40182 169.9240226318
40298 154.5665189240
40327 106.9843823979
40870 81.3086124402
42015 77.9855325750
42030 76.7975780222
42161 61.4189686834
42199 56.6744127076
42545 55.2963072979
42578 47.2089557598
42701 42.7539828331
42997 41.4458805796
43508 37.8100240223
43531 36.5837278520
43539 25.3949545269
44053 23.4457080969
44471 19.3559070240
44710 18.2610039813
45143 15.0153702796
45469 13.8293077774
45472 11.0011696832
46175 7.5401969655
46855 5.9224845748
47740 5.7981902955
47870 3.9294231271
48451 3.6126946171
48536 2.9291477806
48545 2.4255590387
49693 2.1281118687
50083 1.7841945049
50631 1.6019742392
50783 1.0250319047
51567 0.9778439508
51682 0.8650890439
51722 0.8363296079
52135 0.5349626440
52668 0.4539697421
53576 0.3846707882
53830 0.3567829353
53867 0.3236974685
54048 0.2845844750
54474 0.2681630522
54953 0.2113466346
55329 0.1346457031
56494 0.1010976125
57426 0.0956436502
57544 0.0942566855
57723 0.0923680492
57976 0.0647835667
58928 0.0646907260
60173 0.0586173467
60554 0.0576273175
61442 0.0520121358
62137 0.0514336816
62254 0.0504254547
62490 0.0504243771
62619 0.0502434400
62815 0.0482162923
62871 0.0479209961
62904 0.0479136273
63009 0.0472525048
63764 0.0469392085
63958 0.0468772850
63979 0.0451432211
64015 0.0443069534
64735 0.0441358985
64864 0.0439402668
64927 0.0436737202
65315 0.0434179354
65705 0.0432906149
66804 0.0432769523
66995 0.0431902198
67211 0.0430883673
67265 0.0429603928
67482 0.0426853428
68408 0.0426639732
68445 0.0425500916
69114 0.0425373717
69179 0.0424399985
69828 0.0423887545
70451 0.0422876375
71029 0.0422765489
71557 0.0422628066
71777 0.0422559451
72114 0.0422216177
73663 0.0421831113
74283 0.0421703085
75568 0.0421675031
76132 0.0421659320
76220 0.0421592032
76596 0.0421527320
77864 0.0421493245
79546 0.0421473210
80549 0.0421460248
82177 0.0421452036
82837 0.0421409390
82844 0.0421375126
85847 0.0420821942
88194 0.0420761988
92178 0.0417897899
95084 0.0414724458
95722 0.0406820214
98689 0.0405195518
103125 0.0398622204
104868 0.0393223063
105753 0.0390292563
105902 0.0386941713
105925 0.0386059736
106068 0.0380875324
106092 0.0375659497
106179 0.0369341721
106422 0.0360562142
106582 0.0300460110
107440 0.0296882486
107662 0.0266482101
108092 0.0257187152
109563 0.0224607069
111361 0.0200219911
111454 0.0195275754
112401 0.0192878892
112912 0.0142568076
114247 0.0134571346
114615 0.0126454582
115663 0.0122876066
116217 0.0114095920
116729 0.0111879007
116964 0.0105601228
116991 0.0099781012
117217 0.0087398472
117998 0.0086898325
118423 0.0082943415
118575 0.0077419792
119541 0.0061628163
121183 0.0055518376
122131 0.0053840068
122305 0.0053408138
122992 0.0051531651
123267 0.0044311260
124615 0.0042787977
125484 0.0036867450
129108 0.0036309049
129263 0.0035100436
129431 0.0031204228
130974 0.0030328827
131419 0.0030299133
131534 0.0027653555
131814 0.0026887238
131835 0.0026302244
132087 0.0024339130
132296 0.0023816864
132903 0.0023587577
133317 0.0021785281
133887 0.0021653462
134158 0.0021257210
135372 0.0020668238
136266 0.0020334275
136268 0.0019696697
137214 0.0019535342
137689 0.0019372880
137725 0.0018414390
137798 0.0017298268
138605 0.0015782684
138835 0.0015581307
138943 0.0014920127
139135 0.0013958653
139769 0.0013045462
141255 0.0012853967
141280 0.0012232460
141673 0.0011696136
143767 0.0009186243
146500 0.0008962351
146814 0.0008736222
147101 0.0008309816
147318 0.0008078133
147423 0.0007120871
148687 0.0006342776
151794 0.0006276423
152670 0.0005520026
152848 0.0005467998
153195 0.0005157922
153972 0.0004876987
155294 0.0004719734
155333 0.0004690673
156246 0.0004690537
156320 0.0004647398
156512 0.0004442298
157045 0.0004316387
157107 0.0004101604
157593 0.0003623676
159062 0.0003406303
159799 0.0003288468
162407 0.0003223090
163052 0.0002826309
163252 0.0002427217
165124 0.0002324520
166205 0.0002241116
167000 0.0002129853
167771 0.0002047699
168940 0.0001979932
169343 0.0001869868
169579 0.0001754376
169618 0.0001390370
173598 0.0001109287
176526 0.0001013148
178273 0.0000997793
178412 0.0000991907
178413 0.0000907468
180275 0.0000785454
180337 0.0000743756
181527 0.0000710484
182304 0.0000703497
182554 0.0000698845
182783 0.0000685220
182949 0.0000601630
184806 0.0000590141
184882 0.0000541267
185053 0.0000497684
186455 0.0000425956
188468 0.0000396014
189259 0.0000371970
189555 0.0000331774
191220 0.0000276736
193609 0.0000250108
194835 0.0000236745
196374 0.0000187579
197964 0.0000175051
198385 0.0000173643
199333 0.0000164691
200011 0.0000147893
200140 0.0002154845
evaluations raw_y
1 3877524393.8820428848
4 2935837785.0864086151
9 1494509541.6278295517
13 1333422412.1319777966
17 697638381.4381424189
57 687050538.7880787849
64 485511456.9973203540
131 236692933.9339817762
348 148534813.1402840018
501 117156540.9433804005
521 80326910.1430121511
200121 -nan
evaluations raw_y
1 3038722548.1363267899
2 1944240878.9434120655
3 1244218473.4878423214
4 863137984.1014231443
19 766783881.2743377686
24 680026224.9298810959
31 620668624.2165147066
32 383306755.4534582496
83 319224254.0115607977
140 280944970.7725304365
157 246934325.7576745152
254 244714713.8068787158
278 213660880.7968731523
306 192844723.8127642274
322 144996599.9986369908
493 128071186.1792734414
552 118363229.6041933149
615 76809290.3697821051
20545 66385599.1891536713
20759 65797936.8518635631
20810 63572512.2449603826
20837 56922730.5543872416
20914 53457871.0152359456
21528 53182073.9139422476
21538 50274783.3064470962
21576 33863247.3775024414
22146 21630729.2418523878
23213 21321000.4188191555
23265 19001030.6444392465
23679 18768494.9354746006
24091 15980562.4804730546
24268 15312357.3990136646
24457 14222428.5267328434
24536 12261689.7816925161
24847 10600813.7669684831
25618 10242356.5483645834
25701 10073248.5027775019
25727 8066672.6974745300
25731 7107289.9559240285
25981 6697294.3417877732
26336 6659970.0558553226
26654 4691642.5767681114
27067 4128411.9767018664
27796 3116856.6425102735
28008 3082209.2380096759
28029 2693248.1700634952
28367 2618129.9681114545
28523 2512017.6451522559
28748 1557741.8589606448
29758 1438167.6304639068
30083 1308714.7311239541
30721 841448.9747639046
31311 814185.9105524988
31350 749502.5483716696
31501 663743.3192077242
31619 449800.1324052908
31700 389795.4062860155
33348 351542.6842082725
33377 327640.0395941098
33462 304651.1322768136
33641 301084.3319055072
33715 296075.2275461568
34112 291101.4501582249
34178 232696.7842913310
34355 187596.2360359574
35692 181200.0181386379
35783 157129.3928367663
36098 152800.2523270966
36398 108565.5187302340
37356 91951.9801486428
37511 73980.9856196576
38348 69853.7506718659
38507 55482.2225017277
38802 51969.7672504545
39245 45744.2893863012
39589 29119.4109503787
40373 24213.3297069000
40486 17941.3428955194
41543 17613.8667327977
41822 16042.9102994351
42464 11009.2609305191
42744 10893.7095840331
42816 10279.4428513964
43310 8917.7139342218
43570 7521.1376596381
43921 3670.1225958632
45362 3612.3662448213
45976 2207.8597522395
46721 2146.8072167376
46737 1830.4547984994
46843 1695.5529957987
47242 1559.5265577924
47276 1220.7715901191
48204 1090.5223468935
48286 524.4476551073
49642 397.6140714667
50175 378.0956925659
50476 373.6975521495
50611 305.6991812878
50763 242.3129787058
51157 240.5358663385
51533 194.7142044534
52242 187.3589860547
52439 173.8275194287
52790 171.6636042517
52925 153.3691013982
53254 149.3863086359
53311 137.5964703764
53522 136.8502756655
53542 111.6186630307
53847 68.8408934596
54933 60.6603874144
55057 44.0543483789
55389 31.5908662255
56131 25.9442199521
56792 25.7687828453
57219 20.7157926553
57901 19.1384025155
57988 18.1230869557
58313 16.2389807423
58549 14.4063833057
58804 14.2305800117
58871 13.7082159940
58909 9.8047946225
59541 9.5220544723
59997 8.6642621829
60054 8.1120314996
60071 7.1802152958
60082 4.4667447920
60707 4.2438628628
61905 1.8051389345
62989 1.8002290247
63830 1.7648660750
63936 1.6224610921
64158 1.3551440987
64563 1.2022904529
64662 0.9374237315
65130 0.8980831877
65298 0.5606020943
66794 0.4955550970
67411 0.4129897260
67642 0.4090127021
68007 0.3596116386
68322 0.3489003012
68328 0.3445730711
68387 0.2860484827
69159 0.2513899565
70302 0.2455717768
70472 0.2431931660
70777 0.2012157701
71604 0.2002051876
72443 0.1985308725
72505 0.1902243130
72762 0.1871198792
72903 0.1815228113
73048 0.1813519380
73741 0.1813357746
73817 0.1796786734
73927 0.1786996303
73985 0.1728162574
74023 0.1715166163
74230 0.1700582533
74263 0.1652218532
75386 0.1629061584
75536 0.1627625352
76018 0.1625203705
76128 0.1612239417
76718 0.1611148160
76739 0.1599000329
77164 0.1596032131
77386 0.1595707816
77401 0.1582062549
77571 0.1573471940
78136 0.1568170863
78524 0.1563679111
78701 0.1561679188
78837 0.1559271718
79161 0.1558997735
79595 0.1558695814
79656 0.1558393417
79841 0.1558247852
80034 0.1556822684
80104 0.1554092421
80449 0.1553766774
80532 0.1553646630
80898 0.1552380344
81128 0.1551638638
81149 0.1550191435
81212 0.1549957631
81241 0.1549845312
81455 0.1548701578
81543 0.1548646181
82589 0.1548541082
82715 0.1546963503
83031 0.1546290024
83659 0.1545696581
83934 0.1545429916
83943 0.1544738317
84383 0.1544612498
85307 0.1543757136
88015 0.1543522411
88072 0.1543469103
91108 0.1543415368
93010 0.1543049763
93357 0.1542504005
93640 0.1541724621
103713 0.1518940438
104813 0.1506405853
105405 0.1491634212
107874 0.1472885794
108012 0.1472750063
108723 0.1424228600
111393 0.1399183700
111614 0.1384908855
111854 0.1358148218
111871 0.1338701729
112029 0.1302132946
114227 0.1267522323
114634 0.1265094135
115706 0.1247293327
115851 0.1207408474
116116 0.1152426853
116743 0.1145426114
117290 0.1140218368
117319 0.1134963894
117508 0.1113697275
117739 0.1112672555
118053 0.1018449617
118536 0.0969736690
119521 0.0949365981
121040 0.0887617715
124573 0.0865967286
124633 0.0787795343
125901 0.0787084068
126068 0.0779057656
126392 0.0739987679
126865 0.0725185958
126881 0.0715718080
127173 0.0695803251
127953 0.0692435007
128254 0.0658360154
129645 0.0644695928
129712 0.0627589490
129726 0.0618957010
130801 0.0553836210
132906 0.0547565025
132963 0.0534524124
133104 0.0517258999
133820 0.0515118031
134652 0.0513738833
134657 0.0499206159
134886 0.0443532424
135378 0.0422275188
136835 0.0409244794
138583 0.0387036029
138969 0.0381060974
139145 0.0352477308
140198 0.0349036038
140482 0.0340154319
140822 0.0324402785
141783 0.0316834784
142215 0.0311941283
142758 0.0250865941
144425 0.0225053601
147209 0.0213338781
147378 0.0213336809
147532 0.0209054186
147594 0.0185091844
148808 0.0171957629
148865 0.0171522716
150284 0.0166613938
151704 0.0162157926
152192 0.0141137921
152241 0.0119504911
156796 0.0102499438
157375 0.0099587216
158638 0.0091902469
158681 0.0084801447
159838 0.0082663346
160483 0.0078612373
160975 0.0073358514
161287 0.0072741347
161401 0.0066765242
162600 0.0064379822
164525 0.0060338368
164863 0.0059407905
165069 0.0058648342
166400 0.0054146485
166656 0.0052963213
167021 0.0052841096
168658 0.0050634777
168905 0.0047440532
168953 0.0046153617
169274 0.0045263977
169866 0.0039865734
171177 0.0039705157
171509 0.0039558168
171833 0.0039282148
172069 0.0039090532
172323 0.0038951889
172732 0.0038475045
173095 0.0038468244
173696 0.0034547525
174709 0.0031801605
175108 0.0030381917
176137 0.0027909695
176317 0.0025859273
179091 0.0021872591
180458 0.0021493004
181614 0.0019711490
183815 0.0018028137
185245 0.0016875789
185731 0.0015105590
185850 0.0014648883
186258 0.0014470376
187109 0.0014371543
187996 0.0014261905
188355 0.0012854295
189800 0.0012773895
190210 0.0011954185
190760 0.0011875162
191193 0.0011588082
191624 0.0011132093
192156 0.0010606159
193385 0.0010524752
193665 0.0010087993
193925 0.0009796914
193951 0.0009308047
194571 0.0009152065
195447 0.0008904885
195809 0.0008266340
196001 0.0008068168
196409 0.0007601792
197467 0.0007141972
198554 0.0007099485
198970 0.0007064949
199198 0.0006846442
199681 0.0005832775
200128 0.0036535943
evaluations raw_y
1 1045696906.2618865967
7 824296826.3919466734
11 503838093.2285561562
32 436389955.8531626463
33 413100675.6274635196
85 399286202.6688237190
121 381488469.6016653776
134 365194104.1858150959
136 355427337.8970941901
188 351226443.4540135264
190 343303398.2366313934
209 269711870.2054315209
382 235082243.8297141790
494 183112903.5959010422
507 160374269.9026626647
542 155469141.4770838618
681 154163792.7231825590
840 136293776.3667495847
12302 122029704.8357595652
12659 113835707.2001458555
12735 112779281.9034433514
12758 106921204.9624026120
13167 97474873.2722333819
14093 47399902.8136132732
15247 44020532.7860929891
15298 38252899.4758571386
15796 30752383.1658995822
16434 30251645.4368312657
16476 27351750.6515977569
16555 27278333.2138739340
16734 27263571.2958677933
16982 24635879.6001366302
17017 24451818.2930047736
17103 24095069.9254307933
17120 21112932.2306614146
17354 14636862.5059198420
17893 13998805.6092809886
17975 12569987.4495736696
18749 11350879.0759753250
18772 10889839.7657308411
18887 9062572.4510178193
19174 8202006.4401700972
19278 5266989.1551485034
20316 4977889.1492761597
20544 4730997.5606327699
20734 2991785.5480087232
21675 2588690.6255338560
21800 2553681.8697577487
21917 2527036.9497084748
22053 2176898.2989113275
22405 2021661.6002303078
22435 1501882.7145459685
22787 1380880.4440868602
23277 1326562.3592195825
23372 1122149.7679076912
23495 1111487.3183858488
23849 1083442.0374373412
23932 953881.1544460310
24083 641785.6333419683
24493 584626.4888423112
25257 565417.7235680671
25269 496256.0191980251
25329 460486.2285426413
25377 368661.2259558891
25466 253290.3469791712
26188 227325.2158185815
26968 170896.3923028189
27396 168731.9752008517
27429 152942.9291358851
28079 132800.4624375830
28292 88885.6939760185
28887 86235.3440651261
29082 81413.5181208047
29463 63834.8818840420
30077 55831.6806064087
30325 52807.5234397352
30689 51583.5351527859
30754 50721.2861122432
30874 33419.3370141917
31203 32577.0877048385
32043 29015.4470468712
32139 25983.6740821167
32185 23379.0835903654
32283 22471.9064109156
32555 21930.6016054695
32567 15721.2571521778
33585 14322.9965972628
34052 13901.3383934131
34068 10933.2235204279
34405 9893.0747899270
34421 9363.1169390803
34815 9005.1998079344
35005 6798.3249925265
35546 5503.4989351141
35788 5096.7885276805
35924 4697.0123558569
36299 3886.5517393344
36450 3739.2173997457
36792 3667.6250582898
37017 3239.0991169466
37049 3039.5375767304
37570 2813.3465082063
37852 2782.9679036558
38008 2682.6805479012
38298 1962.2106913704
38623 1584.5427155367
38984 1451.4529584613
39066 1221.4673921924
39672 1204.7591212253
39748 1027.4598317334
40012 851.6663178898
40226 758.5317079632
40562 754.0207164685
40927 614.8427577429
41757 460.7770057720
42176 427.5180442484
42205 372.9459864770
42354 324.1560598442
43104 265.3390292326
43244 262.1546597202
43865 220.4008550831
44116 219.4405819740
44285 207.1073731981
44428 206.9223012281
44640 188.6848043759
44680 167.3789838952
44768 118.2113154439
44901 97.8841266889
44963 92.3418438222
46014 87.6310707741
46132 79.1236452987
46226 49.6251140199
47144 29.3928090860
48644 24.8937850689
48703 21.4269817443
48711 20.8555976409
49345 15.5674534224
49391 15.4632083853
49550 14.4106557157
49826 11.7277798378
50501 10.7884793545
50680 9.7571529674
50715 9.4534984661
51187 8.0936953762
51215 7.6080026139
51370 7.6022706016
51719 5.8329032445
52114 5.7193893545
52121 4.6150666181
52735 4.5437313417
52738 4.2445496078
52988 3.8079032363
53001 3.3372688871
53025 3.2764834157
53191 3.2161597426
53405 2.6769668692
53421 2.2561799829
54097 2.0485484476
54232 2.0077561325
54469 1.9900771231
54543 1.6120348848
54546 1.5723422903
54686 1.4453472151
54725 1.3512139304
55067 1.2381610028
55190 1.1103966041
55337 1.1060756040
55359 0.9124895275
55861 0.6621841010
56331 0.6451781197
56536 0.5909291876
57016 0.4860766324
57396 0.4328928204
57398 0.4101903500
57451 0.3510121218
57491 0.3488638201
58033 0.3325664721
58553 0.3154062274
58590 0.3130480159
58614 0.2947425153
58758 0.2334945349
58857 0.2044406606
59661 0.1884950460
59849 0.1789569229
59894 0.1493263542
59993 0.0799629023
60447 0.0754742363
60494 0.0502744447
62247 0.0363087934
63019 0.0329230059
63189 0.0312541361
63255 0.0304391737
63276 0.0288676462
63389 0.0254639181
63747 0.0252765913
63949 0.0206702822
64400 0.0201782058
64432 0.0161044869
64651 0.0127764417
65592 0.0123889836
65702 0.0093020402
66166 0.0091407337
66329 0.0067738973
66809 0.0056034104
67251 0.0039357201
67307 0.0038944046
67900 0.0034515495
68636 0.0033024801
68663 0.0026214634
69395 0.0025364652
69438 0.0024588291
69445 0.0019919450
69639 0.0018477421
69857 0.0017561308
70101 0.0016974123
70290 0.0015372250
70354 0.0014055314
70882 0.0012985544
71038 0.0011982496
71090 0.0009698787
71931 0.0009489835
72135 0.0009421430
72212 0.0007328997
72420 0.0007001323
72782 0.0006942541
72828 0.0006923849
72950 0.0006847794
72968 0.0006603296
73201 0.0006413339
73310 0.0006359390
73372 0.0005844001
73464 0.0005311539
73525 0.0004414069
73622 0.0004136304
73849 0.0003731210
74335 0.0003595884
74514 0.0003518167
74645 0.0003264221
74867 0.0003233497
74899 0.0002828199
75465 0.0002807849
75466 0.0002239786
75849 0.0002232316
75999 0.0001774003
77022 0.0001675830
77716 0.0001652238
78151 0.0001583868
78185 0.0001524905
78567 0.0001497537
78589 0.0001466423
78612 0.0001454931
79227 0.0001412295
79416 0.0001392988
79491 0.0001381321
79628 0.0001356336
79759 0.0001332591
80475 0.0001317857
80494 0.0001244209
80975 0.0001221311
82738 0.0001218926
82939 0.0001215406
83047 0.0001211020
83102 0.0001207832
83296 0.0001206930
83352 0.0001203023
83485 0.0001202879
83573 0.0001201946
83631 0.0001198253
83882 0.0001181272
84272 0.0001175844
85385 0.0001169408
86890 0.0001169346
87124 0.0001168229
87236 0.0001167597
87393 0.0001166421
87467 0.0001166249
87995 0.0001165060
88021 0.0001164028
88797 0.0001163553
89174 0.0001163038
90286 0.0001161992
91095 0.0001161955
91566 0.0001161915
91733 0.0001161776
92457 0.0001161749
92621 0.0001161569
93515 0.0001161538
94193 0.0001161530
94647 0.0001161400
94966 0.0001161284
96562 0.0001161223
96702 0.0001160963
97931 0.0001160205
105484 0.0001158886
106102 0.0001152956
109387 0.0001127930
114148 0.0001102387
116262 0.0000958079
118521 0.0000916946
119165 0.0000899132
119266 0.0000791885
119770 0.0000722928
120319 0.0000719862
120408 0.0000637960
121413 0.0000632174
121524 0.0000576360
121853 0.0000549525
122065 0.0000546199
122428 0.0000517122
122475 0.0000496685
123026 0.0000476260
123123 0.0000442380
123540 0.0000433658
123570 0.0000340723
125850 0.0000331017
126150 0.0000313145
126492 0.0000288695
126919 0.0000254776
127032 0.0000229896
128405 0.0000228027
128560 0.0000157582
130795 0.0000155294
130848 0.0000135459
132574 0.0000131392
132670 0.0000131262
132701 0.0000123019
132865 0.0000115860
133409 0.0000097092
134882 0.0000094499
135299 0.0000093231
135448 0.0000082732
136533 0.0000066201
136628 0.0000060332
137023 0.0000058998
137797 0.0000056125
138587 0.0000055150
138705 0.0000054870
138712 0.0000053624
138736 0.0000050468
138745 0.0000041351
139771 0.0000033218
140923 0.0000028978
141977 0.0000021384
144013 0.0000019130
145613 0.0000011805
148492 0.0000011524
148896 0.0000008653
149614 0.0000008530
150557 0.0000007547
150959 0.0000007151
151212 0.0000007044
152036 0.0000006700
152039 0.0000006613
152061 0.0000006415
152175 0.0000006032
152772 0.0000005515
153264 0.0000004997
153714 0.0000004945
153824 0.0000004696
154281 0.0000004398
154304 0.0000004374
154871 0.0000004225
154999 0.0000003347
155425 0.0000003171
156092 0.0000003145
156093 0.0000003140
156144 0.0000002616
156626 0.0000002489
156644 0.0000002024
157596 0.0000001887
157879 0.0000001830
158912 0.0000001512
159816 0.0000001174
161020 0.0000001117
162048 0.0000000993
162711 0.0000000906
162878 0.0000000665
164088 0.0000000628
164302 0.0000000594
164393 0.0000000515
164705 0.0000000341
166040 0.0000000340
166173 0.0000000312
166336 0.0000000309
166702 0.0000000261
167614 0.0000000229
167640 0.0000000202
168143 0.0000000192
168690 0.0000000178
168875 0.0000000119
170170 0.0000000116
170712 0.0000000114
171457 0.0000000088
172152 0.0000000056
173877 0.0000000051
174577 0.0000000047
174929 0.0000000044
175504 0.0000000030
176480 0.0000000030
176540 0.0000000023
177662 0.0000000018
179327 0.0000000017
179555 0.0000000013
181065 0.0000000010
181160 0.0000000009
181622 0.0000000008
181781 0.0000000008
182377 0.0000000004
184691 0.0000000003
186109 0.0000000003
186311 0.0000000003
186721 0.0000000002
186990 0.0000000002
187033 0.0000000002
187488 0.0000000002
188493 0.0000000002
188543 0.0000000002
188728 0.0000000001
190648 0.0000000001
190932 0.0000000001
191097 0.0000000001
191390 0.0000000001
191606 0.0000000001
191800 0.0000000001
192304 0.0000000001
192652 0.0000000000
192928 0.0000000000
194026 0.0000000000
194135 0.0000000000
194606 0.0000000000
195627 0.0000000000
195839 0.0000000000
196457 0.0000000000
196471 0.0000000000
196489 0.0000000000
197721 0.0000000000
197806 0.0000000000
198082 0.0000000000
198834 0.0000000000
198910 0.0000000000
199125 0.0000000000
199904 0.0000000000
200032 0.0000000000
evaluations raw_y
1 877265044.8791797161
3 481524445.9352592230
7 403782352.7124881744
14 342329382.4525279999
28 248219035.6560687423
51 205590473.5378546417
371 191406773.9991891682
478 184521827.3550680280
490 172803770.1460424960
508 163047553.1338282824
518 132370822.8084293306
619 115951659.9012449980
820 89476586.3771257699
9359 75609715.3685955554
9518 67950326.6880144626
10861 67551545.2746812850
10948 65397549.7882164493
10964 63149564.0206437334
11049 45293248.1136930063
11108 39411677.4179264829
11400 32430213.6284400150
12252 31356437.9988002814
12405 31347594.4320038967
12567 25580803.2905194014
12642 22412536.7136657722
12659 14842477.0663198102
13015 10986481.1760899480
14270 10975350.4763455931
14568 10357464.4848973211
14785 6635018.4228887726
15644 5332510.9501086529
16398 5251219.8656339040
16483 3315266.9246305423
17444 3196057.5768648852
17468 3178505.8198280432
17729 3093058.8676823941
17919 2335352.6721321698
18578 2249103.0433730371
18765 1523918.0040970098
18994 915619.3008899706
20062 887280.6816542437
20136 615150.2055658349
20410 595676.7800679951
20841 513052.5924408216
21479 508504.1455334832
21483 487541.2908894075
21808 404245.2254991301
22150 317514.1215796456
22386 242535.0119969935
23121 204935.7455674431
23507 200501.9255558788
23619 192212.4437697231
23655 160110.9224099645
24012 148363.5754091367
24095 130130.5661483181
24285 121226.1096941742
24614 112896.2786352672
24832 104922.6416377706
25015 100173.2822633785
25274 92597.3847106866
25315 80620.9007368893
25735 71666.4143623056
25831 62377.2734828327
25984 56089.7695728879
26243 54369.8261448980
26494 37152.1661964034
27214 35510.2314673051
27370 31813.6708016010
27780 29259.0312619719
27934 24252.1354505044
28059 23327.2311014651
28374 19240.3793610077
28752 14296.9824070135
29474 11277.6369337341
29807 11105.4143703702
29938 10943.3064346574
30087 10504.5585514342
30429 9616.4549038530
30443 8834.5961349544
30725 4389.7408957730
32094 3797.5535838175
32342 3433.0473045540
32439 3236.5058143105
32563 2479.0049722210
32878 2245.6310992664
33466 1753.8223675924
33477 1620.0338135213
33719 1456.5053159624
34790 1279.3840244082
35024 1225.1445346177
35172 1041.7937475062
35504 1009.0490119209
35787 854.1246790213
35917 511.8381573627
36808 405.1738542671
37391 375.3745452447
37762 320.6325273465
37918 298.4628617037
38039 157.0468805145
38806 133.5002779688
38932 126.2112963747
39036 97.6550672576
40840 82.6317582316
41095 62.7172438514
41713 58.2205372731
42030 42.2104007327
42688 33.1981817008
42748 29.1912883111
42981 28.4299472759
43430 26.0815629492
43587 19.4660852289
43925 17.2885750033
44037 16.3465971251
45085 15.1193883916
45111 12.2499754627
45284 11.9139642838
45453 11.6627531062
45456 9.0235331184
46159 7.0597004171
46808 6.1036720942
47098 5.4818534181
47402 5.0876533708
47625 4.8168402659
47657 4.7854246018
47718 4.2032058721
47732 3.5496336037
47867 3.1200185922
48290 2.8926339957
48297 2.8491685996
48382 2.4959494069
48520 2.0122977854
49173 1.8746855151
49356 1.8278819364
49602 1.5696173488
49646 1.3915794141
50767 0.8884938768
52453 0.8349260936
52929 0.7954385218
53495 0.7757140426
53560 0.7187386438
53851 0.6749974453
54252 0.6596908336
54357 0.6594614614
54459 0.6587790219
54877 0.6488966288
54937 0.6424966449
54958 0.6202445202
55309 0.6150771720
55325 0.5837279984
55721 0.5719705912
56135 0.5669424839
56796 0.5603265102
57126 0.5430951014
57223 0.5349903964
57528 0.5299274933
57960 0.5200750972
59340 0.5189242153
59709 0.5167744910
59748 0.5137114889
60054 0.5124803229
60086 0.5035718658
61426 0.5018354434
61909 0.4989372649
62939 0.4978049246
63299 0.4975407939
63614 0.4973763677
63834 0.4958368717
63999 0.4957733772
64567 0.4956313412
64696 0.4953848329
64911 0.4951719504
65133 0.4946078157
65302 0.4941727622
65919 0.4940818409
66143 0.4938469024
66506 0.4938273239
66676 0.4937848644
66798 0.4935983325
67171 0.4935378549
67572 0.4935085718
67614 0.4934523858
67935 0.4934327400
68520 0.4934159784
68760 0.4933803244
68831 0.4933333948
69007 0.4933124334
69163 0.4931488599
69586 0.4931362002
69812 0.4931028446
69988 0.4930555002
70804 0.4929548083
72397 0.4929464307
72590 0.4928436535
73070 0.4927816850
75084 0.4927423059
75390 0.4927043923
75499 0.4926847026
78528 0.4926675690
81169 0.4923047376
81551 0.4919431848
83947 0.4911178624
87020 0.4887787966
91542 0.4702696926
96360 0.4641425764
97498 0.4381728687
97502 0.4333974578
97982 0.4210328141
98736 0.4140892053
99713 0.4055887025
100004 0.3982416928
100160 0.3707708763
100884 0.3400723601
101389 0.3359490803
101958 0.3334647309
103060 0.3171035745
103226 0.3126460035
103894 0.2950083762
104021 0.2822973600
106659 0.2569026122
107219 0.2549796855
107624 0.2478174431
107669 0.2154393118
108092 0.2091329830
109592 0.1930784108
110143 0.1920078271
110956 0.1914024009
111111 0.1862475639
111460 0.1843147713
111618 0.1621744355
113754 0.1602786345
114509 0.1537513721
114638 0.1369152963
115014 0.1335952098
116820 0.1328319249
117854 0.1280429351
118273 0.1278109514
118464 0.1229982309
118511 0.1114553456
119265 0.1108500915
119768 0.1048340212
120608 0.0981796932
120807 0.0967501420
120867 0.0842258764
121147 0.0753051451
122732 0.0671715670
122919 0.0604203659
125284 0.0587483117
125557 0.0575721266
125729 0.0574251509
126471 0.0514289724
127386 0.0497087208
127626 0.0487358930
127655 0.0482725804
128082 0.0466684983
128109 0.0448050893
128571 0.0438424712
129800 0.0429267268
130267 0.0426219644
130348 0.0422568960
130423 0.0413387514
130890 0.0410071247
130958 0.0377075412
130991 0.0334897433
132511 0.0334831867
132741 0.0318256309
133402 0.0301937227
133812 0.0297582269
133871 0.0274062601
134270 0.0263649561
135477 0.0260915503
135527 0.0260695896
135882 0.0258759860
135912 0.0232310908
136583 0.0190248892
137155 0.0188763797
137761 0.0180789281
138413 0.0166534662
141099 0.0164072913
141149 0.0157948880
141490 0.0153394179
141654 0.0147615114
142025 0.0142510169
143248 0.0128595582
143772 0.0128245574
144463 0.0114429341
144888 0.0097376618
146534 0.0086999042
147216 0.0075709836
149341 0.0074951894
150495 0.0074532854
150596 0.0060502615
151599 0.0060333603
152826 0.0054846754
153169 0.0053251069
153310 0.0046386227
156388 0.0045364653
156889 0.0038937479
158703 0.0035075430
159207 0.0033982170
159234 0.0029266296
160413 0.0028884402
160910 0.0028311413
161592 0.0025430894
161763 0.0021090889
163047 0.0019729193
164432 0.0018819818
166076 0.0018029569
166426 0.0017250060
166713 0.0015087435
167750 0.0014144955
168541 0.0013890359
168623 0.0013538092
169117 0.0013426292
169418 0.0012449315
170293 0.0012414648
170524 0.0011775511
170560 0.0009803063
171352 0.0009763860
171713 0.0009487363
172116 0.0009337006
172366 0.0009179099
172483 0.0008812042
173281 0.0008709162
173624 0.0008272243
173879 0.0007913195
175602 0.0007272890
176352 0.0005818001
177742 0.0005640216
177857 0.0004491861
180682 0.0004194037
181769 0.0003058990
185138 0.0002640853
186424 0.0002484829
187512 0.0002426826
188193 0.0002243871
188712 0.0002233220
188893 0.0001793369
190467 0.0001723616
191083 0.0001412351
193294 0.0001359589
193516 0.0001345545
193535 0.0001282490
193748 0.0001255285
194012 0.0001252363
194598 0.0001248855
194785 0.0001173099
195113 0.0001113443
195576 0.0001090841
195906 0.0000938673
197235 0.0000928357
198089 0.0000920255
198219 0.0000763216
199262 0.0000730398
199529 0.0000717432
199585 0.0000671756
200136 0.0004171666
