evaluations raw_y
1 68886262.3557882607
4 57066978.1059939638
5 35502197.9373466671
8 11049352.3909951672
51 8963159.4778480306
114 8098617.0187429897
254 6405781.5791273359
291 5913004.2400622787
587 5065198.9628066225
752 4800900.4454280064
1050 3612002.5092466250
1244 3492378.7558238576
2597 3420361.3466240130
2644 2959734.5474515446
8229 2362270.2739094552
17791 1736029.7406438377
25556 1563579.4729496760
33224 1443658.7721422736
33277 1363924.8542075981
35264 1210518.9563729602
42883 1044440.9269691036
49057 933980.0289513397
50078 885698.4809765806
53307 565753.1619129434
56576 429077.6797084364
56744 410055.8352502419
62912 368233.8422249280
69306 351404.6873919275
70202 310826.1055473725
72205 217178.7622392550
92299 210357.9441115596
92922 187445.5404990248
94122 181495.6329815357
97426 144104.3493752910
107642 140127.3454237652
110369 123215.6176632732
117184 122618.7538178274
117837 109431.0496685733
122318 82837.0982310611
128757 60528.9151946240
147844 49724.6360037447
154361 47295.5039777642
155089 43909.3486921076
164361 40515.5331389626
164448 32884.6671053926
173577 29082.7623205682
175970 25255.1933051280
176885 25044.2095967526
192169 22762.7564696490
195918 22087.2004444624
202426 18939.0427326072
211225 18629.1231595375
216742 15981.6754620491
219966 15652.0262526739
226342 12218.2499857766
227519 7435.0543038545
244883 7425.3856623443
248110 7145.9128310614
254064 6507.9530389881
255504 5622.3523859325
261797 5145.0419972947
265019 4378.7464126599
272966 4245.3012490695
274127 3621.8478445527
299130 3502.1361038597
299622 3191.2723698310
310333 3119.0404365308
319177 2801.6890321596
342888 2598.5866933746
356018 2258.7010723939
368090 2181.4738467157
371704 2047.9926654125
374503 1950.2022569113
376838 1944.6368788974
377006 1914.7099785487
378184 1874.9419207250
382207 1805.6398960081
385061 1611.4884068370
391434 1546.7972979119
395832 1535.0807771964
395933 1355.0511278355
400386 3196.4379541355
evaluations raw_y
1 75514624.8297313005
11 42066592.6863993034
22 40350893.5485091582
25 35465583.2416101471
35 29532084.7316401564
136 26911489.3106720299
237 26720623.7149460055
241 25984239.8156566955
346 23182830.6032559313
355 19738953.6381360292
508 18579069.4668268338
538 17198756.9663589559
624 16844892.1892607994
636 16527016.6380748432
640 12387239.9927544110
942 11059512.2779007554
1229 8114696.0151338885
1732 7336722.2214966184
1826 6114570.0351229487
1853 5653156.5537563730
2218 5626146.7296128049
2644 4351710.7011930859
41860 4052060.0528306467
42632 3962617.6453404082
46096 3541099.9295705087
46429 2788324.1836690209
53383 2176186.7366073844
56652 1982085.1117759217
56820 1940862.1356314227
70071 1620499.1484185965
70278 1538902.4630538430
75861 1375998.4356207985
76019 1293735.2573627001
77344 1059385.3019740933
90648 1052115.3265159233
92998 1046055.9336974077
94198 893864.7127794971
94700 857517.0108819447
96458 854195.6963343477
97502 713017.2628477553
100922 502080.2110333454
118755 491876.2073777266
120088 434882.3132950687
122057 414161.9658992794
122394 375617.8199758619
123183 364641.8645913832
127122 332753.9088755350
133581 330621.4515553743
135562 327041.8548088009
137032 256505.9160330377
139636 248396.7175361831
143250 195295.0196180955
145293 150238.4389256010
155160 136464.2316416571
164828 126253.1318357661
170047 93379.8119414069
173653 91425.1963426218
177791 70367.2891239683
188875 68173.4216803914
193512 63865.2383818983
198013 62654.1476476585
199979 59878.1522235910
206770 55782.2670275094
212832 45625.2717591145
223977 38637.4263562432
227595 33639.9999682791
235089 30564.9833025899
249572 30546.6216373311
249695 28869.2581592009
249785 26689.3915605914
252987 26252.0020234535
254140 22910.4173851912
260430 21279.1029707258
265254 17541.9548844717
278801 15234.8823945288
286595 14620.4770456606
287443 13914.8543911080
300230 12067.6056117266
301807 11347.2904105355
306073 10579.1191913175
307752 9993.6103940587
309698 9610.4191420800
316924 8141.7165132799
321784 7931.8821415817
325362 7502.6110550464
326254 7123.6664173938
327775 6867.3621050262
328104 6420.5834065508
333867 5928.4696147043
341309 5288.2715488324
348834 5039.7089753302
353463 4241.8879126647
358790 4229.3991385518
362125 4115.0247759201
367141 3824.5032782034
382283 3647.0727456991
385156 3463.6040184934
391510 3423.7320504552
396009 3012.5468138181
400271 5196.5824892904
evaluations raw_y
1 56547001.1958126426
3 50111715.0137113929
14 47726604.4989834651
16 34311843.6430688277
45 20853025.3454144336
207 15009569.5312039498
480 14412766.7106597181
670 8429368.6664560493
1002 8194386.4034804087
1080 6452375.4391831001
1692 3764809.9929072186
32554 2655684.2243162668
33780 2340283.8822853873
37217 2121657.5329200611
47258 1935101.0602001823
48216 1581438.3936341021
57722 1400827.5547313420
58962 1396217.9728736531
60096 1302252.1980294611
61520 1145574.1479137444
64170 940200.0463177211
68665 769808.0492006930
69366 705749.4087217791
70776 556677.6155484648
81854 438130.0576450175
90400 351766.6099387697
96707 289534.0831013586
102360 233629.2444645721
110625 162562.7393267457
123584 155882.4800521187
125180 69735.2778300042
150419 45998.9253930094
165283 45547.8378500776
176398 44180.3505244511
178903 33561.4224093985
187245 30798.7657282455
198568 25516.2546421076
213670 24898.4675870180
221118 24296.9275737995
226589 22695.2957386638
226973 20852.0262954911
228107 20417.6376049239
233796 17173.9894438982
237317 16296.0437026519
238470 13923.3233749340
243068 12724.7675488505
254853 11375.8323593351
257734 10585.5114679575
270226 8561.4121324767
279924 7707.3441753832
283247 7464.0743705956
286033 5499.7619494876
297447 5367.7651659505
300174 5366.3691452291
300753 4663.1106661786
304201 4539.3693945583
311081 4506.3482879464
313952 4286.1042826636
316394 3827.4316719526
334831 3767.5835603186
334904 3401.7976528251
342268 3208.2770495457
348969 2893.1403813798
366552 2623.8328622895
370189 2179.7123927633
390300 1952.8934544766
391289 1854.8585485228
399487 1720.0087483701
400322 4343.1513324697
evaluations raw_y
1 49833611.1697237641
5 22484179.9778935537
7 14196870.3046136014
16 11794861.9436989371
49 9416513.1505070087
78 7607554.4008871699
100 6320786.7613093797
510 6218454.2520288955
520 3871342.4864365873
1350 3424069.9111842602
1654 3295270.9501071121
2832 1998135.5407589613
24815 1701949.6551734954
25646 1550124.0707586422
36271 806000.9091980665
62601 719475.1549020108
62881 654265.9200312521
67933 490480.3662414256
84157 488966.1407343964
84757 398881.8936977875
90764 373142.4715831870
93071 346770.7992398610
96517 322046.1625201291
102623 192720.3787586763
111080 187297.7939012126
113158 167914.0056145787
124561 119914.8981653085
139061 113129.2528159719
139433 112676.3299577498
143246 109105.1712677710
143988 107769.6104718027
145616 96277.1357593559
148578 96018.2265117334
149550 92065.3166596160
154551 88215.9290621248
163228 83602.3042176617
163805 76732.8247199339
168552 68090.7705349212
174626 65446.7956254420
179634 62638.7092043232
179819 58068.1752537582
187067 40952.1309665975
189954 30945.6230630049
195871 29620.0554998315
209064 27047.5929276725
226722 24284.5304591370
230677 22419.3967145290
236400 21154.1218214240
254146 19240.0172920446
256601 18596.7055793300
256957 17656.5193828113
264227 17198.2266703743
269289 16901.1021532348
270352 15558.6855186678
284530 14619.6640854941
290903 13180.1478398979
293810 12591.2652734936
295095 11936.1177953120
300711 9791.9663571942
310465 9430.7328332185
311162 8826.6403164707
318369 8697.9217430374
318771 7975.9000669507
318993 6950.9617792142
324113 6763.5391103655
328619 5387.7509984740
352824 5122.0638361804
364710 4586.1416482571
370398 3899.9248788368
373783 3604.3311234956
379120 3508.7700920473
379774 3399.7903800241
382580 3141.1383982613
388290 2933.3238392775
400384 5842.0753721082
evaluations raw_y
1 26551593.2083121650
13 19939837.9070297144
21 16095095.6240900531
48 15701540.4004380759
74 15626081.9443710595
108 12713559.4041047040
202 9677627.0677355696
521 7723964.9267541757
1034 6898299.1636700518
1457 6039166.7842651494
1530 5825247.3284320608
1796 5050759.2954153344
1854 4598555.1941803750
2282 3953219.5542259682
2747 2792120.8374866000
35076 2432368.9444512026
37135 2370947.0848098276
40141 2050187.4464898885
49550 1647345.6936819740
51371 1612053.0194967492
52343 1564801.2595508078
62792 1425835.7493525497
70557 1404335.3489003428
71441 1064960.7836974883
75176 953808.2147255326
79210 674135.6847108027
83250 551608.5429943852
85719 544105.5918895943
92179 444252.4346835702
102270 390901.5042456465
106191 362800.1223618915
112495 320432.4772472922
115177 314188.6203783433
116051 283200.7106518659
118309 258137.7203202390
118748 258009.0864246544
119501 191550.4845230592
127219 180460.4904673107
127427 174925.0538704676
129311 126334.3607778984
148097 121401.3703645385
155176 116458.3455645918
155444 101285.7434773697
155780 100412.1610111656
166798 99292.3018765657
171217 76376.1240711905
173300 68541.9581719971
176115 66978.6921953555
187913 64129.4005036209
191764 60566.0619377716
192276 57985.9414097763
193247 41027.0059897580
202233 36447.9854938957
204555 33737.0525939804
209744 31163.4954708464
212409 29416.8838863887
215247 23415.1083931974
241170 20662.1459769977
253849 20252.8766793800
257552 20016.6250709493
258637 16522.1512401338
262333 16156.4180242630
264551 12212.5600729369
280469 10637.2208616564
291815 10126.4832570133
300618 9488.6758984274
302066 9156.2582395549
302842 8908.5773036059
304726 8461.0870972630
305169 7896.5061733655
316451 7844.6789561258
318116 6847.0997828797
331418 6320.6420936944
331499 5953.0957251028
338768 5853.6538469471
346948 5405.1982751851
353025 5400.0400713804
353756 4304.7953475907
372479 4186.3053986591
375027 4147.4153874549
375436 3967.2476608204
375573 3735.8591954176
379036 3484.0974165762
392114 3327.1013149009
394557 3002.1094643288
400302 7948.9978630636
evaluations raw_y
1 39657359.1616931260
3 24913342.8953377418
25 13358186.6168848146
31 11369448.2927205153
84 11298402.6717371512
100 9570773.0705352034
297 8079421.3151494777
332 7796267.7206634069
428 5915414.1691622883
520 3849770.3225923637
1042 3816610.5423705787
1158 3255260.3734869715
1285 3076590.2911443533
1738 3070135.5925930217
2035 2873327.8011020022
2092 2756144.0618654750
2912 2266422.2907688944
14865 2056065.5643437859
31379 1661002.4563416019
33608 1193131.7039149965
38177 1002051.9479957020
49017 892008.5745283952
60486 874037.6132348105
61055 871494.8117547939
62647 868268.9000502193
62971 817984.7379475617
63652 789928.4280206573
64023 740803.6040177229
69583 705815.8691820361
70133 703940.8307478342
70195 685918.8662663092
70627 658070.3680448831
71156 543240.8401333441
76367 521590.7433361379
76760 490007.3045782553
77501 349836.6099318059
87048 342750.6468715318
89915 258896.8981334908
96047 204874.8441790808
100680 204423.0933826105
111536 199750.1878791536
115350 183365.2354463113
115444 176539.6301451524
115636 164188.3353923359
119549 147580.4116393200
123887 130095.6612163007
128204 104361.2702507985
128481 95425.9777020437
135556 90492.0183900659
135673 88902.1603506101
138936 84406.4471052215
140639 61697.5587309086
144238 58011.6368831890
152262 52721.4012125913
153731 51018.4330389833
158147 40875.7466583122
164146 40166.1177746379
174194 39759.8122590865
175644 27588.6340364016
188730 25507.2904652510
191742 22069.3520427755
198796 21547.4691706511
201331 19829.9540752510
209118 19238.7379850971
214089 17798.9962271646
218803 16610.6156249524
223795 15207.7053840050
224753 14579.7486186414
226466 14471.4715281456
229040 14423.7348478032
229295 13218.5517654034
232628 11506.1547658009
239786 11179.3532663028
240745 10018.6062030024
242302 9452.6552628238
245980 9136.3729288197
252464 8177.8570293656
252531 7760.8296772831
268034 7526.3765305537
270086 7190.1969843714
274758 7154.9213290503
275729 5917.0673490713
281934 5794.1746109326
287208 5622.7866540375
291268 5609.6107889990
291716 5440.8167073938
292039 5281.5297900948
297701 4677.7196974278
310426 4489.2483058151
313936 4237.9859292299
314381 4188.6151618505
322514 3895.0813325002
328341 3822.9179554571
340057 3820.4713299226
349481 3586.5900318867
354519 3210.5655071469
356994 3182.2136764403
362321 3084.6531591451
373658 2977.8549053525
375862 2777.6657228647
377359 2667.7566672120
378298 2086.5099547948
391266 1946.4085631863
395920 1928.7741033128
397183 1901.6936332536
397844 1873.3984491194
400372 4463.0321785522
evaluations raw_y
1 28770034.9147471450
17 23280163.7872934453
26 17161710.3281367384
60 14162831.8627427015
148 13707716.4839731362
188 13269238.5436319057
195 11786209.6438181438
478 10665948.0519479644
530 8290737.9082285753
599 4694699.7571554463
1108 4062245.3604796864
2499 3860990.1527191284
26538 3676102.5875257654
26685 2937645.4141157032
30731 2720275.4655886749
31760 1798832.4271782597
38511 1798791.2049247480
39336 1571815.1586163554
40275 1343578.7172753401
40710 1274770.7136922122
46055 965028.1742144864
52536 936762.1527554520
59695 521544.2229162510
65954 484678.2812329578
77227 475615.3541053868
81174 335022.2138340144
87320 332199.2353838695
93013 326503.0891378094
94031 275665.1275895365
96216 275194.0195033294
100305 168775.6674377997
103529 153484.2271284730
105771 132951.3416470256
127543 125092.4701462512
128751 124237.3334843065
132847 117783.7223404706
137445 114170.0117347252
142701 108015.9818311441
144407 104853.8380931274
147097 85228.6696904688
151521 79524.3226177347
156578 77153.1614897344
159934 70119.3756904447
160935 58446.2582580963
164357 53120.9257144343
178857 48089.5592233111
180059 37876.5976536687
190100 34829.1450808444
190910 34474.1927424244
194822 33965.9270490491
198887 33833.8678325813
200901 31982.5683808215
202153 31062.3057472879
204236 29611.6029538224
207966 28326.3369460213
213624 26771.8985397738
215388 26518.9304036077
215585 24285.8626554119
216537 22023.3007899789
221074 21869.0577565034
229848 18177.1042718052
233750 17395.9926803972
234137 16247.6625765385
238424 15865.6449294876
243313 15644.3164250626
243365 15299.8371769270
256184 12743.0605567896
262266 10474.7610668884
265139 10178.5655321379
266074 9472.8559704171
269750 8813.9970798705
270379 8224.0568193701
272112 7229.5434321589
281248 6360.9354056236
293147 5685.1792704112
296054 5327.5478616532
301056 4780.6902884222
317240 4672.8491631425
317260 4627.2945392415
318337 3954.0732171659
320159 2539.2460892825
346608 2515.6709304133
347878 2448.9920399483
352813 2289.2006415127
354983 2247.1097542819
357091 2186.7628895616
367616 2169.0772287679
374599 2161.0318514862
376097 2114.7546319617
376778 1998.5283229264
377761 1979.9980983303
381213 1731.9847100003
391357 1564.9940243806
400364 2965.2117970251
evaluations raw_y
1 14621939.1192238498
2 12204304.9525293373
26 8674432.5963759217
119 5395083.6412750157
338 3648764.2451389199
2695 3503995.9531072569
2841 3369967.1340270829
3498 3263070.9658103231
4901 3180626.7395471549
5644 3127097.5555562717
8903 2762273.8657521834
9870 1391970.3198096110
41148 1391022.9112808993
41828 1165021.2715735920
43492 1034644.5259851312
50957 991303.1856471401
53163 984576.0156190171
53449 729404.7590916118
60842 622469.7564941684
65329 435259.1923405862
71074 364323.1375484951
77789 347334.5955640097
80301 340042.3933013539
80463 314556.5820151963
81314 314047.7107518642
86428 284029.4056605317
87701 219447.2837838417
88597 173453.8952359098
92292 134524.6258290964
103187 129873.1009362762
106404 128081.4528563593
109261 124072.0364237511
110296 118066.0572467166
114753 109464.4421868678
115163 101081.1974708525
119037 97397.1855994823
122889 91861.1825269705
125462 89577.1327564884
127517 64939.0558842267
143567 56609.8928700648
150680 47409.5476771912
161192 46228.6440312551
170242 43646.2080412666
172643 43042.8717163546
176505 36986.1219981158
177764 35864.9163594707
178269 33112.3023536001
179317 29647.6047650561
183562 28073.7306382800
194556 26288.8972807497
194708 24518.8668458345
201929 22737.5394015439
211654 20563.2725455448
215614 20534.0597325676
216824 18735.2340118811
225063 15050.4345674140
235062 14729.9138792917
242669 12521.7400204947
245816 12476.6391937393
251676 12136.4084335235
254113 11930.5485558558
254945 11908.3009492545
259492 11828.1554416820
260208 11539.0520879875
261427 10585.0900481981
262320 9579.9968580379
266556 9473.7588710535
274176 9434.8612030947
276238 9164.8521347605
278486 9156.0762079414
278774 8698.3974220749
281255 8077.7249708709
287416 6463.4314164064
293463 6193.9945237697
299839 5796.8175492601
310000 5163.7514431546
324301 5125.2453921720
325694 4969.4127659338
330960 4765.1863631109
333263 4718.1679445695
334298 4535.3576496501
337390 4174.1930155926
342922 4061.5950434187
351047 3646.4167980567
355686 3623.2786571617
355805 3602.8470205210
356067 3269.2036972507
372657 3178.6804721637
373600 3097.7552704457
374552 2828.6763510331
390111 2487.3162611360
398534 2462.5367915409
400370 4282.4477345330
evaluations raw_y
1 25954139.8486776426
6 23433094.7135691643
11 21271189.7832446732
15 18040715.3586367555
22 14465978.4657434821
39 11446719.8715685420
75 9118133.1157454271
424 8934267.6310797967
507 7127388.9080993114
573 5438876.6476118378
840 4018452.9165610150
1418 3636526.0380007699
2473 3598413.2787109320
2575 3378820.8227944979
22964 3228115.3047206393
25612 2518682.7334391144
30228 2423997.8570467085
31219 2243784.8129378175
35300 2134420.1198536423
36933 1667704.9523442534
40397 1578559.1155566368
43493 1288979.1884995222
46436 1286172.5392286538
48516 1269487.6764161186
50958 1248954.7379471166
52016 1050926.3594920193
53055 852134.5631285044
56700 707045.0863268932
65330 533040.6777011586
68674 472293.3609046473
71818 344551.3872025821
74649 266430.8785004887
88383 265163.5504750432
92293 257584.3993318187
92543 256382.6071939192
93279 232599.6107445544
96963 212400.7809422643
97833 207063.5184356809
98206 203664.1386000980
98647 166690.8807983260
103753 129337.8302454953
106828 110388.2086394570
110297 102439.3083063301
110975 93928.0923395845
118980 86970.0338794715
120626 75694.3557693402
127518 66637.3605580544
131320 59211.0553040719
142795 59001.0189848510
143364 54963.6775836694
143444 43880.3607354178
149405 40555.0403001872
161193 36238.1518078562
164498 36072.9959331103
165121 35713.8728864658
166513 35679.9345981314
173254 35570.2078932136
178270 35545.1383765572
178953 35446.9308243169
180324 31799.7778261457
181866 31599.6715917943
183815 30660.1151777119
186952 28990.5595577435
193573 26969.7408050573
194557 26369.0954691492
195872 23376.6165014657
200736 21631.4337247593
216187 20856.4859148889
216825 16658.2709203587
228088 15348.6643468843
230640 13871.3143928864
233349 13334.7791672894
242670 13164.6384086688
249759 12391.7838218217
256116 12336.4546230842
258771 12177.5924116847
259833 9683.2410909944
261428 9610.6617157275
266288 8748.3866861112
278844 8665.1096414261
281847 7327.9567301174
292263 6947.6873021377
299840 6469.3384322632
307726 5769.9176958394
310250 5255.9282653215
329206 5225.8985419081
329875 5147.8620848986
330791 5142.4172442806
335402 4916.1753948019
339422 4769.7932248669
342127 4703.3838966224
355806 3988.6476549670
390112 3535.7041462205
400359 7083.9604169294
evaluations raw_y
1 49602390.0336874798
2 44164865.6714213267
8 32357531.7921442203
13 21605566.7779140621
19 15439167.5540561508
137 14345678.2865742538
164 11798646.1832393538
229 9239785.9274710286
304 3864606.6922971290
734 3220111.9565344788
1158 3173586.6197301033
19419 3081084.1173080672
19623 2596619.6823890558
24317 2210759.4831285588
28375 1892762.9920769418
31078 1579767.8005695897
36292 1495337.3922891014
40966 1468559.8434978141
44272 1114969.8215690900
45876 764838.5055861705
58725 672744.3480804337
62178 470405.1097763448
71446 432137.3953611702
86182 396150.6327481470
90115 386055.9321833431
90788 381691.7847751937
90792 308245.3290345913
92823 276698.6914830937
93435 268868.0547675834
95342 245903.9905880952
97821 217272.6548500104
98975 196609.9709001934
99554 182892.3353588119
101604 172560.4982365284
104607 167774.8891891261
108194 166443.4850466552
109084 101232.7691308565
116684 94890.4977256180
125317 93724.2720167204
127379 86213.2441599714
127509 70777.7196320718
132484 60349.2739225178
132987 58771.4760368702
136717 48092.0423057642
148019 47850.4143471569
148470 44625.7002660162
150275 32379.5802523446
164475 30696.6675544783
164797 28657.8318722143
166577 25357.8400087022
186350 22588.4328061907
196885 21589.2404838619
202184 18879.9129544286
213900 18853.2982453854
214390 16765.9576454074
220730 16652.4376019448
221384 16551.7246941034
222123 16514.2550518326
223866 16246.2845475811
225295 16238.5330007338
228692 15088.8522640443
231462 15011.7138058009
232680 14871.9216995266
242412 13588.2080966507
250108 12244.6815879483
263059 10013.8400302681
274771 10005.4030438146
277802 9843.9640305876
281923 9218.9244159628
286564 9019.5743841144
286812 8298.3297554732
286885 6864.2861443424
301144 6691.1087801910
301919 5966.3314482029
309125 5615.9494569920
316856 5466.0176336367
317042 5405.9167345903
318782 5365.3286565808
320115 5200.7519072744
323786 5078.8777167366
328441 5074.3341087459
330043 4840.1068105278
339702 4617.3806040325
349162 4367.6456139946
354389 4222.7652699213
364745 3981.7859654227
365200 3710.3188171887
366995 3502.8758171141
377051 3297.3451968020
379249 3224.0897652903
394403 2606.5661076554
400365 7583.4659488982
evaluations raw_y
1 51799512.0037920028
2 13460412.3361446206
21 8858937.4942640383
95 7916941.8480994916
353 7736429.2903561676
477 5325869.7015380068
951 3646144.2037014868
2376 3324915.8400009037
3229 3228781.2028473793
3968 2472636.1055105058
18174 1729157.0927585268
32027 1371708.5282310720
34266 1201683.8864288195
43661 1075255.3931198225
44101 1004621.9499672052
59221 937362.9213602567
64220 899656.4315754425
64593 786817.4675081681
67722 692507.0158322812
69833 571240.1650708722
73604 515215.3536699687
74823 497758.4861718487
75857 462368.1330278669
80550 374649.9156270038
82205 346377.5418258724
87603 317448.4508916665
94128 196469.5606986634
110083 173043.5872328780
114460 169018.1358943600
116796 148333.7625206340
120463 138491.7065527567
122661 104280.9127248451
128169 101528.6718540496
129449 93990.1540267823
139091 86024.2807264839
139952 78875.1559537960
143695 71224.6523211188
146082 65239.9259425351
158097 59865.9453724355
162563 55527.6222541546
166486 50431.5020788601
168095 41837.3128710525
183481 41754.1036664108
185183 37962.7739416835
186259 33766.7351087232
194723 29574.3316871723
201542 28401.8333659660
202093 25823.6462410038
207112 21227.0993957802
216851 20575.0082538988
217671 19026.7168255293
223713 17149.6353910761
234382 17087.1755740159
234854 15831.7221543911
235824 15819.4289687238
238132 14971.1608841502
238617 12997.2954796041
247237 12880.1120478905
249611 12264.1620626991
249817 11832.5979527106
250017 9500.0880452698
268050 9399.4094581965
268408 9335.0760135020
269456 9247.1853108087
270880 7846.0518233408
286635 6775.1169065054
301248 6520.7502013661
301828 6438.9777080135
311442 6395.8974403212
311969 6062.0264579391
314406 6052.1100563837
317896 5846.4082551890
321030 5628.7822655438
324348 5495.1503758325
330871 5234.8811059774
340578 5221.5003571325
348767 4986.4622501921
350259 4772.1419996458
353450 4589.1230033303
363037 4505.0071918076
364547 4288.1775746336
365109 4181.4363770357
366330 3710.7672062216
381209 3609.2068755450
387271 3588.5927431184
387449 3539.2387466188
387765 3330.0772971437
399280 3280.5871848533
400370 10632.8702026240
evaluations raw_y
1 28750929.2832000591
5 19532393.8102691285
12 12643513.5759469774
16 11238141.2153803688
17 9268348.0775019396
50 8609933.3346429709
402 8382217.3466971498
466 7229599.9450745871
542 6331460.5143489186
595 6244697.9841020145
998 5229199.6720552184
1098 4943564.3833296681
1631 3708304.3090132889
1715 3587371.8919194671
2010 3046629.1494652694
27189 2971861.9122820753
30115 2470153.4633604013
33882 2095344.6458059833
40277 2084801.0401625938
40628 1468313.9989397791
41035 1439092.3172654286
45973 1259101.8570734272
53875 1075186.2211956943
55566 767819.4704940359
70142 564511.8301971664
79182 380678.5319193607
90272 369053.2984253228
96134 313615.6815535039
99471 313225.4216786304
100052 275619.5171563495
100223 149989.4643321939
111381 119388.1827066661
122979 97738.0291879246
125052 97055.3891311440
128669 84343.4486921725
138830 77700.4497889367
139755 70921.7738889765
140755 68469.9081579531
145568 67758.3101976334
146043 66822.3913613696
147015 39503.8795546023
158156 37933.9265717114
163552 36688.3074320951
172780 35160.0751961033
176270 34160.4989150682
178939 32691.0666477125
179977 26468.4954297420
184658 22648.3111655815
184919 22587.7541941084
190018 19316.9161602763
194740 14104.7078452447
212415 12866.8546884591
216455 12287.2196946060
223661 11728.9406422626
224041 10250.7758410346
233653 8353.9803474354
250024 7984.4068456793
250176 7468.4523348436
257606 6956.8281195918
261986 6773.9053945782
262184 6491.4052385666
263045 6077.0830148433
269864 6052.4202330912
271176 5479.4897571857
272030 5402.9178015871
276239 5396.1291184516
280350 5117.9710413393
280545 4822.8252092476
282045 4543.6015140838
296836 4351.0837434009
297940 3805.4752638669
311890 3232.7221395510
320077 3030.9906676501
322523 2809.3657348995
335329 2801.6546089929
338418 2666.7789932849
346478 2593.5057407622
350275 2504.4248466218
351047 2493.2668728409
352731 2286.0236668099
356178 2284.3345744342
357003 2272.4075199222
361299 2259.5777199821
366803 2157.2234691329
381861 2103.9834656591
383420 2035.1786360786
388926 1950.1231342216
389464 1807.6237981856
400345 6324.3976308919
evaluations raw_y
1 51252705.0493472293
4 44856494.1024553999
10 37204268.8859671503
21 34824990.3428481743
24 17669137.7902331278
297 13475157.7173665576
488 12729820.8578201011
530 9748910.0091913417
759 7913224.8472724725
1193 6532307.8799673170
1207 5639865.6089221714
1676 4697577.9933924088
1891 4380630.6050332999
6736 4171092.7472680397
13019 4059738.5451989421
16518 3424422.6187725374
24765 2854873.5375706777
32570 2250555.8406158439
47274 2011054.8994751775
48828 1996411.5930214482
53592 1637642.6984523181
58978 1060077.6359547544
63542 941299.6984095365
69382 769928.0050939205
79161 719208.2007020452
85639 499600.4361011087
96723 435024.8761431504
97064 287017.6712378649
103575 261050.1813710834
109297 256176.6948335164
110641 220601.5022275767
114462 202604.1386236494
121899 156386.0723164269
125196 88091.0859547154
142983 83426.2571068095
143479 77109.9610196808
150435 65359.5446208898
163801 65337.7423487024
165299 62631.6689193974
173396 58619.5380569665
174047 56937.1433392395
174623 42369.3347663326
191000 37976.4881538485
193509 34077.4426543014
194884 34053.0438271086
204783 29041.8590159428
214636 26808.8946548113
215450 24910.8345056761
216358 23322.2172018978
228123 23049.7673735613
230927 22131.9097436902
233024 21416.8004714060
233812 18130.4523119365
238486 15226.7308636010
265808 13835.2265659373
270242 12808.8988562455
274911 12212.1393076720
278151 12108.8052669357
278312 11746.0065653788
280494 10971.7019796226
280689 10155.0654323698
282842 9441.6113822849
288123 9117.2520435954
300769 8199.1952789775
307761 7940.8262096611
312304 7440.0292040510
316116 7431.8768084909
316410 6875.6943841929
320036 6508.1420937606
324052 6464.8088701836
326631 6164.3209354510
328695 5842.3110970274
334011 5574.6731893307
334920 4968.2552921000
344011 4561.9483631960
351117 4322.4208407570
355045 4049.8830977923
355841 3992.3895462133
357153 3838.2456693202
358241 3827.8874914021
366568 3530.2866454876
370205 3497.2399767275
374574 3246.3272091174
395829 2942.3141691432
397218 2937.6306275612
397865 2739.5607231286
400316 8330.8511603627
evaluations raw_y
1 59775073.2357538790
3 48846935.9173550084
5 33177394.8465319127
6 18944651.8509446345
23 13135183.1309309900
36 12380675.9560681675
37 12259740.3038400784
436 9346882.0154753029
449 6951079.2082648650
774 4687186.2061522864
2859 3481810.6042860178
25517 2715745.5865205121
41690 2281925.5602127989
44355 2160148.5035904888
44729 2147080.1108266208
45647 1981303.4486894051
46292 1980154.5372679450
46982 1504575.8437823053
48854 1122149.8700583172
53400 1043739.3366566822
61962 998718.9374899890
62598 611436.3121412620
78437 338285.3538084404
99022 291291.3409095675
101912 227355.6221006911
102888 219541.0835479862
128298 215385.4859756457
137307 181825.1779050823
138708 172142.6051067626
141255 155975.4712232789
143492 134285.8132909927
147653 109786.1736228869
152303 90018.8321128572
160718 85434.9232506004
169445 66564.2807791572
179537 50362.6734451503
190076 47562.1452916304
190527 38467.3449007762
206465 37628.3799809187
207978 33523.2695837823
211254 32108.1861319563
212762 29168.6507547163
220595 28425.8413536303
225115 25305.6041961836
229893 23874.9450756938
239903 19567.4822134516
244642 16700.8141449475
254783 16095.9135991135
257796 15877.1994098806
258599 15565.0286930485
259490 14277.9458345049
260257 13451.0170211481
263816 11363.2229828555
272356 10600.3901148929
275336 9864.0924045556
281122 9418.0899918633
290938 8796.4863357420
291674 8621.8813692554
292118 8136.0640996975
294998 8131.2522745820
298225 7859.3846906545
300722 7675.2927165465
303062 7198.3506060818
313830 6511.6448438146
321550 6169.6417185854
328522 5314.5781797875
346704 4867.7668448904
352945 4853.7064052102
355854 4747.1790634421
358543 4670.1532348983
359089 4614.3485952743
359664 4495.5826197355
363280 4131.2048411480
367337 3402.5838696062
371686 3153.7214935592
376278 3101.6606751346
381204 2813.4668829109
383890 2811.0525129360
394042 2311.1321311158
400348 12661.7270186718
evaluations raw_y
1 75068153.4186787605
3 74692292.7825752348
6 56315466.0390646532
7 54620139.9147002622
13 54166670.2063884735
19 38215721.0975582525
23 37886935.7073962390
24 37773068.6989428625
30 33138516.9339110181
35 29774617.4622174837
36 26627897.2765282542
59 22327088.6318097562
113 19565600.9605960771
172 18801833.3991170526
473 17392133.5173681676
494 13714357.7562250290
545 13610139.6601244304
579 9574861.7785173319
1165 9411442.0132755917
1215 8420718.3631443586
1603 7139762.3592454884
1673 6729851.8832307877
1682 6590790.2171029765
1744 5018877.8385414518
2659 4057753.7456211904
41061 4019696.3397891708
48227 3812638.3176924144
49247 3202980.1057929844
54541 2820494.8134369156
61357 2696995.4098989265
63860 2492908.3735107346
64742 2207057.4523033015
70731 1914981.0776440627
70823 1497773.4922961099
77551 1142440.3365961255
84027 1090604.8296790703
89430 965122.2450970034
94247 888832.8780475727
95974 786788.7194504384
99547 723108.3487157637
104906 559543.2772799057
113609 532127.8850541179
115090 455081.3475679411
120127 406478.7515322440
120582 272335.0805695579
138407 268818.7316835369
143378 217322.0319737204
144144 203594.4124612509
146551 182327.2912015138
153174 176328.9378080441
153724 148365.7098351938
155637 120593.1160166193
172003 115917.1391006087
175591 112806.5863213056
180815 89211.1965640952
187930 84861.1405750130
188614 73238.0697720415
192621 68289.8796927860
195798 65450.1892240560
197092 60773.1637204554
198770 56399.2755599597
200524 54438.2005380371
202422 48785.0701848814
203015 45973.0269606412
206547 44240.3864821552
207179 33427.8932329905
214735 32231.1831036559
216891 29119.7274071878
217576 22104.6267839718
237428 19188.3053005018
238253 18296.7020520984
244828 16156.7806440939
248166 15657.6659308511
248609 15653.5170706394
250136 12377.1410269058
261393 11244.5695895540
269575 10377.2822201391
272394 10087.6767355933
275302 9104.5076794988
280829 9097.0579870888
285529 8829.5522842021
286831 8345.6137996228
289770 7444.0885876473
292644 7434.3693047206
296075 7419.8020994019
297261 7357.4234641787
297516 7135.8696836528
298610 6393.4924804929
299417 5836.6188194636
302435 5671.6321003649
302919 5261.1396109442
312521 4943.0695123319
318026 4651.2898661705
327541 4397.3094879992
328031 4334.5962036708
329696 4298.3068394188
332980 4290.4553528263
338239 4079.6111444221
340729 4056.7869382964
345727 3901.1808423307
347383 3517.6090097922
348085 3368.1354260758
360842 3316.8552234512
361487 3136.2380726003
365228 3107.9738774089
372513 3007.9033430316
374839 3007.5887078910
375158 3001.8015292836
383707 2877.0321391405
385713 2849.2540411292
385974 2809.0095147781
388104 2745.4795992629
388283 2736.0829347576
390526 2483.1824886634
400259 5542.3585115217
