evaluations raw_y
1 109.0055735936
3 96.4969473299
4 88.5522205735
22 88.0606345710
61 87.4535858384
118 87.4067496522
123 87.1222526346
125 86.4169058957
169 85.9820631342
196 85.3628214707
210 84.9846500345
229 84.2162522338
233 84.0650528403
257 82.8893554712
265 79.4997619414
296 76.8217783947
316 75.7974946026
317 74.1828996391
321 73.2688776092
323 72.6956136108
330 71.2852555888
341 71.1599160514
345 70.8148582391
378 70.4913196291
402 70.4434407704
411 69.6831208890
427 68.4658531609
429 68.3849658864
436 67.9371814589
439 63.2282127568
464 61.7259851789
470 59.8593462289
477 58.5874178314
508 49.7781043324
520 45.6389285506
522 43.5164665950
546 42.8732855219
558 40.5391116617
614 38.4347044456
652 36.2940402730
653 36.1147003589
675 35.6654391060
677 33.5213722586
688 32.8801595184
701 27.2027219262
714 27.0630536076
736 24.5439959698
756 22.3448653961
770 21.4960339822
783 21.4427410122
803 20.0803763349
809 19.9669336206
820 19.6110271339
826 19.5420711686
832 18.2174449399
847 17.7260387964
854 16.8571091349
871 15.6784864704
910 15.0558376741
932 14.9587539375
940 14.7747136907
956 14.4664049330
965 13.9260203539
978 13.4295180482
1051 13.2214960203
1096 12.8745004166
1104 12.6984763925
1109 11.0790416997
1144 10.8508208097
1212 10.7700347292
1254 10.5220916136
1294 10.3614283700
1303 10.3514539571
1322 10.3100577137
1348 10.3056800125
1368 10.1965242625
1515 10.1500557865
1551 10.1040220171
1597 10.0735643776
1664 10.0089337015
1712 9.9531670882
1776 9.9501959553
1779 9.9207869888
1790 9.9193202898
1805 9.9073048738
1808 9.8742633084
1823 9.8672064655
1873 9.8152774718
1951 9.7545383142
2020 9.7034306256
2025 9.6833706224
2069 9.6420307828
2303 9.6169310977
2607 9.5693327774
2730 9.5567951517
2877 9.5520456690
2894 9.5502758367
2940 9.5290179714
2998 9.5220028666
3036 9.5216208390
3076 9.5201033182
3187 9.5136353720
3253 9.5106886699
3286 9.5085252734
3319 9.5062111044
3363 9.5043817126
3399 9.5018674193
3414 9.5017189352
3420 9.5014902736
3451 9.5012740480
3570 9.5000482116
3601 9.4997587990
3613 9.4987220506
3633 9.4949735868
3715 9.4913176352
3866 9.4904775255
3887 9.4895103505
3924 9.4890098281
3938 9.4883005491
4094 9.4871716208
4176 9.4868614325
4263 9.4861265283
4456 9.4847578387
4661 9.4842985820
4677 9.4840372477
4746 9.4839684139
4766 9.4837078624
4779 9.4836609762
4814 9.4832854778
4851 9.4832333354
4939 9.4830504520
5026 9.4830408632
5062 9.4826491618
5261 9.4824845147
5305 9.4824815727
5375 9.4824622571
5385 9.4823254678
5409 9.4822935595
5460 9.4822912572
5537 9.4821203170
5590 9.4819736677
5629 9.4819576796
5653 9.4819430035
5666 9.4817755607
5921 9.4817701512
5972 9.4815992858
6011 9.4815982740
6219 9.4815176579
6283 9.4815073760
6373 9.4814552342
6446 9.4814233348
6572 9.4814011357
6624 9.4814011262
6664 9.4813780805
6686 9.4813709729
6718 9.4813652135
6723 9.4813513520
6855 9.4813401757
6921 9.4813300049
6969 9.4813296566
7015 9.4813196729
7102 9.4813172998
7158 9.4813122380
7169 9.4813052799
7347 9.4813050486
7462 9.4813050386
7485 9.4813038053
7489 9.4813022243
7500 9.4813003280
7561 9.4812938645
7655 9.4812931854
7850 9.4812918250
7880 9.4812901535
7908 9.4812898671
7936 9.4812876410
8080 9.4812870848
8094 9.4812846848
8209 9.4812845774
8361 9.4812844652
8437 9.4812837992
8465 9.4812833250
8477 9.4812832139
8478 9.4812831869
8576 9.4812830276
8580 9.4812825347
8779 9.4812822939
8836 9.4812819049
8842 9.4812818888
9077 9.4812818536
9122 9.4812818327
9132 9.4812817178
9151 9.4812815514
9225 9.4812814779
9227 9.4812814133
9258 9.4812813386
9290 9.4812813082
9319 9.4812812734
9338 9.4812812602
9365 9.4812811982
9380 9.4812811248
9398 9.4812809650
9515 9.4812809003
9642 9.4812808443
9661 9.4812808404
9664 9.4812807923
9709 9.4812806634
9719 9.4812806488
9919 9.4812805752
10080 9.4812805706
10138 9.4812805545
10144 9.4812805467
10178 9.4812805313
10205 9.4812805115
10250 9.4812804976
10317 9.4812804712
10398 9.4812804642
10403 9.4812804548
10519 9.4812804466
10574 9.4812804336
10641 9.4812804275
10754 9.4812804123
10896 9.4812804083
10995 9.4812804077
11025 9.4812804030
11123 9.4812804023
11133 9.4812803975
11134 9.4812803934
11223 9.4812803907
11334 9.4812803836
11342 9.4812803835
11416 9.4812803816
11517 9.4812803810
11522 9.4812803801
11688 9.4812803790
11764 9.4812803788
11785 9.4812803781
11813 9.4812803760
11894 9.4812803747
11922 9.4812803741
11949 9.4812803734
11981 9.4812803729
12147 9.4812803724
12153 9.4812803713
12158 9.4812803709
12238 9.4812803701
12334 9.4812803699
12368 9.4812803697
12424 9.4812803695
12480 9.4812803694
12518 9.4812803687
12687 9.4812803685
12734 9.4812803685
12755 9.4812803682
12808 9.4812803682
12916 9.4812803681
12931 9.4812803681
12969 9.4812803679
13017 9.4812803679
13039 9.4812803679
13125 9.4812803679
13167 9.4812803678
13174 9.4812803678
13198 9.4812803676
13388 9.4812803675
13400 9.4812803673
13605 9.4812803673
13721 9.4812803673
13748 9.4812803673
13908 9.4812803673
13964 9.4812803672
13998 9.4812803672
14021 9.4812803672
14070 9.4812803672
14188 9.4812803672
14194 9.4812803672
14212 9.4812803672
14292 9.4812803671
14530 9.4812803671
14560 9.4812803671
14569 9.4812803671
14623 9.4812803671
14682 9.4812803671
14752 9.4812803671
14835 9.4812803671
14999 9.4812803671
15043 9.4812803671
15055 9.4812803671
15104 9.4812803671
15236 9.4812803671
15239 9.4812803671
15257 9.4812803671
15264 9.4812803671
15266 9.4812803671
15278 9.4812803671
15279 9.4812803671
15327 9.4812803671
15353 9.4812803671
15388 9.4812803671
15406 9.4812803671
15417 9.4812803671
15556 9.4812803671
15558 9.4812803671
15616 9.4812803671
15730 9.4812803671
15858 9.4812803671
15866 9.4812803671
15904 9.4812803671
15958 9.4812803671
16012 9.4812803671
16030 9.4812803671
16045 9.4812803671
16051 9.4812803671
16089 9.4812803671
16096 9.4812803671
16118 9.4812803671
16236 9.4812803671
16249 9.4812803671
16292 9.4812803671
16482 9.4812803671
16573 9.4812803671
16624 9.4812803671
16717 9.4812803671
16784 9.4812803671
16810 9.4812803671
16901 9.4812803671
16955 9.4812803671
17205 9.4812803671
17298 9.4812803671
17320 9.4812803671
17482 9.4812803671
17677 9.4812803671
17726 9.4812803671
18185 9.4812803671
18383 9.4812803671
19116 9.4812803671
evaluations raw_y
1 91.9007774373
3 91.1611256977
16 90.7824593388
30 90.6289804616
40 90.1319422422
44 88.2589793291
48 87.1546479304
52 86.6395829860
64 85.8991471833
66 85.7042633098
76 85.6786435046
79 84.6886103485
99 79.7120994113
133 78.5079772900
150 76.8049348873
159 76.4279253925
220 75.0221178465
234 68.0813365479
251 66.5704185301
304 64.9052021732
316 63.6258497840
332 63.4542921450
339 57.5211164540
374 49.1545377694
387 36.4185692472
430 30.9651466326
455 28.4181022755
469 25.8201039093
503 25.3727163441
571 23.5848489402
583 18.9408778968
585 18.4101221384
588 17.0932153078
600 16.0886987468
624 10.5923193446
718 10.0647854386
724 9.7317311543
750 8.5995587511
780 8.3123973807
798 8.2343939376
814 7.4072078995
817 7.0332603673
830 6.6660947333
873 5.7840954286
920 5.0276708848
934 4.6963567780
956 4.5262510210
978 4.4113004317
980 3.8563434368
983 3.7926189525
985 3.3942917830
1019 3.1492858339
1039 2.2331597857
1058 2.1583402653
1175 2.0908803650
1210 2.0588956830
1229 2.0293816061
1276 2.0264291833
1353 2.0084548030
1366 2.0077987313
1428 1.9695745291
1482 1.9414700267
1531 1.9405887021
1548 1.9223620426
1637 1.9077658978
1652 1.9030738181
1699 1.8697348867
1709 1.8411292740
1803 1.8159731794
1913 1.8091835992
2115 1.7708842093
2189 1.7425980925
2235 1.7307407121
2286 1.7126181437
2325 1.7113728468
2399 1.6847195153
2407 1.6691850597
2550 1.6559421265
2589 1.6376148783
2699 1.6268440851
2805 1.6258310101
2810 1.6214695224
2888 1.6128311726
2901 1.6121007315
2912 1.6116637468
2996 1.6035702497
3047 1.6024852193
3106 1.6010934834
3120 1.6003932176
3151 1.5975044602
3197 1.5963779806
3211 1.5943503341
3277 1.5916830292
3307 1.5903840814
3355 1.5892497735
3362 1.5859603339
3399 1.5843744974
3420 1.5792156940
3555 1.5780810524
3597 1.5765718834
3695 1.5765006939
3732 1.5758158532
3751 1.5750475806
3797 1.5723580975
3799 1.5718452447
3871 1.5702524940
3959 1.5699014851
4088 1.5694477332
4177 1.5684620138
4205 1.5677051576
4389 1.5671015699
4433 1.5659875065
4532 1.5648490881
4806 1.5643976714
4956 1.5642080885
5029 1.5640051018
5140 1.5637580722
5290 1.5636816179
5377 1.5636436010
5424 1.5636394188
5445 1.5636148388
5461 1.5635726941
5473 1.5634749344
5527 1.5634696029
5529 1.5634206336
5544 1.5633980282
5596 1.5633891455
5606 1.5633699738
5618 1.5633650923
5657 1.5633487432
5661 1.5633149449
5732 1.5633020127
5779 1.5632520908
5891 1.5632408426
5893 1.5632312945
5931 1.5631841830
5941 1.5631839154
5999 1.5631802621
6054 1.5631726386
6057 1.5631580795
6073 1.5631478239
6152 1.5631315242
6162 1.5631271017
6167 1.5631240659
6180 1.5631194127
6229 1.5631074078
6325 1.5630918737
6471 1.5630861365
6512 1.5630856506
6560 1.5630723544
6609 1.5630700377
6619 1.5630692572
6620 1.5630671523
6621 1.5630614381
6676 1.5630598672
6680 1.5630563719
6690 1.5630553818
6718 1.5630541340
6726 1.5630534546
6745 1.5630497733
6773 1.5630494635
6794 1.5630475160
6893 1.5630376201
6927 1.5630356435
7081 1.5630312739
7084 1.5630285716
7194 1.5630250065
7243 1.5630224104
7401 1.5630204290
7513 1.5630184017
7516 1.5630169733
7604 1.5630155520
7688 1.5630150158
7803 1.5630137469
7847 1.5630135998
7898 1.5630135915
7968 1.5630133939
7983 1.5630131342
8005 1.5630126690
8066 1.5630125983
8081 1.5630123156
8121 1.5630118175
8154 1.5630116952
8208 1.5630115670
8241 1.5630111228
8364 1.5630111003
8405 1.5630110025
8435 1.5630108416
8482 1.5630107887
8525 1.5630107493
8551 1.5630107434
8581 1.5630106956
8643 1.5630106861
8664 1.5630105727
8683 1.5630105404
8710 1.5630103560
8884 1.5630103206
8977 1.5630102892
9010 1.5630102467
9012 1.5630101934
9068 1.5630101456
9202 1.5630101023
9228 1.5630100706
9275 1.5630100671
9331 1.5630100660
9361 1.5630100584
9369 1.5630100577
9399 1.5630100411
9402 1.5630099990
9474 1.5630099813
9549 1.5630099676
9589 1.5630099572
9628 1.5630099479
9723 1.5630099376
9831 1.5630099233
9917 1.5630099151
9932 1.5630099042
10053 1.5630098972
10116 1.5630098915
10157 1.5630098884
10282 1.5630098874
10313 1.5630098829
10386 1.5630098826
10406 1.5630098795
10430 1.5630098790
10445 1.5630098767
10473 1.5630098765
10516 1.5630098754
10525 1.5630098715
10554 1.5630098690
10669 1.5630098689
10693 1.5630098672
10754 1.5630098662
10923 1.5630098658
10942 1.5630098638
11059 1.5630098634
11063 1.5630098630
11075 1.5630098619
11107 1.5630098618
11229 1.5630098618
11277 1.5630098617
11302 1.5630098615
11305 1.5630098614
11317 1.5630098604
11395 1.5630098603
11396 1.5630098600
11478 1.5630098595
11520 1.5630098595
11603 1.5630098594
11609 1.5630098592
11685 1.5630098589
11693 1.5630098589
11784 1.5630098589
11812 1.5630098588
11834 1.5630098587
11850 1.5630098583
11963 1.5630098581
12007 1.5630098581
12020 1.5630098580
12152 1.5630098578
12202 1.5630098578
12286 1.5630098578
12358 1.5630098577
12369 1.5630098577
12384 1.5630098577
12435 1.5630098576
12469 1.5630098576
12559 1.5630098575
12600 1.5630098575
12666 1.5630098575
12733 1.5630098575
12765 1.5630098575
12892 1.5630098575
12912 1.5630098575
12916 1.5630098574
12996 1.5630098574
13024 1.5630098574
13032 1.5630098574
13059 1.5630098574
13127 1.5630098574
13158 1.5630098574
13257 1.5630098574
13324 1.5630098574
13348 1.5630098574
13362 1.5630098574
13442 1.5630098574
13443 1.5630098574
13463 1.5630098574
13561 1.5630098574
13596 1.5630098574
13651 1.5630098574
13765 1.5630098574
13851 1.5630098574
13858 1.5630098573
13938 1.5630098573
14021 1.5630098573
14165 1.5630098573
14224 1.5630098573
14320 1.5630098573
14405 1.5630098573
14471 1.5630098573
14525 1.5630098573
14607 1.5630098573
14608 1.5630098573
14653 1.5630098573
14695 1.5630098573
14890 1.5630098573
14910 1.5630098573
15003 1.5630098573
15057 1.5630098573
15060 1.5630098573
15076 1.5630098573
15114 1.5630098573
15121 1.5630098573
15193 1.5630098573
15447 1.5630098573
15580 1.5630098573
15760 1.5630098573
15833 1.5630098573
15887 1.5630098573
16280 1.5630098573
16952 1.5630098573
evaluations raw_y
1 119.1412648526
2 108.9034818919
4 93.4567943909
6 91.8753339974
12 91.4773339507
14 90.8726240884
17 90.6849828872
19 87.7065184264
21 86.5124223011
24 86.4130184551
47 86.2035500535
117 85.9826594672
226 85.8941319622
228 85.6715513784
232 85.5964273237
242 84.6507545945
247 83.3102760143
288 82.7480591806
300 82.2651941108
305 80.1921594171
332 79.7729415795
333 79.1351890064
334 78.7018732582
335 76.7879133141
344 73.4208886887
352 71.9803635629
368 67.0031955075
386 66.9835399262
531 46.1857234498
787 34.3103010330
803 30.9734119252
827 30.4383485946
831 30.2109324147
859 29.1178249404
874 27.6737926443
878 26.4597180988
883 26.2847814605
891 26.1684759161
904 25.9246181323
917 23.3685858742
919 21.1273822164
943 19.9649924595
987 19.3368970307
992 17.7567252607
1023 15.1222034262
1037 15.0976398184
1050 15.0774020255
1056 15.0673311307
1069 14.7081210730
1097 13.1877011771
1105 12.2193660796
1145 11.5707784479
1181 11.0936702805
1209 10.9235903828
1259 9.4906415064
1280 9.3656884027
1314 9.3262810060
1321 8.8694846732
1344 8.8656661385
1347 8.6887621919
1349 8.5528221615
1358 8.1934866243
1371 7.7164184646
1414 7.1363336600
1471 7.0388310401
1571 6.9068909077
1580 6.7095981433
1607 6.5801003217
1619 6.2260529844
1631 5.0621599049
2316 4.8486267571
2359 4.6620095424
2426 4.4688695219
2527 4.1604058086
2803 4.1470421578
2886 3.9176780148
2985 3.7704606279
3143 3.6654866221
3225 3.6531021769
3250 3.6109582640
3278 3.6027253361
3358 3.5426979787
3437 3.4387879059
3571 3.4193284892
3612 3.3822207267
3702 3.3383584379
3935 3.3117613312
4076 3.2935572242
4077 3.2674698747
4205 3.2642956085
4218 3.2610357606
4304 3.2568120807
4319 3.2410462025
4529 3.2312414797
4571 3.2255872562
4711 3.2246927296
4717 3.2227847936
4774 3.2218607412
4804 3.2118731490
4834 3.2024767471
5191 3.2002995257
5246 3.1968426710
5427 3.1968034693
5475 3.1959289890
5489 3.1908210688
5567 3.1887120739
5616 3.1881144963
5639 3.1879753938
5699 3.1871365917
5792 3.1860519290
5808 3.1853269521
5919 3.1851053129
5934 3.1825794855
5951 3.1814290834
6115 3.1793282947
6362 3.1791726115
6370 3.1783550135
6384 3.1776197459
6416 3.1762772413
6482 3.1760857275
6663 3.1756216578
6720 3.1738974695
6974 3.1736859701
7082 3.1732484358
7116 3.1731487432
7167 3.1726491682
7246 3.1726270442
7252 3.1726045498
7269 3.1721953572
7292 3.1719628636
7404 3.1716031675
7447 3.1714522581
7558 3.1713691669
7645 3.1711712316
7703 3.1709617891
7746 3.1709194450
7956 3.1708773131
7992 3.1708497998
7995 3.1706603961
8024 3.1706041392
8056 3.1705691610
8419 3.1705672948
8434 3.1705238441
8473 3.1704942220
8504 3.1703140625
8561 3.1702728941
8696 3.1702506557
8752 3.1702386803
8761 3.1701832026
8863 3.1701683568
8879 3.1701324783
8891 3.1701309316
8892 3.1701006789
9023 3.1700960094
9046 3.1700935216
9047 3.1700309227
9162 3.1700222989
9168 3.1699981457
9190 3.1699920432
9235 3.1699900372
9244 3.1699788739
9260 3.1699134475
9602 3.1699056999
9639 3.1698867442
9852 3.1698819508
9868 3.1698770273
9878 3.1698769726
9891 3.1698635792
9898 3.1698569335
10029 3.1698527923
10087 3.1698482627
10123 3.1698475565
10501 3.1698371205
10616 3.1698313174
10636 3.1698293856
10785 3.1698228489
10902 3.1698214093
10916 3.1698179456
10991 3.1698176828
11098 3.1698176640
11123 3.1698161496
11174 3.1698146023
11304 3.1698133446
11315 3.1698133391
11317 3.1698095071
11673 3.1698094538
11709 3.1698087736
11742 3.1698081168
11955 3.1698078283
12084 3.1698075558
12145 3.1698073489
12260 3.1698071334
12382 3.1698065559
12738 3.1698064982
12780 3.1698063993
12864 3.1698062913
12907 3.1698061972
12912 3.1698061274
12978 3.1698060450
13017 3.1698060019
13070 3.1698059863
13115 3.1698059209
13304 3.1698059170
13351 3.1698059079
13372 3.1698058865
13399 3.1698058521
13461 3.1698058354
13468 3.1698058304
13499 3.1698058280
13509 3.1698058055
13610 3.1698057912
13644 3.1698057529
13647 3.1698057501
13685 3.1698057354
13716 3.1698056611
14267 3.1698056552
14303 3.1698056493
14306 3.1698056354
14460 3.1698056334
14478 3.1698056306
14656 3.1698056233
14706 3.1698056195
14708 3.1698056165
14742 3.1698056159
14785 3.1698056140
14818 3.1698056102
14918 3.1698056074
14966 3.1698056037
15118 3.1698056036
15166 3.1698056031
15196 3.1698056004
15282 3.1698055975
15352 3.1698055973
15361 3.1698055959
15471 3.1698055952
15584 3.1698055951
15606 3.1698055951
15635 3.1698055948
15656 3.1698055931
15714 3.1698055930
15791 3.1698055928
15804 3.1698055920
15820 3.1698055918
15849 3.1698055909
15939 3.1698055908
15963 3.1698055907
16016 3.1698055897
16172 3.1698055894
16359 3.1698055893
16436 3.1698055891
16508 3.1698055890
16556 3.1698055886
16557 3.1698055883
16595 3.1698055882
16799 3.1698055882
16824 3.1698055881
16853 3.1698055879
16977 3.1698055879
16990 3.1698055877
17208 3.1698055876
17272 3.1698055876
17273 3.1698055875
17415 3.1698055875
17532 3.1698055875
17683 3.1698055875
17694 3.1698055875
17717 3.1698055875
17774 3.1698055874
17823 3.1698055874
17944 3.1698055874
18029 3.1698055874
18095 3.1698055874
18132 3.1698055874
18291 3.1698055874
18328 3.1698055873
18370 3.1698055873
18375 3.1698055873
18512 3.1698055873
18543 3.1698055873
18686 3.1698055873
18696 3.1698055873
18719 3.1698055873
18731 3.1698055873
18973 3.1698055873
18993 3.1698055873
19020 3.1698055873
19029 3.1698055873
19101 3.1698055873
19120 3.1698055873
19188 3.1698055873
19190 3.1698055873
19200 3.1698055873
19344 3.1698055873
19378 3.1698055873
19394 3.1698055873
19398 3.1698055873
19682 3.1698055873
19796 3.1698055873
19921 3.1698055873
20113 3.1698055873
20173 3.1698055873
20183 3.1698055873
20185 3.1698055873
20239 3.1698055873
20287 3.1698055873
20427 3.1698055873
20435 3.1698055873
20464 3.1698055873
20569 3.1698055873
20607 3.1698055873
20721 3.1698055873
20833 3.1698055873
20885 3.1698055873
20902 3.1698055873
20904 3.1698055873
20975 3.1698055873
20990 3.1698055873
21092 3.1698055873
21335 3.1698055873
21389 3.1698055873
21518 3.1698055873
21720 3.1698055873
21876 3.1698055873
22194 3.1698055873
22750 3.1698055873
evaluations raw_y
1 114.2021113524
2 99.3685462266
3 91.8906008625
7 88.3996100885
38 86.2802095857
71 85.1447152568
95 84.9257644201
101 84.8514191688
130 83.7070253225
159 81.5543173340
177 78.6585961705
201 75.5381435765
217 71.8373442427
234 71.2755415447
236 70.0921297934
238 69.2234166599
259 63.0568171274
321 62.9829682821
335 61.6263467160
340 49.8243569960
366 43.8735976061
420 37.2334432086
423 31.5877591163
448 28.5370959107
478 18.9861505872
529 15.2066364342
536 13.4266143756
594 11.6726025280
622 10.6147887876
663 10.3112108896
666 8.5479921671
673 7.5388373866
677 7.4101883012
693 6.2508649761
748 5.7044977286
791 4.5672885823
830 3.3369142081
887 3.0067224580
946 2.6702302570
975 2.3191659955
1051 2.2445583955
1056 2.2378676515
1091 2.2344390901
1092 2.2145339138
1097 2.1722053482
1144 2.1476318936
1157 2.0742174494
1213 2.0634749063
1366 2.0567914220
1425 2.0415931203
1526 2.0322075915
1650 2.0314261935
1664 2.0276214739
1712 2.0259087313
1767 2.0258991205
1811 2.0231419840
1860 2.0213192598
1877 2.0187336881
1904 2.0184200351
1947 2.0177756469
2015 2.0148309215
2023 2.0146044674
2033 2.0142584565
2110 2.0130040363
2126 2.0125438023
2174 2.0093371110
2197 2.0076871684
2252 2.0060353132
2300 2.0058326310
2417 2.0058206464
2447 2.0055556242
2456 2.0041378085
2491 2.0038928006
2582 2.0027380639
2653 2.0022363882
2767 2.0021716232
2799 2.0018605043
2810 2.0017848223
2841 2.0016872430
2869 2.0014972696
2888 2.0013588477
2897 2.0013373419
2917 2.0012107091
2994 2.0008474622
3072 2.0007885652
3139 2.0006029645
3215 2.0004731972
3219 2.0003409857
3332 2.0002937029
3372 2.0002410626
3376 2.0002171760
3410 2.0001787814
3411 2.0000458851
3515 1.9999561422
3516 1.9998765410
3550 1.9998145341
3572 1.9997431152
3632 1.9997407551
3653 1.9996933741
3697 1.9996822019
3744 1.9996495180
3920 1.9996192455
3935 1.9996012442
3966 1.9995961923
4006 1.9995799256
4048 1.9995730612
4064 1.9995595796
4082 1.9995208879
4119 1.9994940727
4226 1.9994522564
4472 1.9994514600
4487 1.9994486980
4488 1.9994480175
4539 1.9994394083
4560 1.9994379558
4588 1.9994377375
4591 1.9994309846
4651 1.9994268802
4670 1.9994241890
4678 1.9994093879
4889 1.9994077296
4926 1.9994076116
4962 1.9994068922
4968 1.9994040674
4982 1.9994036958
5013 1.9994022616
5015 1.9994014285
5048 1.9994002798
5056 1.9993988778
5139 1.9993973213
5172 1.9993966879
5189 1.9993966385
5218 1.9993957782
5286 1.9993947808
5358 1.9993935486
5359 1.9993907385
5495 1.9993906700
5561 1.9993902212
5596 1.9993900519
5672 1.9993899271
5675 1.9993894840
5684 1.9993892570
5685 1.9993885429
5717 1.9993883775
5748 1.9993883492
5763 1.9993878448
5795 1.9993873218
5844 1.9993869728
6039 1.9993868593
6040 1.9993868112
6130 1.9993867924
6141 1.9993865385
6166 1.9993860926
6212 1.9993860519
6240 1.9993860129
6278 1.9993859594
6279 1.9993858833
6289 1.9993857097
6299 1.9993856655
6432 1.9993855567
6492 1.9993855476
6557 1.9993854025
6680 1.9993853655
6717 1.9993853156
6720 1.9993852669
6802 1.9993852054
6803 1.9993852045
6931 1.9993851913
6942 1.9993851763
6952 1.9993851431
6962 1.9993850985
6975 1.9993850859
7035 1.9993850795
7145 1.9993850548
7173 1.9993850447
7177 1.9993850423
7187 1.9993850358
7203 1.9993849861
7330 1.9993849782
7464 1.9993849721
7478 1.9993849598
7538 1.9993849541
7561 1.9993849450
7584 1.9993849359
7624 1.9993849297
7710 1.9993849275
7746 1.9993849257
7799 1.9993849196
7800 1.9993849169
7873 1.9993849163
7901 1.9993849126
7990 1.9993849107
8001 1.9993849049
8084 1.9993849015
8142 1.9993848983
8319 1.9993848940
8413 1.9993848936
8453 1.9993848935
8465 1.9993848934
8491 1.9993848920
8590 1.9993848899
8702 1.9993848898
8710 1.9993848892
8739 1.9993848886
8809 1.9993848884
8813 1.9993848874
8876 1.9993848874
8879 1.9993848864
9006 1.9993848863
9044 1.9993848862
9085 1.9993848860
9113 1.9993848859
9136 1.9993848858
9155 1.9993848855
9171 1.9993848852
9179 1.9993848851
9212 1.9993848851
9249 1.9993848847
9281 1.9993848845
9331 1.9993848844
9381 1.9993848843
9440 1.9993848840
9539 1.9993848840
9547 1.9993848840
9575 1.9993848836
9639 1.9993848836
9659 1.9993848835
9664 1.9993848835
9706 1.9993848835
9740 1.9993848835
9764 1.9993848834
9775 1.9993848834
9840 1.9993848833
9858 1.9993848833
9882 1.9993848833
9899 1.9993848833
9923 1.9993848832
9928 1.9993848832
9992 1.9993848831
10038 1.9993848831
10047 1.9993848831
10163 1.9993848830
10230 1.9993848830
10291 1.9993848830
10316 1.9993848830
10318 1.9993848830
10403 1.9993848830
10479 1.9993848830
10539 1.9993848829
10701 1.9993848829
10787 1.9993848829
10858 1.9993848829
10924 1.9993848829
11040 1.9993848829
11091 1.9993848829
11122 1.9993848829
11140 1.9993848829
11213 1.9993848829
11256 1.9993848829
11272 1.9993848829
11404 1.9993848829
11490 1.9993848829
11564 1.9993848829
11566 1.9993848829
11570 1.9993848829
11586 1.9993848829
11619 1.9993848829
11644 1.9993848829
11654 1.9993848829
11667 1.9993848829
11695 1.9993848829
11737 1.9993848829
11755 1.9993848829
11806 1.9993848829
11809 1.9993848829
11960 1.9993848829
12002 1.9993848829
12077 1.9993848829
12113 1.9993848829
12175 1.9993848829
12212 1.9993848829
12249 1.9993848829
12254 1.9993848829
12256 1.9993848829
12335 1.9993848829
12358 1.9993848829
12423 1.9993848829
12446 1.9993848829
12465 1.9993848829
12485 1.9993848829
12576 1.9993848829
12685 1.9993848829
12690 1.9993848829
12729 1.9993848829
12791 1.9993848829
12838 1.9993848829
12996 1.9993848829
13050 1.9993848829
13058 1.9993848829
13083 1.9993848829
13122 1.9993848829
13171 1.9993848829
13195 1.9993848829
13218 1.9993848829
13240 1.9993848829
13300 1.9993848829
13353 1.9993848829
13410 1.9993848829
13451 1.9993848829
13641 1.9993848829
13758 1.9993848829
13799 1.9993848829
13879 1.9993848829
13931 1.9993848829
13956 1.9993848829
13975 1.9993848829
13999 1.9993848829
14101 1.9993848829
14137 1.9993848829
14160 1.9993848829
14195 1.9993848829
14197 1.9993848829
14249 1.9993848829
14494 1.9993848829
14573 1.9993848829
14797 1.9993848829
14834 1.9993848829
14849 1.9993848829
14875 1.9993848829
15020 1.9993848829
15124 1.9993848829
15164 1.9993848829
15319 1.9993848829
15746 1.9993848829
16437 1.9993848829
evaluations raw_y
1 106.8808266028
4 91.5583083253
14 91.5119775971
16 89.8524249010
25 88.8726733725
47 87.7002185571
56 86.5900453735
78 86.3347037343
81 86.3319972627
105 85.5172144911
131 83.8003548145
150 83.5565363604
153 81.3249114679
163 80.4038537989
184 78.2315333742
204 72.8527991543
295 70.5917799404
302 69.6699337566
304 69.0634946158
317 67.4038380975
336 60.5113035539
357 55.1718857032
367 53.5212677722
403 48.0974769005
426 45.5433544623
442 40.9299320129
451 36.4806676977
491 35.6953701850
492 33.0067227197
530 29.6776886507
535 27.5480615282
568 27.1412756326
612 23.8276107366
631 22.9149971555
639 22.3563378424
680 22.1573119656
684 22.0115902847
700 21.6399517812
706 21.1675051898
710 20.9176937901
728 20.8058890741
729 20.6098033004
744 20.1519931695
745 20.0329613483
749 19.9138703794
781 18.0908742382
817 17.6911698983
829 17.3931431125
854 16.7342938509
906 16.7188243046
912 16.2039478807
957 16.1552683096
979 16.1055513704
984 16.0502307535
988 16.0384557113
1000 15.9777493771
1004 15.6376266819
1014 15.5398366552
1025 15.5328176340
1063 15.5217470765
1067 15.4395945557
1098 15.1050614224
1312 15.0545217769
1322 14.9996893229
1338 14.9180086462
1410 14.8909938114
1416 14.8009990665
1505 14.7974085805
1523 14.7783798442
1524 14.7434515544
1547 14.7157577024
1565 14.6738313862
1576 14.5470684383
1773 14.5445060251
1808 14.5410816358
1816 14.5384163976
1822 14.4711334896
1900 14.4616056195
1964 14.4556412390
1969 14.4404897428
2025 14.4226075645
2036 14.3952282042
2098 14.3859571504
2133 14.3660477010
2222 14.3635393438
2265 14.3626687442
2295 14.3606267051
2297 14.3430423042
2319 14.3389450062
2369 14.3375078036
2386 14.3088187820
2542 14.2946723070
2593 14.2883628057
2645 14.2867539609
2686 14.2850497627
2705 14.2778210058
2780 14.2775790527
2791 14.2716186335
2871 14.2682583348
2929 14.2681244562
2954 14.2665851350
2997 14.2658281885
3031 14.2644687933
3056 14.2637921397
3058 14.2620633123
3081 14.2614769665
3116 14.2590946123
3187 14.2584278913
3215 14.2574941052
3291 14.2555945527
3408 14.2546133290
3461 14.2542110167
3464 14.2532585392
3558 14.2530884546
3567 14.2528523057
3582 14.2525884575
3595 14.2518301639
3623 14.2516321944
3647 14.2516115368
3652 14.2515372044
3667 14.2511517374
3676 14.2506877577
3734 14.2505856864
3772 14.2503271289
3795 14.2501510800
3821 14.2491730810
3841 14.2490779236
3917 14.2488310696
3986 14.2487821091
4014 14.2481308645
4176 14.2481204191
4181 14.2479981790
4199 14.2479337950
4201 14.2478786368
4289 14.2477180511
4305 14.2476689240
4395 14.2475353115
4425 14.2474846751
4478 14.2474288390
4528 14.2473917284
4540 14.2473752467
4551 14.2473079552
4566 14.2471819662
4683 14.2471459753
4711 14.2471397922
4725 14.2471257182
4747 14.2471108054
4749 14.2470978648
4788 14.2470555862
4826 14.2470543844
4839 14.2470377741
4872 14.2469968829
4878 14.2469926873
4882 14.2469693457
4903 14.2469675748
4915 14.2469562639
4929 14.2469487100
4960 14.2469464959
4967 14.2469288904
4980 14.2469132248
5019 14.2468586543
5115 14.2468583345
5159 14.2468386776
5176 14.2468248113
5204 14.2468159468
5237 14.2468144914
5260 14.2467791753
5263 14.2467750133
5283 14.2467749426
5372 14.2467717026
5389 14.2467639418
5438 14.2467636008
5453 14.2467576384
5461 14.2467488684
5494 14.2467365242
5504 14.2467129170
5748 14.2467026293
5905 14.2467007508
5927 14.2466983903
6041 14.2466964342
6056 14.2466946575
6106 14.2466937133
6185 14.2466916572
6236 14.2466912666
6257 14.2466895243
6268 14.2466860834
6389 14.2466845287
6408 14.2466833464
6533 14.2466826454
6538 14.2466811694
6653 14.2466807401
6706 14.2466806539
6712 14.2466805713
6715 14.2466803658
6745 14.2466796333
6750 14.2466786807
6832 14.2466786774
6903 14.2466773290
7076 14.2466771812
7083 14.2466768728
7166 14.2466768120
7176 14.2466767368
7185 14.2466764928
7226 14.2466761980
7330 14.2466760969
7400 14.2466760879
7444 14.2466759264
7451 14.2466757144
7500 14.2466756296
7581 14.2466756188
7650 14.2466754553
7721 14.2466754168
7764 14.2466753311
7837 14.2466753202
7868 14.2466753143
7873 14.2466753034
7941 14.2466752805
7946 14.2466752291
8003 14.2466752152
8012 14.2466752140
8030 14.2466751799
8063 14.2466751597
8118 14.2466751397
8249 14.2466751212
8281 14.2466751198
8300 14.2466750997
8351 14.2466750887
8402 14.2466750813
8407 14.2466750631
8468 14.2466750507
8635 14.2466750420
8667 14.2466750313
8856 14.2466750305
8877 14.2466750292
8899 14.2466750209
8942 14.2466750202
8975 14.2466750105
8996 14.2466750090
9035 14.2466750087
9050 14.2466750087
9063 14.2466750074
9099 14.2466750072
9103 14.2466749980
9220 14.2466749968
9244 14.2466749935
9344 14.2466749923
9349 14.2466749919
9394 14.2466749870
9488 14.2466749860
9566 14.2466749858
9595 14.2466749850
9627 14.2466749834
9650 14.2466749829
9678 14.2466749824
9785 14.2466749814
9847 14.2466749810
9871 14.2466749807
9902 14.2466749805
9916 14.2466749802
9951 14.2466749799
10095 14.2466749797
10156 14.2466749794
10186 14.2466749792
10218 14.2466749789
10234 14.2466749789
10263 14.2466749788
10277 14.2466749785
10366 14.2466749783
10437 14.2466749779
10483 14.2466749778
10502 14.2466749777
10553 14.2466749775
10591 14.2466749774
10681 14.2466749772
10790 14.2466749771
10897 14.2466749771
10935 14.2466749769
10960 14.2466749769
11054 14.2466749769
11098 14.2466749769
11136 14.2466749769
11218 14.2466749769
11222 14.2466749768
11291 14.2466749768
11311 14.2466749767
11371 14.2466749767
11446 14.2466749767
11457 14.2466749767
11462 14.2466749766
11621 14.2466749766
11706 14.2466749766
11709 14.2466749766
11752 14.2466749766
11762 14.2466749766
11918 14.2466749766
11922 14.2466749766
11991 14.2466749766
12173 14.2466749766
12239 14.2466749766
12243 14.2466749766
12262 14.2466749766
12266 14.2466749766
12274 14.2466749766
12322 14.2466749766
12421 14.2466749766
12485 14.2466749766
12494 14.2466749765
12537 14.2466749765
12611 14.2466749765
12626 14.2466749765
12684 14.2466749765
12851 14.2466749765
12902 14.2466749765
12911 14.2466749765
12987 14.2466749765
12991 14.2466749765
13007 14.2466749765
13024 14.2466749765
13064 14.2466749765
13116 14.2466749765
13137 14.2466749765
13180 14.2466749765
13360 14.2466749765
13448 14.2466749765
13552 14.2466749765
13561 14.2466749765
13579 14.2466749765
13636 14.2466749765
13650 14.2466749765
13717 14.2466749765
13757 14.2466749765
13775 14.2466749765
13782 14.2466749765
13791 14.2466749765
13971 14.2466749765
14010 14.2466749765
14067 14.2466749765
14172 14.2466749765
14215 14.2466749765
14276 14.2466749765
14348 14.2466749765
14463 14.2466749765
14485 14.2466749765
14517 14.2466749765
14564 14.2466749765
14586 14.2466749765
14622 14.2466749765
14714 14.2466749765
14767 14.2466749765
14809 14.2466749765
14846 14.2466749765
14912 14.2466749765
15120 14.2466749765
15127 14.2466749765
15163 14.2466749765
15249 14.2466749765
15253 14.2466749765
15360 14.2466749765
15528 14.2466749765
15634 14.2466749765
15718 14.2466749765
16460 14.2466749765
evaluations raw_y
1 97.9183642054
8 88.5417595516
10 87.0666872086
83 87.0224386542
91 86.2453919313
105 86.1414886561
111 85.9994537983
129 85.4540035627
148 84.6595191738
171 83.6533967274
182 83.2840189715
247 82.3860283362
307 81.3909198192
316 81.2376170050
320 79.8559198400
331 79.1105302239
341 77.6661664276
354 76.6008994146
365 76.0180615990
374 75.8951284185
378 75.4322954154
381 71.6214958313
386 70.8865181412
391 69.5049209968
401 67.5618368081
445 66.7759993928
449 62.6001918014
471 62.3613540517
486 60.1317376420
508 50.5165504146
548 42.8981404677
577 34.8806314725
590 33.6787895156
597 32.4672820269
599 32.2232582319
628 31.6648621701
637 28.6678757277
646 28.5840146486
650 28.3685849384
655 27.3092450703
671 27.1382616949
673 24.5249840257
678 21.7601039904
706 19.5851123351
732 17.3529182079
737 16.6196728652
743 16.5910401780
767 15.3636905418
769 14.0362782238
783 13.9570751370
790 13.8484625778
793 13.2943962026
798 12.0193334914
800 11.4743172731
820 10.7887659771
887 10.2909996494
894 10.2084691467
901 10.0430726354
931 9.4410699251
932 9.2269905430
942 8.9980775411
957 8.8722004154
959 8.6571428389
973 8.5713659831
983 8.4085945727
1002 7.9052241232
1017 7.4360820962
1034 7.3858477389
1054 7.2963650629
1076 6.8150321966
1141 6.6517532237
1159 5.8159537684
1195 5.6490107611
1241 5.4745959413
1253 4.9504762772
1284 4.8457672543
1318 4.7040378985
1346 4.6021752959
1367 4.3798542462
1456 4.0494683146
1480 3.9596960288
1511 3.8956354594
1801 3.8482867279
1821 3.6582239035
1873 3.5957788436
1916 3.3680273345
2082 3.3618789303
2095 3.2818202992
2203 3.2704630098
2236 3.2360724814
2266 3.2222485412
2268 3.2067691613
2270 3.1807280115
2314 3.1261514295
2316 3.1109641725
2320 3.0912444960
2415 3.0291716641
2467 3.0271746635
2473 2.9566609115
2518 2.9516971695
2573 2.9052806596
2744 2.8801168605
2881 2.8712289833
2883 2.8522012171
2990 2.8465490213
3006 2.8447095248
3086 2.8430863751
3104 2.8385061470
3156 2.8206147610
3172 2.8162436814
3235 2.8112708045
3393 2.8099132487
3400 2.8084890038
3415 2.8048247520
3444 2.7978366172
3629 2.7968876989
3675 2.7947079274
3695 2.7932180462
3788 2.7927862838
3792 2.7927608281
3805 2.7923785792
3860 2.7922443019
3866 2.7915991715
3907 2.7900915856
3915 2.7899710552
3917 2.7884060052
3950 2.7854628302
4147 2.7846407979
4180 2.7841037008
4258 2.7839062949
4259 2.7836390277
4318 2.7825523462
4468 2.7825387846
4503 2.7825265912
4506 2.7814815013
4527 2.7811594502
4669 2.7810585522
4670 2.7808872823
4692 2.7803358056
4759 2.7801413381
4787 2.7798904766
4820 2.7798446773
4827 2.7796432464
4904 2.7794573263
4951 2.7792861734
4978 2.7792763127
5066 2.7791978549
5088 2.7789833003
5103 2.7789090237
5150 2.7788497124
5179 2.7787936176
5195 2.7786654609
5270 2.7785805174
5284 2.7785764429
5382 2.7785669460
5416 2.7784619965
5430 2.7784222066
5489 2.7783959548
5515 2.7783004952
5654 2.7782718861
5707 2.7782643617
5746 2.7782495099
5790 2.7782215179
5813 2.7782016055
5833 2.7781890086
5836 2.7781857600
5864 2.7781336782
6004 2.7781152542
6024 2.7781009002
6058 2.7780983799
6136 2.7780836845
6176 2.7780771554
6238 2.7780753161
6300 2.7780692345
6301 2.7780673563
6345 2.7780660431
6359 2.7780444509
6434 2.7780437719
6476 2.7780399910
6531 2.7780297173
6584 2.7780274847
6640 2.7780251711
6686 2.7780243945
6690 2.7780239642
6702 2.7780166306
6742 2.7780085090
6839 2.7780066563
6943 2.7780060179
6992 2.7780059234
7018 2.7780055735
7048 2.7780004633
7161 2.7779998702
7201 2.7779985432
7274 2.7779975300
7314 2.7779966863
7388 2.7779952583
7453 2.7779945170
7463 2.7779928849
7586 2.7779928788
7619 2.7779928058
7624 2.7779927315
7659 2.7779922792
7699 2.7779909176
7922 2.7779905006
7979 2.7779902574
8027 2.7779900102
8087 2.7779897891
8155 2.7779896430
8198 2.7779894832
8342 2.7779892932
8508 2.7779892166
8582 2.7779891519
8607 2.7779891338
8623 2.7779890804
8725 2.7779890763
8739 2.7779890672
8747 2.7779890172
8758 2.7779888984
8785 2.7779888766
8837 2.7779888537
8850 2.7779888354
8870 2.7779887733
8910 2.7779887609
8991 2.7779886908
9155 2.7779886844
9172 2.7779886776
9205 2.7779886659
9233 2.7779886221
9305 2.7779886174
9310 2.7779886016
9322 2.7779885882
9400 2.7779885698
9440 2.7779885507
9474 2.7779885071
9571 2.7779885044
9580 2.7779884876
9632 2.7779884740
9666 2.7779884675
9848 2.7779884584
9881 2.7779884547
9926 2.7779884547
9991 2.7779884497
9998 2.7779884472
10014 2.7779884427
10052 2.7779884329
10223 2.7779884320
10328 2.7779884267
10389 2.7779884227
10468 2.7779884179
10640 2.7779884178
10647 2.7779884174
10661 2.7779884156
10681 2.7779884148
10812 2.7779884134
10833 2.7779884127
10870 2.7779884118
10938 2.7779884107
11039 2.7779884100
11199 2.7779884099
11231 2.7779884099
11258 2.7779884096
11272 2.7779884095
11305 2.7779884093
11379 2.7779884091
11381 2.7779884089
11385 2.7779884087
11434 2.7779884085
11572 2.7779884085
11593 2.7779884084
11613 2.7779884083
11632 2.7779884083
11716 2.7779884082
11753 2.7779884081
11786 2.7779884080
11832 2.7779884080
11861 2.7779884079
11897 2.7779884079
11900 2.7779884078
11941 2.7779884078
12004 2.7779884077
12019 2.7779884077
12036 2.7779884076
12049 2.7779884076
12065 2.7779884076
12112 2.7779884075
12181 2.7779884075
12182 2.7779884075
12188 2.7779884075
12262 2.7779884074
12272 2.7779884074
12307 2.7779884074
12319 2.7779884073
12340 2.7779884073
12431 2.7779884073
12525 2.7779884073
12528 2.7779884073
12542 2.7779884073
12576 2.7779884073
12592 2.7779884073
12628 2.7779884073
12670 2.7779884073
12743 2.7779884072
12800 2.7779884072
12816 2.7779884072
12857 2.7779884072
12884 2.7779884072
12979 2.7779884072
12991 2.7779884072
13006 2.7779884072
13023 2.7779884072
13024 2.7779884072
13104 2.7779884072
13108 2.7779884072
13210 2.7779884072
13258 2.7779884072
13268 2.7779884072
13321 2.7779884072
13406 2.7779884072
13465 2.7779884072
13537 2.7779884072
13540 2.7779884072
13571 2.7779884072
13576 2.7779884072
13641 2.7779884072
13679 2.7779884071
13773 2.7779884071
13818 2.7779884071
13844 2.7779884071
13863 2.7779884071
13894 2.7779884071
14064 2.7779884071
14102 2.7779884071
14103 2.7779884071
14122 2.7779884071
14247 2.7779884071
14364 2.7779884071
14477 2.7779884071
14509 2.7779884071
14570 2.7779884071
14790 2.7779884071
14858 2.7779884071
14908 2.7779884071
15002 2.7779884071
15005 2.7779884071
15139 2.7779884071
15319 2.7779884071
15331 2.7779884071
15499 2.7779884071
15814 2.7779884071
16226 2.7779884071
16859 2.7779884071
evaluations raw_y
1 92.2857572266
4 87.3154464228
47 85.9083595289
48 85.8526069470
58 85.7372365981
71 84.2035982772
86 83.7951420652
142 83.4440633009
157 80.9902681213
194 80.7396562028
221 80.5359983861
229 78.5951675519
235 77.5606224822
254 75.4777635517
261 73.6965661486
296 72.7802108588
308 72.6491571061
347 71.6530162051
442 70.1874402715
486 69.4518568915
494 68.2747225745
532 67.7958271418
544 66.0515606047
595 65.6424116551
609 65.5262871883
618 62.2355691541
661 60.4570132997
686 59.7498065784
703 53.2968121742
786 50.2379664109
814 43.1888921683
903 41.9618357516
912 38.7402430809
973 38.0579204720
1007 36.2716781582
1016 35.9397725002
1021 35.1822232542
1045 34.9506057057
1054 34.4562751922
1062 33.2976828839
1079 33.1897007996
1125 32.8975157215
1179 32.6074844996
1196 32.1504766548
1210 31.4538499542
1230 31.1042340287
1236 30.9846769268
1243 30.9138345546
1245 30.3945810055
1251 29.7401059129
1258 29.6296579123
1285 28.7821356060
1346 28.1620993892
1351 28.1373459946
1516 27.8304141927
1535 27.7030216598
1548 27.5745452112
1569 27.0380662345
1614 26.9736828792
1746 26.8935522330
1760 26.7757774710
1807 26.7077429616
1861 26.5002966421
1902 26.4955179972
2013 26.3866032670
2059 26.2245293191
2289 26.1093471803
2431 25.9895326296
2451 25.9225075146
2584 25.9215462932
2660 25.8866817956
2701 25.8362864418
2725 25.7584748652
2839 25.6827106156
2949 25.6759040699
3036 25.6068381655
3219 25.5630186558
3399 25.5250543223
3431 25.5191230895
3534 25.4972653446
3684 25.4941303500
3746 25.4762590028
3831 25.4744631914
3909 25.4728603918
3923 25.4726637847
3952 25.4713211751
3973 25.4652436768
4000 25.4650336068
4016 25.4620976399
4034 25.4556469931
4078 25.4534454117
4091 25.4470397920
4210 25.4430239371
4218 25.4401825696
4247 25.4351716918
4266 25.4344420091
4392 25.4297352868
4409 25.4272527136
4596 25.4231545092
4631 25.4195859249
4710 25.4125063090
4937 25.4102970987
5114 25.4089822295
5123 25.4058960355
5404 25.4041279519
5449 25.4030714106
5508 25.4027398426
5563 25.4014371951
5711 25.4011749704
5770 25.4003712814
5844 25.4001296733
5860 25.3988259786
6036 25.3985221235
6099 25.3983343974
6185 25.3979068570
6350 25.3976119247
6406 25.3973031593
6517 25.3970213660
6541 25.3969423282
6567 25.3969327557
6571 25.3967066864
6614 25.3966146046
6634 25.3964343709
6811 25.3963432240
6936 25.3962881444
6952 25.3962744621
6955 25.3961482713
6988 25.3960738030
7109 25.3960555409
7165 25.3959002930
7342 25.3958570663
7356 25.3958405669
7410 25.3957704271
7470 25.3957682856
7477 25.3957004459
7602 25.3956037053
7890 25.3955968176
7918 25.3955757591
8055 25.3955471460
8069 25.3955345976
8110 25.3955200762
8201 25.3955119688
8245 25.3954989255
8276 25.3954686471
8417 25.3954654307
8480 25.3954617061
8482 25.3954419723
8504 25.3954353007
8539 25.3954347241
8542 25.3954322406
8582 25.3954318979
8601 25.3954304649
8627 25.3954295275
8637 25.3954266254
8683 25.3954213214
8713 25.3954198130
8759 25.3954189251
8760 25.3954128497
8782 25.3954086193
8832 25.3954058311
8939 25.3953967143
9091 25.3953941608
9127 25.3953929656
9184 25.3953902298
9200 25.3953795192
9332 25.3953791275
9410 25.3953784597
9552 25.3953774401
9597 25.3953701272
9625 25.3953682355
9818 25.3953676364
9833 25.3953668879
9932 25.3953661688
10007 25.3953661640
10035 25.3953661422
10067 25.3953651686
10137 25.3953650852
10171 25.3953635852
10251 25.3953634667
10288 25.3953628746
10332 25.3953627209
10369 25.3953620957
10463 25.3953620394
10469 25.3953617876
10471 25.3953615292
10515 25.3953612759
10557 25.3953602387
10600 25.3953601249
10686 25.3953599173
10732 25.3953598805
10764 25.3953594156
10847 25.3953590535
11042 25.3953590495
11206 25.3953589647
11307 25.3953587469
11333 25.3953587129
11336 25.3953585717
11509 25.3953584444
11664 25.3953583755
11927 25.3953583578
11945 25.3953583087
12072 25.3953582031
12142 25.3953581649
12203 25.3953581144
12283 25.3953581139
12342 25.3953580907
12360 25.3953580790
12373 25.3953580735
12387 25.3953580379
12457 25.3953580074
12613 25.3953579968
12655 25.3953579875
12686 25.3953579758
12751 25.3953579725
12757 25.3953579709
12774 25.3953579632
12809 25.3953579623
12813 25.3953579552
12822 25.3953579526
12841 25.3953579519
12896 25.3953579510
12901 25.3953579459
12944 25.3953579437
12963 25.3953579403
12964 25.3953579306
13023 25.3953579255
13061 25.3953579239
13095 25.3953579138
13143 25.3953579098
13188 25.3953579089
13252 25.3953579012
13309 25.3953578892
13415 25.3953578859
13686 25.3953578809
13896 25.3953578808
13920 25.3953578787
13947 25.3953578778
13962 25.3953578748
14147 25.3953578743
14268 25.3953578735
14276 25.3953578729
14341 25.3953578724
14370 25.3953578722
14388 25.3953578711
14423 25.3953578709
14444 25.3953578707
14469 25.3953578703
14479 25.3953578702
14508 25.3953578698
14544 25.3953578697
14588 25.3953578688
14662 25.3953578685
14692 25.3953578676
14856 25.3953578670
15025 25.3953578669
15034 25.3953578668
15309 25.3953578665
15402 25.3953578665
15475 25.3953578664
15556 25.3953578663
15615 25.3953578662
15738 25.3953578661
15831 25.3953578660
15953 25.3953578660
15990 25.3953578660
16055 25.3953578660
16074 25.3953578659
16118 25.3953578659
16196 25.3953578659
16387 25.3953578659
16495 25.3953578659
16514 25.3953578658
16766 25.3953578658
16795 25.3953578658
16887 25.3953578658
16915 25.3953578658
17008 25.3953578658
17069 25.3953578658
17080 25.3953578658
17084 25.3953578658
17247 25.3953578658
17277 25.3953578658
17314 25.3953578658
17335 25.3953578658
17355 25.3953578658
17373 25.3953578658
17424 25.3953578658
17501 25.3953578658
17516 25.3953578658
17552 25.3953578658
17563 25.3953578658
17669 25.3953578658
17760 25.3953578658
17780 25.3953578658
17793 25.3953578657
17827 25.3953578657
17879 25.3953578657
17929 25.3953578657
17964 25.3953578657
18043 25.3953578657
18065 25.3953578657
18126 25.3953578657
18275 25.3953578657
18294 25.3953578657
18313 25.3953578657
18418 25.3953578657
18466 25.3953578657
18473 25.3953578657
18555 25.3953578657
18600 25.3953578657
18613 25.3953578657
18630 25.3953578657
18658 25.3953578657
18918 25.3953578657
18965 25.3953578657
19012 25.3953578657
19041 25.3953578657
19081 25.3953578657
19192 25.3953578657
19278 25.3953578657
19352 25.3953578657
19414 25.3953578657
19456 25.3953578657
19494 25.3953578657
19595 25.3953578657
19773 25.3953578657
19919 25.3953578657
20004 25.3953578657
20047 25.3953578657
20380 25.3953578657
21096 25.3953578657
21307 25.3953578657
evaluations raw_y
1 108.3062620349
2 103.8480266139
4 101.0049457624
5 99.4225740043
8 91.3962271428
14 89.0400701834
16 86.3136718702
112 86.2825098344
117 86.2057343689
129 86.0328478244
133 85.6310012825
141 85.1831736662
245 84.3735405291
253 81.0961024035
284 79.8095309418
307 78.4964149788
308 76.1773474031
319 75.1918242872
343 74.7957352150
353 72.9241066000
388 70.6381864074
392 69.9385182472
396 62.4164141369
414 61.9843419331
425 35.6295881923
521 32.3579262553
537 23.5835749334
546 23.3532634419
570 20.0987588691
618 19.4313183492
645 16.2539166463
660 15.9257418630
671 14.7556709487
721 13.4591070387
726 12.1947191272
731 11.0450092066
751 9.3099867803
791 8.7335749041
792 8.5742970220
799 8.3396782224
819 7.8039613804
829 7.4342459904
842 7.1683203850
855 6.2306872616
858 6.1017915533
872 5.0376518110
911 3.6469637234
959 3.5541143195
961 3.1028983723
968 3.0227251502
987 2.8543379296
1015 2.8113666601
1037 2.2653646693
1051 2.2023140467
1060 2.1003670117
1069 2.0976468358
1094 2.0429484003
1259 2.0084653753
1281 2.0038667511
1320 1.9985039565
1339 1.9942294339
1349 1.9642255475
1400 1.8962752123
1423 1.7836346992
1535 1.7211798262
1798 1.7158231061
1857 1.7030551457
1864 1.6356922756
1944 1.6099419818
1984 1.5689574005
2072 1.5556851888
2075 1.5378580899
2092 1.5145352094
2187 1.5064703067
2200 1.4961965296
2263 1.4945147235
2296 1.4732673667
2319 1.4732133168
2344 1.4402147190
2448 1.4138911130
2469 1.4114267090
2485 1.3720132315
2517 1.3452442574
2686 1.3411647050
2696 1.3269566733
2748 1.3232645909
2835 1.3119311759
2871 1.3100784727
2889 1.3086906213
2924 1.3079892642
2936 1.3072458053
2977 1.3007577340
2981 1.3002365971
3013 1.2911010478
3062 1.2868068801
3154 1.2811403676
3237 1.2811088350
3248 1.2810178849
3270 1.2772290501
3285 1.2752063848
3311 1.2687096243
3420 1.2664732421
3464 1.2645980151
3517 1.2632489782
3532 1.2607016585
3598 1.2593999858
3641 1.2581459245
3675 1.2581281304
3733 1.2561947418
3765 1.2556030983
3774 1.2554278592
3799 1.2544339029
3862 1.2535363949
3867 1.2521672882
3928 1.2521183319
3978 1.2507747441
3993 1.2498762667
4125 1.2496874570
4126 1.2496494771
4162 1.2492911758
4184 1.2488257694
4186 1.2485352278
4349 1.2483012083
4374 1.2477297906
4427 1.2476586590
4447 1.2475756226
4498 1.2473262558
4522 1.2471707693
4597 1.2471702306
4601 1.2470299009
4649 1.2469986172
4665 1.2469846214
4670 1.2465403761
4805 1.2464846439
4842 1.2464470954
4916 1.2461767427
5039 1.2460674800
5047 1.2459660553
5104 1.2459102251
5227 1.2458979930
5231 1.2458906440
5266 1.2457767966
5354 1.2457214528
5394 1.2457178307
5412 1.2456812745
5429 1.2456687933
5443 1.2456652564
5468 1.2456442644
5541 1.2456338825
5556 1.2456336952
5562 1.2455973242
5628 1.2455312262
5788 1.2454929439
5834 1.2454819910
5904 1.2454695133
5909 1.2454081151
5919 1.2454014976
5974 1.2453949239
6197 1.2453812921
6208 1.2453803448
6256 1.2453801128
6315 1.2453592243
6372 1.2453489010
6420 1.2453414549
6494 1.2453410437
6512 1.2453342840
6515 1.2453095666
6691 1.2453092967
6699 1.2453082096
6725 1.2452997155
6789 1.2452995861
6802 1.2452957878
6804 1.2452946745
6850 1.2452865830
6948 1.2452827080
6954 1.2452792001
6963 1.2452775637
7080 1.2452773592
7094 1.2452737377
7194 1.2452721088
7215 1.2452719251
7223 1.2452715748
7224 1.2452707737
7247 1.2452703183
7270 1.2452697302
7317 1.2452693569
7345 1.2452688212
7352 1.2452681483
7387 1.2452669415
7404 1.2452666934
7448 1.2452665509
7474 1.2452656946
7477 1.2452653313
7496 1.2452650749
7526 1.2452636163
7551 1.2452625448
7631 1.2452621810
7668 1.2452621342
7670 1.2452614365
7711 1.2452613174
7776 1.2452611747
7782 1.2452602732
7816 1.2452594504
7828 1.2452594201
7847 1.2452594196
7892 1.2452590924
8001 1.2452589036
8062 1.2452584423
8111 1.2452578628
8147 1.2452575585
8365 1.2452574051
8376 1.2452573630
8432 1.2452572622
8510 1.2452571232
8579 1.2452567736
8664 1.2452565871
8775 1.2452564889
8815 1.2452564525
8875 1.2452564102
8973 1.2452562235
9003 1.2452561785
9067 1.2452561761
9146 1.2452561744
9148 1.2452560816
9241 1.2452560648
9253 1.2452560327
9271 1.2452559976
9281 1.2452559774
9327 1.2452559022
9360 1.2452558679
9411 1.2452558236
9500 1.2452558113
9508 1.2452557587
9586 1.2452557445
9639 1.2452557300
9731 1.2452556880
9833 1.2452556370
9923 1.2452556193
9985 1.2452556160
10262 1.2452556141
10292 1.2452556045
10309 1.2452555909
10348 1.2452555886
10439 1.2452555866
10454 1.2452555857
10505 1.2452555850
10509 1.2452555765
10510 1.2452555692
10684 1.2452555655
10688 1.2452555654
10755 1.2452555618
10768 1.2452555534
10909 1.2452555531
10986 1.2452555520
10988 1.2452555520
11011 1.2452555509
11013 1.2452555509
11031 1.2452555506
11087 1.2452555498
11107 1.2452555480
11179 1.2452555477
11194 1.2452555476
11199 1.2452555469
11226 1.2452555457
11345 1.2452555453
11361 1.2452555453
11368 1.2452555448
11378 1.2452555439
11408 1.2452555435
11421 1.2452555435
11433 1.2452555431
11484 1.2452555431
11501 1.2452555428
11547 1.2452555422
11552 1.2452555419
11597 1.2452555412
11604 1.2452555411
11630 1.2452555401
11775 1.2452555401
11800 1.2452555400
11804 1.2452555399
11808 1.2452555392
11852 1.2452555382
12026 1.2452555379
12084 1.2452555377
12107 1.2452555376
12135 1.2452555376
12176 1.2452555368
12312 1.2452555367
12377 1.2452555365
12486 1.2452555360
12736 1.2452555360
12790 1.2452555359
12826 1.2452555359
12901 1.2452555358
12913 1.2452555357
12988 1.2452555357
13013 1.2452555357
13104 1.2452555356
13136 1.2452555356
13159 1.2452555356
13169 1.2452555356
13172 1.2452555355
13312 1.2452555355
13347 1.2452555355
13395 1.2452555355
13422 1.2452555355
13509 1.2452555354
13631 1.2452555354
13817 1.2452555354
13878 1.2452555354
13909 1.2452555354
13944 1.2452555354
13997 1.2452555354
14033 1.2452555354
14070 1.2452555354
14167 1.2452555353
14309 1.2452555353
14320 1.2452555353
14525 1.2452555353
14576 1.2452555353
14634 1.2452555353
14671 1.2452555353
14705 1.2452555353
14714 1.2452555353
14715 1.2452555353
14781 1.2452555353
14848 1.2452555353
14877 1.2452555353
14938 1.2452555353
15034 1.2452555353
15189 1.2452555353
15193 1.2452555353
15206 1.2452555353
15240 1.2452555353
15241 1.2452555353
15242 1.2452555353
15287 1.2452555353
15428 1.2452555353
15439 1.2452555353
15456 1.2452555353
15705 1.2452555353
15731 1.2452555353
15783 1.2452555353
15819 1.2452555353
15832 1.2452555353
15894 1.2452555353
15989 1.2452555353
16150 1.2452555353
16161 1.2452555353
16243 1.2452555353
16259 1.2452555353
16278 1.2452555353
16281 1.2452555353
16313 1.2452555353
16389 1.2452555353
16450 1.2452555353
16467 1.2452555353
16487 1.2452555353
16536 1.2452555353
16548 1.2452555353
16585 1.2452555353
16666 1.2452555353
16685 1.2452555353
16744 1.2452555353
16783 1.2452555353
16796 1.2452555353
16829 1.2452555353
16967 1.2452555353
17033 1.2452555353
17087 1.2452555353
17154 1.2452555353
17282 1.2452555353
17463 1.2452555353
17486 1.2452555353
17527 1.2452555353
17592 1.2452555353
17744 1.2452555353
17990 1.2452555353
18045 1.2452555353
18421 1.2452555353
19224 1.2452555353
evaluations raw_y
1 95.6575506742
6 90.5160636945
27 87.2883821303
56 87.1383373373
74 85.9337311550
150 85.8345531267
152 85.7654342411
162 85.3692443395
213 79.5306126212
231 79.2283009616
244 79.1995354399
273 78.8715692962
274 78.4525555016
280 77.0882459951
281 77.0654889085
288 76.3907960660
296 75.1518296583
316 74.6598684526
317 72.5090113975
319 70.1814886933
330 69.5952980796
363 66.7401108721
383 65.7814434754
385 63.6233187102
420 59.5177506463
427 55.4439822463
431 46.8961477218
455 43.5081141017
497 43.2850433565
503 36.5579295953
518 34.8522508464
525 28.7387059798
544 27.2728879013
593 26.5925215887
652 22.4373231074
667 18.1835462401
677 18.0648588165
690 14.4276504997
714 14.1437530700
731 13.3959411596
733 11.6202347795
757 11.2769440334
782 11.1289200586
795 9.8508831891
822 8.9865932225
856 8.9077942622
878 8.3952386918
886 8.3074352269
899 8.0179673904
900 7.8468810482
916 7.7850954426
923 6.9928975381
1032 5.4618867002
1062 5.1852411848
1085 4.6634163163
1101 3.1495932559
1182 2.9481366103
1186 2.8549549763
1201 2.8424404271
1202 2.7585121839
1203 2.5697117474
1206 2.4063436487
1240 2.3107107374
1264 2.2347612377
1268 2.2334798360
1317 2.2133045915
1328 2.1719818071
1332 2.0470605447
1477 2.0261261004
1539 2.0199626131
1570 2.0189514707
1587 2.0107029332
1826 2.0101525403
1924 2.0059528498
2040 2.0000177187
2111 1.9771010398
2224 1.9724279674
2231 1.9661729409
2262 1.9552268205
2388 1.9496435657
2391 1.9380216908
2438 1.9348554003
2441 1.9300910268
2445 1.9289322365
2463 1.9270273274
2469 1.9103712727
2574 1.9090891292
2675 1.9012642748
2699 1.8980214733
2725 1.8956047183
2729 1.8780675503
2786 1.8754915970
2862 1.8720582237
2913 1.8675708196
2934 1.8546677596
3086 1.8494570567
3172 1.8475464289
3181 1.8475259106
3195 1.8428710354
3237 1.8408647580
3286 1.8325625985
3453 1.8315000393
3475 1.8275928747
3506 1.8217767424
3707 1.8185744496
3966 1.8137152281
4257 1.8130234085
4362 1.8123309916
4401 1.8120505717
4444 1.8115873506
4455 1.8101629508
4595 1.8090265390
4599 1.8086430121
4616 1.8084159000
4671 1.8075787433
4691 1.8069007384
4922 1.8065244850
4950 1.8056408162
5091 1.8056298213
5117 1.8055153246
5137 1.8052316400
5139 1.8041598715
5355 1.8040916654
5546 1.8040556642
5617 1.8039046429
5633 1.8038188323
5694 1.8037164056
5698 1.8037066059
5784 1.8036442693
5785 1.8035895331
5849 1.8035764957
5914 1.8035412748
5922 1.8034167449
6017 1.8033429931
6077 1.8033262835
6100 1.8032791411
6170 1.8032634733
6198 1.8032343881
6411 1.8032326433
6418 1.8031548665
6548 1.8031245501
6644 1.8031158070
6778 1.8031102927
6903 1.8031024014
6913 1.8031023214
6920 1.8030988217
6935 1.8030873635
6960 1.8030822356
6978 1.8030774209
7065 1.8030659027
7114 1.8030567612
7204 1.8030533952
7287 1.8030470683
7479 1.8030448403
7500 1.8030438936
7505 1.8030382766
7688 1.8030364916
7696 1.8030332611
7832 1.8030322876
7896 1.8030304149
7940 1.8030298380
7943 1.8030289533
7963 1.8030282853
7990 1.8030252105
8219 1.8030244703
8237 1.8030242296
8274 1.8030233337
8421 1.8030232015
8504 1.8030226352
8545 1.8030222608
8623 1.8030218185
8643 1.8030212968
8719 1.8030211806
8780 1.8030209828
8897 1.8030209321
8908 1.8030209125
8915 1.8030207090
9005 1.8030204539
9066 1.8030201780
9351 1.8030200890
9356 1.8030199825
9459 1.8030199111
9484 1.8030198629
9521 1.8030198447
9532 1.8030197457
9591 1.8030197139
9710 1.8030196935
9736 1.8030196678
9757 1.8030196559
9779 1.8030196091
9829 1.8030195956
9859 1.8030195765
9896 1.8030195732
9897 1.8030195656
9902 1.8030195263
9905 1.8030195240
10011 1.8030195136
10031 1.8030195123
10099 1.8030195069
10117 1.8030194725
10152 1.8030194566
10156 1.8030194559
10286 1.8030194515
10322 1.8030194509
10328 1.8030194469
10400 1.8030194428
10435 1.8030194407
10467 1.8030194380
10491 1.8030194349
10496 1.8030194307
10502 1.8030194301
10536 1.8030194079
10729 1.8030194074
10738 1.8030194067
10755 1.8030194052
10770 1.8030194039
10796 1.8030194004
10990 1.8030193993
11003 1.8030193955
11090 1.8030193923
11141 1.8030193903
11199 1.8030193885
11337 1.8030193870
11463 1.8030193856
11554 1.8030193855
11561 1.8030193848
11635 1.8030193841
11679 1.8030193837
11685 1.8030193830
11692 1.8030193828
11697 1.8030193825
11769 1.8030193822
11820 1.8030193819
11849 1.8030193816
11891 1.8030193814
11902 1.8030193813
11904 1.8030193811
11939 1.8030193811
11965 1.8030193810
11988 1.8030193809
12021 1.8030193806
12055 1.8030193798
12070 1.8030193796
12101 1.8030193795
12151 1.8030193795
12219 1.8030193795
12261 1.8030193795
12293 1.8030193795
12299 1.8030193794
12313 1.8030193792
12375 1.8030193791
12434 1.8030193790
12497 1.8030193790
12501 1.8030193790
12506 1.8030193789
12511 1.8030193788
12539 1.8030193788
12568 1.8030193787
12620 1.8030193787
12642 1.8030193786
12683 1.8030193785
12826 1.8030193784
12871 1.8030193784
12880 1.8030193783
13024 1.8030193782
13041 1.8030193782
13128 1.8030193781
13142 1.8030193781
13270 1.8030193781
13354 1.8030193781
13396 1.8030193780
13469 1.8030193780
13478 1.8030193780
13496 1.8030193780
13570 1.8030193779
13724 1.8030193779
13862 1.8030193779
13946 1.8030193779
13974 1.8030193779
14034 1.8030193779
14068 1.8030193779
14104 1.8030193779
14241 1.8030193779
14283 1.8030193779
14304 1.8030193778
14346 1.8030193778
14415 1.8030193778
14420 1.8030193778
14455 1.8030193778
14573 1.8030193778
14697 1.8030193778
14706 1.8030193778
14722 1.8030193778
14768 1.8030193778
14805 1.8030193778
14828 1.8030193778
14954 1.8030193778
15018 1.8030193778
15077 1.8030193778
15112 1.8030193778
15220 1.8030193778
15221 1.8030193778
15299 1.8030193778
15387 1.8030193778
15451 1.8030193778
15512 1.8030193778
15633 1.8030193778
15654 1.8030193778
15664 1.8030193778
15677 1.8030193778
15724 1.8030193778
15738 1.8030193778
15783 1.8030193778
15798 1.8030193778
15819 1.8030193778
15913 1.8030193778
16048 1.8030193778
16160 1.8030193778
16195 1.8030193778
16236 1.8030193778
16270 1.8030193778
16304 1.8030193778
16347 1.8030193778
16502 1.8030193778
16714 1.8030193778
16745 1.8030193778
16834 1.8030193778
17036 1.8030193778
17073 1.8030193778
17235 1.8030193778
17253 1.8030193778
17340 1.8030193778
17439 1.8030193778
17517 1.8030193778
17559 1.8030193778
17617 1.8030193778
17811 1.8030193778
18273 1.8030193778
18561 1.8030193778
19093 1.8030193778
evaluations raw_y
1 95.6995802800
5 87.1592894249
20 86.7786705064
41 86.7583080518
46 86.6587666270
50 86.6347908552
51 86.3011847278
56 85.9161044640
66 85.4457398117
91 85.3292571901
94 84.1169123750
102 82.6784698430
119 82.0708199522
147 80.0211695569
220 78.3457196660
229 78.0143887430
237 73.3209568705
244 70.2786960814
256 69.8146315209
287 67.5279219908
337 65.3911671823
350 60.8573180522
361 60.8246826345
389 54.3193077526
409 50.9085558563
414 49.1808559892
419 45.1883290064
432 42.9868868252
438 34.9946039164
440 34.4784774043
449 21.1216175546
495 20.8568390706
604 20.6520155060
652 17.2136695233
661 16.3551671253
671 11.0638190730
741 11.0244673993
771 9.9334258882
785 9.8796678061
811 9.0104693467
836 8.8304065826
837 8.2073669903
860 8.1790262193
872 7.8919707015
880 7.6807288539
887 7.4392726177
908 7.4023282757
915 7.1065523075
938 6.7627590935
965 6.5503736238
969 6.3233195058
1006 5.9587276366
1038 5.2574062351
1112 4.7156004665
1282 4.5954011480
1334 4.4125618728
1534 4.3646731312
1538 4.2258742311
1623 4.2012146902
1650 4.0435578277
1670 3.9933295554
1727 3.9036633373
1932 3.8893384030
1980 3.8774586843
2020 3.8505212779
2035 3.8492525110
2105 3.8233647800
2155 3.8227934132
2171 3.8199194548
2176 3.8104415282
2178 3.8016259565
2187 3.7767166567
2273 3.7676253733
2343 3.7619649575
2359 3.7321225605
2399 3.7291699408
2413 3.7277093733
2414 3.7176197240
2442 3.6960362665
2650 3.6901635175
2705 3.6896119914
2733 3.6868990852
2746 3.6867828700
2762 3.6780306820
2789 3.6687741700
2840 3.6601561433
2929 3.6599696626
3001 3.6594218016
3031 3.6593330095
3082 3.6535963877
3163 3.6532632840
3198 3.6530245014
3232 3.6509458088
3274 3.6481459193
3396 3.6450300051
3565 3.6447206698
3580 3.6441249428
3627 3.6440778335
3657 3.6440401223
3686 3.6427733278
3774 3.6426850099
3778 3.6423877112
3796 3.6419563456
3815 3.6416504224
3836 3.6415764808
3851 3.6410664798
3946 3.6403890428
3964 3.6402903559
3986 3.6400400097
4117 3.6396403493
4234 3.6394620008
4273 3.6393970379
4338 3.6392927800
4354 3.6390077739
4381 3.6388750107
4443 3.6387299037
4540 3.6386482351
4548 3.6385188741
4598 3.6384897562
4612 3.6384330884
4701 3.6383879626
4731 3.6383696507
4830 3.6382949936
4946 3.6382693292
4959 3.6382667771
4962 3.6382659934
4967 3.6381933628
4968 3.6381852515
5043 3.6381639060
5055 3.6381042686
5093 3.6380859751
5108 3.6380635260
5140 3.6380535626
5173 3.6380324239
5214 3.6380260946
5242 3.6380084553
5291 3.6380062368
5297 3.6379984793
5355 3.6379641022
5427 3.6379631485
5464 3.6379585917
5497 3.6379372926
5560 3.6379306959
5639 3.6379199010
5641 3.6378990338
5824 3.6378981497
5831 3.6378941218
5836 3.6378924595
5902 3.6378882559
5923 3.6378877034
5926 3.6378853863
5941 3.6378836133
5966 3.6378802328
5983 3.6378800067
5996 3.6378768620
5997 3.6378755069
5998 3.6378681347
6098 3.6378643751
6215 3.6378617046
6227 3.6378584444
6242 3.6378576981
6263 3.6378513700
6476 3.6378464294
6651 3.6378440574
6781 3.6378437666
6801 3.6378430864
6857 3.6378428952
6877 3.6378409777
6931 3.6378406289
6947 3.6378401400
7108 3.6378394972
7119 3.6378389563
7237 3.6378388895
7252 3.6378386749
7258 3.6378385275
7275 3.6378385232
7283 3.6378375619
7291 3.6378369382
7361 3.6378367777
7527 3.6378364555
7578 3.6378362863
7641 3.6378362030
7699 3.6378362012
7749 3.6378361996
7752 3.6378360413
7764 3.6378359635
7897 3.6378358422
8046 3.6378358000
8112 3.6378357200
8162 3.6378357032
8207 3.6378356720
8214 3.6378356578
8245 3.6378356547
8246 3.6378355631
8337 3.6378355550
8346 3.6378355494
8355 3.6378355017
8485 3.6378354790
8583 3.6378354777
8590 3.6378354559
8647 3.6378354400
8732 3.6378354372
8849 3.6378354360
8865 3.6378354343
8901 3.6378354334
8906 3.6378354311
8908 3.6378354269
8909 3.6378354174
8919 3.6378353999
9119 3.6378353999
9162 3.6378353958
9283 3.6378353953
9302 3.6378353902
9337 3.6378353845
9360 3.6378353837
9410 3.6378353836
9449 3.6378353813
9557 3.6378353802
9588 3.6378353788
9651 3.6378353777
9672 3.6378353773
9763 3.6378353748
9840 3.6378353742
9892 3.6378353739
9927 3.6378353736
9997 3.6378353734
10000 3.6378353732
10011 3.6378353726
10016 3.6378353724
10065 3.6378353722
10078 3.6378353718
10107 3.6378353705
10297 3.6378353702
10302 3.6378353702
10327 3.6378353701
10381 3.6378353701
10400 3.6378353700
10433 3.6378353697
10451 3.6378353695
10489 3.6378353692
10529 3.6378353691
10534 3.6378353687
10726 3.6378353686
10844 3.6378353685
10849 3.6378353685
10964 3.6378353684
10970 3.6378353683
11001 3.6378353683
11012 3.6378353682
11087 3.6378353681
11176 3.6378353681
11179 3.6378353680
11216 3.6378353679
11305 3.6378353679
11338 3.6378353679
11405 3.6378353679
11411 3.6378353679
11483 3.6378353678
11488 3.6378353678
11491 3.6378353678
11526 3.6378353678
11585 3.6378353678
11672 3.6378353677
11745 3.6378353677
11959 3.6378353677
12106 3.6378353677
12200 3.6378353677
12247 3.6378353677
12256 3.6378353677
12293 3.6378353677
12328 3.6378353677
12358 3.6378353677
12388 3.6378353677
12409 3.6378353677
12457 3.6378353677
12460 3.6378353677
12495 3.6378353677
12524 3.6378353676
12581 3.6378353676
12798 3.6378353676
12976 3.6378353676
12989 3.6378353676
12998 3.6378353676
13046 3.6378353676
13113 3.6378353676
13132 3.6378353676
13235 3.6378353676
13243 3.6378353676
13244 3.6378353676
13245 3.6378353676
13249 3.6378353676
13337 3.6378353676
13349 3.6378353676
13410 3.6378353676
13421 3.6378353676
13495 3.6378353676
13510 3.6378353676
13546 3.6378353676
13560 3.6378353676
13642 3.6378353676
13689 3.6378353676
13762 3.6378353676
13885 3.6378353676
13997 3.6378353676
14032 3.6378353676
14050 3.6378353676
14097 3.6378353676
14118 3.6378353676
14214 3.6378353676
14239 3.6378353676
14260 3.6378353676
14565 3.6378353676
14596 3.6378353676
14677 3.6378353676
14850 3.6378353676
14881 3.6378353676
15101 3.6378353676
15214 3.6378353676
15994 3.6378353676
evaluations raw_y
1 101.9179525615
2 96.8132104066
7 93.0373866544
8 89.8078009836
27 88.6169709011
28 88.1784834092
37 88.1299505245
45 88.0936330005
47 88.0596247726
53 85.9750902378
62 85.6125740728
65 83.9971811535
67 82.9772776790
125 80.8694114272
210 80.1883406030
243 78.4441322771
246 77.6654501472
275 77.0061282727
291 73.8463866321
309 73.7460677323
312 71.6549421208
389 71.4904722373
392 70.5887646365
405 69.5470865644
410 68.3473114992
426 67.4102328621
433 66.6519971788
454 66.6112756262
460 62.6555192501
547 62.2784844236
580 60.4324592116
601 59.7569726029
622 58.0327285763
633 56.1213969450
650 56.0052449122
653 55.7587291702
664 54.5058164385
665 53.7986655043
678 53.2036295689
683 51.3630779232
692 49.8683698271
750 48.7516543434
780 48.1846582328
793 47.6332618339
795 46.6067583485
838 45.7829331348
846 43.0845819774
884 42.8407594697
907 42.5041113601
916 42.2152108618
957 42.0251543464
960 41.7347926459
1004 41.5606249280
1008 41.0573581420
1054 40.6523809817
1063 40.3554307511
1107 39.9708970177
1108 39.7948038562
1156 39.6995586288
1174 39.5321016207
1250 39.4831475448
1259 39.2842987534
1290 39.1708857078
1377 39.0724220676
1414 39.0541370102
1426 38.9944669090
1457 38.8885106060
1476 38.8116011307
1494 38.5359854298
1576 38.5104025164
1583 38.4943769910
1623 38.4383950294
1644 38.3472684259
1767 38.2866925035
1788 38.2712646664
1803 38.2696565218
1835 38.2694493268
1850 38.2486494578
1886 38.2104781664
1904 38.1733700177
2015 38.1653126870
2025 38.1471159187
2029 38.1145400133
2042 38.1105768767
2053 38.0686771001
2121 38.0652991475
2122 38.0270848117
2180 38.0155412687
2196 37.9988274444
2242 37.9935608906
2281 37.9919246841
2355 37.9332239224
2498 37.9230344219
2576 37.9193165687
2612 37.9060547038
2627 37.8984554344
2647 37.8981677077
2726 37.8978087791
2755 37.8933683256
2787 37.8896828841
2809 37.8869819461
2909 37.8760825067
2988 37.8756089137
3020 37.8727133423
3038 37.8672292890
3094 37.8658564418
3137 37.8637373476
3161 37.8587220004
3188 37.8571687946
3325 37.8532470196
3510 37.8495975442
3711 37.8486647485
3808 37.8476739112
3899 37.8473883774
3957 37.8473461022
3992 37.8467730155
4004 37.8467040836
4009 37.8466606972
4050 37.8466278781
4109 37.8459286144
4201 37.8455852353
4263 37.8455354942
4292 37.8454375779
4305 37.8452439019
4436 37.8450051672
4589 37.8449432572
4630 37.8449387893
4636 37.8449346189
4678 37.8448498576
4704 37.8448366364
4714 37.8448147532
4730 37.8447759957
4762 37.8447751330
4769 37.8447274842
4803 37.8447190476
4833 37.8446913229
4849 37.8446570973
4869 37.8445916362
4940 37.8445895069
4944 37.8445595363
5000 37.8445499500
5044 37.8445279566
5071 37.8445057820
5075 37.8444995825
5082 37.8444815186
5261 37.8444690411
5272 37.8444654105
5315 37.8444472929
5341 37.8444273244
5388 37.8444231056
5389 37.8444204885
5455 37.8444160707
5469 37.8444158165
5505 37.8444061213
5511 37.8443981397
5566 37.8443969060
5581 37.8443965421
5587 37.8443901196
5637 37.8443896285
5667 37.8443890263
5670 37.8443888482
5692 37.8443867812
5708 37.8443788092
5711 37.8443775651
5732 37.8443727866
5833 37.8443630391
5838 37.8443575130
5911 37.8443567129
5914 37.8443549966
6008 37.8443510580
6079 37.8443508300
6121 37.8443449007
6187 37.8443446360
6267 37.8443436385
6347 37.8443433290
6411 37.8443432705
6415 37.8443415878
6421 37.8443413822
6483 37.8443409915
6489 37.8443397014
6522 37.8443388720
6589 37.8443378201
6708 37.8443369835
6769 37.8443359331
6860 37.8443359103
6875 37.8443346776
7019 37.8443341638
7077 37.8443341407
7084 37.8443340387
7142 37.8443338536
7198 37.8443337600
7242 37.8443337576
7262 37.8443333964
7272 37.8443333124
7296 37.8443332789
7408 37.8443330437
7455 37.8443328312
7575 37.8443326756
7681 37.8443326697
7712 37.8443326637
7717 37.8443326589
7719 37.8443326216
7734 37.8443325547
7746 37.8443324052
7870 37.8443323895
7922 37.8443323827
7943 37.8443323577
7948 37.8443323073
7995 37.8443322887
8004 37.8443322825
8032 37.8443322809
8050 37.8443322735
8067 37.8443322179
8117 37.8443322063
8130 37.8443322017
8155 37.8443321177
8278 37.8443321042
8327 37.8443320901
8411 37.8443320768
8428 37.8443320638
8473 37.8443320438
8479 37.8443320334
8528 37.8443320318
8645 37.8443320304
8749 37.8443320245
8773 37.8443320108
8897 37.8443320105
8901 37.8443320012
8916 37.8443319981
9013 37.8443319920
9040 37.8443319903
9087 37.8443319889
9146 37.8443319865
9183 37.8443319816
9251 37.8443319815
9316 37.8443319797
9318 37.8443319783
9385 37.8443319777
9428 37.8443319764
9432 37.8443319759
9444 37.8443319758
9501 37.8443319749
9517 37.8443319733
9518 37.8443319715
9558 37.8443319711
9647 37.8443319695
9762 37.8443319694
9768 37.8443319687
9829 37.8443319686
9863 37.8443319685
9899 37.8443319672
9956 37.8443319670
10003 37.8443319664
10060 37.8443319663
10096 37.8443319662
10136 37.8443319662
10153 37.8443319656
10232 37.8443319654
10341 37.8443319652
10372 37.8443319648
10524 37.8443319647
10603 37.8443319646
10615 37.8443319646
10623 37.8443319646
10649 37.8443319645
10706 37.8443319644
10735 37.8443319644
10749 37.8443319644
10756 37.8443319643
10779 37.8443319642
10806 37.8443319641
10963 37.8443319641
11075 37.8443319641
11108 37.8443319640
11239 37.8443319640
11282 37.8443319639
11352 37.8443319639
11359 37.8443319639
11394 37.8443319639
11478 37.8443319639
11525 37.8443319639
11531 37.8443319639
11566 37.8443319639
11600 37.8443319639
11644 37.8443319639
11668 37.8443319639
11706 37.8443319638
11707 37.8443319638
11721 37.8443319638
11732 37.8443319638
11761 37.8443319638
11788 37.8443319638
11862 37.8443319638
11899 37.8443319638
11963 37.8443319638
11980 37.8443319638
11988 37.8443319638
12033 37.8443319638
12089 37.8443319638
12144 37.8443319638
12273 37.8443319638
12283 37.8443319638
12319 37.8443319638
12345 37.8443319638
12349 37.8443319638
12383 37.8443319638
12434 37.8443319638
12495 37.8443319638
12614 37.8443319638
12622 37.8443319638
12682 37.8443319638
12875 37.8443319638
12997 37.8443319638
13023 37.8443319638
13053 37.8443319638
13101 37.8443319638
13150 37.8443319638
13236 37.8443319638
13296 37.8443319638
13315 37.8443319638
13439 37.8443319638
13472 37.8443319638
13477 37.8443319638
13553 37.8443319638
13639 37.8443319638
13678 37.8443319638
13790 37.8443319638
13797 37.8443319638
13842 37.8443319638
13994 37.8443319638
14019 37.8443319638
14035 37.8443319638
14122 37.8443319638
14317 37.8443319638
14398 37.8443319638
14727 37.8443319638
15346 37.8443319638
evaluations raw_y
1 103.8885430953
2 98.4296369099
4 91.4494323512
9 91.0489580075
14 86.2376982452
73 86.1955756783
82 85.9621859045
95 85.3095143487
135 85.2284343651
177 84.7617939605
194 84.7050227182
196 80.8800882547
224 80.2453328228
228 78.2849017675
233 77.4969185475
246 75.1682503176
264 74.1856668801
266 70.7129300546
279 67.4648812852
310 67.4532965550
312 65.3861165175
318 61.0814948246
327 57.7196844758
370 52.3805349751
385 51.3747591234
437 49.8782015005
438 48.5797624692
449 36.0077736341
498 32.9459552779
500 31.1028197657
515 24.8885709988
527 20.3103983020
541 20.0697374079
587 16.9976420815
688 15.8304373180
692 14.6094905617
702 11.2685158355
791 11.1069336213
801 10.1306525563
827 8.8898872965
839 8.7699203239
862 8.6517572073
898 8.3505962891
918 8.0973670628
924 8.0377362974
928 7.8624214616
961 7.3016296858
995 7.2124156767
1019 6.9343712032
1039 6.8658574438
1132 6.6353657399
1141 6.6120362266
1171 6.5984821170
1177 6.4596843797
1181 6.1071163877
1203 5.9678118212
1264 5.5062003279
1412 5.4264869403
1599 5.3662314356
1606 5.2593220654
1638 5.2485704113
1685 5.2360666998
1723 5.1682414728
1775 5.0848053083
1867 4.9960410676
1978 4.9606316597
2052 4.9339846522
2110 4.9065251402
2130 4.8883001225
2228 4.8818234799
2242 4.8669131084
2304 4.8558183839
2309 4.8056305387
2511 4.7920058991
2529 4.7762065797
2577 4.7756055760
2647 4.7669997270
2808 4.7664946544
2837 4.7583076974
2857 4.7473762516
2955 4.7453212673
3006 4.7452850951
3014 4.7384796599
3129 4.7361850825
3156 4.7358616222
3196 4.7355825190
3211 4.7335193008
3212 4.7302270479
3257 4.7280063242
3333 4.7251941472
3449 4.7234955069
3467 4.7232886612
3594 4.7229761145
3596 4.7222364407
3604 4.7217402847
3634 4.7211298122
3672 4.7195193491
3713 4.7191305990
3786 4.7186460615
3842 4.7185204711
3864 4.7169085044
3940 4.7167504118
3948 4.7165604272
4082 4.7163554912
4187 4.7158195647
4214 4.7157617819
4230 4.7156344716
4238 4.7156151256
4257 4.7154494008
4262 4.7149049808
4357 4.7146877125
4442 4.7145290895
4567 4.7145114809
4595 4.7144402492
4618 4.7141963712
4715 4.7141353606
4896 4.7140497952
5004 4.7139659415
5160 4.7139591567
5180 4.7139514005
5189 4.7139509357
5237 4.7139271866
5243 4.7139247606
5250 4.7139180858
5272 4.7138899929
5287 4.7138767252
5309 4.7138574820
5346 4.7138520616
5371 4.7138436774
5387 4.7138240754
5526 4.7138177000
5547 4.7138172923
5567 4.7138063756
5616 4.7137983547
5663 4.7137741786
5800 4.7137651795
5806 4.7137622855
5926 4.7137566788
5927 4.7137498331
6085 4.7137452106
6131 4.7137448028
6145 4.7137424514
6197 4.7137392537
6214 4.7137331555
6371 4.7137314541
6446 4.7137314482
6571 4.7137313359
6584 4.7137290654
6628 4.7137284663
6647 4.7137279793
6667 4.7137265351
6753 4.7137264110
6844 4.7137258776
6845 4.7137251477
6996 4.7137249699
7026 4.7137247673
7043 4.7137246602
7045 4.7137245834
7077 4.7137245078
7094 4.7137241894
7125 4.7137237936
7134 4.7137237599
7183 4.7137235974
7214 4.7137235955
7266 4.7137232887
7324 4.7137231687
7372 4.7137230663
7402 4.7137230187
7465 4.7137229739
7493 4.7137229618
7508 4.7137228755
7540 4.7137227064
7625 4.7137227016
7642 4.7137226841
7705 4.7137226485
7731 4.7137226105
7732 4.7137225916
7752 4.7137225766
7814 4.7137225729
7825 4.7137225161
7833 4.7137225004
7855 4.7137224578
7923 4.7137224421
7942 4.7137223939
7948 4.7137223899
8000 4.7137223737
8082 4.7137223594
8096 4.7137223382
8133 4.7137223013
8210 4.7137222863
8242 4.7137222840
8291 4.7137222735
8306 4.7137222632
8312 4.7137222578
8398 4.7137222455
8442 4.7137222098
8546 4.7137222054
8614 4.7137221824
8710 4.7137221778
8759 4.7137221748
8765 4.7137221707
8818 4.7137221656
8871 4.7137221611
8956 4.7137221609
8970 4.7137221550
9008 4.7137221531
9140 4.7137221512
9164 4.7137221479
9185 4.7137221442
9248 4.7137221415
9407 4.7137221397
9446 4.7137221384
9469 4.7137221378
9482 4.7137221372
9574 4.7137221361
9592 4.7137221331
9821 4.7137221319
9832 4.7137221317
9844 4.7137221315
9885 4.7137221307
9932 4.7137221306
9973 4.7137221303
10110 4.7137221301
10140 4.7137221294
10224 4.7137221292
10274 4.7137221290
10348 4.7137221290
10366 4.7137221288
10367 4.7137221287
10368 4.7137221282
10575 4.7137221282
10586 4.7137221281
10620 4.7137221280
10627 4.7137221279
10628 4.7137221279
10643 4.7137221278
10705 4.7137221278
10822 4.7137221277
10898 4.7137221276
10928 4.7137221275
10994 4.7137221275
11012 4.7137221275
11084 4.7137221274
11189 4.7137221273
11389 4.7137221273
11453 4.7137221273
11558 4.7137221273
11559 4.7137221273
11581 4.7137221272
11600 4.7137221272
11614 4.7137221272
11634 4.7137221272
11731 4.7137221272
11816 4.7137221272
11884 4.7137221272
11989 4.7137221272
12002 4.7137221272
12006 4.7137221272
12010 4.7137221272
12129 4.7137221272
12168 4.7137221272
12211 4.7137221272
12259 4.7137221272
12265 4.7137221272
12339 4.7137221272
12364 4.7137221272
12398 4.7137221272
12453 4.7137221272
12461 4.7137221272
12487 4.7137221272
12507 4.7137221272
12512 4.7137221272
12590 4.7137221272
12608 4.7137221271
12659 4.7137221271
12762 4.7137221271
12825 4.7137221271
12866 4.7137221271
12936 4.7137221271
12943 4.7137221271
13058 4.7137221271
13086 4.7137221271
13132 4.7137221271
13290 4.7137221271
13328 4.7137221271
13330 4.7137221271
13348 4.7137221271
13411 4.7137221271
13442 4.7137221271
13462 4.7137221271
13479 4.7137221271
13522 4.7137221271
13536 4.7137221271
13696 4.7137221271
13723 4.7137221271
13735 4.7137221271
13739 4.7137221271
13796 4.7137221271
13866 4.7137221271
13902 4.7137221271
14040 4.7137221271
14138 4.7137221271
14253 4.7137221271
14485 4.7137221271
14639 4.7137221271
14984 4.7137221271
15441 4.7137221271
evaluations raw_y
1 113.4726723475
2 101.7384100283
3 100.8636833391
5 93.2845811297
6 89.5353117302
15 86.4064780058
52 85.8919208871
102 85.4348639098
211 85.3419043323
236 85.3048520873
237 85.1702871405
252 84.0243094729
258 83.3423134846
263 81.5544718493
283 80.7252133039
285 80.2065796775
293 77.7257916013
310 76.6641898771
317 75.7041586330
335 75.3756558326
349 73.4050005712
353 70.0140607538
365 65.8525241506
382 64.1121466365
392 56.2337180340
404 51.8151436523
443 38.8209070053
459 30.7402472915
464 23.9956724821
596 18.6030798814
636 18.5895095257
664 16.7601326280
677 14.5609032286
691 14.1947345011
705 13.9188126002
726 12.3963054803
744 10.7984503623
755 10.7698850583
768 9.4591841157
775 8.6965757337
829 8.4632862490
876 8.4392661734
878 7.7382611889
893 7.4689018299
919 7.2493631631
990 7.1983844876
1031 7.0155136736
1042 6.8277789225
1046 6.8006204068
1047 6.0553815059
1155 5.8064566596
1227 5.6829703602
1301 5.6453908568
1317 5.5382284797
1343 5.5005853665
1414 5.4806953299
1449 5.4525965154
1469 5.3804449780
1524 5.3258757826
1575 5.2264871514
1599 5.1608860183
1624 5.1380473069
1768 5.0733825022
1795 5.0603840460
1836 5.0571296080
1902 4.9990756209
1933 4.9560691433
2005 4.9111969793
2022 4.9081016945
2074 4.8926613792
2121 4.8808641922
2139 4.8614341090
2159 4.8123728440
2341 4.7986307695
2487 4.7945074153
2639 4.7918426427
2641 4.7877522130
2659 4.7829404899
2664 4.7820128465
2701 4.7789425112
2708 4.7762612721
2715 4.7693613069
2723 4.7619765547
2750 4.7576419935
2785 4.7491122752
2872 4.7468837535
2925 4.7468668498
2942 4.7464784367
2965 4.7463584664
2966 4.7463170098
2979 4.7454750186
2980 4.7373647581
3061 4.7336529161
3173 4.7328392720
3181 4.7326912530
3225 4.7322435690
3263 4.7309112915
3267 4.7261184415
3272 4.7260817081
3341 4.7255401810
3368 4.7250371752
3463 4.7240563054
3488 4.7240497892
3518 4.7236536292
3523 4.7230366632
3538 4.7224585260
3566 4.7220934549
3573 4.7205533397
3583 4.7204637829
3631 4.7190691853
3649 4.7183512416
3752 4.7177539948
3774 4.7174495544
3783 4.7173676526
3820 4.7170088581
3979 4.7166586040
4005 4.7163633092
4030 4.7160305591
4195 4.7157778592
4203 4.7157082035
4243 4.7155965992
4259 4.7151881137
4290 4.7151649034
4425 4.7147890738
4454 4.7147679503
4516 4.7147371447
4529 4.7146817777
4562 4.7146127732
4650 4.7144309165
4708 4.7141679418
4912 4.7141651323
4962 4.7141505156
4982 4.7141457991
4991 4.7141141460
4993 4.7140544172
5038 4.7140125309
5103 4.7139801537
5149 4.7139629048
5184 4.7139614183
5186 4.7139348720
5199 4.7139297225
5284 4.7139180651
5306 4.7139081080
5334 4.7139017862
5384 4.7138850460
5452 4.7138709597
5470 4.7138604906
5514 4.7138523825
5518 4.7138496123
5540 4.7138445743
5545 4.7138414672
5561 4.7138240516
5605 4.7138165075
5611 4.7138143377
5654 4.7138105880
5686 4.7138043899
5690 4.7137785691
5932 4.7137749566
5951 4.7137675464
5982 4.7137619408
6043 4.7137599470
6129 4.7137560325
6132 4.7137530637
6157 4.7137488009
6181 4.7137459079
6253 4.7137403762
6422 4.7137380027
6491 4.7137361020
6522 4.7137354040
6562 4.7137352329
6564 4.7137333605
6666 4.7137329353
6667 4.7137321752
6674 4.7137321165
6694 4.7137320619
6760 4.7137314245
6763 4.7137310604
6784 4.7137291657
6804 4.7137280194
6890 4.7137269516
7021 4.7137253552
7036 4.7137252295
7264 4.7137245368
7289 4.7137243168
7385 4.7137242937
7427 4.7137236227
7502 4.7137235156
7610 4.7137234076
7620 4.7137232583
7876 4.7137228765
7950 4.7137227538
7982 4.7137226735
8099 4.7137226554
8135 4.7137226388
8203 4.7137225809
8211 4.7137225494
8228 4.7137224643
8355 4.7137224421
8431 4.7137224304
8442 4.7137224175
8449 4.7137223467
8455 4.7137223449
8565 4.7137223084
8622 4.7137223024
8647 4.7137222910
8724 4.7137222525
8739 4.7137222418
8791 4.7137222187
8862 4.7137222004
8999 4.7137222003
9029 4.7137221986
9092 4.7137221952
9136 4.7137221944
9176 4.7137221902
9181 4.7137221801
9234 4.7137221643
9326 4.7137221590
9370 4.7137221580
9440 4.7137221574
9471 4.7137221515
9542 4.7137221498
9603 4.7137221459
9697 4.7137221454
9730 4.7137221437
9814 4.7137221432
9826 4.7137221427
9866 4.7137221398
9867 4.7137221397
9885 4.7137221396
9930 4.7137221391
9939 4.7137221388
9990 4.7137221350
10055 4.7137221348
10138 4.7137221345
10222 4.7137221325
10278 4.7137221325
10364 4.7137221322
10365 4.7137221299
10466 4.7137221295
10673 4.7137221293
10675 4.7137221293
10678 4.7137221290
10719 4.7137221289
10821 4.7137221289
10831 4.7137221287
10876 4.7137221286
10880 4.7137221284
10910 4.7137221283
10955 4.7137221283
10982 4.7137221282
10983 4.7137221282
10986 4.7137221281
11003 4.7137221280
11112 4.7137221280
11141 4.7137221278
11194 4.7137221278
11228 4.7137221277
11254 4.7137221276
11281 4.7137221276
11360 4.7137221276
11393 4.7137221275
11408 4.7137221275
11419 4.7137221274
11616 4.7137221274
11630 4.7137221274
11644 4.7137221274
11702 4.7137221274
11733 4.7137221274
11756 4.7137221273
11783 4.7137221273
11904 4.7137221273
11908 4.7137221273
11924 4.7137221273
11981 4.7137221273
12040 4.7137221273
12045 4.7137221273
12081 4.7137221272
12109 4.7137221272
12265 4.7137221272
12310 4.7137221272
12314 4.7137221272
12362 4.7137221272
12414 4.7137221272
12445 4.7137221272
12457 4.7137221272
12461 4.7137221272
12520 4.7137221272
12690 4.7137221272
12745 4.7137221272
12843 4.7137221272
12851 4.7137221272
12897 4.7137221272
12944 4.7137221272
13036 4.7137221272
13086 4.7137221272
13121 4.7137221272
13143 4.7137221272
13157 4.7137221272
13172 4.7137221272
13263 4.7137221271
13266 4.7137221271
13373 4.7137221271
13382 4.7137221271
13445 4.7137221271
13475 4.7137221271
13489 4.7137221271
13495 4.7137221271
13582 4.7137221271
13627 4.7137221271
13632 4.7137221271
13685 4.7137221271
13716 4.7137221271
13788 4.7137221271
13848 4.7137221271
13857 4.7137221271
13870 4.7137221271
13877 4.7137221271
13899 4.7137221271
13971 4.7137221271
13976 4.7137221271
13985 4.7137221271
14056 4.7137221271
14151 4.7137221271
14170 4.7137221271
14231 4.7137221271
14276 4.7137221271
14293 4.7137221271
14331 4.7137221271
14341 4.7137221271
14398 4.7137221271
14502 4.7137221271
14512 4.7137221271
14533 4.7137221271
14577 4.7137221271
14693 4.7137221271
14783 4.7137221271
14898 4.7137221271
15154 4.7137221271
15531 4.7137221271
16180 4.7137221271
evaluations raw_y
1 89.7757036437
38 88.0351732437
79 87.8168560331
82 86.5464067506
112 86.2868893389
134 86.0488802921
138 86.0258287308
146 85.9780430076
156 85.9777709964
157 85.8191001943
184 84.7745122839
194 84.6552742121
212 83.5668722505
223 80.9730623934
261 79.9360071994
276 75.4046621644
306 74.3899300908
318 73.6520338196
327 73.0928289974
337 71.6845712099
339 68.9142426854
351 65.8247975986
490 62.5204460060
503 59.7057187348
520 58.9063072994
546 58.7520245776
549 48.9411121983
567 41.6040254344
578 36.8566752583
604 36.7472655915
611 32.8890901843
657 32.6280152231
672 27.8587022941
680 27.2010065131
695 25.7218651153
702 20.9772360482
743 19.6871036474
807 19.1819497702
859 18.6181798999
876 18.4095412362
877 15.1641008654
931 14.8724807441
978 14.5158415068
993 13.8116677489
1027 13.6251389973
1101 13.4639554680
1130 13.2791803822
1157 13.0015248616
1159 12.9356453736
1177 12.8258578295
1193 12.7247565245
1205 12.3794829162
1226 12.3467578684
1238 12.0111285504
1325 11.8073656884
1453 11.6938291130
1501 11.6587144625
1538 11.5532819110
1604 11.4983101562
1661 11.4930208402
1667 11.4489796418
1761 11.4009042860
1835 11.3388994533
1839 11.3028924302
1875 11.2735016034
1912 11.2446384192
1984 11.2346268899
2003 11.1991485298
2125 11.1421575203
2278 11.0837610341
2501 11.0657583359
2573 11.0590689356
2621 11.0437059706
2657 11.0418974383
2658 11.0343410255
2672 11.0226245828
2732 11.0203630078
2859 11.0198590294
2874 11.0187280962
2918 11.0156919170
2941 11.0144541634
2956 11.0087141680
2970 11.0065057591
3066 11.0031630972
3100 10.9957759442
3212 10.9951034174
3213 10.9947536679
3268 10.9913501023
3329 10.9891089716
3391 10.9890976314
3426 10.9877538715
3472 10.9870700407
3482 10.9865227919
3502 10.9861162056
3515 10.9855679101
3517 10.9850781164
3541 10.9849934363
3557 10.9846255115
3572 10.9832358789
3680 10.9826724184
3702 10.9820353512
3777 10.9816659122
3816 10.9812449450
3838 10.9799982655
3903 10.9798836882
3930 10.9798781382
3940 10.9797975268
3954 10.9797631588
3959 10.9792861265
3974 10.9792249749
3980 10.9785956466
4024 10.9781081797
4114 10.9771808192
4179 10.9769272537
4319 10.9768847978
4329 10.9768803417
4330 10.9765577091
4414 10.9764738699
4426 10.9761467890
4468 10.9759274372
4532 10.9757604859
4661 10.9755750748
4694 10.9754430118
4724 10.9754153862
4742 10.9753794385
4752 10.9753412027
4795 10.9752306697
4891 10.9751841857
4932 10.9751755439
4936 10.9750626634
5054 10.9749544603
5129 10.9749492486
5145 10.9749064945
5178 10.9747888929
5300 10.9747868194
5326 10.9747117220
5388 10.9746519757
5520 10.9746222017
5706 10.9746199309
5724 10.9746166022
5767 10.9745947396
5813 10.9745944681
5874 10.9745690967
5876 10.9745688405
5904 10.9745552012
5944 10.9745533990
6036 10.9745522119
6058 10.9745504903
6066 10.9745502898
6073 10.9745394564
6080 10.9745362103
6096 10.9745350616
6165 10.9745257199
6280 10.9745202898
6410 10.9745182318
6427 10.9745170511
6457 10.9745138147
6533 10.9745117312
6623 10.9745107631
6637 10.9745051697
6724 10.9745051503
6735 10.9745049960
6749 10.9745040183
6776 10.9744991103
6898 10.9744982218
6941 10.9744982203
6981 10.9744971381
6997 10.9744969201
7001 10.9744967991
7034 10.9744963832
7067 10.9744947972
7099 10.9744937141
7125 10.9744935087
7221 10.9744919201
7240 10.9744918662
7321 10.9744916877
7376 10.9744914059
7389 10.9744906549
7454 10.9744899916
7575 10.9744895247
7680 10.9744892440
7824 10.9744889642
7889 10.9744887541
7925 10.9744885825
8025 10.9744883956
8090 10.9744880702
8307 10.9744880570
8333 10.9744880372
8350 10.9744879653
8372 10.9744878606
8459 10.9744876755
8696 10.9744876630
8714 10.9744876627
8728 10.9744875850
8834 10.9744875622
8904 10.9744875444
9013 10.9744875335
9056 10.9744875145
9080 10.9744875114
9108 10.9744875047
9122 10.9744874978
9197 10.9744874851
9214 10.9744874821
9287 10.9744874799
9303 10.9744874611
9365 10.9744874485
9463 10.9744874396
9558 10.9744874313
9665 10.9744874293
9717 10.9744874290
9737 10.9744874287
9752 10.9744874193
9922 10.9744874139
10076 10.9744874138
10108 10.9744874122
10139 10.9744874120
10173 10.9744874118
10176 10.9744874117
10213 10.9744874116
10267 10.9744874114
10270 10.9744874092
10332 10.9744874088
10432 10.9744874083
10468 10.9744874082
10487 10.9744874075
10555 10.9744874074
10579 10.9744874067
10603 10.9744874063
10631 10.9744874059
10673 10.9744874059
10677 10.9744874057
10734 10.9744874055
10839 10.9744874050
10913 10.9744874046
11042 10.9744874045
11055 10.9744874045
11078 10.9744874043
11174 10.9744874041
11246 10.9744874040
11267 10.9744874039
11284 10.9744874039
11290 10.9744874038
11377 10.9744874037
11398 10.9744874037
11452 10.9744874037
11495 10.9744874036
11554 10.9744874035
11580 10.9744874035
11650 10.9744874035
11692 10.9744874035
11740 10.9744874035
11742 10.9744874035
11746 10.9744874034
11778 10.9744874034
11828 10.9744874033
11853 10.9744874033
11946 10.9744874033
11963 10.9744874032
12112 10.9744874032
12167 10.9744874032
12209 10.9744874032
12248 10.9744874032
12390 10.9744874032
12410 10.9744874032
12432 10.9744874032
12438 10.9744874032
12475 10.9744874031
12626 10.9744874031
12721 10.9744874031
12751 10.9744874031
12814 10.9744874031
12875 10.9744874031
12913 10.9744874031
12933 10.9744874031
12981 10.9744874031
13039 10.9744874031
13059 10.9744874031
13089 10.9744874031
13093 10.9744874031
13183 10.9744874031
13290 10.9744874031
13330 10.9744874031
13388 10.9744874031
13436 10.9744874031
13497 10.9744874031
13527 10.9744874031
13531 10.9744874031
13542 10.9744874031
13555 10.9744874031
13563 10.9744874031
13572 10.9744874031
13610 10.9744874031
13616 10.9744874031
13663 10.9744874031
13673 10.9744874031
13743 10.9744874031
13883 10.9744874031
13916 10.9744874031
13932 10.9744874031
13967 10.9744874031
14055 10.9744874031
14115 10.9744874031
14136 10.9744874031
14238 10.9744874031
14267 10.9744874031
14281 10.9744874031
14287 10.9744874031
14307 10.9744874031
14420 10.9744874031
14491 10.9744874031
14520 10.9744874031
14534 10.9744874031
14601 10.9744874031
14669 10.9744874031
14750 10.9744874031
14820 10.9744874031
14897 10.9744874031
15021 10.9744874031
15060 10.9744874031
15303 10.9744874031
15658 10.9744874031
16407 10.9744874031
evaluations raw_y
1 111.3301175694
2 109.3525631739
3 98.7214361478
5 86.1936169759
37 85.8824588998
114 85.3631685619
175 85.2359348435
193 84.5929790785
196 84.2840257824
209 83.6345980073
212 81.1238806847
235 81.0795678653
245 79.6398429291
261 79.4851620813
282 79.0889786726
292 77.8073251630
304 71.6657058342
331 70.3759307837
334 65.7293991010
349 65.0835877813
351 62.4808419857
359 60.2683876860
366 58.2833923264
403 58.2114242693
417 56.7730856491
430 49.0274150926
461 42.5989716998
481 41.6497209505
489 40.5416902858
502 29.0930109075
529 27.4934059535
597 23.8193706316
614 20.6804246295
646 18.5817789347
662 17.8314579280
667 14.8307807722
680 13.6866856047
686 13.3736493760
687 11.4620115167
702 10.0469710877
718 9.3634162330
730 9.0130693452
745 7.9414314205
750 7.9029324678
752 7.8952140453
766 7.6824008532
774 6.8116896628
781 6.7869507973
785 6.7457625127
786 6.3244057518
790 5.7713733518
832 4.9244108671
858 4.7861671570
861 4.3082388708
882 3.4170966695
904 3.3938716274
907 3.2999486619
909 2.9603919297
933 2.4971376591
937 2.4282479409
948 2.4147941691
950 2.3353898949
970 2.1312154804
977 2.0744193919
1033 2.0688738146
1131 2.0519968597
1139 2.0167089125
1168 2.0144825568
1174 2.0038753725
1181 1.9790944411
1220 1.9713142019
1241 1.9516063815
1281 1.9325415251
1311 1.9216594207
1377 1.9195218167
1411 1.8714168844
1433 1.8530518590
1446 1.8511300904
1577 1.8347344724
1643 1.8200819021
1678 1.8093151802
1708 1.7675571079
1746 1.7614530907
1767 1.7609776182
1836 1.7290673537
1843 1.7143071102
1865 1.7120599494
1905 1.6964892620
1977 1.6881269646
2053 1.6701690413
2124 1.6620225085
2185 1.6605320349
2193 1.6564170194
2238 1.6132646026
2410 1.6084740064
2524 1.6003340539
2560 1.5945377716
2724 1.5907774266
2818 1.5903110748
2823 1.5883005055
2869 1.5862989121
2885 1.5817887439
2919 1.5763437175
3027 1.5756965114
3085 1.5734193124
3170 1.5723078333
3237 1.5716625551
3256 1.5709046467
3311 1.5708002250
3424 1.5707648422
3430 1.5704790392
3434 1.5695667784
3444 1.5675376450
3492 1.5674311384
3548 1.5670038789
3643 1.5667156308
3645 1.5665903450
3664 1.5665190224
3679 1.5663068585
3693 1.5660538270
3719 1.5660489949
3744 1.5659318711
3752 1.5656979593
3762 1.5656663915
3783 1.5654878546
3873 1.5653245647
3904 1.5651434097
3907 1.5650371822
3918 1.5650088291
3955 1.5648134856
3991 1.5647725365
4006 1.5647720581
4026 1.5647615022
4034 1.5644508399
4087 1.5643898711
4111 1.5640157302
4173 1.5639600410
4245 1.5639396291
4267 1.5637616949
4374 1.5637206715
4406 1.5636881965
4430 1.5636608251
4443 1.5636244802
4477 1.5635590835
4482 1.5634287157
4592 1.5634099720
4604 1.5633467234
4732 1.5633227232
4770 1.5633101267
4793 1.5632677976
4854 1.5632057168
4933 1.5632010908
4935 1.5631970460
4984 1.5631925900
5075 1.5631798727
5079 1.5631663296
5156 1.5631461532
5192 1.5631265954
5217 1.5631169537
5222 1.5631162113
5303 1.5630883469
5408 1.5630801447
5524 1.5630735281
5558 1.5630581103
5649 1.5630547523
5652 1.5630455140
5791 1.5630441213
5862 1.5630418491
5875 1.5630380224
5886 1.5630353312
6039 1.5630330073
6061 1.5630321578
6110 1.5630284303
6239 1.5630220490
6387 1.5630217847
6453 1.5630192819
6550 1.5630179021
6557 1.5630178554
6590 1.5630141996
6686 1.5630140958
6817 1.5630139092
6887 1.5630138535
6890 1.5630137666
6899 1.5630123729
7056 1.5630123158
7062 1.5630121723
7070 1.5630115918
7199 1.5630111803
7342 1.5630111390
7355 1.5630106283
7546 1.5630105595
7579 1.5630105113
7596 1.5630103711
7722 1.5630102638
7809 1.5630102482
7817 1.5630101925
7907 1.5630101472
7949 1.5630101163
8028 1.5630101158
8035 1.5630100710
8036 1.5630100274
8124 1.5630100107
8187 1.5630099745
8303 1.5630099620
8399 1.5630099489
8406 1.5630099465
8408 1.5630099442
8447 1.5630099332
8563 1.5630099162
8668 1.5630099149
8671 1.5630099132
8703 1.5630099078
8708 1.5630099024
8764 1.5630098983
8806 1.5630098982
8820 1.5630098912
8910 1.5630098907
8941 1.5630098878
8971 1.5630098869
9003 1.5630098846
9047 1.5630098831
9052 1.5630098813
9087 1.5630098779
9118 1.5630098764
9158 1.5630098743
9185 1.5630098727
9212 1.5630098702
9306 1.5630098685
9367 1.5630098682
9372 1.5630098672
9410 1.5630098635
9636 1.5630098631
9704 1.5630098630
9712 1.5630098629
9763 1.5630098620
9768 1.5630098618
9828 1.5630098610
9911 1.5630098609
9918 1.5630098607
9940 1.5630098595
10135 1.5630098594
10230 1.5630098591
10305 1.5630098590
10312 1.5630098588
10415 1.5630098587
10427 1.5630098585
10453 1.5630098582
10496 1.5630098582
10569 1.5630098579
10730 1.5630098579
10738 1.5630098578
10860 1.5630098577
10977 1.5630098577
10993 1.5630098576
11005 1.5630098576
11173 1.5630098576
11190 1.5630098576
11239 1.5630098575
11256 1.5630098575
11276 1.5630098575
11284 1.5630098575
11340 1.5630098575
11349 1.5630098575
11395 1.5630098575
11469 1.5630098575
11493 1.5630098575
11572 1.5630098574
11595 1.5630098574
11603 1.5630098574
11618 1.5630098574
11620 1.5630098574
11736 1.5630098574
11787 1.5630098574
11789 1.5630098574
11842 1.5630098574
11850 1.5630098574
11890 1.5630098574
11898 1.5630098574
11948 1.5630098574
11962 1.5630098574
12007 1.5630098574
12224 1.5630098574
12305 1.5630098574
12323 1.5630098574
12349 1.5630098574
12354 1.5630098574
12418 1.5630098574
12431 1.5630098574
12504 1.5630098574
12506 1.5630098573
12581 1.5630098573
12597 1.5630098573
12620 1.5630098573
12653 1.5630098573
12762 1.5630098573
12830 1.5630098573
12838 1.5630098573
12842 1.5630098573
12878 1.5630098573
12919 1.5630098573
13037 1.5630098573
13086 1.5630098573
13092 1.5630098573
13151 1.5630098573
13190 1.5630098573
13204 1.5630098573
13230 1.5630098573
13244 1.5630098573
13277 1.5630098573
13318 1.5630098573
13354 1.5630098573
13396 1.5630098573
13431 1.5630098573
13471 1.5630098573
13511 1.5630098573
13589 1.5630098573
13608 1.5630098573
13750 1.5630098573
13795 1.5630098573
13829 1.5630098573
13894 1.5630098573
13944 1.5630098573
13956 1.5630098573
13960 1.5630098573
13991 1.5630098573
14061 1.5630098573
14114 1.5630098573
14115 1.5630098573
14202 1.5630098573
14210 1.5630098573
14303 1.5630098573
14346 1.5630098573
14353 1.5630098573
14405 1.5630098573
14421 1.5630098573
14494 1.5630098573
14514 1.5630098573
14595 1.5630098573
14673 1.5630098573
14728 1.5630098573
14758 1.5630098573
14870 1.5630098573
14961 1.5630098573
14991 1.5630098573
15206 1.5630098573
15224 1.5630098573
15504 1.5630098573
15656 1.5630098573
16426 1.5630098573
