evaluations raw_y
1 3602771.5478453240
2 2507154.4354334925
14 2433152.3967819433
18 2419578.1461686110
19 2223278.8394049983
21 1963717.1025602394
55 1944825.4605568806
71 1941022.2440257885
81 1869964.4015690275
117 1820457.2311960433
125 1369713.0397876392
138 635732.2178797725
312 631063.0514544570
321 577774.5757202941
347 572306.1193857924
391 358677.4494294683
440 347297.8586557527
519 305816.2348034211
571 304177.8758570020
591 292358.7473291926
617 286926.9800356579
635 192352.2867857322
659 156269.4630742993
718 108428.6135725445
1340 93181.5369534438
1670 69033.7570539819
12163 15401.1862025306
12572 2566360.5593256927
evaluations raw_y
1 2440393.5707016387
17 1914638.1673061650
51 1904864.8359658967
90 1537384.8957703994
128 1266642.5020212920
149 1086013.6348778834
174 1026775.7965541471
225 970264.9888800083
253 815597.3698588322
306 703984.6815660907
362 626987.7868908595
363 373224.2704834957
382 351972.4738587130
530 183149.4010000550
570 69242.4933575310
1795 32913.3579113852
12737 684900.0886513210
evaluations raw_y
1 3030343.3725315128
5 2423437.3257934554
18 2026365.3344010061
19 2010790.4989111964
25 1937301.7161336185
26 1894384.5914257406
34 1830528.9502153082
73 1451461.8482801681
93 1361018.8801632568
99 1143041.5882832913
146 1118362.6879106921
152 1096833.0669249156
184 1081846.4885006712
185 963879.1722434884
215 659356.3577582110
267 484108.3610978727
422 228908.4170636162
699 182798.4533680041
827 150195.2626371460
2542 66501.5139919625
11723 61188.4909217345
12285 55538.4626930445
12390 1646444.8669368965
evaluations raw_y
1 1610569.8373990986
3 1424303.3630315999
6 1295804.7465803863
8 883244.9361886780
20 840577.1171924899
28 731858.6477015452
35 620288.5696933644
38 614409.1394237562
78 436559.1285524885
159 417933.7067909008
165 313267.1831573832
190 171887.7233430968
224 141111.3230475982
245 125775.2939447965
254 122630.7935965863
371 65759.4931630971
512 49225.4572170131
591 39518.1684387000
651 33961.0259642485
1055 3734.7080125556
11957 562230565398842.5625000000
evaluations raw_y
1 3470825.6617740840
2 2950784.0208227201
11 2251460.2979252567
21 1854656.0469461656
88 1561166.9438348822
101 1557993.1997036352
116 1518432.6107050749
125 1308958.7289812705
131 1116412.7078854260
177 1090233.5725192102
197 970154.0229698314
199 881408.4565512688
203 693308.9420705806
281 610541.8883746096
335 607622.3155648669
365 408097.9560083716
516 320793.5442175588
621 301063.8229861118
626 242620.2899496328
645 180017.2033224649
1178 153551.5252256877
1452 7742.5889514275
12767 666391.0498478094
evaluations raw_y
1 2293046.9516028413
2 2224091.7491163099
4 2218329.6607416910
5 1377504.7287663298
17 1026310.5305349603
81 1005300.9378018192
132 590920.9829948647
194 363933.5518024755
282 308108.8002844172
320 219587.0595445725
411 137412.6541409000
572 96076.5998174381
851 59171.2545358339
12193 4545328540406861.0000000000
evaluations raw_y
1 2478979.6168260011
2 2112395.1850478253
7 1409113.9214169423
26 1304119.0339667157
29 753528.1022263940
72 698857.2370571329
114 577403.8004538363
132 486765.2120625211
134 397094.1251251585
193 328646.4176808449
197 247795.5648757065
258 241857.1944423412
317 127829.2561451585
468 104054.5146153512
568 99768.5009931523
627 6039.9660275191
12535 3317431.7258542133
evaluations raw_y
1 2990274.4118366726
2 1987013.3478272199
17 1963591.7459930249
19 1098623.4294271744
24 1097808.2194331191
70 1084801.7214504762
76 1076959.0607513699
86 870272.3825462147
125 731133.7564496441
196 655615.7443043782
208 606734.6447278323
212 596152.7511443623
215 579838.8305548029
229 561037.8263410745
250 507841.6846443563
259 435261.2010315058
283 311637.1567882643
326 297675.5781594056
334 281719.1976695367
350 277998.2522183994
463 190816.5943813609
500 117426.0425424156
600 111311.6647310909
633 65721.2869867166
13183 1322383.6893247538
evaluations raw_y
1 2198908.6118376185
2 2190730.1075443616
4 2006218.9177031575
5 1986621.8153756999
8 1777662.6469595653
12 1283596.1499979438
17 1158299.6156111041
67 1073002.9230093232
82 1027551.5547570494
89 634892.5415963114
130 611736.1020008129
134 580027.6554701813
159 575384.1345210180
204 456310.5612010429
205 382380.3458507403
246 273699.5304818649
277 262505.6609766373
284 186768.2976081255
324 179115.5582996310
345 161787.0297598261
486 113203.3612575550
557 99349.0745219770
749 65948.8254729865
792 45708.9841749388
923 31503.6842533878
1072 24520.2996794173
1619 12716.4177782851
1680 8588.9835486700
12319 1964977.0275407929
evaluations raw_y
1 1060479.0786784850
3 817953.1246528986
10 579621.3453890538
65 577609.9997327300
70 565421.6074310484
76 432953.4500586885
95 414868.6609237816
107 323177.1648436463
111 202439.6929207109
196 198412.7849493159
218 118114.5616350443
374 74766.2304790613
635 42199.7332338388
636 39332.5012150930
655 12244.7076826001
1461 11193.7984935297
1480 10573.1292095735
1805 10232.0045504415
10568 340454885.9538167715
evaluations raw_y
1 3342815.0792644219
2 2955637.9159183828
3 2899097.4984588460
6 2374298.7785123680
14 2371698.5365464836
19 2066782.2875656977
20 1859451.1731558864
68 1753021.6664770290
70 1167736.9093982670
125 675101.8852031579
134 654239.1010436065
196 329254.6997096358
269 310968.3465840300
288 307628.7316788520
317 301544.6331919075
336 152952.8286843300
364 145709.6062952899
394 130166.8153127004
458 75112.1434556847
738 21567.3382558500
1285 17117.2356056588
1322 15534.8475710328
11647 10299.1639927900
12095 10074129.7840198968
evaluations raw_y
1 1856264.0309485043
3 649363.4224621638
22 614323.7253276731
29 523100.7675087862
82 317956.3335465157
139 313271.5373580284
148 201753.3668170401
185 180271.0046044135
242 173595.2306925985
245 144223.5053772873
291 128603.9200819086
327 109323.9680939704
339 101294.2105463795
388 48026.5892986069
433 29224.5047497395
539 17755.3827496670
945 16475.2599871540
1281 16283.4390428545
1412 11122.9448642339
1516 8424.7173094263
1530 7593.2828169049
1676 7012.9627022507
10773 1869.7687118017
22759 1820.4735555282
22911 1808.0234503814
22923 1724.7665515304
22992 1405.1602429483
23320 1380.2005635447
23376 1304.4707261591
23409 1205.9856110850
23510 1128.5846826191
23582 925.0005177992
23952 893.3284494639
24155 769.7822999590
24648 761.2578611337
24880 699.6296989239
24985 689.1979567643
25028 683.2532979670
25203 651.4573588781
25246 616.8242027509
25293 597.5189226162
25303 587.7353594686
25646 553.3155021264
25770 512.0320401399
25819 426.9807765299
26128 421.6813565692
26160 381.8624960487
26198 374.2034621433
26372 367.8548982550
26442 351.5226347217
26537 289.7558339788
26596 232.7575764128
27083 216.7169269410
27784 216.0334978565
27821 215.8838705889
27844 214.1233791803
27884 212.7609985957
27895 206.9602546080
27902 201.1899269750
27923 163.8736548046
28195 162.6143077668
28198 136.1061591699
28458 123.2955166113
28614 114.4887293799
28654 112.9606827552
28787 107.2932424800
28863 100.0959587460
29712 90.0184845394
29860 75.6916678796
29925 68.4628280005
30044 63.3509447055
30068 62.1279936727
30364 51.3551272988
30381 49.3281868954
30423 45.7625626410
30605 45.2899537974
30700 44.1557001146
30785 43.1472874974
30892 38.9374286990
31191 38.8646283255
31232 32.4617356210
31284 27.4754451464
31457 26.4599591229
31569 24.7088974688
31881 21.8634702968
32362 19.7936448134
32424 19.6771820946
32597 16.3563298612
32879 13.0474793846
32918 12.5241149602
33748 12.2857573192
33782 12.0500621825
33783 9.8659829607
34272 9.7202284770
34294 8.5205810634
34302 6.8215087437
34508 6.6934116728
34769 6.6067983831
34834 5.8084844546
35186 5.6289343339
35384 5.0122504527
35527 3.8843910374
36108 3.5583400327
36246 3.1950839604
36329 2.8683229398
36579 2.7219982637
36586 2.6174545789
36649 2.5126224137
36868 1.9379515972
37592 1.8542643175
37603 1.7179545794
37791 1.7146342751
37866 1.7128169883
37877 1.6954877948
37934 1.5272010560
37994 1.5006891360
38010 1.3778148723
38048 1.3079593818
38231 0.9983949034
39001 0.9513969639
39006 0.7586069655
39533 0.7411848554
39676 0.7287186458
39934 0.7068559867
39949 0.7008442764
40083 0.6936883638
40139 0.6265927184
40211 0.5825066087
40404 0.5674210084
40625 0.5420158674
40641 0.5118405487
40698 0.4679580309
40727 0.4435664900
40730 0.4359860281
40819 0.4351240802
40917 0.4137546487
41003 0.3801258921
41051 0.2832066910
42089 0.2781972051
42212 0.2600817080
42282 0.2554399401
42346 0.1823657738
42796 0.1632678593
42884 0.1552572655
43316 0.1468795501
43378 0.1138198645
43514 0.1110612156
43783 0.0895844218
43899 0.0812076728
44263 0.0754637750
44452 0.0738940576
44548 0.0647643814
44836 0.0607990714
44891 0.0470957639
45200 0.0410353056
45897 0.0396474306
46009 0.0296446511
46026 0.0224438167
46402 0.0221765486
46851 0.0216438878
46879 0.0172154031
47232 0.0164246012
47408 0.0163428484
47416 0.0150789004
47853 0.0150473316
47858 0.0137709972
47955 0.0131411987
48108 0.0091415170
48306 0.0089347010
48480 0.0088158998
48661 0.0085957456
48848 0.0085389076
48861 0.0083501203
48953 0.0079367060
49167 0.0071100198
49186 0.0064594023
49262 0.0062144657
49329 0.0058911845
49351 0.0058138032
49509 0.0052495968
49912 0.0052165401
49947 0.0048513822
50105 0.0047729180
50134 0.0046696755
50151 0.0045949693
50287 0.0044087970
50383 0.0043678125
50411 0.0040207054
50420 0.0030760981
51018 0.0025955277
51218 0.0025414576
51266 0.0024742187
51298 0.0022911933
51630 0.0021226931
51706 0.0020765485
51741 0.0013655244
51973 0.0012663129
52167 0.0012298704
52461 0.0011354505
52497 0.0011116972
52574 0.0010003968
52695 0.0009746143
52751 0.0008258061
52780 0.0006233435
53177 0.0005704532
53469 0.0005601975
53886 0.0005308052
53940 0.0005081620
54103 0.0005060163
54160 0.0005011548
54257 0.0004980417
54503 0.0003767182
54576 0.0003202440
54697 0.0002757103
55609 0.0002484996
56274 0.0002399860
56282 0.0001803320
56358 0.0001662560
56550 0.0001581272
56913 0.0001550516
57034 0.0001452709
57165 0.0001439005
57227 0.0001203287
57492 0.0001065113
57603 0.0000981187
57775 0.0000838414
57889 0.0000712354
58210 0.0000686947
58449 0.0000597098
58670 0.0000591735
58737 0.0000576701
58805 0.0000561866
58847 0.0000469116
59176 0.0000458307
59252 0.0000370482
59288 0.0000345683
59475 0.0000334707
59522 0.0000248039
60399 0.0000200005
60553 0.0000186118
60673 0.0000182774
60873 0.0000158644
61133 0.0000157471
61259 0.0000147904
61800 0.0000146118
62064 0.0000121205
62085 0.0000111856
62169 0.0000091362
62374 0.0000089276
62375 0.0000085299
62562 0.0000076076
62944 0.0000074115
62984 0.0000072181
63027 0.0000068659
63163 0.0000065787
63227 0.0000059807
63296 0.0000056823
63363 0.0000056111
63409 0.0000050098
63558 0.0000041794
64101 0.0000040672
64204 0.0000040271
64224 0.0000036781
64288 0.0000035081
64314 0.0000033552
64327 0.0000032285
64437 0.0000027944
64961 0.0000025320
65210 0.0000025233
65484 0.0000022836
65547 0.0000016911
65818 0.0000015773
66181 0.0000012145
66210 0.0000011704
66303 0.0000009187
67329 0.0000008886
67547 0.0000007987
67745 0.0000007726
67785 0.0000006991
68061 0.0000006388
68326 0.0000005221
68726 0.0000005142
68956 0.0000005003
69111 0.0000004813
69294 0.0000004743
69399 0.0000004622
69758 0.0000004516
69912 0.0000004433
69997 0.0000003275
70200 0.0000002832
70377 0.0000002757
70514 0.0000002142
70765 0.0000002057
70837 0.0000001954
70898 0.0000001954
71064 0.0000001918
71097 0.0000001898
71255 0.0000001760
71537 0.0000001568
71601 0.0000001004
72520 0.0000000978
72652 0.0000000847
72822 0.0000000757
73116 0.0000000657
73165 0.0000000610
73460 0.0000000604
73603 0.0000000539
73664 0.0000000500
74047 0.0000000468
74049 0.0000000373
74186 0.0000000368
74536 0.0000000363
74659 0.0000000342
74754 0.0000000276
75187 0.0000000239
75428 0.0000000216
75505 0.0000000211
75581 0.0000000199
75983 0.0000000196
76279 0.0000000189
76343 0.0000000182
76369 0.0000000176
76471 0.0000000170
76516 0.0000000138
76653 0.0000000133
76771 0.0000000117
76914 0.0000000115
77020 0.0000000115
77201 0.0000000112
77211 0.0000000099
78108 0.0000000092
78176 0.0000000084
78330 0.0000000072
78339 0.0000000071
78491 0.0000000068
78561 0.0000000059
78605 0.0000000059
78656 0.0000000058
78692 0.0000000058
78803 0.0000000055
79047 0.0000000053
79076 0.0000000046
79126 0.0000000040
79253 0.0000000032
79377 0.0000000031
79795 0.0000000030
79857 0.0000000025
80235 0.0000000021
80402 0.0000000021
80434 0.0000000016
81084 0.0000000014
81223 0.0000000014
81383 0.0000000014
81446 0.0000000012
81475 0.0000000010
82171 0.0000000007
82214 0.0000000007
82347 0.0000000007
82490 0.0000000006
82738 0.0000000006
82869 0.0000000004
83194 0.0000000004
83748 0.0000000004
83768 0.0000000004
83802 0.0000000003
83872 0.0000000003
83918 0.0000000003
83972 0.0000000003
84424 0.0000000003
84457 0.0000000003
84502 0.0000000003
84968 0.0000000002
85077 0.0000000002
85112 0.0000000002
85130 0.0000000002
85248 0.0000000002
85336 0.0000000002
85465 0.0000000002
85613 0.0000000002
86264 0.0000000001
86521 0.0000000001
86540 0.0000000001
86546 0.0000000001
86605 0.0000000001
86708 0.0000000001
87178 0.0000000001
87246 0.0000000001
87439 0.0000000001
87660 0.0000000001
87798 0.0000000001
88443 0.0000000001
88616 0.0000000000
88722 0.0000000000
88991 0.0000000000
89679 0.0000000000
90451 0.0000000000
90561 0.0000000000
90576 0.0000000000
90665 0.0000000000
90696 0.0000000000
90901 0.0000000000
90922 0.0000000000
90995 0.0000000000
91331 0.0000000000
91358 0.0000000000
91789 0.0000000000
92007 0.0000000000
92068 0.0000000000
92533 0.0000000000
92580 0.0000000000
92907 0.0000000000
93159 0.0000000000
93288 0.0000000000
93704 0.0000000000
93807 0.0000000000
93905 0.0000000000
93982 0.0000000000
94026 0.0000000000
94547 0.0000000000
94600 0.0000000000
94814 0.0000000000
95077 0.0000000000
95106 0.0000000000
95111 0.0000000000
95252 0.0000000000
95296 0.0000000000
95499 0.0000000000
95567 0.0000000000
96126 0.0000000000
96268 0.0000000000
96327 0.0000000000
96349 0.0000000000
96446 0.0000000000
96611 0.0000000000
96756 0.0000000000
97401 0.0000000000
97846 0.0000000000
98187 0.0000000000
98349 0.0000000000
98376 0.0000000000
98982 0.0000000000
100354 0.0000000000
100706 0.0000000000
100888 0.0000000000
101489 0.0000000000
101914 0.0000000000
101951 0.0000000000
101969 0.0000000000
103129 0.0000000000
103616 0.0000000000
104524 0.0000000000
105039 0.0000000000
107469 0.0000000000
evaluations raw_y
1 2318202.2055925131
2 2239196.1114631817
10 2195045.2916736580
12 2165077.8365559666
18 1947175.6646977123
26 1916526.5974508580
42 1776853.9952479030
45 1160488.5696060581
73 1097826.8396255593
76 1088146.1136466756
77 1025200.8542132367
126 850024.6046805747
141 780919.4392796798
164 689606.4121069168
184 648710.6695897335
186 578950.7321893302
248 555854.3548931709
263 522918.3041756804
281 460246.0562289295
361 362179.9626790488
366 347848.7787762376
369 237316.1131765159
551 187739.6534745504
701 186106.5700946412
738 154779.2947799301
739 101568.2517060321
831 90704.9824082169
840 44464.3090576727
1620 7862.4792581474
12586 742950.7483506175
evaluations raw_y
1 3647369.7445154698
3 3522675.6163667482
13 3132658.1531922719
18 3052191.7876835125
24 2177554.6041900036
74 1986087.9153176544
82 1379834.4277002581
148 1201883.8413261587
217 1110373.7439886618
239 1100989.2580277852
248 1064868.2680144748
259 778265.7999657256
306 631662.9364152363
308 579237.5004242953
363 308591.8133305568
491 188946.0726817131
701 185775.0109671627
11890 1448481159669621.7500000000
evaluations raw_y
1 3489541.5182531946
3 3282634.6537319529
6 3233014.7035255712
10 2383443.9589320864
25 2189956.9459065148
28 2179115.5122463317
38 2003004.6295602648
42 1909367.3777537514
58 1785414.4764489199
68 1253510.8250553862
106 1096333.1821222682
129 1035308.8642675369
164 940364.1883639186
175 928999.4405861227
187 880075.2332918666
193 602382.9989162314
215 579031.2891728351
267 577697.8406877529
327 484127.1331495892
335 306700.6511205672
365 295427.2447383887
423 290192.3321978625
454 248718.5685528231
505 209179.7567348509
530 194684.6154959330
649 156368.1128934352
1096 127276.0924958896
1306 117183.4756122575
2444 77514.5989116236
12762 4595589.3288433291
