evaluations raw_y
1 873610.9157454403
2 749591.9047919465
3 617299.4625529905
5 396750.8326632632
13 323685.4914422770
25 276290.7623261616
32 253875.7233766036
41 208763.0741122599
65 207163.9487762157
66 206807.0592623198
70 154215.6449697586
72 145266.4530250384
94 135615.8058956326
97 110299.6842151934
122 104857.7554868284
136 99527.5099298462
140 97679.1709749508
141 71046.1459429478
174 62574.5580161206
233 48859.0833737560
308 40217.7723000244
332 39629.5275623920
368 35972.5489777714
571 23372.0034556791
668 14693.4747370379
773 6914.6221750434
978 5288.8429967512
1025 3556.2396445129
1039 1512.9140616880
1220 837.1139654266
1335 737.4346680242
1380 260.5850440666
1428 127.9030460607
1468 8.1097657063
1580 4.3270024058
1775 4.1727380628
1970 3.6797172351
2121 3.6655632480
2140 3.6127089432
2282 3.5681507484
2442 3.4430500789
3558 3.4235498539
4024 3.3299557156
4376 3.2955177884
4625 3.2576237483
5000 3.0669156671
6161 3.0526037377
6216 3.0367890769
6305 3.0239970815
6385 2.9826167012
6451 2.7666038132
6698 2.7516605207
6872 2.7036827316
7085 2.6236774342
7309 2.5979790258
7361 2.5865377853
7366 2.5780853094
7376 2.5504865256
7464 2.5486392298
7489 2.4805605400
7798 2.4723412160
7842 2.4589948032
7957 2.4530395749
8029 2.4307968362
8085 2.4262665501
8119 2.4120635584
8206 2.3970825297
8220 2.3882617741
8256 2.3615672508
8306 2.3493251667
8633 2.3457543761
8724 2.3289745431
8820 2.3162314347
8847 2.3082814142
8882 2.3066947509
8886 2.3045914793
8919 2.3024270797
9054 2.2978720432
9091 2.2913143807
9282 2.2886340519
9348 2.2836220196
9432 2.2806834192
9475 2.2763506930
9582 2.2731489372
9641 2.2729119551
9659 2.2683288729
9750 2.2662451991
9872 2.2651063454
10028 2.2649154060
10031 2.2645248073
10057 2.2629995409
10132 2.2618158571
10162 2.2601952889
10216 2.2596138764
10280 2.2592142856
10284 2.2579666301
10329 2.2562110998
10493 2.2557007224
10514 2.2555928237
10562 2.2553315011
10615 2.2540697914
10798 2.2540631631
10805 2.2539410382
11013 2.2531529465
11092 2.2529419107
11137 2.2527173302
11232 2.2525021512
11234 2.2522669749
11244 2.2522649321
11354 2.2520467501
11371 2.2518942842
11454 2.2517345303
11639 2.2514772236
11698 2.2513862554
11812 2.2513776675
11824 2.2511574213
12000 2.2509430310
12161 2.2509075621
12214 2.2508557116
12217 2.2508543321
12245 2.2507981368
12288 2.2507343440
12341 2.2507342590
12508 2.2507101839
12546 2.2507054411
12553 2.2506447389
12600 2.2506376029
12613 2.2506271159
12680 2.2505892736
12861 2.2505494885
12998 2.2505417430
13027 2.2505405425
13036 2.2505393584
13053 2.2505352473
13115 2.2505348867
13148 2.2505266686
13230 2.2505228692
13271 2.2505104095
13329 2.2505002017
13464 2.2504965812
13477 2.2504956873
13498 2.2504879849
13547 2.2504812220
13606 2.2504755418
13840 2.2504749144
13847 2.2504743684
13865 2.2504732284
13881 2.2504715583
13954 2.2504713903
13957 2.2504713004
13965 2.2504680598
14060 2.2504642578
14074 2.2504641137
14269 2.2504618375
14405 2.2504614310
14462 2.2504612066
14470 2.2504589037
14688 2.2504588122
14723 2.2504576348
14753 2.2504575127
14775 2.2504570339
14939 2.2504558713
15007 2.2504558470
15228 2.2504550109
15258 2.2504544863
15278 2.2504542416
15467 2.2504539469
15570 2.2504536767
15646 2.2504532447
15662 2.2504532165
15848 2.2504532098
16040 2.2504530611
16071 2.2504529649
16137 2.2504529255
16240 2.2504529096
16352 2.2504528606
16382 2.2504528283
16387 2.2504527871
16396 2.2504527677
16506 2.2504527536
16520 2.2504527234
16544 2.2504527155
16554 2.2504526668
16666 2.2504526535
16777 2.2504526247
16888 2.2504526155
16892 2.2504526093
16970 2.2504526014
17020 2.2504525982
17044 2.2504525916
17090 2.2504525888
17101 2.2504525873
17116 2.2504525783
17121 2.2504525746
17136 2.2504525596
17272 2.2504525503
17405 2.2504525380
17500 2.2504525376
17531 2.2504525238
17626 2.2504525156
17698 2.2504525136
17700 2.2504525130
17768 2.2504525084
17985 2.2504525030
18072 2.2504525018
18106 2.2504525002
18203 2.2504524990
18326 2.2504524988
18372 2.2504524983
18379 2.2504524976
18398 2.2504524974
18411 2.2504524966
18497 2.2504524966
18581 2.2504524962
18645 2.2504524959
18658 2.2504524958
18676 2.2504524955
18751 2.2504524955
18759 2.2504524954
18762 2.2504524949
18767 2.2504524941
18995 2.2504524937
19071 2.2504524935
19087 2.2504524934
19113 2.2504524934
19125 2.2504524932
19169 2.2504524929
19172 2.2504524928
19210 2.2504524925
19216 2.2504524923
19339 2.2504524922
19365 2.2504524921
19396 2.2504524921
19437 2.2504524919
19733 2.2504524919
19767 2.2504524918
19812 2.2504524917
19879 2.2504524917
19887 2.2504524916
19956 2.2504524916
19978 2.2504524915
20031 2.2504524914
20134 2.2504524914
20147 2.2504524914
20213 2.2504524914
20242 2.2504524914
20249 2.2504524913
20252 2.2504524913
20484 2.2504524913
20532 2.2504524913
20643 2.2504524913
20646 2.2504524913
20726 2.2504524912
20761 2.2504524912
20800 2.2504524912
20936 2.2504524912
21039 2.2504524912
21048 2.2504524912
21059 2.2504524912
21064 2.2504524912
21140 2.2504524912
21145 2.2504524912
21181 2.2504524912
21244 2.2504524912
21257 2.2504524911
21320 2.2504524911
21429 2.2504524911
21570 2.2504524911
21677 2.2504524911
21687 2.2504524911
21788 2.2504524911
21862 2.2504524911
21890 2.2504524911
21911 2.2504524911
21947 2.2504524911
22047 2.2504524911
22074 2.2504524911
22103 2.2504524911
22230 2.2504524911
22262 2.2504524911
22287 2.2504524911
22324 2.2504524911
22349 2.2504524911
22366 2.2504524911
22425 2.2504524911
22449 2.2504524911
22530 2.2504524911
22576 2.2504524911
22583 2.2504524911
22674 2.2504524911
22722 2.2504524911
22731 2.2504524911
22938 2.2504524911
22955 2.2504524911
22984 2.2504524911
22992 2.2504524911
23084 2.2504524911
23148 2.2504524911
23189 2.2504524911
23281 2.2504524911
23371 2.2504524911
23457 2.2504524911
23463 2.2504524911
23668 2.2504524911
23669 2.2504524911
23861 2.2504524911
23882 2.2504524911
23946 2.2504524911
23967 2.2504524911
24025 2.2504524911
24103 2.2504524911
24140 2.2504524911
24143 2.2504524911
24321 2.2504524911
24352 2.2504524911
24499 2.2504524911
24676 2.2504524911
24889 2.2504524911
24928 2.2504524911
25145 2.2504524911
26138 2.2504524911
evaluations raw_y
1 514761.1344272983
2 432647.2855984041
10 430867.4357671957
14 357191.7248458698
19 225153.6171674316
43 196844.4342125465
64 140760.1187568350
102 131610.0965161978
106 123278.9298772185
117 110716.8278231008
133 109873.1779885312
155 99699.4723773393
157 82706.8910562775
182 82372.7413919772
217 66895.9275360818
297 63621.7376885600
333 32898.5609613444
360 31563.1640568259
378 22611.8559124402
460 20583.2589741912
612 19678.0272651515
695 18871.7737441770
717 17248.0141184513
718 14091.0401911182
722 13284.4308488531
728 11087.0137577586
742 6004.1758495899
772 3794.7637637946
923 3651.1459768178
987 1512.4825000410
994 1510.5838206001
1208 347.6914031596
1415 13.7233530949
1442 6.2237409166
1601 3.6641183822
2531 3.5062339350
2850 3.4616691655
3101 3.4273546417
3772 3.3673058891
4342 3.2684238972
4715 3.2588983755
5110 3.1628174486
5262 3.1421600712
5416 3.1354609987
5465 3.0694159362
5504 3.0276339448
5550 2.9764693401
5711 2.9471925328
5722 2.8884633825
5911 2.8028806988
5958 2.7463571897
6054 2.6699118930
6166 2.6428651836
6221 2.6168421655
6350 2.5747469141
6461 2.5688264711
6499 2.5147756152
6633 2.5136336841
6749 2.4934227644
6864 2.4761424675
6886 2.4452025768
6940 2.4068900544
7164 2.3624538047
7273 2.3416274340
7452 2.3332030138
7475 2.3101356350
7601 2.3053204302
7651 2.2960001239
7702 2.2772776512
7804 2.2591604787
7889 2.2500888760
7930 2.2394922121
7958 2.2386674596
7985 2.2373461971
8029 2.2356055999
8064 2.2346762362
8067 2.2294989300
8086 2.2285712473
8112 2.2219315784
8235 2.2188157089
8285 2.2136937029
8312 2.2112902917
8320 2.2077059623
8384 2.2064956478
8397 2.2056032531
8437 2.1975551535
8465 2.1892393426
8621 2.1774022519
8652 2.1746435235
9097 2.1741358101
9109 2.1675218638
9292 2.1639263493
9358 2.1633641332
9442 2.1614440042
9513 2.1607212885
9531 2.1591080842
9586 2.1590964401
9708 2.1571268501
9755 2.1558301071
10031 2.1553374205
10137 2.1550111290
10155 2.1548597158
10164 2.1543854377
10315 2.1543681902
10338 2.1542019903
10342 2.1537456863
10360 2.1532716111
10447 2.1530570178
10825 2.1530364359
10849 2.1527645808
10929 2.1527307599
10949 2.1526526190
11015 2.1524280126
11054 2.1524014674
11173 2.1522764618
11223 2.1522410327
11282 2.1522103512
11292 2.1521923851
11313 2.1521358737
11475 2.1521273115
11519 2.1521056948
11547 2.1521028531
11548 2.1520894771
11581 2.1520664972
11646 2.1520653603
11663 2.1520229186
11732 2.1519959983
11865 2.1519890144
11885 2.1519749305
11904 2.1519656973
11910 2.1519651460
11911 2.1519511623
11970 2.1519466078
11981 2.1519363854
12012 2.1519109246
12082 2.1518953232
12151 2.1518578214
12191 2.1518526141
12256 2.1518267346
12392 2.1518236829
12438 2.1518156675
12603 2.1518122431
12673 2.1517951900
12892 2.1517922779
12933 2.1517884233
12973 2.1517882486
13053 2.1517865741
13063 2.1517829729
13141 2.1517782870
13187 2.1517770087
13193 2.1517735939
13239 2.1517709871
13408 2.1517706425
13505 2.1517683315
13525 2.1517677095
13532 2.1517651251
13658 2.1517650909
13664 2.1517648732
13668 2.1517610449
13838 2.1517605399
13858 2.1517601254
13870 2.1517583157
14046 2.1517579821
14126 2.1517578300
14284 2.1517575896
14312 2.1517573822
14350 2.1517572663
14358 2.1517567186
14491 2.1517554702
14537 2.1517553918
14570 2.1517553635
14589 2.1517552280
14643 2.1517549968
14739 2.1517548698
14777 2.1517544833
14840 2.1517544163
14979 2.1517543249
14980 2.1517542828
14985 2.1517542544
14996 2.1517541482
15027 2.1517540419
15211 2.1517540316
15235 2.1517539954
15236 2.1517538478
15298 2.1517538073
15387 2.1517537999
15466 2.1517536593
15552 2.1517536450
15601 2.1517535525
15791 2.1517534529
16095 2.1517534321
16166 2.1517534237
16216 2.1517534091
16266 2.1517533932
16310 2.1517533907
16335 2.1517533719
16425 2.1517533701
16481 2.1517533697
16498 2.1517533384
16582 2.1517533203
16683 2.1517533192
16762 2.1517533158
16812 2.1517533141
16908 2.1517533124
16935 2.1517533089
17090 2.1517533034
17116 2.1517533030
17117 2.1517533015
17149 2.1517533014
17199 2.1517533000
17220 2.1517532981
17246 2.1517532964
17299 2.1517532906
17332 2.1517532899
17387 2.1517532820
17524 2.1517532804
17704 2.1517532772
17817 2.1517532753
17859 2.1517532742
17943 2.1517532733
18055 2.1517532727
18059 2.1517532719
18072 2.1517532708
18168 2.1517532706
18220 2.1517532698
18314 2.1517532690
18439 2.1517532690
18467 2.1517532689
18474 2.1517532685
18509 2.1517532680
18527 2.1517532679
18653 2.1517532678
18668 2.1517532676
18700 2.1517532672
18714 2.1517532672
18729 2.1517532668
19037 2.1517532666
19086 2.1517532666
19164 2.1517532663
19420 2.1517532662
19460 2.1517532662
19503 2.1517532661
19606 2.1517532661
19626 2.1517532661
19688 2.1517532661
19694 2.1517532661
19789 2.1517532660
19985 2.1517532659
20083 2.1517532659
20085 2.1517532659
20187 2.1517532659
20231 2.1517532659
20274 2.1517532658
20308 2.1517532658
20433 2.1517532658
20459 2.1517532658
20703 2.1517532658
20720 2.1517532658
20730 2.1517532658
20761 2.1517532658
20844 2.1517532658
20939 2.1517532658
20976 2.1517532658
21027 2.1517532658
21093 2.1517532658
21095 2.1517532658
21138 2.1517532658
21145 2.1517532658
21275 2.1517532658
21333 2.1517532657
21340 2.1517532657
21361 2.1517532657
21561 2.1517532657
21690 2.1517532657
21745 2.1517532657
21768 2.1517532657
21884 2.1517532657
21885 2.1517532657
22055 2.1517532657
22089 2.1517532657
22113 2.1517532657
22177 2.1517532657
22352 2.1517532657
22424 2.1517532657
22458 2.1517532657
22490 2.1517532657
22503 2.1517532657
22527 2.1517532657
22576 2.1517532657
22613 2.1517532657
22624 2.1517532657
22645 2.1517532657
22867 2.1517532657
22909 2.1517532657
22934 2.1517532657
22941 2.1517532657
22974 2.1517532657
23039 2.1517532657
23272 2.1517532657
23322 2.1517532657
23445 2.1517532657
23470 2.1517532657
23531 2.1517532657
23589 2.1517532657
23595 2.1517532657
23652 2.1517532657
23673 2.1517532657
23716 2.1517532657
23803 2.1517532657
23875 2.1517532657
23899 2.1517532657
23965 2.1517532657
24008 2.1517532657
24024 2.1517532657
24054 2.1517532657
24222 2.1517532657
24256 2.1517532657
24301 2.1517532657
24318 2.1517532657
24375 2.1517532657
24411 2.1517532657
24433 2.1517532657
24587 2.1517532657
24625 2.1517532657
24680 2.1517532657
24762 2.1517532657
24926 2.1517532657
24959 2.1517532657
24966 2.1517532657
25079 2.1517532657
25474 2.1517532657
25487 2.1517532657
25599 2.1517532657
25689 2.1517532657
26082 2.1517532657
26242 2.1517532657
26949 2.1517532657
evaluations raw_y
1 490139.2959378547
6 443956.8880901813
7 382019.0605696086
21 263916.9892222338
38 211285.1954186363
53 210174.4127500921
71 117711.8724185920
74 64533.2604570408
193 58737.4650628676
243 51364.6563592612
248 32833.4153933427
661 26276.2222690063
695 20477.9975091855
751 20369.3930651919
752 12741.1019980428
779 10913.1276688868
781 1751.3713185862
1165 1652.3294132693
1311 1534.9349329499
1314 1081.4794633116
1347 377.0925037463
1421 362.7370773421
1457 302.8782579457
1547 172.5247705594
1613 127.2715746914
1619 60.9700482711
1677 15.6635837642
1683 4.0383508298
1941 3.8781999717
2087 3.8127907348
2195 3.7351134853
2273 3.6784550863
2471 3.6059920868
3789 3.5193369103
4619 3.5115803150
5483 3.3867137314
6521 3.3157196724
6557 3.2037071924
7742 3.0596330519
8677 3.0338784194
9050 3.0012225329
9063 2.9528410712
9377 2.8639278065
9468 2.8397127826
9470 2.8251528521
9594 2.6718951806
9727 2.6148862661
9748 2.5292345552
9889 2.4978320475
9996 2.4825597898
10044 2.4190959863
10131 2.4009108408
10150 2.3761078340
10193 2.3666062400
10221 2.3103349198
10267 2.2637264548
10619 2.2458354500
10789 2.2392164678
10824 2.2127083463
10851 2.1983334003
10862 2.1943355607
10880 2.1922152370
10958 2.1904007145
11008 2.1886396741
11013 2.1671972312
11072 2.1620131169
11196 2.1599593944
11310 2.1582369456
11314 2.1553453727
11323 2.1470995240
11359 2.1364631349
11369 2.1331348570
11478 2.1318216544
11519 2.1301024919
11611 2.1242530874
11645 2.1097408508
11848 2.1080995461
11944 2.1074871732
11950 2.1008232438
12196 2.0971443259
12244 2.0950928525
12395 2.0922687787
12430 2.0918298711
12519 2.0848250237
12710 2.0822878646
12785 2.0809711179
12932 2.0809000174
12936 2.0801545849
12999 2.0787628981
13043 2.0782741962
13132 2.0777846535
13196 2.0768878750
13236 2.0761950675
13354 2.0760590579
13381 2.0751572971
13701 2.0749813353
13770 2.0747669980
13805 2.0744122781
13860 2.0743778395
13920 2.0740618718
14021 2.0739989153
14053 2.0737747754
14162 2.0736900278
14188 2.0734456437
14306 2.0734284143
14311 2.0733368269
14451 2.0732839350
14498 2.0732110890
14528 2.0731978383
14569 2.0731812446
14620 2.0730872628
14655 2.0730636360
14753 2.0730595685
14872 2.0730590820
14963 2.0730481337
15078 2.0730378414
15090 2.0729384988
15319 2.0729371150
15333 2.0729229167
15380 2.0729215230
15436 2.0729142697
15522 2.0729126602
15535 2.0729023669
15538 2.0728912798
15542 2.0728872582
15558 2.0728764740
15634 2.0728670710
15656 2.0728617815
15709 2.0728597049
15735 2.0728545561
15813 2.0728543993
15819 2.0728510403
15845 2.0728499206
15892 2.0728407133
15921 2.0728360992
15936 2.0728212092
16152 2.0728177343
16203 2.0728177314
16235 2.0728111629
16244 2.0728104237
16323 2.0728061745
16419 2.0728049213
16487 2.0728038543
16504 2.0728023654
16574 2.0728022348
16610 2.0727994867
16694 2.0727959676
16812 2.0727956867
16938 2.0727953908
16955 2.0727950326
16972 2.0727940150
17023 2.0727928285
17100 2.0727922885
17114 2.0727897423
17343 2.0727896891
17373 2.0727894881
17474 2.0727890947
17498 2.0727890574
17551 2.0727889197
17591 2.0727880447
17622 2.0727879165
17679 2.0727877762
17701 2.0727877345
17747 2.0727877038
17796 2.0727873354
17836 2.0727871785
17898 2.0727869644
17938 2.0727868228
18089 2.0727866936
18176 2.0727866125
18181 2.0727866101
18188 2.0727865139
18245 2.0727864655
18281 2.0727863462
18391 2.0727863217
18490 2.0727862534
18549 2.0727862099
18573 2.0727861741
18656 2.0727861586
18717 2.0727860945
18817 2.0727860860
18881 2.0727860535
18911 2.0727860081
18964 2.0727859924
19070 2.0727859702
19123 2.0727859401
19213 2.0727859338
19221 2.0727859141
19249 2.0727858692
19487 2.0727858496
19493 2.0727858422
19687 2.0727858388
19692 2.0727858266
19800 2.0727858124
19832 2.0727858030
19906 2.0727857936
19940 2.0727857778
20059 2.0727857752
20163 2.0727857639
20317 2.0727857621
20356 2.0727857574
20408 2.0727857559
20429 2.0727857548
20555 2.0727857547
20589 2.0727857542
20591 2.0727857536
20593 2.0727857498
20682 2.0727857495
20777 2.0727857476
20810 2.0727857475
20873 2.0727857461
20921 2.0727857459
20957 2.0727857448
20968 2.0727857433
20970 2.0727857426
21000 2.0727857414
21105 2.0727857401
21121 2.0727857398
21240 2.0727857396
21243 2.0727857394
21272 2.0727857394
21284 2.0727857389
21302 2.0727857377
21460 2.0727857371
21648 2.0727857367
21748 2.0727857366
21777 2.0727857365
21799 2.0727857362
21921 2.0727857362
21951 2.0727857361
21992 2.0727857361
22034 2.0727857361
22037 2.0727857360
22050 2.0727857360
22099 2.0727857360
22113 2.0727857359
22116 2.0727857359
22159 2.0727857358
22167 2.0727857358
22178 2.0727857356
22182 2.0727857356
22244 2.0727857354
22365 2.0727857354
22388 2.0727857353
22421 2.0727857352
22434 2.0727857352
22549 2.0727857352
22620 2.0727857351
22658 2.0727857350
22740 2.0727857350
22759 2.0727857350
22776 2.0727857349
22822 2.0727857349
22916 2.0727857349
23007 2.0727857348
23094 2.0727857348
23097 2.0727857348
23288 2.0727857348
23352 2.0727857348
23366 2.0727857348
23374 2.0727857348
23425 2.0727857348
23440 2.0727857348
23472 2.0727857348
23582 2.0727857348
23682 2.0727857348
23688 2.0727857348
23691 2.0727857347
23712 2.0727857347
23732 2.0727857347
23753 2.0727857347
23821 2.0727857347
23851 2.0727857347
23918 2.0727857347
23920 2.0727857347
23986 2.0727857347
24026 2.0727857347
24046 2.0727857347
24091 2.0727857347
24130 2.0727857347
24149 2.0727857347
24276 2.0727857347
24277 2.0727857347
24345 2.0727857347
24537 2.0727857347
24669 2.0727857347
24685 2.0727857347
24713 2.0727857347
24862 2.0727857347
24978 2.0727857347
24998 2.0727857347
25047 2.0727857347
25049 2.0727857347
25101 2.0727857347
25134 2.0727857347
25196 2.0727857347
25227 2.0727857347
25320 2.0727857347
25413 2.0727857347
25461 2.0727857347
25574 2.0727857347
25600 2.0727857347
25634 2.0727857347
25792 2.0727857347
25818 2.0727857347
25917 2.0727857347
25919 2.0727857347
25953 2.0727857347
26003 2.0727857347
26033 2.0727857347
26122 2.0727857347
26165 2.0727857347
26444 2.0727857347
26557 2.0727857347
26698 2.0727857347
26887 2.0727857347
26981 2.0727857347
27104 2.0727857347
27364 2.0727857347
27442 2.0727857347
27883 2.0727857347
28532 2.0727857347
evaluations raw_y
1 735043.1984528435
2 516072.8834451974
5 479274.2045399373
6 350330.5313040282
24 298576.2008321586
42 229699.0479894912
48 192399.2385836825
68 171342.2878775221
92 112913.5470718275
117 91111.7245447157
157 86663.1102447199
166 70406.4088017226
205 57964.5897019061
257 57515.3832870931
322 42208.3535927752
502 38396.8514068607
616 36067.1639431867
617 34895.3228684698
625 34284.7438510730
639 32554.4575240279
651 31893.0586696065
655 30492.9311438836
656 23432.9282428205
712 21709.9763297793
745 10209.1328371104
808 9586.5089510233
861 6824.1256758280
894 6564.0571000240
913 6002.6128448918
964 5924.2529670776
974 1951.1029656933
1200 986.9884929007
1367 772.8681159147
1586 268.6633051615
1661 131.5892644607
1675 19.2680805636
1763 17.6556451269
1777 4.2129982867
1845 4.1161107132
1889 3.9790748638
2123 3.9734818340
2157 3.9643545499
2267 3.8818283706
2273 3.7952749206
2438 3.7689552678
2470 3.7388027878
2705 3.7137396345
2731 3.6606829734
2854 3.5251634965
3020 3.5147514802
3267 3.5017963580
3863 3.5005160219
4009 3.4820125454
4114 3.2262874626
5272 3.2181816957
5553 3.0988723418
6002 3.0860457297
6152 3.0449585303
6180 2.9794616478
6267 2.8718204475
6582 2.8706017465
6661 2.6834835912
7691 2.6532805052
7693 2.6021972400
7996 2.5197193945
8074 2.4904478109
8139 2.3230271085
8495 2.3221846706
8538 2.2296534402
8723 2.2284638630
8738 2.2043640454
8877 2.1776968025
8965 2.1629757081
8994 2.1622818119
9018 2.1501133529
9036 2.1369223025
9056 2.1112470992
9130 2.1107437470
9237 2.0861036282
9344 2.0814315391
9364 2.0587210472
9469 2.0476682902
9613 2.0455767393
9660 2.0427677160
9702 2.0408069707
9714 2.0381170851
9732 2.0321464042
9839 2.0313493913
9857 2.0304426983
9890 2.0299872140
9891 2.0262402584
9893 2.0234887397
9897 2.0213190626
9910 2.0141648404
10035 2.0112271417
10041 2.0106200235
10152 2.0027829829
10222 2.0002189856
10256 1.9983168079
10363 1.9969410034
10546 1.9944518224
10585 1.9883657162
10653 1.9874114752
10949 1.9870275044
10967 1.9863836978
10978 1.9863417128
10980 1.9840682926
11000 1.9825080997
11135 1.9816482226
11187 1.9814546009
11211 1.9813600333
11243 1.9785196403
11670 1.9782632188
11700 1.9780698644
11738 1.9775239079
11820 1.9771753850
11856 1.9767685859
11879 1.9766309927
11981 1.9765659769
12018 1.9764164209
12087 1.9760402314
12193 1.9757701438
12287 1.9757389950
12349 1.9756251709
12436 1.9755446090
12477 1.9753983110
12591 1.9752149857
12704 1.9748452731
12801 1.9747995340
12915 1.9747727171
12922 1.9747458437
12946 1.9747131392
13005 1.9746938751
13091 1.9746820295
13100 1.9746797539
13136 1.9746752625
13177 1.9746238210
13180 1.9746065379
13200 1.9745918568
13216 1.9745472179
13218 1.9745159234
13344 1.9745104252
13380 1.9745034418
13452 1.9744651726
13474 1.9744566211
13481 1.9744554142
13487 1.9744547256
13497 1.9744546302
13516 1.9744170040
13524 1.9744100157
13631 1.9744038692
13648 1.9743759142
13745 1.9743595139
13821 1.9743484955
13878 1.9743407065
14052 1.9742970386
14382 1.9742847046
14464 1.9742841526
14519 1.9742795448
14576 1.9742776760
14650 1.9742769684
14679 1.9742696874
14686 1.9742634451
14788 1.9742567120
14809 1.9742562047
14862 1.9742542884
14864 1.9742529905
14887 1.9742521440
15018 1.9742497078
15053 1.9742447248
15192 1.9742445048
15229 1.9742440806
15303 1.9742427375
15312 1.9742417080
15427 1.9742402492
15430 1.9742390692
15465 1.9742385917
15510 1.9742358770
15546 1.9742358506
15605 1.9742356046
15648 1.9742353282
15674 1.9742307701
15774 1.9742303936
15869 1.9742296141
15918 1.9742295776
15930 1.9742293097
15954 1.9742291703
15996 1.9742281537
16006 1.9742274745
16044 1.9742272851
16056 1.9742259135
16312 1.9742258583
16329 1.9742256533
16353 1.9742253907
16408 1.9742247865
16416 1.9742244805
16582 1.9742244470
16611 1.9742240954
16649 1.9742239528
16765 1.9742237592
16827 1.9742234994
16880 1.9742234667
17020 1.9742233749
17074 1.9742230955
17413 1.9742230397
17456 1.9742229059
17530 1.9742228789
17562 1.9742228342
17784 1.9742228335
17820 1.9742228169
17822 1.9742227926
17890 1.9742227534
17928 1.9742227475
17982 1.9742227469
18002 1.9742227409
18047 1.9742227396
18122 1.9742227289
18126 1.9742227130
18135 1.9742227093
18293 1.9742227043
18349 1.9742226994
18379 1.9742226977
18380 1.9742226921
18431 1.9742226856
18500 1.9742226778
18548 1.9742226723
18592 1.9742226681
18705 1.9742226654
18721 1.9742226603
18823 1.9742226529
19033 1.9742226518
19051 1.9742226484
19156 1.9742226431
19235 1.9742226430
19256 1.9742226426
19410 1.9742226392
19550 1.9742226386
19556 1.9742226376
19568 1.9742226363
19606 1.9742226360
19679 1.9742226359
19729 1.9742226357
19797 1.9742226345
19820 1.9742226344
19931 1.9742226342
19941 1.9742226341
19972 1.9742226338
19997 1.9742226336
20056 1.9742226333
20101 1.9742226331
20119 1.9742226329
20131 1.9742226327
20187 1.9742226326
20214 1.9742226315
20662 1.9742226313
20710 1.9742226311
20834 1.9742226311
20850 1.9742226310
20908 1.9742226309
21084 1.9742226308
21165 1.9742226307
21250 1.9742226307
21292 1.9742226307
21304 1.9742226306
21386 1.9742226306
21401 1.9742226306
21530 1.9742226305
21701 1.9742226305
21742 1.9742226305
21824 1.9742226304
21870 1.9742226304
21882 1.9742226304
21977 1.9742226304
22126 1.9742226304
22144 1.9742226304
22178 1.9742226304
22229 1.9742226304
22333 1.9742226304
22363 1.9742226303
22451 1.9742226303
22543 1.9742226303
22594 1.9742226303
22619 1.9742226303
22744 1.9742226303
22751 1.9742226303
22815 1.9742226303
22822 1.9742226303
22945 1.9742226303
22960 1.9742226303
23008 1.9742226303
23034 1.9742226303
23091 1.9742226303
23199 1.9742226303
23374 1.9742226303
23423 1.9742226303
23429 1.9742226303
23468 1.9742226303
23541 1.9742226303
23627 1.9742226303
23803 1.9742226303
23854 1.9742226303
23922 1.9742226303
23948 1.9742226303
24056 1.9742226303
24153 1.9742226303
24212 1.9742226303
24215 1.9742226303
24242 1.9742226303
24317 1.9742226303
24338 1.9742226303
24372 1.9742226303
24399 1.9742226303
24585 1.9742226303
24711 1.9742226303
24771 1.9742226303
24799 1.9742226303
24818 1.9742226303
24863 1.9742226303
24877 1.9742226303
24906 1.9742226303
24962 1.9742226303
24980 1.9742226303
24983 1.9742226303
24985 1.9742226303
25065 1.9742226303
25220 1.9742226303
25301 1.9742226303
25302 1.9742226303
25306 1.9742226303
25333 1.9742226303
25430 1.9742226303
25465 1.9742226303
25476 1.9742226303
25499 1.9742226303
25532 1.9742226303
25776 1.9742226303
25846 1.9742226303
25918 1.9742226303
25989 1.9742226303
26009 1.9742226303
26213 1.9742226303
26245 1.9742226303
26299 1.9742226303
26369 1.9742226303
26511 1.9742226303
26645 1.9742226303
26830 1.9742226303
26958 1.9742226303
27315 1.9742226303
27965 1.9742226303
evaluations raw_y
1 541758.1430758063
2 530899.2435366245
4 449492.8655250149
5 447035.7964489723
8 377682.9920853840
11 366491.0410216548
13 250817.5846969933
24 214184.6913181780
38 206447.2264355964
55 187865.8029091800
65 183181.8159387577
94 122690.9830076127
146 112678.3940668112
180 95437.7422063216
220 92726.8462220923
233 77774.9956729929
261 61081.0703027281
325 53935.4524588806
353 48177.0574690239
415 44483.7412832329
429 33141.3768775020
453 29093.1811374537
590 21520.2325436224
618 7621.0911787466
991 7175.3985203957
999 6190.3419279619
1026 3333.0400788260
1193 2269.6866493383
1270 2132.4691199517
1309 1716.7847526978
1331 834.1183514335
1479 704.5595198604
1483 628.5656627385
1579 382.0800272999
1589 353.5962753472
1593 294.4534883657
1604 179.1839936954
1725 161.9776669653
1859 70.1330168473
1862 7.2143679710
2015 4.5740708577
2066 4.2851431167
2150 3.7927403265
2288 3.7496626373
2480 3.7475115844
2491 3.6575851744
2580 3.5526641011
2663 3.4699853824
3868 3.4578967226
4063 3.3341645225
5467 3.3268376460
6049 3.3226330007
6099 3.2354234765
6150 3.1174391367
6423 2.9933423280
6641 2.8777845880
6903 2.8721172571
6937 2.8657850497
7073 2.8197006556
7274 2.7985328009
7446 2.7674414501
7447 2.6961145763
7527 2.6723143830
7601 2.6716422858
7604 2.6261228357
7618 2.5924335335
7711 2.4743616069
8245 2.4573633275
8284 2.4462629037
8394 2.4157647672
8419 2.4122085116
8422 2.4112450246
8458 2.3986277409
8512 2.3752067583
8530 2.3483810469
8613 2.3443343849
8661 2.3297569962
8673 2.3175684091
8771 2.3025995752
8874 2.2893706172
8952 2.2859873211
9112 2.2766093373
9139 2.2741937549
9165 2.2680411021
9287 2.2544169619
9310 2.2393069116
9653 2.2338791596
9679 2.2329005816
9762 2.2236913400
9841 2.2229915678
9854 2.2217407212
9886 2.2211119667
9908 2.2203631212
9909 2.2200391521
10072 2.2178073695
10073 2.2175696281
10097 2.2125680953
10193 2.2124545075
10262 2.2122929116
10296 2.2103836725
10324 2.2096752485
10369 2.2085884774
10486 2.2077044944
10533 2.2070764347
10680 2.2057023112
10824 2.2049150472
10916 2.2047797938
10969 2.2045794408
11045 2.2045769221
11071 2.2041991095
11083 2.2041010483
11135 2.2037372696
11140 2.2036186928
11165 2.2033912218
11215 2.2029091993
11383 2.2027950906
11412 2.2027771458
11563 2.2025793792
11620 2.2023132822
11816 2.2021446103
11945 2.2020406487
12023 2.2019678596
12035 2.2019231044
12059 2.2018135103
12124 2.2018125750
12242 2.2018091698
12255 2.2018023069
12265 2.2017297756
12290 2.2017269024
12374 2.2017246496
12395 2.2017054804
12423 2.2017046242
12474 2.2016956035
12481 2.2016155068
12547 2.2016067756
12548 2.2015569901
12642 2.2015496752
12644 2.2015475061
12650 2.2015180304
12699 2.2014974282
12762 2.2014953619
12876 2.2014912107
12885 2.2014748545
13066 2.2014692894
13091 2.2014613172
13111 2.2014562101
13199 2.2014549141
13203 2.2014519553
13215 2.2014438990
13256 2.2014429851
13304 2.2014343809
13418 2.2014224923
13505 2.2014209500
13694 2.2014204797
13698 2.2014169540
13813 2.2014151192
13852 2.2014096663
13992 2.2014079815
14125 2.2014058548
14177 2.2014041943
14231 2.2014031725
14335 2.2014026679
14384 2.2014023722
14448 2.2014022806
14503 2.2014020098
14540 2.2014007965
14651 2.2014007052
14653 2.2014003025
14770 2.2014000334
14776 2.2013998726
14781 2.2013997778
14808 2.2013995316
14828 2.2013995110
14832 2.2013990812
14906 2.2013990486
14975 2.2013986197
15046 2.2013985076
15064 2.2013983503
15074 2.2013983091
15098 2.2013981424
15145 2.2013980875
15159 2.2013980475
15216 2.2013977148
15279 2.2013976615
15393 2.2013976343
15419 2.2013975550
15451 2.2013974671
15467 2.2013974278
15517 2.2013974164
15518 2.2013971362
15613 2.2013971037
15722 2.2013970442
15872 2.2013970170
15900 2.2013969905
16004 2.2013969666
16090 2.2013969617
16242 2.2013969492
16244 2.2013969223
16281 2.2013968433
16389 2.2013968103
16499 2.2013968000
16610 2.2013967935
16620 2.2013967887
16672 2.2013967687
16830 2.2013967552
16853 2.2013967496
16857 2.2013967474
16950 2.2013967423
16991 2.2013967400
17058 2.2013967111
17269 2.2013967099
17314 2.2013967074
17389 2.2013967025
17497 2.2013966973
17553 2.2013966958
17662 2.2013966949
17686 2.2013966947
17688 2.2013966936
17737 2.2013966933
17781 2.2013966931
17798 2.2013966925
17800 2.2013966918
17803 2.2013966908
17820 2.2013966901
17839 2.2013966875
17878 2.2013966865
17984 2.2013966859
17985 2.2013966846
18047 2.2013966844
18114 2.2013966838
18127 2.2013966832
18185 2.2013966831
18194 2.2013966816
18293 2.2013966815
18337 2.2013966813
18372 2.2013966802
18534 2.2013966801
18548 2.2013966800
18552 2.2013966790
18717 2.2013966790
18751 2.2013966789
18824 2.2013966788
18908 2.2013966788
18933 2.2013966783
18990 2.2013966782
19027 2.2013966780
19030 2.2013966779
19214 2.2013966779
19216 2.2013966779
19239 2.2013966779
19262 2.2013966779
19270 2.2013966777
19460 2.2013966776
19545 2.2013966776
19607 2.2013966775
19608 2.2013966775
19681 2.2013966775
19708 2.2013966775
19740 2.2013966774
19753 2.2013966773
19952 2.2013966773
20078 2.2013966773
20094 2.2013966772
20152 2.2013966772
20258 2.2013966771
20628 2.2013966771
20635 2.2013966771
20709 2.2013966771
20750 2.2013966771
20978 2.2013966771
21090 2.2013966771
21103 2.2013966771
21161 2.2013966771
21371 2.2013966771
21470 2.2013966771
21492 2.2013966771
21505 2.2013966771
21565 2.2013966771
21632 2.2013966771
21671 2.2013966771
21749 2.2013966771
21970 2.2013966771
22071 2.2013966771
22102 2.2013966771
22153 2.2013966771
22225 2.2013966770
22435 2.2013966770
22482 2.2013966770
22535 2.2013966770
22586 2.2013966770
22684 2.2013966770
22798 2.2013966770
22826 2.2013966770
23001 2.2013966770
23090 2.2013966770
23129 2.2013966770
23251 2.2013966770
23423 2.2013966770
23479 2.2013966770
23529 2.2013966770
23623 2.2013966770
23746 2.2013966770
24003 2.2013966770
24113 2.2013966770
24146 2.2013966770
24306 2.2013966770
24397 2.2013966770
24455 2.2013966770
25626 2.2013966770
evaluations raw_y
1 698652.2399480683
2 395606.0866657897
19 247436.8633568149
64 242611.8433394586
65 189576.9574277412
82 151740.1593344474
108 118756.7089441984
144 108377.3620492524
167 78308.7773228569
215 68563.1412824004
229 56135.6044876235
285 51013.3786290915
316 31932.4437990508
402 26289.0429580179
588 25132.1028679649
693 20533.8763400929
701 18603.1604832648
703 18002.6866893994
712 11601.7625915790
757 11450.5342858415
892 10892.6660373079
931 10180.6302512817
970 7188.5937932704
1001 6085.3050426582
1100 5602.9801907121
1163 3573.2160166364
1248 2591.5672620908
1313 1944.8770986222
1394 1430.0494239808
1504 1339.4342857976
1506 321.1950147489
1695 197.4179558786
1748 157.5645792767
1780 150.9491270873
1788 81.0445548094
1860 48.1346865063
1886 7.1392247933
1962 4.5770649337
2078 4.0522099700
2137 3.9101730843
2151 3.8962074605
2192 3.7549335192
2380 3.6050173925
3097 3.3629021883
4604 3.3562487439
4680 3.3332609846
4776 3.3283584446
4831 3.2598424596
5489 3.1988878407
5797 2.8818023026
5970 2.7969544485
6323 2.7960719232
6489 2.7274837027
6554 2.6542755948
6746 2.6507651607
6800 2.5885887073
6913 2.5449483876
7035 2.5379100420
7054 2.4965897998
7254 2.4394447108
7281 2.3352124658
7669 2.3199635351
7750 2.3143550860
7764 2.2900534308
7801 2.2705661475
7852 2.2677354361
7864 2.2538891124
7985 2.2289010757
8002 2.2104408878
8118 2.1970069833
8152 2.1942724678
8226 2.1515892627
8327 2.1236593730
8451 2.1089179939
8468 2.1063979860
8549 2.1029369271
8553 2.0932118201
8647 2.0787396063
8672 2.0728362541
8738 2.0705915754
8993 2.0653896846
9017 2.0543929645
9109 2.0501501969
9121 2.0488975045
9170 2.0469981747
9211 2.0469156618
9247 2.0440493919
9265 2.0437677061
9338 2.0418672691
9343 2.0415251912
9365 2.0371064904
9544 2.0327496109
9547 2.0325811580
9599 2.0317814801
9600 2.0316100843
9625 2.0313984247
9674 2.0293826702
9676 2.0283015034
9751 2.0282750517
9780 2.0259491808
9784 2.0259198511
9828 2.0224941707
10070 2.0223279885
10083 2.0215914434
10123 2.0211890249
10130 2.0194914800
10190 2.0193393031
10209 2.0191042597
10249 2.0186044650
10306 2.0185898479
10321 2.0172776287
10506 2.0169636271
10524 2.0167156673
10538 2.0160987693
10607 2.0155432842
10711 2.0154660516
10789 2.0154198101
10791 2.0151175622
10872 2.0150598657
10987 2.0150027710
10992 2.0148791121
11024 2.0148251013
11067 2.0148104297
11078 2.0147018603
11102 2.0146626201
11173 2.0145205309
11177 2.0145062597
11201 2.0143747354
11297 2.0142566730
11314 2.0141582544
11381 2.0141485251
11467 2.0141173823
11474 2.0141147210
11563 2.0141112326
11587 2.0140734063
11605 2.0140518641
11632 2.0140166324
11637 2.0140075851
11710 2.0139490989
11716 2.0139226024
11768 2.0139166399
11818 2.0138902363
11910 2.0138120843
12092 2.0137785186
12170 2.0137720664
12259 2.0137615957
12287 2.0137555856
12299 2.0137415907
12305 2.0137319767
12326 2.0137299110
12370 2.0136943784
12478 2.0136851151
12625 2.0136707373
12702 2.0136657971
12751 2.0136583759
12794 2.0136522598
12911 2.0136508780
12959 2.0136484322
13021 2.0136463909
13039 2.0136456831
13070 2.0136438805
13162 2.0136387935
13240 2.0136386144
13251 2.0136320911
13480 2.0136317490
13502 2.0136286738
13565 2.0136281341
13599 2.0136273409
13739 2.0136268533
13755 2.0136262105
13770 2.0136251272
13901 2.0136245222
14011 2.0136244630
14015 2.0136244021
14051 2.0136243648
14057 2.0136238106
14061 2.0136237047
14154 2.0136234158
14169 2.0136227900
14215 2.0136219722
14342 2.0136219684
14375 2.0136218067
14392 2.0136213361
14506 2.0136212549
14602 2.0136212136
14609 2.0136209311
14630 2.0136209161
14647 2.0136205599
14730 2.0136205588
14740 2.0136204437
14882 2.0136202170
14931 2.0136199182
15357 2.0136198077
15382 2.0136197832
15485 2.0136197631
15540 2.0136196671
15634 2.0136196390
15681 2.0136196121
15811 2.0136196083
15922 2.0136196021
15936 2.0136196003
16021 2.0136195826
16065 2.0136195638
16074 2.0136195290
16128 2.0136194854
16298 2.0136194794
16354 2.0136194671
16422 2.0136194479
16482 2.0136194354
16489 2.0136194279
16731 2.0136194264
16766 2.0136194142
16929 2.0136194081
17034 2.0136194034
17045 2.0136194020
17078 2.0136194016
17130 2.0136194009
17148 2.0136194007
17228 2.0136193999
17238 2.0136193959
17344 2.0136193958
17368 2.0136193915
17414 2.0136193912
17455 2.0136193889
17525 2.0136193883
17662 2.0136193873
17696 2.0136193863
17782 2.0136193859
17784 2.0136193845
17826 2.0136193844
17980 2.0136193837
18004 2.0136193823
18054 2.0136193819
18179 2.0136193817
18199 2.0136193815
18278 2.0136193815
18286 2.0136193810
18324 2.0136193796
18539 2.0136193794
18579 2.0136193793
18616 2.0136193791
18716 2.0136193790
18730 2.0136193788
18840 2.0136193788
18864 2.0136193787
18872 2.0136193786
18885 2.0136193786
18904 2.0136193785
18950 2.0136193784
19008 2.0136193784
19053 2.0136193784
19062 2.0136193782
19091 2.0136193782
19131 2.0136193782
19163 2.0136193781
19229 2.0136193781
19230 2.0136193780
19248 2.0136193780
19260 2.0136193780
19265 2.0136193778
19394 2.0136193778
19419 2.0136193777
19491 2.0136193777
19517 2.0136193776
19621 2.0136193776
19692 2.0136193776
19729 2.0136193776
19754 2.0136193775
19758 2.0136193775
19834 2.0136193775
19876 2.0136193775
19899 2.0136193775
19978 2.0136193774
20007 2.0136193774
20205 2.0136193774
20254 2.0136193774
20333 2.0136193774
20459 2.0136193774
20479 2.0136193774
20632 2.0136193774
20640 2.0136193774
20645 2.0136193774
20652 2.0136193774
20704 2.0136193774
20715 2.0136193773
20822 2.0136193773
20866 2.0136193773
21020 2.0136193773
21061 2.0136193773
21288 2.0136193773
21299 2.0136193773
21300 2.0136193773
21301 2.0136193773
21431 2.0136193773
21437 2.0136193773
21440 2.0136193773
21463 2.0136193773
21484 2.0136193773
21594 2.0136193773
21605 2.0136193773
21669 2.0136193773
21822 2.0136193773
21836 2.0136193773
21921 2.0136193773
22000 2.0136193773
22053 2.0136193773
22224 2.0136193773
22338 2.0136193773
22407 2.0136193773
22440 2.0136193773
22458 2.0136193773
22470 2.0136193773
22564 2.0136193773
22595 2.0136193773
22680 2.0136193773
22694 2.0136193773
22726 2.0136193773
22762 2.0136193773
22805 2.0136193773
22940 2.0136193773
23013 2.0136193773
23155 2.0136193773
23236 2.0136193773
23336 2.0136193773
23421 2.0136193773
23450 2.0136193773
23482 2.0136193773
23585 2.0136193773
23624 2.0136193773
23640 2.0136193773
23645 2.0136193773
23664 2.0136193773
23878 2.0136193773
23999 2.0136193773
24097 2.0136193773
24131 2.0136193773
24321 2.0136193773
24388 2.0136193773
24443 2.0136193773
24547 2.0136193773
24582 2.0136193773
24661 2.0136193773
24827 2.0136193773
25135 2.0136193773
25850 2.0136193773
evaluations raw_y
1 346773.0767738507
2 266141.2519473080
39 262341.9000138001
46 180127.7230324610
56 147232.1832842140
71 122269.2789840714
103 110499.2513303824
126 82755.4480662788
151 66348.1222566755
223 65071.1374274196
273 50077.0821124757
302 46418.0687412008
337 44642.1237312539
369 41020.2491944341
385 29084.7417573925
447 24891.9853842000
476 24799.9998439135
592 22831.2221805426
733 21205.2238427271
734 19476.5657539235
831 7453.0006217661
974 6320.3935873902
982 5869.7680561848
1002 4768.7321397275
1042 4206.5808635688
1196 2471.1553777730
1309 2436.7113773149
1323 1907.8502784724
1346 1466.1360173963
1445 1220.7382879304
1505 1138.2422995173
1542 24.5162827647
1824 7.2810441232
1939 4.1709178319
2208 4.0588355606
2232 3.3633708443
4554 3.3568920275
5012 3.2667365354
5547 3.2430026094
5923 3.1833935880
5927 3.1688237339
5983 3.0845471739
6238 3.0022903801
6440 2.9500298164
6474 2.9088978631
6699 2.8680649613
6728 2.8526628686
6752 2.8473987333
6808 2.8331119405
6853 2.7714278647
6936 2.6815840363
7265 2.6374987862
7348 2.6339201369
7412 2.6006350414
7466 2.5685545826
7553 2.5607153096
7564 2.5198426664
7713 2.4964200522
7762 2.4658137377
7881 2.4643091968
7894 2.4594000364
7976 2.4459280837
7982 2.4252812346
8148 2.4075186637
8222 2.3896513096
8319 2.3894553291
8322 2.3811881317
8397 2.3763732130
8436 2.3702828051
8442 2.3683084655
8458 2.3671780167
8497 2.3643414747
8534 2.3553897848
8701 2.3537776773
8772 2.3522095932
8867 2.3362361139
9000 2.3355530289
9064 2.3345053284
9106 2.3313917701
9166 2.3194490191
9360 2.3159544189
9396 2.3145584312
9458 2.3143267463
9521 2.3116546407
9550 2.3092961826
9609 2.3071503182
9665 2.3060859835
9669 2.3049067376
9698 2.3002071122
9918 2.2969589419
10015 2.2968451332
10045 2.2963500024
10114 2.2962905984
10129 2.2962782492
10196 2.2960583086
10278 2.2950869871
10346 2.2948038743
10376 2.2947074994
10408 2.2945836481
10424 2.2940407812
10486 2.2935427723
10507 2.2933874931
10619 2.2933387215
10695 2.2929576580
10696 2.2924662754
10805 2.2924476179
10819 2.2921121449
10855 2.2915738841
10896 2.2914733480
10966 2.2914279104
11062 2.2913889557
11076 2.2913626120
11108 2.2913211469
11128 2.2910324912
11423 2.2909785913
11436 2.2909279833
11439 2.2908999031
11440 2.2907801972
11607 2.2907396494
11615 2.2906883042
11639 2.2906562401
11643 2.2905939677
11704 2.2904816196
11744 2.2903992556
11857 2.2903969224
11896 2.2903878874
11926 2.2903809136
12090 2.2903776775
12094 2.2903537238
12109 2.2903364355
12158 2.2903116163
12197 2.2903109604
12268 2.2903066141
12311 2.2902714148
12314 2.2902510702
12347 2.2902375494
12398 2.2901643186
12824 2.2901547838
12908 2.2901517187
13009 2.2901507492
13041 2.2901467196
13079 2.2901405945
13143 2.2901321149
13160 2.2901310394
13211 2.2901285956
13213 2.2901279120
13257 2.2901188103
13316 2.2901169858
13370 2.2901165227
13439 2.2901137467
13475 2.2901131253
13482 2.2901099359
13490 2.2901097673
13571 2.2901064070
13629 2.2900975512
13758 2.2900913995
14053 2.2900908283
14069 2.2900889512
14144 2.2900882754
14146 2.2900871000
14173 2.2900868851
14241 2.2900864824
14242 2.2900848248
14278 2.2900842962
14436 2.2900833791
14608 2.2900826526
14644 2.2900819244
14712 2.2900817326
14747 2.2900816240
14827 2.2900815916
14863 2.2900815295
14869 2.2900813087
14898 2.2900813056
14919 2.2900812207
14923 2.2900810112
14938 2.2900808027
14984 2.2900807401
14989 2.2900805143
15020 2.2900804887
15053 2.2900803021
15120 2.2900801852
15178 2.2900800339
15267 2.2900800161
15269 2.2900799976
15309 2.2900799669
15376 2.2900798906
15404 2.2900797535
15473 2.2900796424
15619 2.2900796199
15696 2.2900795812
15720 2.2900795549
15763 2.2900795253
15801 2.2900794938
15804 2.2900794938
15847 2.2900794424
15949 2.2900794402
15972 2.2900794181
16003 2.2900793593
16047 2.2900793481
16089 2.2900793180
16135 2.2900793085
16216 2.2900792729
16243 2.2900792400
16426 2.2900791944
16523 2.2900791588
16600 2.2900791488
16710 2.2900791392
16787 2.2900791310
16817 2.2900791304
16887 2.2900791159
16936 2.2900791107
17028 2.2900791099
17056 2.2900791033
17074 2.2900790988
17094 2.2900790974
17108 2.2900790945
17124 2.2900790932
17134 2.2900790875
17286 2.2900790872
17300 2.2900790864
17302 2.2900790841
17314 2.2900790816
17339 2.2900790800
17429 2.2900790757
17509 2.2900790755
17600 2.2900790745
17665 2.2900790732
17705 2.2900790713
17715 2.2900790707
17717 2.2900790696
17785 2.2900790667
17890 2.2900790667
17931 2.2900790666
17974 2.2900790660
18021 2.2900790650
18050 2.2900790648
18063 2.2900790644
18066 2.2900790634
18071 2.2900790628
18085 2.2900790617
18261 2.2900790615
18262 2.2900790606
18448 2.2900790604
18450 2.2900790601
18460 2.2900790593
18617 2.2900790589
18666 2.2900790589
18670 2.2900790589
18699 2.2900790588
18724 2.2900790587
18775 2.2900790586
18797 2.2900790582
18901 2.2900790579
18929 2.2900790576
18998 2.2900790576
19034 2.2900790575
19072 2.2900790573
19118 2.2900790570
19275 2.2900790568
19376 2.2900790568
19402 2.2900790568
19414 2.2900790568
19446 2.2900790565
19506 2.2900790565
19607 2.2900790564
19800 2.2900790564
19959 2.2900790564
19985 2.2900790563
20011 2.2900790563
20028 2.2900790563
20072 2.2900790563
20187 2.2900790563
20188 2.2900790563
20212 2.2900790562
20213 2.2900790562
20220 2.2900790562
20247 2.2900790562
20257 2.2900790562
20313 2.2900790562
20319 2.2900790562
20430 2.2900790562
20483 2.2900790562
20505 2.2900790562
20547 2.2900790562
20567 2.2900790561
20596 2.2900790561
20685 2.2900790561
20736 2.2900790561
20749 2.2900790561
20775 2.2900790561
20976 2.2900790561
20984 2.2900790561
21131 2.2900790561
21203 2.2900790561
21212 2.2900790561
21257 2.2900790561
21323 2.2900790561
21330 2.2900790561
21335 2.2900790561
21367 2.2900790561
21380 2.2900790561
21452 2.2900790561
21491 2.2900790561
21598 2.2900790561
21641 2.2900790561
21649 2.2900790561
21652 2.2900790561
21658 2.2900790561
21691 2.2900790561
21707 2.2900790561
21729 2.2900790561
21767 2.2900790561
21787 2.2900790561
21825 2.2900790561
21861 2.2900790561
21936 2.2900790561
21952 2.2900790561
22098 2.2900790560
22193 2.2900790560
22468 2.2900790560
22497 2.2900790560
22569 2.2900790560
22598 2.2900790560
22635 2.2900790560
22691 2.2900790560
22754 2.2900790560
22815 2.2900790560
22836 2.2900790560
22896 2.2900790560
22904 2.2900790560
22936 2.2900790560
23049 2.2900790560
23159 2.2900790560
23327 2.2900790560
23453 2.2900790560
23508 2.2900790560
23543 2.2900790560
23576 2.2900790560
23592 2.2900790560
23649 2.2900790560
23687 2.2900790560
23706 2.2900790560
23738 2.2900790560
23746 2.2900790560
23784 2.2900790560
23826 2.2900790560
23889 2.2900790560
23953 2.2900790560
23971 2.2900790560
23987 2.2900790560
24200 2.2900790560
24270 2.2900790560
24368 2.2900790560
24671 2.2900790560
24706 2.2900790560
24795 2.2900790560
24903 2.2900790560
25177 2.2900790560
25430 2.2900790560
25568 2.2900790560
26361 2.2900790560
evaluations raw_y
1 745520.2040363150
4 598237.3162961858
5 503917.0969722271
13 479783.0916459119
20 468772.4925143424
23 445926.7030091262
24 410924.8238956648
44 381736.8100489082
45 305445.9697368185
60 292263.6206078375
64 206907.5792411984
101 206064.7734612246
116 186392.2786583131
125 119695.9745584151
180 111222.5231226693
209 110383.7427298370
210 103411.6207173115
221 88030.4453815834
246 73021.9083449708
280 56009.5987866421
406 55186.5621988937
485 52575.1760504938
673 50324.2358652094
682 45460.8386199537
710 41868.7288700234
715 40669.8460488506
742 39875.0433462066
766 24957.3622662853
786 15485.4774873634
907 14864.4048226430
910 10485.3722839653
1017 9638.7912447225
1133 9198.0355455130
1136 5088.2409367493
1268 3712.6893407098
1271 1908.7937119305
1383 1152.7501254373
1438 389.8869470726
1535 93.3019751224
1732 37.9413117580
1861 24.3432810282
1968 21.7714394290
2034 10.1473627328
2158 4.3889035243
2166 4.1121637865
2184 4.0854964742
2305 4.0571019464
2363 4.0227626027
2366 3.9863852956
2432 3.9551824491
2436 3.9198886853
2545 3.8809475478
2553 3.7131423555
2620 3.6415134982
2686 3.6364126411
3324 3.6329059538
3635 3.5257110241
3708 3.5231333958
3821 3.5161055549
4025 3.3458012090
4378 3.3055705215
4793 3.2045427964
6261 3.1984895121
6508 3.1287432290
6557 3.1051116008
6931 3.0531710924
7315 2.9881584095
7440 2.9799451936
7500 2.9429716031
7690 2.9273865605
8016 2.9208152230
8116 2.9156514781
8175 2.8830894618
8254 2.7684374589
8567 2.7363954055
8607 2.7261263834
8661 2.6937231844
8715 2.6570849284
8753 2.6149049087
8760 2.3803294563
9175 2.3615616982
9276 2.3525355457
9327 2.3488911986
9347 2.3181853027
9368 2.2967011533
9405 2.2767133775
9508 2.1671573143
9885 2.1355119474
9950 2.1281096601
9978 2.1173899638
10009 2.0666973838
10404 2.0419255209
10522 2.0392147833
10537 2.0318315660
10545 1.9978404999
10564 1.9918942475
10620 1.9867193501
10687 1.9855482336
10728 1.9687918386
10785 1.9568519025
10945 1.9560237665
10975 1.9284237895
11170 1.9260399130
11261 1.9162686416
11374 1.9158504169
11553 1.9141320587
11604 1.9113652103
11664 1.9089128493
11730 1.9084968621
11774 1.9028933458
11913 1.9017656845
12065 1.9016828891
12109 1.8996548708
12114 1.8984150642
12224 1.8974703698
12266 1.8968316644
12311 1.8957546792
12331 1.8948760658
12406 1.8947335183
12556 1.8944117765
12710 1.8937453015
12738 1.8937402724
12821 1.8933737053
12872 1.8930547036
12962 1.8927686257
13125 1.8926011591
13153 1.8924821716
13167 1.8922700771
13188 1.8921602099
13231 1.8919377926
13247 1.8917458786
13350 1.8916032415
13396 1.8914887376
13407 1.8914769105
13425 1.8912926004
13504 1.8912692048
13524 1.8911245025
13621 1.8910069490
13634 1.8909520608
13675 1.8909241051
13680 1.8909097439
13828 1.8908402035
13837 1.8908387293
13870 1.8907374370
13932 1.8906909491
14030 1.8905991964
14080 1.8904903653
14204 1.8904569279
14272 1.8904202414
14326 1.8903811149
14547 1.8903602061
14549 1.8903251083
14590 1.8903229837
14601 1.8903105061
14651 1.8902841543
14675 1.8902404008
14937 1.8902359224
14948 1.8902315165
15038 1.8902216659
15209 1.8902189620
15315 1.8902169301
15334 1.8902163347
15356 1.8902102452
15365 1.8902085279
15405 1.8902054200
15540 1.8902030399
15549 1.8902011268
15601 1.8901944569
15682 1.8901932744
15713 1.8901915395
15762 1.8901897560
15773 1.8901812764
16016 1.8901770985
16119 1.8901759877
16189 1.8901743329
16193 1.8901736596
16254 1.8901732662
16358 1.8901727733
16384 1.8901711313
16558 1.8901698649
16592 1.8901694611
16695 1.8901672750
16938 1.8901668361
17005 1.8901666530
17008 1.8901663564
17064 1.8901662857
17109 1.8901662377
17127 1.8901652129
17154 1.8901649405
17337 1.8901644175
17591 1.8901642780
17669 1.8901642249
17684 1.8901640186
17698 1.8901640021
17699 1.8901638192
17733 1.8901638110
17807 1.8901637917
17824 1.8901636524
17852 1.8901636149
17913 1.8901635650
17920 1.8901635329
17942 1.8901632665
18202 1.8901631861
18331 1.8901631434
18405 1.8901630729
18442 1.8901630073
18600 1.8901629899
18730 1.8901629847
18781 1.8901629491
18922 1.8901629381
18968 1.8901629271
18971 1.8901629263
19033 1.8901629208
19041 1.8901629161
19051 1.8901629128
19076 1.8901629088
19083 1.8901628963
19115 1.8901628845
19153 1.8901628608
19214 1.8901628599
19333 1.8901628576
19422 1.8901628568
19459 1.8901628460
19466 1.8901628391
19563 1.8901628384
19564 1.8901628380
19608 1.8901628327
19628 1.8901628309
19650 1.8901628254
19736 1.8901628245
19754 1.8901628223
19795 1.8901628200
19808 1.8901628126
19831 1.8901628069
20062 1.8901628059
20118 1.8901628010
20262 1.8901628005
20359 1.8901627987
20461 1.8901627981
20487 1.8901627956
20645 1.8901627949
20698 1.8901627945
20752 1.8901627943
20771 1.8901627938
20783 1.8901627930
20870 1.8901627915
21043 1.8901627912
21128 1.8901627907
21193 1.8901627907
21280 1.8901627903
21328 1.8901627900
21351 1.8901627900
21357 1.8901627899
21458 1.8901627899
21473 1.8901627899
21488 1.8901627896
21538 1.8901627895
21585 1.8901627887
21818 1.8901627886
21978 1.8901627886
22013 1.8901627886
22060 1.8901627885
22079 1.8901627884
22121 1.8901627884
22135 1.8901627883
22181 1.8901627883
22220 1.8901627883
22224 1.8901627883
22237 1.8901627883
22239 1.8901627882
22273 1.8901627882
22349 1.8901627882
22417 1.8901627882
22431 1.8901627881
22559 1.8901627881
22585 1.8901627880
22629 1.8901627880
22634 1.8901627880
22635 1.8901627879
23027 1.8901627879
23032 1.8901627879
23175 1.8901627879
23213 1.8901627879
23222 1.8901627879
23317 1.8901627879
23424 1.8901627879
23440 1.8901627879
23509 1.8901627878
23567 1.8901627878
23694 1.8901627878
23880 1.8901627878
23930 1.8901627878
23986 1.8901627878
24039 1.8901627878
24105 1.8901627878
24108 1.8901627878
24139 1.8901627878
24146 1.8901627878
24264 1.8901627878
24274 1.8901627878
24329 1.8901627878
24365 1.8901627878
24530 1.8901627878
24652 1.8901627878
24705 1.8901627878
24728 1.8901627878
24824 1.8901627878
24879 1.8901627878
25006 1.8901627878
25164 1.8901627878
25185 1.8901627878
25350 1.8901627878
25394 1.8901627878
25442 1.8901627878
25484 1.8901627878
25506 1.8901627878
25577 1.8901627878
25622 1.8901627878
25623 1.8901627878
25694 1.8901627878
25844 1.8901627878
25868 1.8901627878
26021 1.8901627878
26032 1.8901627878
26085 1.8901627878
26112 1.8901627878
26280 1.8901627878
26328 1.8901627878
26375 1.8901627878
26471 1.8901627878
26514 1.8901627878
26639 1.8901627878
26677 1.8901627878
26796 1.8901627878
26928 1.8901627878
26947 1.8901627878
26962 1.8901627878
27107 1.8901627878
27167 1.8901627878
27177 1.8901627878
27278 1.8901627878
27329 1.8901627878
27485 1.8901627878
27527 1.8901627878
27542 1.8901627878
27672 1.8901627878
27705 1.8901627878
27718 1.8901627878
27842 1.8901627878
28146 1.8901627878
28161 1.8901627878
28383 1.8901627878
28588 1.8901627878
28702 1.8901627878
29032 1.8901627878
29552 1.8901627878
30405 1.8901627878
evaluations raw_y
1 522683.5951780902
4 372269.5216514056
25 288923.6053028310
44 267842.8235653055
48 236496.2191779129
63 219762.0758045573
71 158085.6841462055
106 129299.5310682346
108 103741.5817202100
144 88245.0493808528
168 69629.5471223986
182 60201.0014551617
477 51136.4182665562
547 45167.2715181968
549 27615.3802612592
680 27590.3536972171
748 25940.7751614179
762 21874.3052371983
796 16638.4262589609
877 15230.3189539971
888 10749.0474760692
980 7208.6588828938
1076 3389.0852426814
1193 2012.9133249789
1478 759.5840441427
1549 461.3469014545
1613 71.9710450576
1820 39.5530591795
1828 20.7849721440
1839 4.2647768956
1906 4.1497530832
1973 4.0225053523
1980 3.7552933033
2207 3.7202286175
2286 3.6206192091
2407 3.5537447804
2548 3.5099213709
3206 3.3639501454
4646 3.3373436220
5171 3.2539526215
6024 3.2390768255
6026 3.2133363360
6142 3.1210948951
6237 3.0286226220
6517 3.0069395948
6751 2.9159584440
6802 2.8813870391
6931 2.8121944425
7061 2.8053040059
7149 2.7706548647
7233 2.7127792710
7270 2.7088076993
7316 2.6921331776
7332 2.5994566666
7490 2.5712506264
7538 2.5541073451
7669 2.5176669448
7869 2.4840215953
7871 2.4758812885
7907 2.4696461880
7937 2.4562293851
8008 2.4522571128
8056 2.4486065010
8059 2.4351650146
8116 2.4350515443
8191 2.4293470322
8192 2.3887271625
8208 2.3757726230
8325 2.3582191933
8344 2.3253054482
8542 2.3104384827
8608 2.3082784201
8616 2.2981871247
8668 2.2841268357
8691 2.2709848820
8728 2.2502889204
8921 2.2450327627
8985 2.2301945797
9086 2.2272286345
9173 2.2238678432
9274 2.2147935235
9430 2.2136909826
9447 2.2104857558
9507 2.2089820725
9518 2.2010164827
9828 2.2009199750
9908 2.1968405654
10034 2.1955533869
10107 2.1937885255
10229 2.1927955880
10339 2.1917426812
10570 2.1910472524
10598 2.1906270456
10620 2.1900824519
10812 2.1897549771
10835 2.1894850410
10879 2.1893923783
10918 2.1885776784
10993 2.1884912983
11004 2.1880728590
11043 2.1879844953
11113 2.1877026391
11340 2.1876869109
11396 2.1876554740
11486 2.1875494626
11539 2.1872982542
11601 2.1871592078
11744 2.1871341122
11768 2.1869951942
11875 2.1869758872
11926 2.1868165542
12057 2.1868131193
12060 2.1868027717
12100 2.1867888095
12161 2.1867424357
12174 2.1866962396
12373 2.1866882182
12389 2.1866772326
12466 2.1866700116
12471 2.1866671764
12507 2.1866534035
12552 2.1866398571
12579 2.1866387328
12586 2.1866161641
12643 2.1866112040
12666 2.1865941276
12674 2.1865810919
12701 2.1865738835
12737 2.1865234558
12911 2.1865223900
12980 2.1864992146
13139 2.1864975730
13281 2.1864912715
13390 2.1864862054
13441 2.1864860797
13450 2.1864835838
13486 2.1864785175
13540 2.1864751307
13544 2.1864724538
13605 2.1864670741
13706 2.1864653830
13760 2.1864608508
13808 2.1864552369
13926 2.1864542217
13997 2.1864523844
14012 2.1864521176
14064 2.1864507717
14157 2.1864498724
14269 2.1864474391
14336 2.1864473526
14410 2.1864473451
14419 2.1864468389
14428 2.1864447760
14458 2.1864439682
14570 2.1864437699
14641 2.1864434013
14678 2.1864423475
14763 2.1864421841
14809 2.1864420005
14825 2.1864418736
14826 2.1864411666
14827 2.1864407315
14875 2.1864406693
14985 2.1864402439
15024 2.1864401264
15041 2.1864400073
15113 2.1864398843
15117 2.1864396770
15304 2.1864396447
15330 2.1864395048
15377 2.1864391447
15448 2.1864390700
15498 2.1864389980
15515 2.1864389286
15570 2.1864388449
15613 2.1864388413
15665 2.1864386906
15672 2.1864385103
15840 2.1864385040
15851 2.1864384948
15857 2.1864383452
15921 2.1864383409
15934 2.1864383159
16063 2.1864383085
16072 2.1864381542
16302 2.1864381509
16449 2.1864381468
16467 2.1864381075
16485 2.1864380725
16566 2.1864380524
16608 2.1864380411
16665 2.1864380334
16670 2.1864380203
16774 2.1864380087
16786 2.1864380013
16809 2.1864379991
16837 2.1864379726
16985 2.1864379688
16994 2.1864379663
17066 2.1864379475
17247 2.1864379330
17307 2.1864379327
17348 2.1864379319
17398 2.1864379273
17419 2.1864379239
17437 2.1864379230
17535 2.1864379190
17548 2.1864379151
17753 2.1864379108
17882 2.1864379088
18049 2.1864379082
18059 2.1864379069
18147 2.1864379067
18239 2.1864379067
18240 2.1864379066
18335 2.1864379050
18359 2.1864379033
18442 2.1864379033
18504 2.1864379030
18510 2.1864379028
18559 2.1864379027
18564 2.1864379025
18602 2.1864379013
18753 2.1864379013
18770 2.1864379013
18771 2.1864379006
18832 2.1864379005
18840 2.1864378998
18984 2.1864378998
19036 2.1864378998
19060 2.1864378997
19092 2.1864378997
19132 2.1864378995
19136 2.1864378994
19164 2.1864378992
19280 2.1864378991
19304 2.1864378990
19306 2.1864378990
19342 2.1864378989
19417 2.1864378988
19431 2.1864378987
19444 2.1864378986
19499 2.1864378986
19540 2.1864378985
19602 2.1864378983
19617 2.1864378982
19880 2.1864378981
19944 2.1864378981
20003 2.1864378981
20007 2.1864378981
20063 2.1864378980
20120 2.1864378980
20216 2.1864378980
20253 2.1864378980
20322 2.1864378979
20333 2.1864378979
20378 2.1864378979
20511 2.1864378979
20568 2.1864378979
20661 2.1864378979
20735 2.1864378978
21079 2.1864378978
21095 2.1864378978
21244 2.1864378978
21530 2.1864378978
21561 2.1864378978
21713 2.1864378978
21724 2.1864378978
21851 2.1864378978
22007 2.1864378978
22040 2.1864378978
22049 2.1864378978
22148 2.1864378978
22220 2.1864378978
22267 2.1864378978
22283 2.1864378978
22299 2.1864378978
22308 2.1864378978
22374 2.1864378978
22490 2.1864378978
22551 2.1864378978
22593 2.1864378978
22609 2.1864378978
22648 2.1864378978
22804 2.1864378978
22806 2.1864378978
22909 2.1864378978
22935 2.1864378978
23014 2.1864378978
23175 2.1864378978
23191 2.1864378978
23349 2.1864378978
23377 2.1864378978
23444 2.1864378978
23518 2.1864378978
23721 2.1864378978
23892 2.1864378978
24051 2.1864378978
24118 2.1864378978
24388 2.1864378978
24942 2.1864378978
25321 2.1864378978
evaluations raw_y
1 376602.2505121547
2 311632.0311784907
17 282650.7573242036
22 237042.7969120621
24 226791.3199790645
32 224730.7320015816
38 199713.4356729480
45 162964.1742818181
71 124421.3782957784
84 108226.8206679258
97 107528.4713666728
131 83026.1195055472
177 70590.4781400542
235 58993.9881867909
237 55189.8628225225
298 49440.4523215147
302 44097.0736758631
340 29938.5296399766
418 27211.2797031383
499 18576.5786980275
608 14418.6445568463
694 13504.4838086944
704 8874.5966773468
765 5377.9918790560
835 4636.7798526626
887 3903.7092632907
984 3861.4994148868
1109 3327.5856866935
1167 2875.3268463436
1207 2834.3153827994
1296 1436.1814502222
1412 1158.8314358868
1414 566.7132664537
1445 403.7703645839
1597 184.2005419436
1670 110.8630239037
1673 21.4389615915
1784 4.1078832211
1949 4.0291557078
2065 3.7462673471
2406 3.7457876003
2434 3.6052822986
2537 3.5956633547
2639 3.4764162695
2729 3.4498403533
3014 3.3791362682
4347 3.2119173444
4490 3.2047627113
5001 3.2046319305
5062 3.1598565625
5166 3.0993705544
5619 3.0574774501
5708 2.9795135818
5902 2.9109232569
6214 2.8505826326
6310 2.8394979929
6370 2.8184154615
6416 2.7688028780
6527 2.7624827352
6592 2.7213021346
6716 2.6979452855
6723 2.6731141506
6845 2.6048051420
6877 2.5602523451
6940 2.5088038976
7072 2.5038926166
7185 2.5001197444
7195 2.4827727982
7271 2.4762088255
7293 2.4567298218
7358 2.4499893939
7385 2.4046524562
7513 2.4034129009
7528 2.3762872809
7543 2.3762539500
7578 2.3694980432
7637 2.3639263781
7701 2.3611023241
7705 2.3210479849
7994 2.3052622166
8194 2.3047227842
8272 2.3029179418
8304 2.2933762021
8361 2.2883060676
8373 2.2843440517
8435 2.2820451397
8442 2.2775765297
8459 2.2774132397
8480 2.2745263834
8496 2.2701671733
8635 2.2661639634
8754 2.2647100750
8766 2.2642048452
8768 2.2595750873
8810 2.2570955503
8849 2.2551031449
9031 2.2496663122
9190 2.2491671156
9240 2.2473851105
9288 2.2455667337
9378 2.2447675362
9392 2.2442842509
9404 2.2433903808
9532 2.2431025508
9627 2.2427025667
9675 2.2425681645
9686 2.2421412184
9715 2.2409706782
9772 2.2405787152
9887 2.2388948367
9938 2.2384604032
10192 2.2382518033
10239 2.2379794504
10265 2.2378094787
10266 2.2375607111
10388 2.2373633747
10430 2.2373051683
10481 2.2372472092
10500 2.2370103429
10547 2.2368709336
10549 2.2366025353
10728 2.2365466783
10734 2.2364220932
10790 2.2363597887
11017 2.2362641929
11018 2.2362152128
11150 2.2361407643
11279 2.2360826234
11293 2.2360629404
11313 2.2360620095
11378 2.2359627980
11528 2.2359485484
11570 2.2358992994
11742 2.2358503207
11755 2.2358398520
11817 2.2358204878
11861 2.2358140615
11878 2.2357966488
11959 2.2357725798
12027 2.2357508520
12161 2.2357315681
12169 2.2357310604
12207 2.2357177757
12396 2.2357150040
12465 2.2357148098
12479 2.2357084232
12481 2.2357032282
12555 2.2356996047
12560 2.2356922828
12628 2.2356899046
12666 2.2356864451
12747 2.2356820780
12776 2.2356792970
12823 2.2356777296
12935 2.2356734325
13108 2.2356698720
13323 2.2356693076
13324 2.2356681356
13419 2.2356678656
13433 2.2356672942
13441 2.2356662283
13450 2.2356656039
13498 2.2356646858
13536 2.2356641938
13631 2.2356631441
13664 2.2356630597
13698 2.2356626219
13728 2.2356623655
13731 2.2356622671
13772 2.2356615745
13784 2.2356609223
13829 2.2356607437
13834 2.2356599476
13909 2.2356595951
13968 2.2356593181
13970 2.2356592374
13972 2.2356591238
14008 2.2356590831
14062 2.2356589378
14063 2.2356588340
14083 2.2356583165
14159 2.2356582207
14191 2.2356578191
14264 2.2356570813
14624 2.2356569740
14669 2.2356568903
14673 2.2356568881
14683 2.2356568498
14696 2.2356566069
14750 2.2356563913
14761 2.2356561737
14815 2.2356561253
14924 2.2356558802
15078 2.2356556392
15142 2.2356555192
15228 2.2356554212
15295 2.2356553819
15390 2.2356552177
15484 2.2356551975
15549 2.2356551813
15694 2.2356550490
15814 2.2356550143
15903 2.2356549982
15962 2.2356549598
16128 2.2356549389
16205 2.2356548940
16400 2.2356548919
16511 2.2356548792
16675 2.2356548670
16831 2.2356548667
16880 2.2356548639
16933 2.2356548564
17040 2.2356548538
17153 2.2356548503
17219 2.2356548499
17368 2.2356548471
17454 2.2356548445
17455 2.2356548431
17464 2.2356548421
17477 2.2356548418
17538 2.2356548395
17552 2.2356548381
17643 2.2356548371
17664 2.2356548369
17894 2.2356548368
17895 2.2356548351
17960 2.2356548345
17985 2.2356548343
18005 2.2356548341
18039 2.2356548341
18054 2.2356548327
18205 2.2356548324
18287 2.2356548320
18332 2.2356548320
18362 2.2356548318
18411 2.2356548314
18468 2.2356548307
18622 2.2356548305
18659 2.2356548304
18681 2.2356548304
18716 2.2356548301
18720 2.2356548301
18751 2.2356548299
18776 2.2356548299
18790 2.2356548297
18844 2.2356548294
18870 2.2356548293
18891 2.2356548293
18986 2.2356548290
19106 2.2356548289
19139 2.2356548288
19225 2.2356548287
19265 2.2356548287
19470 2.2356548286
19494 2.2356548285
19505 2.2356548285
19611 2.2356548284
19613 2.2356548284
19675 2.2356548284
19687 2.2356548283
19824 2.2356548283
19925 2.2356548283
19972 2.2356548283
20048 2.2356548282
20097 2.2356548282
20158 2.2356548282
20248 2.2356548282
20257 2.2356548282
20288 2.2356548282
20306 2.2356548282
20426 2.2356548281
20483 2.2356548281
20613 2.2356548281
20675 2.2356548281
20747 2.2356548281
20817 2.2356548281
21019 2.2356548281
21064 2.2356548281
21103 2.2356548281
21110 2.2356548281
21258 2.2356548281
21318 2.2356548281
21351 2.2356548281
21464 2.2356548281
21500 2.2356548281
21512 2.2356548281
21519 2.2356548281
21579 2.2356548281
21633 2.2356548281
21638 2.2356548281
21679 2.2356548281
21843 2.2356548281
22065 2.2356548281
22074 2.2356548281
22140 2.2356548281
22242 2.2356548281
22309 2.2356548281
22433 2.2356548281
22446 2.2356548281
22487 2.2356548281
22565 2.2356548281
22707 2.2356548281
22722 2.2356548281
22743 2.2356548281
22858 2.2356548281
22927 2.2356548281
22954 2.2356548281
22994 2.2356548281
23033 2.2356548281
23081 2.2356548281
23150 2.2356548281
23238 2.2356548281
23406 2.2356548281
23566 2.2356548281
23945 2.2356548281
24364 2.2356548281
24915 2.2356548281
evaluations raw_y
1 983994.0744352362
2 547337.1105785434
5 506239.5013204198
17 481839.4691984121
22 347255.3101913705
23 274939.7204427708
43 243391.3972049716
68 198949.2793865708
92 182852.4023550463
96 131860.9324739073
97 127786.5153122261
124 114539.3802441895
127 87633.0373186284
212 61913.0400509025
245 60276.3700697055
334 34907.3767713085
545 34324.9549418141
620 28694.8843729390
701 25294.2733218069
811 20201.0935694085
832 18823.6665759168
865 12562.8709169625
899 7746.9349559614
1080 4344.5928258822
1128 2684.7394442797
1210 2227.1991267956
1258 1224.7229685767
1327 1224.7025220153
1414 253.2927521180
1628 109.3989004441
1877 6.8576060705
2017 5.1541514148
2021 4.0399850067
2092 3.8870876960
2127 3.8539463648
2130 3.7396609857
2292 3.6578367536
2356 3.5250417951
2955 3.2963686126
4140 3.2461350995
4787 3.0605470882
5235 2.9962990722
5618 2.8404846087
5672 2.8225144251
5730 2.7245207240
5949 2.7171019818
6154 2.6933736326
6223 2.6766279016
6338 2.6760105826
6348 2.6559807126
6352 2.4341219698
6631 2.4112385847
6645 2.3036095963
6678 2.2847156985
6916 2.1891182700
7091 2.1830692577
7162 2.1820618250
7252 2.1732251328
7285 2.1631228779
7326 2.1488141799
7407 2.1454986161
7443 2.1344667142
7516 2.1280771788
7559 2.1103999555
7647 2.0749805669
7700 2.0490802602
7876 2.0203786738
7979 2.0182995782
8030 2.0158883657
8080 2.0073634882
8105 1.9955950330
8162 1.9767955998
8218 1.9761235141
8299 1.9690501388
8408 1.9636714403
8649 1.9593392147
8740 1.9580350098
8741 1.9533355152
8799 1.9517872255
8824 1.9507112748
8829 1.9481384963
8899 1.9427074274
9090 1.9415914454
9147 1.9415203475
9151 1.9410632984
9249 1.9398387689
9254 1.9381954675
9264 1.9375834650
9380 1.9371130608
9399 1.9360979129
9406 1.9340433807
9495 1.9339379753
9504 1.9339218025
9507 1.9337969614
9510 1.9337887707
9543 1.9299619264
9768 1.9290088332
9822 1.9277538066
10087 1.9272257230
10304 1.9267428695
10345 1.9263555701
10420 1.9263210670
10466 1.9263142146
10498 1.9262905792
10550 1.9260720187
10565 1.9260203256
10593 1.9258270528
10594 1.9257565027
10713 1.9256936899
10757 1.9256368383
10758 1.9255798630
10761 1.9254553975
10870 1.9253898645
10908 1.9253172267
10957 1.9252522755
10984 1.9251530720
11197 1.9251240854
11223 1.9251076867
11275 1.9251014409
11310 1.9250710366
11364 1.9250541230
11369 1.9250249351
11395 1.9250140023
11398 1.9249996374
11445 1.9249759598
11537 1.9249444144
11558 1.9248707934
11649 1.9248541942
11845 1.9248316759
11920 1.9248212939
11961 1.9248200849
11963 1.9247885927
12021 1.9247883787
12038 1.9247852769
12089 1.9247831008
12236 1.9247774418
12257 1.9247669563
12355 1.9247654830
12359 1.9247639918
12421 1.9247580396
12434 1.9247563073
12465 1.9247523842
12479 1.9247501227
12544 1.9247334007
12792 1.9247320050
12797 1.9247315549
12877 1.9247301806
12946 1.9247289336
12982 1.9247283574
12985 1.9247277088
13005 1.9247249498
13075 1.9247234489
13106 1.9247227963
13261 1.9247213586
13316 1.9247211638
13350 1.9247183496
13416 1.9247183211
13506 1.9247180854
13528 1.9247174729
13606 1.9247169582
13617 1.9247157612
13650 1.9247157610
13662 1.9247149051
13682 1.9247143222
13689 1.9247142505
13703 1.9247139313
13745 1.9247130967
13782 1.9247123603
13784 1.9247122968
13930 1.9247122706
13934 1.9247120713
13961 1.9247119745
13971 1.9247114706
14068 1.9247112850
14140 1.9247112583
14232 1.9247112082
14233 1.9247110079
14260 1.9247110078
14292 1.9247109585
14297 1.9247103720
14333 1.9247102898
14352 1.9247100076
14516 1.9247097124
14562 1.9247095980
14683 1.9247094269
14775 1.9247092789
14880 1.9247091414
14971 1.9247090446
14972 1.9247089825
15029 1.9247089725
15104 1.9247089433
15259 1.9247089299
15294 1.9247089143
15350 1.9247088422
15351 1.9247088387
15374 1.9247088057
15396 1.9247087567
15482 1.9247087505
15559 1.9247087503
15585 1.9247087377
15606 1.9247087214
15610 1.9247086889
15652 1.9247086597
15881 1.9247086329
15919 1.9247086293
15961 1.9247086198
16011 1.9247085641
16224 1.9247085615
16364 1.9247085553
16395 1.9247085535
16429 1.9247085505
16446 1.9247085454
16535 1.9247085399
16557 1.9247085374
16563 1.9247085351
16615 1.9247085253
16659 1.9247085230
16679 1.9247085177
16738 1.9247085166
16774 1.9247085077
16824 1.9247085054
16843 1.9247085035
16911 1.9247084930
17052 1.9247084920
17084 1.9247084841
17252 1.9247084803
17300 1.9247084785
17343 1.9247084769
17456 1.9247084766
17476 1.9247084735
17482 1.9247084709
17633 1.9247084683
17840 1.9247084677
17931 1.9247084669
18032 1.9247084662
18102 1.9247084660
18250 1.9247084657
18272 1.9247084656
18311 1.9247084652
18361 1.9247084650
18401 1.9247084647
18429 1.9247084646
18468 1.9247084646
18532 1.9247084644
18611 1.9247084643
18627 1.9247084640
18740 1.9247084639
18763 1.9247084636
18824 1.9247084636
19046 1.9247084634
19110 1.9247084634
19217 1.9247084633
19220 1.9247084633
19268 1.9247084633
19271 1.9247084633
19279 1.9247084633
19309 1.9247084632
19310 1.9247084632
19327 1.9247084632
19351 1.9247084632
19381 1.9247084632
19429 1.9247084631
19505 1.9247084631
19513 1.9247084630
19606 1.9247084630
19672 1.9247084630
19691 1.9247084630
19768 1.9247084630
19808 1.9247084629
19825 1.9247084629
19843 1.9247084629
19994 1.9247084629
20121 1.9247084629
20201 1.9247084629
20303 1.9247084629
20376 1.9247084629
20401 1.9247084629
20417 1.9247084629
20445 1.9247084629
20468 1.9247084628
20499 1.9247084628
20580 1.9247084628
20676 1.9247084628
20699 1.9247084628
20781 1.9247084628
20787 1.9247084628
20903 1.9247084628
20926 1.9247084628
20927 1.9247084628
21012 1.9247084628
21047 1.9247084628
21079 1.9247084628
21140 1.9247084628
21142 1.9247084628
21197 1.9247084628
21205 1.9247084628
21231 1.9247084628
21266 1.9247084628
21304 1.9247084628
21361 1.9247084628
21486 1.9247084628
21758 1.9247084628
21828 1.9247084628
21871 1.9247084628
21886 1.9247084628
22099 1.9247084628
22101 1.9247084628
22120 1.9247084628
22126 1.9247084628
22250 1.9247084628
22302 1.9247084628
22366 1.9247084628
22572 1.9247084628
22578 1.9247084628
22630 1.9247084628
22728 1.9247084628
22752 1.9247084628
22783 1.9247084628
23005 1.9247084628
23032 1.9247084628
23087 1.9247084628
23112 1.9247084628
23154 1.9247084628
23167 1.9247084628
23184 1.9247084628
23248 1.9247084628
23402 1.9247084628
23477 1.9247084628
23509 1.9247084628
23694 1.9247084628
23703 1.9247084628
23744 1.9247084628
23810 1.9247084628
23854 1.9247084628
24009 1.9247084628
24020 1.9247084628
24128 1.9247084628
24178 1.9247084628
24190 1.9247084628
24203 1.9247084628
24220 1.9247084628
24614 1.9247084628
24673 1.9247084628
24719 1.9247084628
24751 1.9247084628
24767 1.9247084628
24790 1.9247084628
24833 1.9247084628
25011 1.9247084628
25031 1.9247084628
25039 1.9247084628
25109 1.9247084628
25171 1.9247084628
25236 1.9247084628
25342 1.9247084628
25461 1.9247084628
25475 1.9247084628
25583 1.9247084628
25739 1.9247084628
25984 1.9247084628
26107 1.9247084628
26327 1.9247084628
27130 1.9247084628
27210 1.9247084628
evaluations raw_y
1 610077.2379811341
3 606996.9976721886
5 564965.7702907467
9 476878.2062515764
11 432776.8489871741
17 427384.4080424739
21 338646.0279606088
28 310576.5102958155
55 294145.1573610643
58 234219.5002905778
71 211961.6555139054
87 209400.2148446658
88 196673.6191206317
89 157542.9752341829
123 156972.0151732523
130 124358.8699126808
131 110186.6344997291
132 70184.3592071597
341 60437.5750140770
398 47969.9570462065
501 43059.8152100553
508 40328.1554230929
641 37596.0159105550
645 28832.8522743090
647 27469.0861557633
667 20933.8477033212
672 19457.9547098127
680 19008.5008435645
769 15060.1643860887
771 14384.3562317260
813 13299.0509160729
825 12601.3278532040
846 12405.4793331380
852 11458.4085030383
879 5125.6753635841
935 5018.9824155189
1026 3867.7460675050
1100 2475.0052660954
1135 1757.1507730569
1155 1042.2260071931
1186 623.8170546277
1419 404.1499672443
1503 356.8039251083
1563 245.2649561453
1584 125.2113033979
1592 42.5066031153
1593 18.0977107244
1701 4.1061574506
1981 3.6206952835
2227 3.2560571079
4345 3.2276817373
4424 3.1411365514
4462 3.1159365326
4594 3.0983089762
4865 3.0910561327
5145 3.0051122081
5196 2.9985745885
5257 2.8965175430
5278 2.7575978736
5445 2.7263175649
5483 2.7081605145
5599 2.6520578235
5793 2.6515832851
5814 2.5896442313
6031 2.5877891712
6032 2.5838288718
6056 2.5683213756
6069 2.5256500788
6072 2.5174890774
6080 2.4295213569
6167 2.3944402845
6222 2.3763216295
6317 2.3652238495
6326 2.3259334523
6399 2.3246846799
6501 2.3003888316
6556 2.2674773321
6591 2.1856091477
6959 2.1750944887
6972 2.1681930809
7026 2.1560897420
7036 2.1300564134
7088 2.1239624610
7119 2.0925980251
7292 2.0899938721
7299 2.0898855520
7308 2.0719970719
7443 2.0675251198
7466 2.0518228916
7501 2.0496457516
7561 2.0383516804
7679 2.0184684998
7908 2.0057101125
8174 2.0054147640
8182 2.0036573964
8207 2.0035365819
8228 1.9948156557
8245 1.9943587373
8246 1.9934720208
8256 1.9926930650
8300 1.9879284853
8335 1.9850152657
8367 1.9790309644
8430 1.9748864012
8479 1.9733946093
8570 1.9728614724
8629 1.9709461286
8654 1.9704855733
8670 1.9702962512
8682 1.9685422393
8750 1.9673210866
8762 1.9672080364
8808 1.9665223931
8858 1.9664976256
8890 1.9661091290
8943 1.9654567592
8965 1.9652644592
9002 1.9646928041
9011 1.9639084418
9086 1.9630539459
9100 1.9627664359
9195 1.9618998482
9220 1.9618930826
9224 1.9598546139
9293 1.9597439598
9354 1.9589672354
9449 1.9588027379
9458 1.9585490010
9521 1.9583709484
9583 1.9578893631
9609 1.9578300467
9668 1.9574961066
9671 1.9571409433
9738 1.9571320585
9810 1.9569677143
9850 1.9568215193
9896 1.9566602735
9952 1.9566106172
9957 1.9563425967
10090 1.9562868169
10124 1.9562295405
10127 1.9559606593
10155 1.9558950529
10272 1.9557641869
10284 1.9556838040
10315 1.9554339352
10418 1.9552447780
10624 1.9551547417
10732 1.9551285945
10778 1.9549426829
10858 1.9549396601
10964 1.9549120474
11046 1.9547754160
11101 1.9547000566
11225 1.9546941174
11354 1.9546782670
11368 1.9546397981
11424 1.9546393693
11436 1.9546282713
11706 1.9546145037
11716 1.9546094338
11852 1.9546081526
11869 1.9546073078
11926 1.9545970120
11928 1.9545825099
11931 1.9545739564
11974 1.9545738990
12019 1.9545481176
12096 1.9545479889
12106 1.9545456907
12124 1.9545389351
12273 1.9545374391
12299 1.9545370148
12352 1.9545236437
12392 1.9545203644
12440 1.9545143206
12491 1.9545130804
12531 1.9545073066
12589 1.9545070859
12629 1.9545012477
12656 1.9545001358
12672 1.9544986245
12796 1.9544964712
12904 1.9544944482
12923 1.9544909488
13059 1.9544899307
13060 1.9544891006
13073 1.9544878475
13130 1.9544852708
13146 1.9544847332
13230 1.9544827269
13339 1.9544816332
13360 1.9544780678
13519 1.9544772849
13592 1.9544767104
13640 1.9544757646
13642 1.9544754118
13685 1.9544749840
13725 1.9544740265
13849 1.9544731368
13943 1.9544728481
14006 1.9544728390
14092 1.9544721419
14265 1.9544721034
14285 1.9544715510
14465 1.9544714472
14502 1.9544714400
14518 1.9544712160
14535 1.9544710820
14619 1.9544710709
14628 1.9544708507
14709 1.9544707617
14843 1.9544706242
14951 1.9544705929
14960 1.9544705494
15008 1.9544703492
15175 1.9544702478
15249 1.9544702156
15281 1.9544702045
15287 1.9544701670
15322 1.9544701537
15395 1.9544701196
15480 1.9544700745
15569 1.9544700334
15599 1.9544700262
15645 1.9544699932
15789 1.9544699763
15895 1.9544699746
15896 1.9544699588
16033 1.9544699481
16067 1.9544699377
16185 1.9544699308
16299 1.9544699267
16311 1.9544699256
16315 1.9544699134
16464 1.9544698967
16580 1.9544698954
16600 1.9544698937
16610 1.9544698919
16651 1.9544698917
16678 1.9544698872
16707 1.9544698807
16723 1.9544698733
17013 1.9544698733
17025 1.9544698715
17238 1.9544698695
17247 1.9544698695
17330 1.9544698684
17357 1.9544698670
17371 1.9544698669
17418 1.9544698659
17420 1.9544698657
17438 1.9544698649
17488 1.9544698647
17549 1.9544698647
17561 1.9544698637
17738 1.9544698636
17769 1.9544698634
17783 1.9544698630
17835 1.9544698629
17886 1.9544698626
17918 1.9544698625
17959 1.9544698611
18102 1.9544698609
18134 1.9544698607
18177 1.9544698607
18207 1.9544698606
18249 1.9544698606
18253 1.9544698602
18273 1.9544698601
18326 1.9544698598
18335 1.9544698598
18345 1.9544698588
18550 1.9544698587
18575 1.9544698586
18606 1.9544698585
18641 1.9544698582
18778 1.9544698582
18792 1.9544698581
18828 1.9544698581
18831 1.9544698579
19104 1.9544698578
19143 1.9544698578
19208 1.9544698577
19230 1.9544698577
19231 1.9544698577
19246 1.9544698576
19259 1.9544698576
19340 1.9544698576
19374 1.9544698575
19436 1.9544698575
19531 1.9544698574
19630 1.9544698573
19706 1.9544698572
19802 1.9544698572
19988 1.9544698571
20296 1.9544698571
20322 1.9544698571
20405 1.9544698571
20418 1.9544698571
20477 1.9544698571
20642 1.9544698571
20643 1.9544698571
20671 1.9544698571
20697 1.9544698571
20723 1.9544698571
20816 1.9544698571
20834 1.9544698571
20848 1.9544698571
20867 1.9544698571
20914 1.9544698571
20949 1.9544698571
20954 1.9544698571
21071 1.9544698571
21109 1.9544698571
21168 1.9544698571
21199 1.9544698571
21215 1.9544698571
21262 1.9544698571
21354 1.9544698570
21477 1.9544698570
21530 1.9544698570
21599 1.9544698570
21695 1.9544698570
21778 1.9544698570
21818 1.9544698570
21973 1.9544698570
22011 1.9544698570
22025 1.9544698570
22213 1.9544698570
22423 1.9544698570
22485 1.9544698570
22562 1.9544698570
22626 1.9544698570
22665 1.9544698570
22689 1.9544698570
22896 1.9544698570
22917 1.9544698570
23026 1.9544698570
23301 1.9544698570
23358 1.9544698570
23519 1.9544698570
24295 1.9544698570
evaluations raw_y
1 773978.2872015513
2 582127.4885960281
3 461120.8750888100
8 454766.2013518363
11 428179.5100674986
34 257124.0564314736
60 219158.5546634745
87 192892.3686227114
99 178886.3170000032
118 173920.8583689180
120 154361.9940750872
123 145799.2695159827
126 128124.7319844396
142 114499.7489781376
157 105672.2988620222
165 90504.2382767356
216 54441.8951511932
350 53596.3991035539
486 45224.2743218596
539 38077.2390569915
610 37206.4841757817
657 22391.2515069597
748 18160.5289083341
810 17247.4574045538
836 12458.0449908687
858 11728.8522370180
861 10928.2554452262
903 7973.4693707357
911 7026.8042769378
928 5697.5113604596
932 3572.3146370759
1124 2646.8596582470
1145 2576.0991880528
1151 1546.7781941314
1187 86.5799601954
1538 45.1656843532
1649 11.0409675811
1759 3.6663915626
2171 3.5496092541
2699 3.5099642952
3108 3.4356329396
3388 3.4077755767
3743 3.3847666959
4104 3.3060705647
5295 2.9558093076
6294 2.8842185242
6569 2.8391259907
6833 2.8307327006
6887 2.8205421078
6943 2.7285017897
7092 2.5825890453
7407 2.5442268075
7662 2.5364718519
7675 2.5204410974
7691 2.5156584207
7698 2.4759640749
7779 2.3989781799
8072 2.3217151174
8149 2.3212214083
8158 2.3127145659
8247 2.2946709138
8263 2.2530420980
8361 2.2530229152
8458 2.2479976727
8462 2.2256666924
8508 2.1863881810
8755 2.1636604475
9079 2.1615014379
9131 2.1570065386
9204 2.1508022889
9250 2.1481358736
9254 2.1386877864
9388 2.1363740545
9454 2.1362716834
9482 2.1353537864
9498 2.1260298268
9563 2.1250813847
9633 2.1231605646
9712 2.1206566932
9803 2.1170400212
9886 2.1168514950
9902 2.1165177543
9934 2.1162262165
9948 2.1153234626
9981 2.1131213825
10096 2.1120654691
10134 2.1091816614
10250 2.1080738595
10352 2.1079300277
10389 2.1061930811
10485 2.1040505580
10569 2.1027922568
10723 2.1021388732
10791 2.1015970241
10796 2.1014484147
11037 2.1009681037
11047 2.1004213952
11073 2.1003453868
11105 2.1002896143
11111 2.1000189354
11188 2.0992879612
11366 2.0991475949
11415 2.0990981599
11430 2.0988949995
11470 2.0987227533
11497 2.0984895583
11793 2.0984034236
11812 2.0983402413
11904 2.0983173068
11909 2.0982885635
11922 2.0982360657
11993 2.0981227832
12061 2.0980733046
12143 2.0980204144
12302 2.0979767438
12357 2.0979450139
12400 2.0978178187
12714 2.0978099062
12755 2.0977944711
12792 2.0977645225
12907 2.0977182910
13062 2.0977093392
13135 2.0977085003
13205 2.0976972281
13238 2.0976928158
13248 2.0976797853
13311 2.0976795525
13406 2.0976793129
13484 2.0976733307
13554 2.0976670220
13574 2.0976636968
13577 2.0976634037
13610 2.0976548236
13629 2.0976534985
13649 2.0976488898
13695 2.0976431848
13764 2.0976392670
13836 2.0976377802
13909 2.0976307634
14116 2.0976306632
14135 2.0976257653
14164 2.0976251220
14165 2.0976239641
14193 2.0976230052
14198 2.0976228808
14205 2.0976222725
14213 2.0976215084
14286 2.0976197734
14288 2.0976191271
14372 2.0976164027
14455 2.0976162001
14523 2.0976153231
14566 2.0976136811
14634 2.0976129850
14737 2.0976120929
14756 2.0976111953
14841 2.0976102958
14884 2.0976102449
14968 2.0976089502
15054 2.0976088348
15069 2.0976085139
15088 2.0976082750
15143 2.0976081367
15150 2.0976077741
15200 2.0976069555
15492 2.0976068355
15530 2.0976063760
15616 2.0976063469
15624 2.0976062774
15652 2.0976059839
15662 2.0976056208
15743 2.0976055486
15763 2.0976055434
15787 2.0976054975
15883 2.0976054533
15906 2.0976052590
16120 2.0976052030
16152 2.0976051368
16158 2.0976048422
16216 2.0976047835
16306 2.0976047211
16394 2.0976047173
16405 2.0976046544
16426 2.0976046389
16579 2.0976046295
16591 2.0976045970
16618 2.0976045427
16661 2.0976045067
16698 2.0976044690
16720 2.0976044077
16731 2.0976044071
16750 2.0976044002
16807 2.0976043627
16942 2.0976043234
17056 2.0976043121
17151 2.0976042856
17176 2.0976042638
17179 2.0976042257
17345 2.0976042211
17371 2.0976042136
17418 2.0976042086
17470 2.0976041681
17796 2.0976041673
17803 2.0976041665
17884 2.0976041635
17930 2.0976041564
17934 2.0976041525
18006 2.0976041433
18136 2.0976041395
18209 2.0976041387
18281 2.0976041383
18338 2.0976041352
18411 2.0976041344
18426 2.0976041337
18447 2.0976041316
18490 2.0976041302
18559 2.0976041282
18575 2.0976041259
18721 2.0976041245
18902 2.0976041237
18905 2.0976041229
19061 2.0976041228
19067 2.0976041226
19167 2.0976041225
19180 2.0976041224
19190 2.0976041219
19195 2.0976041213
19296 2.0976041212
19387 2.0976041203
19579 2.0976041199
19695 2.0976041196
19848 2.0976041196
19876 2.0976041193
19892 2.0976041192
19944 2.0976041191
20014 2.0976041187
20093 2.0976041185
20102 2.0976041185
20200 2.0976041182
20292 2.0976041182
20380 2.0976041180
20472 2.0976041179
20827 2.0976041179
20884 2.0976041179
20908 2.0976041178
21069 2.0976041178
21094 2.0976041178
21098 2.0976041177
21155 2.0976041177
21159 2.0976041177
21164 2.0976041177
21285 2.0976041177
21448 2.0976041177
21455 2.0976041177
21546 2.0976041177
21570 2.0976041177
21571 2.0976041176
21623 2.0976041176
21811 2.0976041176
21908 2.0976041176
21917 2.0976041176
21929 2.0976041176
22140 2.0976041176
22141 2.0976041176
22217 2.0976041176
22224 2.0976041176
22307 2.0976041176
22380 2.0976041176
22415 2.0976041176
22427 2.0976041176
22509 2.0976041176
22692 2.0976041176
22717 2.0976041176
22735 2.0976041176
22738 2.0976041176
22746 2.0976041176
22816 2.0976041176
22836 2.0976041176
22934 2.0976041176
22968 2.0976041176
23035 2.0976041176
23037 2.0976041176
23127 2.0976041176
23245 2.0976041176
23330 2.0976041176
23349 2.0976041176
23375 2.0976041176
23475 2.0976041176
23537 2.0976041176
23706 2.0976041176
23761 2.0976041176
23838 2.0976041176
23958 2.0976041176
23975 2.0976041176
24038 2.0976041176
24233 2.0976041176
24249 2.0976041176
24373 2.0976041176
24682 2.0976041176
24809 2.0976041176
25169 2.0976041176
25865 2.0976041176
evaluations raw_y
1 988745.4302389838
2 679941.6148686841
3 566881.1457378127
8 532221.8671994926
10 449364.0921786533
15 427813.9618140312
16 316748.9597152478
34 214708.9390286571
58 172472.8078830580
67 171739.2668562783
70 143451.1668857079
92 116724.5141682918
103 102129.7623847086
115 75228.3023629482
132 75029.6709566589
176 68169.5038183747
183 64425.2478089259
228 63035.7728255618
231 43797.3544431954
268 42865.0759162768
299 41186.5918168286
349 19526.6443774878
690 10919.0999062400
817 10706.8075232540
948 7499.2965049957
978 6437.4092544166
1048 6032.2523456146
1148 4270.3957998846
1149 2376.0729320118
1250 1611.8137822204
1288 1414.8096879122
1318 1223.6990908078
1398 531.6199233232
1574 530.0539126221
1617 30.1957049522
1868 5.5493533725
1948 3.8783699652
2329 3.5363512224
2386 3.5246684959
3717 3.4915199589
3997 3.4209939002
4402 3.4068898338
5038 3.3761305311
5047 3.2747683377
5616 3.1898219404
5785 3.1492186098
5863 2.9455354239
5880 2.9332430537
6073 2.8703210656
6232 2.8464402899
6261 2.8266240379
6314 2.6981362789
6442 2.6160805780
6538 2.6123600538
6672 2.5930984586
6693 2.5347123789
6771 2.5215917169
6895 2.5026427527
6977 2.4710505343
7112 2.3999035045
7137 2.3600139333
7288 2.2586676240
7580 2.2442866387
7632 2.2183696294
7767 2.2175150165
7834 2.1965209601
7905 2.1964837489
7930 2.1654539462
7961 2.1574796361
7983 2.1473772177
8089 2.1244575958
8266 2.1091712232
8361 2.0986785932
8688 2.0961220194
8722 2.0954643295
8759 2.0947134200
8778 2.0919174059
8779 2.0872831483
8848 2.0858581237
8930 2.0843392246
8953 2.0821729757
8984 2.0821455526
8985 2.0787827988
8992 2.0784634461
8995 2.0713286487
9029 2.0680116210
9160 2.0672567927
9192 2.0665218965
9208 2.0629008941
9269 2.0607302729
9320 2.0574541376
9326 2.0558468623
9349 2.0531219371
9461 2.0530118888
9528 2.0527011137
9571 2.0525520855
9614 2.0461322816
9834 2.0453026125
9888 2.0452147623
9954 2.0447580343
10014 2.0441988554
10040 2.0436653702
10057 2.0431992730
10137 2.0420746970
10171 2.0419794870
10235 2.0417088792
10301 2.0414845089
10337 2.0411650472
10364 2.0405830270
10495 2.0404586268
10528 2.0404539987
10569 2.0403774779
10587 2.0402427323
10699 2.0400473085
10750 2.0399391114
10823 2.0398858272
10831 2.0396381682
10884 2.0393963453
10970 2.0393262248
10998 2.0392381976
11027 2.0391230760
11030 2.0391131543
11057 2.0390642532
11069 2.0390094870
11074 2.0389613883
11085 2.0389290521
11120 2.0387905468
11306 2.0387297437
11465 2.0386569729
11572 2.0386208936
11680 2.0386072530
11720 2.0385977258
11737 2.0385749611
11796 2.0385230045
11893 2.0385199762
11962 2.0384987423
12050 2.0384969349
12060 2.0384912552
12071 2.0384898750
12083 2.0384853913
12127 2.0384804478
12128 2.0384695461
12134 2.0384488281
12178 2.0384351308
12335 2.0384269217
12397 2.0384250407
12555 2.0384202538
12557 2.0384135078
12573 2.0384133878
12671 2.0384122979
12687 2.0384049016
12700 2.0383973271
12760 2.0383968966
12868 2.0383944680
12919 2.0383929650
12920 2.0383858565
13054 2.0383854941
13066 2.0383829653
13105 2.0383814934
13162 2.0383800060
13180 2.0383788562
13321 2.0383748059
13442 2.0383745284
13465 2.0383703593
13579 2.0383699360
13666 2.0383682233
13836 2.0383682201
13838 2.0383676339
13851 2.0383666520
13913 2.0383658285
13931 2.0383639094
14175 2.0383637762
14197 2.0383632772
14199 2.0383630857
14310 2.0383627394
14340 2.0383626710
14353 2.0383625770
14397 2.0383617337
14449 2.0383616039
14495 2.0383614583
14528 2.0383614455
14538 2.0383607950
14590 2.0383602405
14749 2.0383597550
14924 2.0383596479
14942 2.0383596368
14950 2.0383596218
14957 2.0383595864
14973 2.0383595172
14988 2.0383594853
15008 2.0383592298
15140 2.0383592297
15180 2.0383588093
15230 2.0383587172
15504 2.0383586937
15727 2.0383586188
15752 2.0383585991
15759 2.0383585495
15838 2.0383585485
15841 2.0383585444
15872 2.0383585365
15892 2.0383585063
15927 2.0383585032
15932 2.0383584960
15999 2.0383584496
16105 2.0383584477
16122 2.0383584232
16159 2.0383583971
16227 2.0383583947
16291 2.0383583816
16333 2.0383583785
16352 2.0383583783
16362 2.0383583769
16365 2.0383583459
16428 2.0383583458
16639 2.0383583227
16755 2.0383583137
16757 2.0383583064
16807 2.0383583056
16974 2.0383583037
16979 2.0383582916
17039 2.0383582912
17047 2.0383582910
17054 2.0383582807
17184 2.0383582777
17248 2.0383582760
17255 2.0383582648
17402 2.0383582634
17580 2.0383582618
17591 2.0383582583
17682 2.0383582548
17683 2.0383582546
17782 2.0383582535
17789 2.0383582521
17939 2.0383582514
17951 2.0383582512
18006 2.0383582499
18111 2.0383582496
18169 2.0383582496
18170 2.0383582491
18190 2.0383582488
18214 2.0383582481
18222 2.0383582477
18281 2.0383582472
18330 2.0383582471
18370 2.0383582457
18506 2.0383582451
18596 2.0383582443
18728 2.0383582440
18939 2.0383582439
19009 2.0383582437
19031 2.0383582434
19062 2.0383582433
19162 2.0383582431
19341 2.0383582428
19466 2.0383582428
19472 2.0383582427
19699 2.0383582426
19710 2.0383582426
19756 2.0383582425
19766 2.0383582424
19772 2.0383582424
19963 2.0383582423
20126 2.0383582423
20212 2.0383582423
20231 2.0383582423
20286 2.0383582423
20287 2.0383582423
20326 2.0383582423
20416 2.0383582422
20615 2.0383582421
20715 2.0383582421
20751 2.0383582421
21003 2.0383582421
21010 2.0383582421
21022 2.0383582421
21128 2.0383582421
21132 2.0383582421
21139 2.0383582421
21141 2.0383582421
21210 2.0383582421
21234 2.0383582421
21252 2.0383582421
21338 2.0383582421
21393 2.0383582421
21621 2.0383582421
21648 2.0383582421
21652 2.0383582421
21722 2.0383582421
21761 2.0383582421
21786 2.0383582421
21850 2.0383582421
21987 2.0383582421
22014 2.0383582421
22096 2.0383582421
22147 2.0383582421
22164 2.0383582421
22176 2.0383582421
22261 2.0383582421
22263 2.0383582421
22290 2.0383582421
22294 2.0383582421
22296 2.0383582421
22307 2.0383582421
22485 2.0383582421
22580 2.0383582421
22597 2.0383582421
22626 2.0383582421
22662 2.0383582421
22695 2.0383582421
22773 2.0383582421
22870 2.0383582421
22984 2.0383582421
23132 2.0383582421
23167 2.0383582421
23180 2.0383582421
23195 2.0383582421
23217 2.0383582421
23253 2.0383582421
23383 2.0383582421
23544 2.0383582421
23574 2.0383582421
23614 2.0383582421
23662 2.0383582421
23787 2.0383582421
23906 2.0383582421
23983 2.0383582421
24124 2.0383582421
24140 2.0383582421
24161 2.0383582421
24463 2.0383582421
24549 2.0383582421
24647 2.0383582421
24714 2.0383582421
24719 2.0383582421
24746 2.0383582421
24768 2.0383582421
24922 2.0383582421
25041 2.0383582421
25122 2.0383582421
25209 2.0383582421
25251 2.0383582421
25358 2.0383582421
25435 2.0383582421
25536 2.0383582421
25891 2.0383582421
26242 2.0383582421
26884 2.0383582421
evaluations raw_y
1 401200.4952207992
15 294631.5775252473
17 278059.3226405893
21 189484.7373956253
42 172154.6288458937
61 171152.6932552829
68 91935.7177085882
135 78282.3870018272
161 52055.9905681260
291 50910.7242000789
300 50259.9325466807
302 48491.2762886607
307 41897.1727263424
332 35378.1078513380
343 28087.5828255267
390 27532.5993225837
502 27147.1656176690
510 17498.8531203241
550 17488.5522487620
645 8955.6237784470
813 8761.5767519316
866 6765.1135731401
937 6509.8840490554
959 6139.3107319304
980 4589.2476810129
1001 3500.1672866939
1005 3472.4710338183
1023 3088.3144885146
1042 2398.4618972007
1072 2371.0489138399
1106 829.1518394425
1186 339.2713756749
1344 82.6160106842
1378 4.1448908059
2011 3.9009887549
2147 3.7623130760
2210 3.7308455630
2286 3.7216468669
2314 3.7168360121
2347 3.4418964574
2723 3.4254921068
4234 3.3754813403
4575 3.3521126502
5153 3.2732887511
5425 3.2387887585
5455 3.2156449328
5638 3.0833874441
6244 3.0224933983
6280 2.8624063183
6493 2.7443715282
6744 2.7199733976
6908 2.6289240189
7019 2.5997656501
7286 2.5980907831
7357 2.5875531904
7376 2.5799900159
7390 2.5620290266
7433 2.5227167751
7453 2.5165822393
7492 2.5054416330
7496 2.4690758335
7523 2.4499327830
7683 2.4461969135
7722 2.4406513876
7756 2.4014535320
7799 2.3585837320
8156 2.3583288104
8170 2.3575464102
8178 2.3508759139
8228 2.3419211484
8396 2.3311042583
8430 2.3309651799
8465 2.3304532786
8470 2.3129445377
8474 2.3030643770
8557 2.2920245426
8706 2.2867692781
8737 2.2806660887
8743 2.2773797285
8749 2.2747387195
8762 2.2644859422
8795 2.2338158514
9070 2.2321122261
9159 2.2283057046
9327 2.2208476910
9427 2.2196996876
9433 2.2142696755
9562 2.2140437166
9573 2.2118800948
9575 2.2107178284
9606 2.2090238714
9674 2.2015062336
9814 2.1985322442
9941 2.1977583795
10006 2.1973252649
10015 2.1958956018
10019 2.1937438160
10058 2.1935254056
10096 2.1933039515
10160 2.1897966649
10172 2.1892517123
10237 2.1866650404
10312 2.1858592183
10344 2.1854676938
10353 2.1842042048
10358 2.1838847825
10412 2.1831820342
10506 2.1828425361
10527 2.1819073309
10581 2.1814272332
10608 2.1810872615
10739 2.1808649317
10807 2.1807722885
10808 2.1803454791
10812 2.1803008699
10814 2.1802092441
10834 2.1798231449
10934 2.1796514167
10938 2.1796401311
10970 2.1794533804
11040 2.1791950839
11063 2.1790585544
11083 2.1789969129
11088 2.1788693657
11131 2.1784857374
11145 2.1784473060
11212 2.1781605237
11249 2.1780424359
11297 2.1779867781
11311 2.1778222250
11441 2.1776925696
11586 2.1776621274
11608 2.1775523996
11631 2.1774412755
11648 2.1773446608
11722 2.1772372450
11758 2.1771214072
11840 2.1770447189
11903 2.1770253451
12131 2.1769522760
12157 2.1769328027
12210 2.1768877921
12211 2.1768370111
12318 2.1768065287
12333 2.1767910569
12474 2.1767715791
12514 2.1766966883
12594 2.1766883967
12614 2.1766567729
12800 2.1766471947
12964 2.1766242561
13041 2.1766158528
13054 2.1766134997
13079 2.1765985977
13180 2.1765779043
13214 2.1765660053
13220 2.1765489741
13405 2.1765487745
13457 2.1765345936
13712 2.1765344643
13744 2.1765299730
13774 2.1765288799
13797 2.1765207445
14118 2.1765199618
14169 2.1765195463
14259 2.1765140077
14348 2.1765104481
14495 2.1765098197
14575 2.1765097625
14588 2.1765093552
14669 2.1765076092
14955 2.1765073180
14994 2.1765072053
15093 2.1765070230
15112 2.1765063742
15146 2.1765061030
15243 2.1765060281
15292 2.1765057558
15320 2.1765053785
15348 2.1765053392
15430 2.1765052049
15431 2.1765050542
15472 2.1765047241
15524 2.1765045159
15539 2.1765043033
15564 2.1765041501
15704 2.1765040716
15876 2.1765040371
15937 2.1765040230
15991 2.1765039860
15996 2.1765039001
16019 2.1765038196
16023 2.1765035262
16311 2.1765033924
16384 2.1765033694
16540 2.1765032854
16573 2.1765032247
16649 2.1765031967
16744 2.1765031844
16801 2.1765031550
16872 2.1765031217
17122 2.1765031043
17188 2.1765031029
17203 2.1765030814
17227 2.1765030510
17340 2.1765030466
17354 2.1765030335
17409 2.1765030201
17492 2.1765030160
17523 2.1765030049
17561 2.1765030032
17583 2.1765029981
17739 2.1765029969
17808 2.1765029964
17850 2.1765029871
17864 2.1765029865
17978 2.1765029839
17999 2.1765029779
18077 2.1765029710
18145 2.1765029699
18219 2.1765029690
18228 2.1765029684
18284 2.1765029678
18303 2.1765029631
18377 2.1765029602
18424 2.1765029601
18506 2.1765029592
18536 2.1765029576
18703 2.1765029563
18749 2.1765029551
18780 2.1765029547
18891 2.1765029538
18900 2.1765029530
18953 2.1765029526
19012 2.1765029519
19076 2.1765029516
19148 2.1765029512
19161 2.1765029512
19169 2.1765029509
19182 2.1765029495
19395 2.1765029493
19581 2.1765029487
19710 2.1765029486
19727 2.1765029485
19737 2.1765029483
19774 2.1765029482
19911 2.1765029480
19936 2.1765029479
19984 2.1765029479
19989 2.1765029479
20039 2.1765029478
20065 2.1765029476
20157 2.1765029476
20160 2.1765029476
20225 2.1765029475
20309 2.1765029474
20399 2.1765029474
20468 2.1765029474
20555 2.1765029473
20568 2.1765029473
20572 2.1765029473
20574 2.1765029473
20618 2.1765029473
20648 2.1765029473
20659 2.1765029473
20667 2.1765029472
20718 2.1765029471
20765 2.1765029471
20820 2.1765029471
20879 2.1765029471
20897 2.1765029471
20909 2.1765029471
20981 2.1765029471
21035 2.1765029470
21048 2.1765029470
21073 2.1765029470
21124 2.1765029470
21192 2.1765029470
21316 2.1765029470
21325 2.1765029470
21326 2.1765029470
21423 2.1765029470
21440 2.1765029470
21457 2.1765029470
21481 2.1765029470
21482 2.1765029470
21500 2.1765029470
21515 2.1765029470
21621 2.1765029470
21665 2.1765029470
21666 2.1765029470
21688 2.1765029469
21773 2.1765029469
21858 2.1765029469
21895 2.1765029469
21945 2.1765029469
22063 2.1765029469
22067 2.1765029469
22300 2.1765029469
22355 2.1765029469
22361 2.1765029469
22426 2.1765029469
22451 2.1765029469
22467 2.1765029469
22486 2.1765029469
22651 2.1765029469
22670 2.1765029469
22738 2.1765029469
22749 2.1765029469
22817 2.1765029469
22985 2.1765029469
23028 2.1765029469
23134 2.1765029469
23150 2.1765029469
23196 2.1765029469
23245 2.1765029469
23262 2.1765029469
23316 2.1765029469
23353 2.1765029469
23381 2.1765029469
23493 2.1765029469
23592 2.1765029469
23644 2.1765029469
23719 2.1765029469
23760 2.1765029469
23770 2.1765029469
23812 2.1765029469
23865 2.1765029469
23962 2.1765029469
24120 2.1765029469
24183 2.1765029469
24202 2.1765029469
24240 2.1765029469
24341 2.1765029469
24462 2.1765029469
24586 2.1765029469
24870 2.1765029469
24944 2.1765029469
25014 2.1765029469
25096 2.1765029469
25326 2.1765029469
26207 2.1765029469
