evaluations raw_y
1 2719919939.6854329109
4 488255104.6098232269
8 90406145.1717634201
25 29810528.7082927302
28 24557646.5730050206
36 8709821.5125345271
46 8173557.0061231703
47 4933102.8757016752
51 4111337.8908171873
59 1673355.8659508890
62 1414059.1052803199
66 538078.2056699798
81 120126.0163059834
162 118653.8875740172
238 19074.8652211557
264 7995.0037366893
329 3689.9325674374
378 51.9815583308
510 22.7200592827
720 20.5689752420
888 17.2340972896
1632 17.1711408832
1749 16.7147377528
1955 16.6142195064
2010 16.5249894589
2032 16.2424922092
2141 16.1860621280
2247 16.1226149912
2315 15.7406952124
2321 15.5050306377
2350 15.2399957218
2368 14.6070745815
2388 14.6022167165
2422 14.1627444646
2463 14.0176625169
2479 12.9160582858
2530 12.4725611664
2543 12.3593369993
2544 8.9382170364
2653 7.9925284134
2682 7.2755270964
2723 5.7577426197
2905 4.4513686484
2925 4.2851718396
2931 3.8424565473
2966 3.6967502347
2968 3.1160589068
2969 2.3852286496
2986 1.4691859216
3007 0.6282486567
3082 0.3001357610
3099 0.2000943223
3136 0.0494342498
3162 0.0248305210
3276 0.0141210175
3361 0.0087511688
3382 0.0029236266
3595 0.0021800709
3718 0.0006545600
3752 0.0006076100
3870 0.0002361492
3993 0.0002114479
4028 0.0001231966
4195 0.0000894435
4315 0.0000329876
4509 0.0000154877
4613 0.0000064743
4667 0.0000042126
4713 0.0000038583
4777 0.0000028495
4889 0.0000020702
5000 0.0000004570
5157 0.0000004353
5171 0.0000003120
5194 0.0000002776
5347 0.0000002468
5442 0.0000001473
5472 0.0000001111
5529 0.0000001036
5532 0.0000000229
5603 0.0000000086
6077 0.0000000076
6149 0.0000000051
6200 0.0000000043
6258 0.0000000020
6312 0.0000000007
6523 0.0000000004
6592 0.0000000001
7091 0.0000000000
7148 0.0000000000
7211 0.0000000000
7223 0.0000000000
7496 0.0000000000
7614 0.0000000000
7747 0.0000000000
7862 0.0000000000
8034 0.0000000000
8171 0.0000000000
8191 0.0000000000
8334 0.0000000000
8777 0.0000000000
9250 0.0000000000
evaluations raw_y
1 37066697.6012707874
2 5487606.4709068630
9 4398428.2015175102
14 1712759.1112032984
39 728529.3413381323
47 78384.6144339147
161 66625.7057618551
239 16282.7353602170
284 11984.2811390213
307 4456.0013719916
360 4312.7144288169
373 30.3768860265
648 22.8286022294
1207 14.0285340649
2303 13.9749824876
2317 13.2973874989
2343 12.4330778968
2363 11.9831314155
2405 11.4970261155
2424 11.1613574647
2452 8.1561171186
2554 6.8661855913
2613 6.3484055266
2796 5.0673762670
2914 3.2136537051
3053 3.1868798214
3104 2.5419121867
3126 2.0341492310
3150 1.9957421174
3273 1.7351043559
3349 0.8147913361
3425 0.7611916333
3549 0.7213080489
3644 0.5713993564
3705 0.4619932909
3753 0.1283036980
4024 0.0464426808
4182 0.0315914856
4363 0.0279688289
4380 0.0259009106
4445 0.0148301519
4529 0.0133075385
4704 0.0087793928
4968 0.0074707265
5018 0.0072389749
5094 0.0069498943
5097 0.0049710755
5297 0.0032641037
5360 0.0030795376
5380 0.0028810018
5509 0.0025025322
5512 0.0018917661
5551 0.0017877623
5613 0.0010007055
5665 0.0009846746
5666 0.0003352229
5942 0.0002581956
5958 0.0002474184
5982 0.0000686843
6297 0.0000429008
6305 0.0000356749
6482 0.0000329799
6483 0.0000054137
7073 0.0000029999
7173 0.0000029463
7409 0.0000013804
7651 0.0000011794
7719 0.0000004083
7933 0.0000003813
7948 0.0000002659
8136 0.0000001613
8175 0.0000000299
8317 0.0000000134
8884 0.0000000038
8940 0.0000000023
9146 0.0000000002
9414 0.0000000001
9593 0.0000000000
9650 0.0000000000
9894 0.0000000000
9941 0.0000000000
10269 0.0000000000
10418 0.0000000000
10452 0.0000000000
10588 0.0000000000
10684 0.0000000000
10793 0.0000000000
10962 0.0000000000
11177 0.0000000000
11646 0.0000000000
evaluations raw_y
1 4853454.5138595086
8 1686574.4777234390
21 1242506.2153490847
24 1199096.4867936701
40 7971.1824645863
267 4731.0719922978
281 2146.4596442577
311 1127.6139137085
351 799.8571535477
395 511.1352149910
492 404.4676756553
573 253.9235638709
677 167.8671674946
788 99.5248125350
1003 82.3881753287
1004 78.1168832657
1677 77.5554580016
1687 77.4891117505
1936 77.4750719686
1943 77.0395996983
1944 76.8932061202
2008 76.4502187324
2028 76.3914284383
2040 76.0689555308
2099 75.9788217022
2122 75.5443716185
2180 74.6247178499
2189 74.4890278904
2223 73.2457356474
2274 72.8039682122
2373 71.6790268128
2376 70.6296201341
2430 68.7675919632
2583 68.2290032540
2626 66.0172244005
2705 63.3789155741
2726 62.0479104677
2755 61.9052621372
2781 59.3725867963
2831 59.2742002474
2832 57.9539260607
2846 56.6553999474
2918 51.3811578739
2932 43.8146281630
2993 43.7015817209
3006 37.8536230461
3007 37.8465448881
3055 35.9261801064
3085 34.8891113633
3138 34.1813502189
3189 30.7828774612
3195 29.1252775027
3199 25.3428058689
3208 25.2004463304
3246 22.1795381928
3266 21.2158247196
3282 18.8999210559
3288 17.6130223112
3302 11.3665208468
3304 9.2971330012
3314 5.4928709219
3424 5.0250187842
3449 0.1176310784
3657 0.0696201374
3665 0.0363484264
3695 0.0351425315
3736 0.0217565080
3769 0.0176406721
3798 0.0105366924
3812 0.0090626955
3859 0.0089160549
3885 0.0064014444
3909 0.0052887323
3916 0.0030806572
3921 0.0007486248
3943 0.0005457441
4107 0.0003679532
4204 0.0000394887
4657 0.0000156357
4872 0.0000136814
4914 0.0000114348
4929 0.0000045554
5154 0.0000025075
5206 0.0000021666
5257 0.0000011940
5371 0.0000003577
5485 0.0000000379
5537 0.0000000268
5810 0.0000000182
6163 0.0000000142
6189 0.0000000112
6226 0.0000000068
6273 0.0000000036
6498 0.0000000011
6540 0.0000000010
6730 0.0000000009
6735 0.0000000004
6759 0.0000000003
6802 0.0000000002
6860 0.0000000001
6891 0.0000000001
6997 0.0000000001
7172 0.0000000001
7216 0.0000000001
7235 0.0000000000
7412 0.0000000000
7443 0.0000000000
7518 0.0000000000
7667 0.0000000000
7895 0.0000000000
7907 0.0000000000
8129 0.0000000000
8182 0.0000000000
8187 0.0000000000
8491 0.0000000000
8538 0.0000000000
9109 0.0000000000
evaluations raw_y
1 27497163032.9768104553
2 88808653.0362927169
3 32294908.4145877212
8 6378811.6915438548
26 4320306.2189790811
37 494605.0874282017
38 293061.5610042185
126 218133.3211746445
238 189591.5474959986
249 164866.8629865547
274 109827.5597640051
281 85979.4556764117
286 3583.3233736352
386 2420.4758299588
470 2150.5111326647
514 1286.8594412814
585 257.7271403831
649 151.5132541276
707 31.2320417214
916 0.8296665268
1216 0.1922532345
2696 0.1919623257
2701 0.1858428579
2748 0.1847969012
2813 0.1847572904
2837 0.1847562952
2856 0.1665109296
3187 0.1534470673
3252 0.1390894620
3371 0.1321068306
3625 0.1244664181
3764 0.1216826444
3814 0.1078140098
3903 0.0976983905
4058 0.0972215163
4216 0.0910842666
4282 0.0862191258
4323 0.0824110493
4414 0.0799572457
4473 0.0767977769
4527 0.0739943582
4800 0.0735803174
4802 0.0727599333
4826 0.0702378747
4880 0.0689601498
4923 0.0688134401
4949 0.0672416675
4960 0.0666042525
4975 0.0660531596
4987 0.0564165344
5015 0.0550619744
5047 0.0550431929
5093 0.0498801070
5159 0.0493534402
5221 0.0478180600
5452 0.0450732351
5462 0.0443977908
5487 0.0418076848
5590 0.0409392679
5597 0.0394295237
5608 0.0353848459
5676 0.0334856974
5731 0.0319282873
5843 0.0296151840
5884 0.0262558626
6115 0.0203482983
6335 0.0159037174
6417 0.0145657406
6427 0.0076196775
6438 0.0047828341
6525 0.0007116963
7448 0.0006423186
7582 0.0006080267
7689 0.0006072255
7734 0.0005826081
7742 0.0005553965
7767 0.0004931150
7884 0.0004906388
8024 0.0003677679
8397 0.0003432958
8436 0.0003365616
8459 0.0003319432
8476 0.0002576257
8759 0.0002425090
8914 0.0002293803
8934 0.0002208638
8994 0.0002182771
9004 0.0002009009
9029 0.0002002360
9044 0.0001816223
9057 0.0001765408
9215 0.0001663950
9262 0.0001460859
9303 0.0001316141
9439 0.0001313964
9561 0.0001185453
9578 0.0001153006
9580 0.0001122922
9621 0.0001040037
9801 0.0001014740
9818 0.0001012198
9832 0.0001012175
9835 0.0000976383
9841 0.0000919696
9844 0.0000901860
9871 0.0000856046
9886 0.0000830819
9897 0.0000771054
9908 0.0000747652
9974 0.0000677818
9989 0.0000584647
10047 0.0000555753
10068 0.0000485881
10088 0.0000459028
10129 0.0000455386
10174 0.0000453870
10227 0.0000376952
10249 0.0000371851
10264 0.0000348823
10281 0.0000343993
10293 0.0000273938
10379 0.0000267730
10399 0.0000252246
10457 0.0000213849
10486 0.0000212261
10509 0.0000182337
10529 0.0000174534
10536 0.0000170533
10561 0.0000156430
10602 0.0000149234
10603 0.0000147532
10606 0.0000127016
10655 0.0000091066
10785 0.0000090672
10822 0.0000083374
10865 0.0000081163
10906 0.0000077651
10946 0.0000067829
10951 0.0000054219
10963 0.0000047633
10983 0.0000047354
11004 0.0000041288
11049 0.0000039793
11120 0.0000030332
11156 0.0000022828
11185 0.0000021832
11257 0.0000020692
11292 0.0000014898
11515 0.0000014487
11527 0.0000011937
11539 0.0000011773
11551 0.0000009274
11692 0.0000008299
11709 0.0000007549
11752 0.0000007356
11797 0.0000006890
11829 0.0000005807
11865 0.0000004902
11923 0.0000004370
11968 0.0000004235
11986 0.0000002448
12091 0.0000002400
12145 0.0000001861
12212 0.0000001832
12233 0.0000001477
12264 0.0000001163
12327 0.0000000939
12334 0.0000000644
12547 0.0000000635
12556 0.0000000584
12579 0.0000000450
12634 0.0000000436
12660 0.0000000271
12739 0.0000000223
12747 0.0000000193
12799 0.0000000175
12835 0.0000000153
12852 0.0000000130
12873 0.0000000120
12874 0.0000000118
12935 0.0000000085
12971 0.0000000072
13034 0.0000000047
13073 0.0000000045
13116 0.0000000038
13171 0.0000000029
13182 0.0000000019
13215 0.0000000017
13220 0.0000000016
13262 0.0000000012
13266 0.0000000011
13276 0.0000000009
13326 0.0000000006
13348 0.0000000004
13378 0.0000000001
13568 0.0000000001
13571 0.0000000001
13595 0.0000000001
13623 0.0000000000
13638 0.0000000000
13671 0.0000000000
13692 0.0000000000
13700 0.0000000000
13736 0.0000000000
13746 0.0000000000
13780 0.0000000000
13781 0.0000000000
13826 0.0000000000
13851 0.0000000000
13886 0.0000000000
13960 0.0000000000
13976 0.0000000000
14019 0.0000000000
14037 0.0000000000
14047 0.0000000000
14108 0.0000000000
14148 0.0000000000
14207 0.0000000000
14247 0.0000000000
evaluations raw_y
1 12472149.9953785352
2 1458592.7273377774
14 80984.0473158775
136 65788.8290850058
230 53365.5335543843
243 12981.8438455966
250 1484.6806204997
294 617.3114091323
397 82.3824613728
947 81.9009077550
1107 81.2176439155
1192 76.6427184439
2325 76.6426825981
2394 75.4170647418
2593 75.1099580712
2643 74.1528816998
2691 73.8316473418
2728 73.0253216055
2831 72.8481680467
2833 72.3605084822
2874 72.0006698618
2903 71.7070943328
2907 70.1329033876
2963 67.0777695404
2987 66.9981288782
3093 65.2164712317
3113 62.1142506188
3169 61.4860535330
3185 59.9125232620
3259 57.6265491158
3271 54.7887162641
3345 44.8099394614
3371 37.7188231276
3376 33.9840214269
3398 32.3188419106
3460 27.6226770661
3473 13.9335032085
3479 13.0343079893
3544 11.5393262331
3556 9.6428028646
3597 9.6105204293
3612 4.5579092811
3625 3.1855109791
3627 1.8923668156
3665 1.4483162423
3669 1.1117163489
3727 0.5680725545
3760 0.2444922745
3762 0.1820074681
3815 0.0829116729
3852 0.0682783785
3904 0.0330672240
3919 0.0087919309
3955 0.0054858391
3961 0.0052370466
4087 0.0040241741
4104 0.0036423838
4111 0.0014124262
4113 0.0013034583
4170 0.0000588377
4475 0.0000231429
4573 0.0000220182
4602 0.0000217311
4734 0.0000182608
4756 0.0000077671
4859 0.0000053347
5002 0.0000030601
5125 0.0000027651
5146 0.0000007021
5334 0.0000002070
5363 0.0000001679
5729 0.0000001161
5865 0.0000000339
5932 0.0000000066
6097 0.0000000042
6336 0.0000000010
6564 0.0000000010
6697 0.0000000010
6829 0.0000000007
6960 0.0000000007
6966 0.0000000002
7021 0.0000000002
7181 0.0000000001
7305 0.0000000000
7647 0.0000000000
7926 0.0000000000
8065 0.0000000000
8125 0.0000000000
8127 0.0000000000
9439 0.0000000000
evaluations raw_y
1 39538.5484910883
103 34635.6109219856
162 28897.6320624083
176 782.7502386936
431 760.8301163030
452 741.4282971363
485 464.7454267253
563 275.4580448708
587 45.9520787566
616 26.8448413630
1007 17.5036799829
1022 0.7509260868
1574 0.7388356199
1730 0.6451526937
1833 0.5980435570
1964 0.5855148579
2081 0.5743534955
2293 0.5564185999
2606 0.5425978094
2641 0.5357699681
2697 0.5276643397
2702 0.5163446505
2758 0.4936138730
2793 0.4845843383
2863 0.4776073410
2869 0.4635868846
2883 0.4419548547
2899 0.4123150235
2943 0.3830875222
2970 0.3461072892
3201 0.3452323054
3210 0.2784542085
3376 0.2535346230
3479 0.2310126772
3675 0.2207013495
3767 0.2005278229
3773 0.1813961057
3906 0.1615184682
4039 0.1400269496
4048 0.1351508615
4053 0.1313953871
4085 0.1283525788
4127 0.1190453829
4171 0.1077838449
4277 0.1013289555
4302 0.1000827695
4402 0.0927418143
4539 0.0715551765
5018 0.0662649168
5039 0.0662075279
5080 0.0593529124
5190 0.0564324423
5248 0.0559472715
5280 0.0553420604
5319 0.0423228567
5361 0.0407172153
5422 0.0386077615
5434 0.0364080890
5524 0.0313863527
5552 0.0290433659
5606 0.0280489250
5912 0.0264840952
5914 0.0263347442
5981 0.0231537191
6060 0.0200141902
6146 0.0195568404
6217 0.0187646441
6239 0.0141829271
6449 0.0118728662
6499 0.0117466383
6502 0.0102407694
6682 0.0089758320
6770 0.0085488937
6771 0.0074352265
6781 0.0064872242
6841 0.0051926816
6888 0.0051751938
6968 0.0051559737
7073 0.0036246238
7122 0.0015732826
7180 0.0012280477
7234 0.0005288455
7362 0.0003202024
7525 0.0002393129
7615 0.0000743134
7826 0.0000691744
8208 0.0000567668
8425 0.0000302712
8617 0.0000280603
8735 0.0000251400
8828 0.0000219317
8838 0.0000145626
8855 0.0000143476
8996 0.0000076751
9276 0.0000063284
9278 0.0000050976
9425 0.0000048960
9466 0.0000038490
9502 0.0000024539
9662 0.0000021395
9905 0.0000007442
10184 0.0000004776
10189 0.0000003548
10446 0.0000003474
10465 0.0000002808
10506 0.0000002493
10649 0.0000002387
10650 0.0000002174
10651 0.0000001635
10712 0.0000001101
10735 0.0000000895
10738 0.0000000776
11022 0.0000000660
11097 0.0000000136
11569 0.0000000050
11835 0.0000000049
11945 0.0000000045
12092 0.0000000043
12163 0.0000000036
12182 0.0000000026
12187 0.0000000008
12452 0.0000000007
12498 0.0000000006
12568 0.0000000004
12599 0.0000000002
12755 0.0000000001
12881 0.0000000001
12900 0.0000000001
13078 0.0000000001
13162 0.0000000001
13205 0.0000000000
13227 0.0000000000
13342 0.0000000000
13350 0.0000000000
13494 0.0000000000
13563 0.0000000000
13931 0.0000000000
13986 0.0000000000
14005 0.0000000000
14015 0.0000000000
14050 0.0000000000
14055 0.0000000000
14118 0.0000000000
14276 0.0000000000
14564 0.0000000000
14874 0.0000000000
15137 0.0000000000
evaluations raw_y
1 667703603.7057025433
4 149828970.1257451475
5 128167586.1722371727
6 47291418.2542541251
12 17683576.8647948094
20 7317296.3292541727
26 6495193.5731722452
29 6109403.7389974706
40 5782228.2951762788
43 1577011.7387971249
70 1485174.3069455030
71 636094.8379732280
127 83839.9896723236
200 51472.4997898696
314 19133.5982824847
326 4932.8585688502
387 4115.8192517296
415 2078.6320158991
443 1506.6845026294
459 1054.0210767270
486 896.6550287819
495 742.2743657482
509 560.1709327787
539 453.7306382029
564 283.1881987610
592 118.2832641500
843 93.0522263345
944 30.8663460766
971 19.0685380008
1272 18.7045221245
1979 18.4863022514
2004 18.3707254498
2218 18.3662332059
2278 18.3552440556
2281 18.0760950978
2334 17.9847484432
2412 17.8709673918
2426 17.6892548310
2460 16.8536343607
2561 16.5079552430
2755 16.4712270866
2802 16.2730462386
2840 16.2498533031
2843 16.1909326043
2853 15.9353775661
2904 15.9147966809
2951 15.8405986216
2981 15.6020476420
2984 15.5009291841
3078 15.3212330037
3126 14.3642727768
3373 14.3189515788
3422 14.1383527430
3425 14.1248804180
3445 14.0990027386
3526 13.7852473986
3557 13.6720827972
3571 13.1031914016
3603 13.0853644244
3709 12.8760748042
3821 12.5271632001
3870 12.4356690161
4002 12.3340097052
4009 12.1236274495
4051 11.9721444297
4056 11.7974695059
4118 11.7304872561
4177 11.4559147784
4189 11.0686165817
4350 10.8799496784
4359 10.8361134498
4400 10.7711428748
4405 10.3127348181
4490 10.0297400899
4572 9.7456087422
4576 9.5801938062
4606 9.1089208317
4788 9.0161757916
4793 8.9169110576
4807 8.4406507383
4920 8.3610910335
4927 7.9689664574
5039 7.9108953588
5052 7.8111461378
5098 7.7900936077
5107 7.6838795754
5119 7.5404388987
5155 7.4419838786
5157 7.2405513662
5181 7.1111311438
5187 7.0523371881
5211 6.7293942630
5214 6.5742970422
5236 6.2369002731
5245 6.1891453516
5250 5.9776720038
5475 5.9070291348
5551 5.8324033003
5567 5.7851305925
5590 5.7837863228
5593 5.7181326490
5602 5.7153928894
5609 5.6537019773
5614 5.6286851943
5676 5.5095981475
5701 5.4946475186
5703 5.3761964556
5733 5.3721533171
5746 5.2669092680
5758 5.2533965118
5762 5.2311126296
5766 5.2173827070
5771 5.0441817302
5845 5.0215717498
5881 4.8038000273
5915 4.7746341981
5934 4.5270620835
6011 4.4889305785
6015 4.4873368512
6045 4.4867738093
6053 4.4822312887
6064 4.4749224723
6112 4.4075812143
6249 4.3677696342
6260 4.3184961469
6296 4.2770936381
6300 4.2185278587
6302 4.0380286239
6346 3.9206503980
6347 3.8444618748
6411 3.8424605356
6421 3.8067387927
6480 3.7449913503
6491 3.7226550846
6527 3.6951621074
6538 3.6826778332
6590 3.5049829520
6598 3.3523595387
6611 3.3444261216
6622 3.0789937591
6663 2.9475794340
6712 2.7320992338
6889 2.7317887664
6929 2.6625233325
6939 2.6618898505
7024 2.5623313318
7031 2.5208122816
7078 2.4821636645
7114 2.4538198729
7198 2.4428741901
7200 2.3959256298
7221 2.3369866864
7225 2.2762990901
7252 2.2319820333
7267 2.1359504599
7325 2.1223280973
7327 2.0498823716
7405 1.9795719690
7561 1.9573036516
7569 1.8397669221
7606 1.8197682312
7632 1.8102123943
7840 1.7904095428
7845 1.6832859097
7990 1.5982731832
8120 1.5122679434
8127 1.4973251309
8192 1.4937704654
8216 1.3507018671
8372 1.2810688363
8430 1.2517982466
8434 1.1234269916
8482 1.1078443914
8553 1.1052696783
8752 1.0367262468
8821 1.0204548193
8887 0.9809073068
8903 0.9676993606
8917 0.9181259575
8947 0.9072367873
8981 0.8576648955
9216 0.8388608622
9242 0.8251785386
9340 0.7840151065
9376 0.7581551044
9487 0.7518635124
9715 0.7045853045
9805 0.6792120359
9865 0.6756612399
9881 0.6655282132
9947 0.6353965332
9986 0.6352262311
10002 0.6127931274
10093 0.6043471446
10176 0.5471308034
10246 0.5362734681
10267 0.5246735890
10331 0.4854021064
10449 0.4782520353
10498 0.4736850064
10596 0.4681353703
10648 0.4563276474
10710 0.4290109002
10817 0.4243404435
10821 0.4243010523
10829 0.4020957168
11032 0.3960462224
11038 0.3915368869
11073 0.3897957241
11088 0.3648008871
11131 0.3586526528
11163 0.3463388898
11173 0.3253367653
11303 0.2868511230
11627 0.3227222915
evaluations raw_y
1 1652069.9346512440
16 408661.2227700839
36 129053.2566220400
55 66830.5578933377
71 9049.1694279803
176 7210.6915052523
184 6093.4612644451
188 5041.1689572657
234 2462.6434124200
308 2131.3807017361
314 1785.5836744448
377 1446.9801301057
394 1112.0810840855
403 862.8063832267
414 639.1986943135
539 586.9821440085
560 97.2714303034
725 88.7528643285
978 82.5339711535
989 26.8372860573
1013 18.4939139286
1068 8.8597129144
1322 6.8334360756
1468 4.8834706969
2181 4.7934315861
2358 4.6328258157
2372 4.5933512363
2432 4.5298064418
2474 4.3328370709
2496 4.1830077310
2522 3.9660187380
2738 3.9580902727
2795 3.7971846894
2884 3.2261786867
3242 3.0979634337
3298 3.0168796995
3335 2.9477396456
3379 2.9012815100
3392 2.8775373499
3463 2.8543528762
3484 2.7199401247
3530 2.6460541317
3564 2.3785198891
3578 2.1852094221
4047 2.1227276275
4134 2.0420135208
4259 2.0377044019
4308 2.0344898245
4310 2.0076468837
4312 1.9924466456
4332 1.9250675190
4352 1.8469009770
4422 1.8456132150
4442 1.7843053281
4501 1.6931384496
4503 1.6892164925
4676 1.6410615416
4752 1.6409005015
4765 1.4731423172
4948 1.4017243784
4976 1.3698761409
5216 1.2637409546
5322 1.2257863959
5438 1.1789053439
5511 1.1670701338
5548 1.0849280534
5620 1.0550507694
5635 1.0472774898
5695 1.0424020220
5758 1.0398432254
5894 1.0176236898
5922 0.9755304750
6017 0.9564121491
6145 0.9378913129
6207 0.9159270791
6239 0.9158028198
6241 0.8860202622
6242 0.8403678122
6255 0.8325177450
6383 0.8307891542
6433 0.7543197239
6487 0.7474723358
6494 0.7303444912
6583 0.7297891601
6602 0.7074676572
6633 0.6847535230
6673 0.6236973244
6768 0.6150950484
6797 0.5870874341
6829 0.5630805956
6846 0.5551111327
6924 0.5265828837
6948 0.5146410152
6956 0.5102887469
6968 0.5098020069
6979 0.4585366814
6997 0.4330111499
7043 0.3809667302
7064 0.3635845268
7099 0.3415152645
7129 0.3319363512
7154 0.3157906277
7182 0.3071514654
7216 0.3058169425
7220 0.2633714324
7266 0.2580066615
7283 0.2296999868
7302 0.2254784931
7367 0.2188074670
7382 0.2186225473
7397 0.2048824679
7456 0.2025561544
7475 0.1984755344
7493 0.1893409940
7509 0.1888122510
7545 0.1814233714
7548 0.1777609013
7550 0.1770881507
7563 0.1734825152
7568 0.1720882498
7589 0.1406743691
7593 0.1346630852
7631 0.1251603761
7650 0.1164609885
7788 0.1088797882
7799 0.0928881983
7887 0.0797887045
7899 0.0736344725
7941 0.0692852192
7965 0.0661426497
8003 0.0502656978
8058 0.0410674710
8128 0.0377639254
8132 0.0315489315
8139 0.0272417351
8145 0.0214159403
8165 0.0158460022
8184 0.0128474494
8196 0.0105673492
8209 0.0037743575
8369 0.0033042680
8534 0.0029947607
8561 0.0028293483
8594 0.0027390013
8602 0.0023756275
8755 0.0023429772
8766 0.0022945241
8772 0.0020823339
8860 0.0020441246
8878 0.0019777295
8879 0.0018759490
8907 0.0017074493
8926 0.0016987125
8945 0.0015280002
8947 0.0014411791
8976 0.0009602188
9188 0.0009295808
9218 0.0009286374
9231 0.0008881174
9254 0.0008622818
9284 0.0008322643
9298 0.0007943273
9326 0.0007034395
9330 0.0006932444
9337 0.0006718044
9359 0.0006096241
9378 0.0005993716
9415 0.0005603944
9418 0.0005468241
9425 0.0005429584
9449 0.0005057111
9458 0.0004524888
9476 0.0004027808
9537 0.0003602424
9605 0.0003440290
9609 0.0003039466
9645 0.0002373451
9682 0.0002168551
9695 0.0001774606
9782 0.0001607547
9801 0.0001376434
9819 0.0001105991
9859 0.0000989421
9933 0.0000772884
10051 0.0000705927
10052 0.0000705117
10062 0.0000678350
10068 0.0000616068
10076 0.0000574645
10099 0.0000458017
10130 0.0000403002
10240 0.0000348802
10340 0.0000344689
10390 0.0000329100
10392 0.0000325107
10410 0.0000307879
10423 0.0000287851
10438 0.0000258133
10464 0.0000253636
10486 0.0000238418
10494 0.0000212210
10533 0.0000184364
10547 0.0000179233
10565 0.0000153029
10569 0.0000133351
10661 0.0000114605
10678 0.0000097749
10688 0.0000089627
10724 0.0000088018
10737 0.0000070777
10853 0.0000067658
10859 0.0000038541
10882 0.0000020570
10981 0.0000020569
11080 0.0000018529
11121 0.0000012939
11133 0.0000009082
11240 0.0000008528
11269 0.0000006113
11309 0.0000005207
11325 0.0000005064
11355 0.0000004908
11380 0.0000003103
11430 0.0000002050
11543 0.0000001959
11547 0.0000001818
11566 0.0000001666
11581 0.0000001156
11587 0.0000000778
11677 0.0000000489
11772 0.0000000315
11847 0.0000000217
11863 0.0000000211
11909 0.0000000149
11958 0.0000000129
11989 0.0000000128
12006 0.0000000103
12061 0.0000000097
12067 0.0000000083
12085 0.0000000064
12086 0.0000000056
12096 0.0000000054
12097 0.0000000041
12109 0.0000000040
12124 0.0000000015
12166 0.0000000011
12335 0.0000000007
12339 0.0000000003
12393 0.0000000001
12469 0.0000000001
12472 0.0000000000
12574 0.0000000000
12587 0.0000000000
12679 0.0000000000
12721 0.0000000000
12755 0.0000000002
evaluations raw_y
1 2020572.0516607752
11 1531747.8730690829
13 1352669.7887405837
17 1329723.4702253942
20 1017643.0487536845
32 935194.8111057873
33 340383.3303785052
42 198658.3368784774
52 19867.5867356945
151 5107.2112240026
290 4953.0601419823
296 2246.1115980261
318 1234.8197031254
677 876.6806657426
739 263.2398934481
834 94.3580149232
883 86.2049071177
1185 53.7490569773
1186 40.6236958511
1357 37.2282957516
1444 28.6901588554
2208 28.1545045323
2347 26.9860694466
2377 26.6222780131
2459 25.3861028312
2566 23.3992164908
2597 23.0660352257
2603 21.5953176599
2946 20.6512483857
3070 20.0635757656
3162 19.6924865798
3178 18.3264918962
3206 17.8235593090
3295 17.7825824168
3351 16.8911350093
3493 15.8944984421
3685 15.5677808868
3698 15.4465763348
3803 14.7912127284
3866 14.3189295925
3907 13.6498527485
3925 13.6066842221
3951 12.8174105577
4045 12.0374944317
4107 11.6616576813
4228 10.7699861880
4231 10.5065141558
4272 9.4103601046
4582 8.7730911741
4818 7.7702169903
4837 7.4907245135
4909 7.1074079943
5197 7.0246743194
5284 6.9795720914
5315 6.8290885823
5339 6.6676372135
5347 6.2336419219
5418 5.5763047410
5453 5.3297369394
5572 5.1040127004
5573 4.9109938816
5636 4.8444173537
5716 4.3993667190
5806 4.2400734915
5889 4.0102980720
6123 3.8734125271
6134 3.8052610773
6192 3.3262373197
6441 3.2668833076
6547 3.2014209920
6582 3.0933087463
6697 2.9946491875
6766 2.9437504094
6830 2.6724507638
6941 2.4743828100
6968 2.3403850171
7044 2.2138654904
7083 2.0506097561
7107 1.8135225321
7157 1.7656527747
7184 1.7393163613
7189 1.7341272728
7213 1.6648634589
7281 1.5343399205
7286 1.5108236199
7303 1.3940706657
7337 1.3253512844
7351 1.2490272271
7493 1.1691588579
7504 1.1446604133
7520 0.9999337135
7588 0.9480288692
7666 0.9451348924
7680 0.8970691539
7687 0.8928384474
7750 0.8870451256
7764 0.8643601092
7780 0.7964944268
7784 0.7363700684
7848 0.6773940013
7882 0.5898899790
7894 0.5655393873
7932 0.4457977306
7975 0.4112433432
8112 0.3156202454
8135 0.3097163473
8152 0.2989872688
8251 0.2868795425
8263 0.2823281549
8284 0.2806212583
8297 0.2681733197
8298 0.2605891074
8308 0.2585998889
8321 0.2154176195
8335 0.1955844779
8352 0.1702950629
8381 0.1631456286
8397 0.1279142451
8411 0.1097727844
8456 0.1009027811
8464 0.0626967600
8538 0.0541243457
8565 0.0512028841
8572 0.0254481654
8622 0.0112882725
8687 0.0111257045
8738 0.0091428794
8770 0.0086404386
8772 0.0081395905
8802 0.0079998673
8804 0.0075378367
8848 0.0040507832
8947 0.0040432422
8999 0.0036230716
9006 0.0034854072
9015 0.0026509597
9109 0.0021643748
9146 0.0018352251
9157 0.0015306204
9171 0.0015251598
9302 0.0014182764
9310 0.0013698219
9338 0.0013680251
9340 0.0011273423
9361 0.0009202509
9390 0.0008003905
9456 0.0006760880
9488 0.0003967931
9623 0.0003073637
9742 0.0002688721
9814 0.0002324535
9844 0.0002256297
9846 0.0002226780
9863 0.0001915901
9874 0.0001865116
9890 0.0001850321
9925 0.0001723062
9969 0.0001721744
9986 0.0001340579
10010 0.0001101476
10046 0.0001065713
10056 0.0000811437
10073 0.0000559485
10091 0.0000512681
10128 0.0000460413
10159 0.0000405371
10169 0.0000338686
10210 0.0000257562
10212 0.0000218909
10296 0.0000044798
10676 0.0000044343
10693 0.0000042740
10720 0.0000035706
10759 0.0000021975
10788 0.0000017390
10810 0.0000016451
10815 0.0000003972
10891 0.0000003248
10947 0.0000001811
11104 0.0000001707
11115 0.0000001363
11116 0.0000001264
11158 0.0000000968
11172 0.0000000656
11233 0.0000000464
11269 0.0000000416
11293 0.0000000406
11296 0.0000000259
11318 0.0000000168
11323 0.0000000125
11366 0.0000000067
11373 0.0000000031
11453 0.0000000027
11558 0.0000000013
11654 0.0000000010
11659 0.0000000007
11706 0.0000000006
11715 0.0000000003
11733 0.0000000001
11806 0.0000000001
11825 0.0000000000
11877 0.0000000000
12058 0.0000000000
12064 0.0000000001
evaluations raw_y
1 64746326549.7218399048
2 1558475105.3329133987
6 976239567.4531917572
10 975517321.0297614336
11 406398190.4198858738
21 181470693.3974936008
29 124428146.8658334166
39 61939118.8993682042
48 53657144.5269973204
51 5379292.1697778106
52 1165194.7954920970
59 808140.3787367328
163 210682.9332404020
184 130572.2058045063
201 52815.6109132180
234 18473.4797031627
248 4665.3544476765
396 3150.0660633631
406 147.2303251088
688 115.7145696857
754 13.2793725806
942 2.4286452996
1033 1.7541840656
1092 0.4478592671
2224 0.4273950239
2245 0.2765681487
2445 0.2273154546
2595 0.1955719407
2642 0.1933926057
2687 0.1889672715
2744 0.1627654742
2756 0.1517698878
2823 0.0455903945
2918 0.0296555983
3079 0.0122678839
3101 0.0029981150
3334 0.0027527643
3382 0.0013825734
4503 0.0011204996
4558 0.0010490416
4730 0.0009654597
4741 0.0006525853
4762 0.0005669302
4910 0.0004976550
5056 0.0004149369
5105 0.0003205364
5111 0.0003187561
5164 0.0002731677
5188 0.0002526059
5315 0.0001530285
5377 0.0000905394
5411 0.0000325706
6177 0.0000310267
6231 0.0000299596
6234 0.0000283958
6444 0.0000145501
6520 0.0000138575
6641 0.0000111203
6644 0.0000096879
6726 0.0000061818
6788 0.0000042275
6898 0.0000033977
7014 0.0000032846
7209 0.0000027157
7301 0.0000021144
7442 0.0000014743
7521 0.0000010383
7599 0.0000010065
7777 0.0000008745
7874 0.0000007393
7949 0.0000003376
8013 0.0000003154
8100 0.0000002467
8120 0.0000002296
8150 0.0000001262
8219 0.0000000163
8572 0.0000000137
9002 0.0000000127
9022 0.0000000121
9100 0.0000000043
9238 0.0000000039
9318 0.0000000023
9383 0.0000000001
9957 0.0000000000
10571 0.0000000000
10615 0.0000000000
10888 0.0000000000
10969 0.0000000000
11296 0.0000000000
11393 0.0000000000
11537 0.0000000000
11598 0.0000000000
11817 0.0000000000
11886 0.0000000000
11903 0.0000000000
12017 0.0000000000
12060 0.0000000000
12110 0.0000000000
12380 0.0000000000
12822 0.0000000000
evaluations raw_y
1 1653457324.4540302753
2 160708777.2117604613
3 17568026.2108440585
8 15352517.8707499206
9 12908088.2229958661
10 2502965.7708095396
28 373969.1284633276
109 243067.2879045210
112 165249.2642986987
115 67911.9520756826
161 52733.3986332340
187 34077.7525654659
197 385.7435768704
353 215.1693212632
560 186.7263283728
722 178.9720642626
844 161.7847829387
865 116.1939450867
996 84.7994171705
1133 28.3694009805
1134 14.7422348951
1205 5.6805504092
1923 5.4516611284
2321 5.3878727737
2477 5.2492545959
2544 5.2334153332
2576 5.2268159831
2613 5.1128221391
2614 5.0669338754
2625 5.0281168692
2657 4.9866054673
2686 4.7487523280
2695 4.3024743519
2958 4.2817962641
2961 4.1072073929
2994 3.9722982613
3053 3.9687824843
3059 3.8356209918
3133 3.5696826763
3263 3.4294661154
3272 3.3760397546
3315 3.3396720446
3346 3.2020199505
3459 2.8594834487
3575 2.7074544153
3669 2.4693870874
3779 2.3595917215
3869 2.1587204782
3934 2.0860998951
3995 2.0749381946
4048 1.9987135055
4138 1.9830318107
4244 1.9359682884
4319 1.8633939022
4337 1.8607025402
4385 1.7635827755
4422 1.5489417054
4802 1.4836157271
4849 1.4777683436
4870 1.4408312209
4943 1.3674487629
4978 1.2783549630
4985 1.2388180876
5042 1.1896065519
5067 1.1657588366
5189 0.9946575557
5439 0.9013108319
5452 0.8821816632
5536 0.7878648678
5565 0.7598620275
5723 0.6944985544
5908 0.6546820047
5954 0.6546096433
5975 0.6163193471
6064 0.5525992612
6104 0.5143389038
6138 0.5106244115
6159 0.4956246041
6164 0.4840026928
6206 0.4270590346
6240 0.4267997006
6306 0.4010198162
6538 0.3394184547
6778 0.2717288222
7003 0.2689350334
7074 0.2576255730
7109 0.2495294709
7279 0.2163761612
7285 0.2126494493
7286 0.2123534436
7287 0.1950397696
7337 0.1752418992
7392 0.1652748965
7403 0.1517291676
7410 0.1472940448
7423 0.1400650125
7436 0.0846307754
7549 0.0781430876
7683 0.0759654348
7688 0.0725215980
7707 0.0669477717
7718 0.0588059024
7783 0.0580029093
7799 0.0488990626
7822 0.0298181006
7848 0.0241748799
7854 0.0092075942
7925 0.0053943730
7953 0.0020837459
8011 0.0012653773
8381 0.0012433597
8433 0.0007166015
8624 0.0005305792
8914 0.0005301558
8951 0.0004551870
9190 0.0004175184
9224 0.0003806243
9257 0.0003499919
9308 0.0002550737
9450 0.0002422137
9482 0.0002054018
9525 0.0001876867
9533 0.0001842938
9542 0.0001473253
9634 0.0001022787
10000 0.0000695410
10261 0.0000661518
10280 0.0000570848
10308 0.0000316318
10577 0.0000130051
10859 0.0000070387
11396 0.0000051973
11536 0.0000048703
11565 0.0000045288
11630 0.0000030782
11644 0.0000027733
11689 0.0000020792
11752 0.0000008310
11988 0.0000006367
12141 0.0000003203
12157 0.0000002838
12537 0.0000001673
12798 0.0000000704
13332 0.0000000245
13364 0.0000000227
13421 0.0000000118
13550 0.0000000024
13874 0.0000000009
14255 0.0000000002
14812 0.0000000001
14988 0.0000000000
15019 0.0000000000
15152 0.0000000037
evaluations raw_y
1 16347356.4358404018
2 7180005.3938631210
4 505737.3499693672
15 501031.3290080199
16 47927.5534706534
168 7023.2671852729
264 4635.3867141978
267 1152.8349280761
318 830.1809561062
330 749.5350810430
337 651.2595049255
411 66.2607398440
599 42.9632399795
742 5.2795996044
906 1.3727008716
1501 1.3214197940
1836 1.3083375566
2063 1.2858393000
2140 1.0964590870
2238 1.0679698252
2413 1.0201060974
2608 0.9854478746
2652 0.9733512005
2696 0.9350454427
2697 0.9192402928
2729 0.8574689056
2805 0.8415812763
2816 0.8175953650
2858 0.7631781049
2881 0.7215218473
2957 0.6520616811
2964 0.5920333819
3096 0.5160536169
3226 0.5127326501
3239 0.2775249604
3243 0.2746939798
3260 0.2098254056
3387 0.1644495749
3398 0.1413027918
3483 0.1191531869
3600 0.0987137900
3623 0.0609367502
3680 0.0109117101
3997 0.0047776392
4051 0.0008918410
4477 0.0004960341
4678 0.0003826413
4728 0.0000721105
4987 0.0000353089
5065 0.0000257594
5268 0.0000232268
5274 0.0000110560
5300 0.0000086477
5340 0.0000019218
5495 0.0000010020
5843 0.0000007579
5980 0.0000003515
6108 0.0000001487
6183 0.0000001447
6419 0.0000001432
6425 0.0000000939
6483 0.0000000689
6539 0.0000000560
6577 0.0000000349
6604 0.0000000260
6693 0.0000000259
6731 0.0000000119
6908 0.0000000098
6932 0.0000000059
6957 0.0000000051
7043 0.0000000029
7072 0.0000000027
7144 0.0000000007
7336 0.0000000006
7394 0.0000000005
7469 0.0000000005
7480 0.0000000004
7533 0.0000000003
7600 0.0000000001
7851 0.0000000000
7877 0.0000000000
8166 0.0000000000
8402 0.0000000000
8455 0.0000000000
8569 0.0000000000
8914 0.0000000000
9433 0.0000000000
evaluations raw_y
1 35612233.9279702008
2 11380404.5667037796
4 1931555.4766999742
9 1861433.5298463991
11 782702.9141246515
22 146004.6674552755
153 86387.7322480973
172 45349.8772302500
182 19268.2108334954
256 13649.7452351790
305 564.3470109811
465 513.4790721746
510 296.9007622379
828 174.1253451599
851 37.2255880809
953 17.8683864321
1182 16.9137007867
1360 16.3715402917
1412 8.3194975943
1555 7.1025416872
2299 6.6227308345
2543 6.1597605938
2705 4.8062204532
2784 3.7965440798
2844 3.5828135519
2877 3.4471677083
2921 3.0669930615
2946 2.8309863467
2960 2.5797790970
2986 1.8100061101
3011 1.5987389431
3052 0.7217814614
3256 0.1966206167
3669 0.1238081613
3710 0.1039746565
3751 0.0390124824
3771 0.0038442409
4328 0.0025633467
4418 0.0023416470
4510 0.0014415682
4527 0.0007055099
4723 0.0004112405
4802 0.0002556058
4866 0.0001366819
5125 0.0000692507
5211 0.0000666308
5366 0.0000081457
5791 0.0000058136
5818 0.0000050968
5936 0.0000000709
6668 0.0000000342
6802 0.0000000090
6832 0.0000000086
6992 0.0000000065
7037 0.0000000061
7109 0.0000000024
7423 0.0000000021
7512 0.0000000017
7613 0.0000000013
7618 0.0000000006
7696 0.0000000001
8129 0.0000000000
8340 0.0000000000
8341 0.0000000000
8998 0.0000000000
9711 0.0000000000
evaluations raw_y
1 70560653.5557823926
2 69607134.2379282564
3 37180250.2876535654
9 19705921.1575254649
10 13540637.6199730840
11 9340970.2171641551
12 8412255.7353278734
25 4595911.9022872141
35 816285.9965813655
43 341918.6307551421
148 266301.6799123255
179 30375.9697463206
220 7480.7753822437
329 286.7268733227
502 218.6067654773
576 105.1636159196
631 30.1831645623
1038 27.3631217634
1095 26.5974326368
1305 23.8304331689
1324 20.2974428074
1405 20.1226160002
1767 19.8791557839
1782 19.8645067278
1885 19.6169212902
2261 19.6045807285
2337 19.1755858577
2451 19.0523587237
2459 18.8180969280
2466 17.9816687407
2557 17.7357808670
2558 17.5833460796
2629 17.2966994473
2686 17.1500783052
2695 16.5619817264
2788 16.1798937523
2800 15.2219507200
2865 15.1651870999
2926 14.9802649273
2954 14.5066408915
2968 14.3001632740
3024 13.8343573351
3411 13.2192578470
3529 12.8505869846
3576 12.7998878131
3584 12.2499571729
3732 11.9316654763
3741 11.4735052887
3841 11.3747640137
3850 10.9332407932
3931 10.9323397668
3980 10.6741752248
4003 10.3346446972
4044 10.3124228523
4089 10.2639969306
4090 10.2534160811
4097 9.9611269749
4134 9.7033235087
4212 9.3412807046
4289 8.2608980345
4531 8.0338954262
4584 7.9651903141
4603 7.9019789845
4609 7.6608677328
4632 7.4396026863
4731 7.3091164013
4762 7.2516077598
4776 6.9449318078
4789 6.8702162425
4790 6.8555602075
4797 6.6171137212
4935 5.8769103962
4987 5.7679084443
5052 5.7579778117
5086 5.6626954437
5088 5.6192854738
5116 5.5983202271
5132 5.3026209005
5240 5.1992087713
5288 5.1819562291
5304 5.1366184014
5311 5.0029386108
5323 4.6129526257
5391 4.2415598786
5411 4.0901373405
5414 4.0789945994
5424 3.7095268301
5432 3.3715443075
5562 3.3135929553
5602 3.2739300926
5736 3.2564038532
5776 3.2450443140
5792 3.2359646622
5796 3.1672445820
5807 3.0995397247
5817 3.0490438548
5820 3.0018995786
5832 2.9432595977
5848 2.8119270660
5959 2.7599240725
5977 2.7377463654
5988 2.6790511574
5990 2.5302124710
6052 2.4554259689
6098 2.3536079014
6122 2.2845520515
6135 2.1354077350
6199 2.0700148990
6309 2.0628734405
6310 2.0437468884
6335 1.9751310226
6397 1.9330701032
6402 1.9017238763
6414 1.8789833853
6424 1.8333437618
6440 1.7997068636
6466 1.7580616325
6511 1.7487407900
6538 1.7176538324
6552 1.7056489026
6565 1.6794940770
6582 1.6047406206
6608 1.5821163768
6615 1.5796163890
6630 1.5468064127
6642 1.4780870512
6644 1.4564430636
6672 1.4075661313
6678 1.3804917130
6727 1.2826520598
6729 1.2605664539
6733 1.1458643222
6924 1.1157664691
6948 1.0948591055
6957 1.0718180423
6959 1.0137282888
7009 0.9211337415
7107 0.8977807309
7119 0.8372808051
7258 0.8113488809
7299 0.7792076181
7343 0.7785010271
7350 0.6941602142
7359 0.6576179037
7427 0.6559512125
7437 0.6528684144
7442 0.6472028795
7447 0.6287732807
7465 0.6109360528
7476 0.6035266846
7484 0.5362938383
7493 0.5259902152
7504 0.5171670941
7526 0.4996950238
7530 0.4504613537
7585 0.4291044163
7667 0.4134839859
7699 0.4013161300
7710 0.3970445339
7788 0.3877879436
7804 0.3797297439
7875 0.3742265536
7906 0.3659176048
7929 0.3532158113
7950 0.3527490547
7952 0.3442176272
7978 0.3386322139
7993 0.3382030472
7997 0.3303734775
8003 0.3294832132
8017 0.2958615931
8039 0.2831566019
8075 0.2706859967
8081 0.2607938622
8103 0.2464132611
8129 0.2089499397
8169 0.2064363535
8219 0.1877970909
8235 0.1776832329
8339 0.1684679303
8340 0.1405552426
8682 0.1208048396
8787 0.1199567117
8793 0.1178347410
8808 0.0918266627
8874 0.0808092607
8966 0.0376367624
9296 0.0271540697
9320 0.0180454505
9492 0.0173091080
9501 0.0011320409
9550 0.0009684572
9567 0.0006490297
10818 0.0006304598
10867 0.0005885252
10951 0.0004693533
10982 0.0004231351
11074 0.0004019973
11084 0.0003744949
11088 0.0003015359
11090 0.0002845855
11132 0.0002677613
11228 0.0002392361
11283 0.0002258783
11444 0.0001957061
11492 0.0001934343
11496 0.0001770064
11521 0.0001464328
11544 0.0001312903
11578 0.0001160413
11592 0.0001029315
11622 0.0000941309
11634 0.0042272245
evaluations raw_y
1 602258278.9741173983
4 170894159.7682494819
5 29017607.1645768657
7 2970965.0306378915
12 141063.5984522403
110 100341.0109154387
126 2354.3833410996
215 1922.4359040274
300 320.9898136177
543 232.8661576063
551 156.4760652799
652 67.9350883193
796 62.7263927915
828 44.3450876226
1001 22.0175107158
1041 18.6834554130
1045 6.9824677237
1156 1.4070686302
1173 0.3920056778
1430 0.3193893048
1741 0.2422486637
2417 0.2383616265
2641 0.2247500780
2711 0.2244733126
2763 0.2060100889
2832 0.1943756398
2957 0.1771229073
2988 0.1645125389
3084 0.1393920595
3386 0.1389024532
3459 0.1351108094
3802 0.1318297610
3824 0.1295908979
3850 0.1244080143
3959 0.1224981567
4015 0.1155781301
4067 0.1151469331
4102 0.1115787650
4116 0.1104957932
4197 0.1035092865
4233 0.0988377637
4235 0.0949567365
4270 0.0896179900
4387 0.0867836599
4434 0.0781298236
4458 0.0778157453
4483 0.0654350627
4547 0.0630195740
4829 0.0513724925
5245 0.0470684535
5251 0.0456107993
5268 0.0404089057
5303 0.0364235645
5426 0.0274396584
5491 0.0273779831
5551 0.0269263728
5692 0.0241231416
5702 0.0211642236
5748 0.0105104929
6078 0.0081503180
6183 0.0074286862
6214 0.0072638378
6250 0.0069279988
6288 0.0057634186
6314 0.0050725181
6444 0.0038953827
6640 0.0028023502
6681 0.0026945436
7132 0.0023710257
7184 0.0022885835
7248 0.0022464306
7455 0.0022162067
7457 0.0020262807
7510 0.0019423757
7577 0.0018353681
7651 0.0018284384
7682 0.0017802696
7782 0.0017442102
7789 0.0013820017
7934 0.0013344591
7992 0.0012917701
8013 0.0010519384
8068 0.0009624125
8103 0.0009510162
8120 0.0008389175
8479 0.0006360938
8541 0.0006227258
8604 0.0006056646
8779 0.0005880066
8833 0.0005656182
8927 0.0005027010
9002 0.0004424619
9031 0.0003705337
9158 0.0003574803
9208 0.0002911130
9418 0.0002542100
9801 0.0002473429
9988 0.0002273860
10001 0.0002108008
10130 0.0002019396
10151 0.0001935352
10254 0.0001798626
10327 0.0001552600
10381 0.0001550801
10418 0.0001376084
10508 0.0001072267
10566 0.0000997078
10711 0.0000918085
10752 0.0000896043
10809 0.0000823857
10840 0.0000761356
11012 0.0000737208
11029 0.0000663378
11360 0.0000624162
11405 0.0000601947
11441 0.0000599778
11477 0.0000553582
11508 0.0000549285
11549 0.0000384269
11618 0.0000332992
11687 0.0000308106
11713 0.0000306069
11790 0.0000305841
11989 0.0000293428
12027 0.0000247728
12107 0.0000210999
12139 0.0000203658
12154 0.0000193967
12209 0.0000159508
12481 0.0000157939
12625 0.0000141892
12720 0.0000137943
12727 0.0000115084
12807 0.0000103948
12815 0.0000080694
12903 0.0000080634
12916 0.0000074356
12922 0.0000070995
12935 0.0000058104
13049 0.0000055640
13278 0.0000048847
13341 0.0000048366
13344 0.0000043343
13367 0.0000040550
13391 0.0000034659
13421 0.0000033855
13437 0.0000032791
13463 0.0000031701
13502 0.0000029572
13561 0.0000028831
13587 0.0000025336
13592 0.0000024609
13593 0.0000024581
13604 0.0000021886
13627 0.0000021328
13666 0.0000011772
13708 0.0000011591
13879 0.0000011340
13880 0.0000011238
13883 0.0000011214
13896 0.0000011033
13911 0.0000010833
13934 0.0000010417
13944 0.0000009930
13948 0.0000009262
13966 0.0000008940
13971 0.0000008326
13983 0.0000007825
14013 0.0000005324
14040 0.0000004550
14118 0.0000004420
14122 0.0000004321
14134 0.0000003792
14149 0.0000002964
14164 0.0000002629
14338 0.0000002564
14349 0.0000002196
14373 0.0000000952
14512 0.0000000821
14598 0.0000000802
14605 0.0000000767
14653 0.0000000762
14694 0.0000000717
14712 0.0000000715
14715 0.0000000703
14717 0.0000000675
14719 0.0000000562
14737 0.0000000456
14760 0.0000000354
14796 0.0000000182
14908 0.0000000110
14950 0.0000000080
14956 0.0000000055
15002 0.0000000052
15035 0.0000000031
15066 0.0000000027
15136 0.0000000026
15155 0.0000000014
15196 0.0000000002
15478 0.0000000002
15499 0.0000000001
15533 0.0000000001
15653 0.0000000001
15661 0.0000000000
15678 0.0000000000
15702 0.0000000000
15861 0.0000000005
