evaluations raw_y
1 3326.6318724324
2 1910.8044544436
4 773.6177745354
16 507.1221257887
33 498.9538433412
103 488.9745314505
208 455.7401862369
244 453.2525565604
402 433.7066980942
519 410.9913896042
2821 390.2486434410
2951 379.0608832581
3006 366.4349488919
3030 355.3493166122
3079 353.3490343660
3201 352.5122922371
3244 345.7870823459
3312 331.8418352302
3351 310.1689243870
3449 292.8958554335
3608 277.7787762856
3929 271.2546775694
3954 240.2915522226
4131 203.8329752778
4781 196.3403428143
4971 146.5921013040
6841 140.2834410429
7051 137.4461905302
7250 114.7053467042
8578 112.3639381574
8794 108.5812338384
13278 107.2777063015
13333 105.2168828490
14286 91.7884353618
15685 91.5954358019
15903 57.7880607430
17336 56.5024172234
17898 49.8717596894
18187 44.1010653335
18246 41.2650754700
18319 35.4633536374
18413 34.7686820373
18596 33.1724127616
18746 29.7856980131
18900 29.1628092261
18985 26.7015059523
19132 24.9245928520
19211 24.6311271536
19282 21.6434469183
19306 20.9285684254
19395 20.7094364429
19417 18.3493676653
19565 17.7424990779
19574 14.7489178692
19671 13.2869168835
19759 12.2103010811
20153 11.2277433581
20394 10.8601525487
20621 9.9384686639
20710 9.3775219455
20779 8.8680701888
20957 8.4977559529
20966 7.6983854627
21320 6.7867453161
22184 6.1631626851
22495 6.1394531097
22754 5.9290438496
22756 5.6740094806
23101 5.6284961843
23483 5.4878708145
23490 5.4320495165
23891 5.2631538572
24236 5.1946183631
24751 5.1493379405
24936 5.1114157043
25225 5.0575372478
25875 5.0571190722
26085 5.0561465440
26088 5.0550387191
26140 5.0538530833
26187 5.0432610842
26347 5.0427002458
26366 5.0404717968
26459 5.0306007165
26790 5.0152060685
26832 4.9907361019
27971 4.9902667172
28438 4.9877023411
28582 4.9874203632
28644 4.9865012842
28716 4.9831462443
28982 4.9822382397
28986 4.9812356754
29209 4.9792823801
29722 4.9791074686
29790 4.9783064662
29811 4.9779108096
30085 4.9775354602
30115 4.9769352469
30482 4.9768588026
30555 4.9768321884
30573 4.9766555669
30598 4.9762903840
30751 4.9760682596
30918 4.9760601545
30996 4.9759107498
31159 4.9755203829
31671 4.9753209695
32051 4.9753065404
32165 4.9752073603
32315 4.9751746963
32528 4.9751094841
32611 4.9750523929
32989 4.9750181375
33020 4.9750179002
33039 4.9750131764
33151 4.9750026912
33180 4.9749893674
33223 4.9749793197
33299 4.9749638710
33355 4.9749400907
33482 4.9749354377
33543 4.9749337166
33630 4.9749188905
33714 4.9749031394
33772 4.9748656700
34057 4.9748568865
34143 4.9748481545
34223 4.9748386369
34380 4.9748333292
34849 4.9748314983
34995 4.9748294127
35266 4.9748283644
35309 4.9748245930
35322 4.9748202592
35440 4.9748186812
35769 4.9748182381
35848 4.9748178348
35884 4.9748104910
35997 4.9748079903
36280 4.9748047249
36402 4.9748042700
36714 4.9748039048
36738 4.9748036801
36841 4.9748030658
36853 4.9748008887
37038 4.9748008842
37057 4.9748007701
37091 4.9748004453
37197 4.9747999754
37291 4.9747990214
37387 4.9747984669
37548 4.9747983515
37566 4.9747978523
37618 4.9747975637
37714 4.9747974591
37807 4.9747970254
38118 4.9747968368
38234 4.9747967224
38257 4.9747964182
38302 4.9747961242
38510 4.9747960453
38790 4.9747959731
39049 4.9747959391
39162 4.9747958039
39259 4.9747958024
39429 4.9747956853
39504 4.9747956674
39509 4.9747956038
39775 4.9747955661
40019 4.9747955573
40060 4.9747955566
40221 4.9747955261
40340 4.9747954206
40861 4.9747953599
41276 4.9747953451
41457 4.9747953264
41687 4.9747953229
41950 4.9747953154
42225 4.9747953092
42312 4.9747952997
42614 4.9747952991
42822 4.9747952958
43161 4.9747952940
43553 4.9747952933
43797 4.9747952929
43848 4.9747952912
43866 4.9747952911
44035 4.9747952902
44091 4.9747952898
44131 4.9747952889
44526 4.9747952880
44640 4.9747952880
44706 4.9747952871
45079 4.9747952867
45409 4.9747952867
45454 4.9747952866
45568 4.9747952865
45623 4.9747952864
45722 4.9747952863
45787 4.9747952861
45823 4.9747952860
46102 4.9747952858
46266 4.9747952858
46430 4.9747952858
46651 4.9747952857
47074 4.9747952857
47192 4.9747952857
47207 4.9747952857
47387 4.9747952857
47413 4.9747952856
47629 4.9747952856
47912 4.9747952855
47963 4.9747952855
48344 4.9747952855
48373 4.9747952855
48388 4.9747952855
48470 4.9747952855
48526 4.9747952855
48661 4.9747952855
48750 4.9747952855
48824 4.9747952855
48891 4.9747952855
49183 4.9747952855
49192 4.9747952855
49458 4.9747952855
49475 4.9747952855
49794 4.9747952855
49850 4.9747952855
49966 4.9747952855
49973 4.9747952855
50047 4.9747952855
50261 4.9747952855
50399 4.9747952855
50403 4.9747952855
50407 4.9747952855
50540 4.9747952855
50772 4.9747952855
50835 4.9747952855
51119 4.9747952855
51237 4.9747952855
51382 4.9747952855
51561 4.9747952855
51674 4.9747952855
51676 4.9747952855
51698 4.9747952855
51832 4.9747952855
51938 4.9747952855
52105 4.9747952855
52245 4.9747952855
52551 4.9747952855
52978 4.9747952855
53798 4.9747952855
53972 4.9747952855
54167 4.9747952855
54495 4.9747952855
54781 4.9747952855
55054 4.9747952855
55260 4.9747952855
55920 4.9747952855
56895 4.9747952855
59142 4.9747952855
60373 4.9747952855
evaluations raw_y
1 4617.2545851829
2 2926.4479359003
4 2401.4233628596
6 1934.8357275501
17 1154.8242188707
48 971.1604404395
128 964.8648298507
154 764.2705818583
192 732.3913045340
213 710.4092102702
224 633.1582860612
273 472.5445150347
2725 458.1102183134
2788 438.7006288148
2940 380.7564828645
3587 364.7566179312
3688 318.9360786365
3700 303.3259592283
3814 289.4363786700
3955 287.2230198284
4005 265.7872150461
4135 264.8429882446
4246 248.4043801988
4265 221.9004646050
4738 183.2203969570
4921 181.5538527185
5481 155.0922731553
5719 155.0653686313
5794 140.5178153528
7091 131.6469144719
8167 131.5281048469
8351 122.7153542734
8827 111.6027539091
11631 103.5078988180
13031 101.6680316071
13431 89.2530175045
15079 86.3810767736
15157 76.1954117136
15668 66.2137606650
15746 65.3423791757
15891 45.0678848789
16158 42.3783935608
16470 41.8287845726
16561 36.1173903295
16569 36.0798581709
16683 32.2436659863
16694 30.9482301019
16725 29.3868018345
16926 24.6498339781
17048 20.5030355042
17443 17.4540582210
17726 17.3144372672
17822 17.2127448199
17842 16.4575817957
17923 14.1711138389
17994 10.5064520756
18757 10.4824583877
18886 10.1470001875
18902 8.8327404532
18962 7.8688149813
19330 7.4445801963
19624 6.1115063012
20223 6.0673187580
20232 5.4843060228
20417 5.0680712058
20794 4.9850663184
21208 4.6811648259
21232 4.4980869399
21511 4.4583407862
21766 4.4455538485
21810 4.3256264669
22221 4.3115672554
22675 4.2713434831
22762 4.2088819193
22786 4.1054554509
23772 4.1040902283
24020 4.0753559027
24107 4.0515005551
24148 4.0465828646
24549 4.0369148936
24845 4.0322602077
25132 4.0311661599
25134 4.0095627222
25494 4.0079858529
25560 4.0042159512
25751 4.0001503385
25840 4.0000704737
25881 3.9990683299
25882 3.9983269578
25883 3.9872851617
26935 3.9855926448
27191 3.9853219410
27244 3.9847518784
27495 3.9846040555
27772 3.9832915386
27908 3.9818502205
28260 3.9817510094
28606 3.9815480731
28678 3.9815341150
28689 3.9812951848
28708 3.9811137542
28875 3.9810848033
28920 3.9808887996
29035 3.9805349562
29452 3.9805075545
29648 3.9804249484
29706 3.9804068119
29775 3.9803649111
29962 3.9802489018
30165 3.9801790162
30248 3.9801291787
30577 3.9801255270
30581 3.9800536968
30743 3.9800463150
30744 3.9800280046
30991 3.9800263909
31078 3.9800108961
31199 3.9800083505
31240 3.9799972660
31251 3.9799817964
31291 3.9799725424
31298 3.9799230719
31409 3.9799198855
31470 3.9799032190
31963 3.9799018035
32049 3.9799001239
32169 3.9798987842
32171 3.9798977478
32184 3.9798934488
32253 3.9798798088
32589 3.9798775552
32673 3.9798704748
32676 3.9798680271
32822 3.9798648592
32823 3.9798499739
33376 3.9798482756
33490 3.9798459685
33509 3.9798446269
33809 3.9798443910
33865 3.9798427594
34023 3.9798422168
34298 3.9798395555
34797 3.9798394691
34905 3.9798390392
35100 3.9798375818
35750 3.9798374862
35967 3.9798373943
36021 3.9798372823
36043 3.9798371111
36139 3.9798370784
36192 3.9798369350
36558 3.9798368347
36698 3.9798368158
36789 3.9798368045
36798 3.9798367726
36897 3.9798366727
36948 3.9798365739
37122 3.9798364874
37499 3.9798364501
37509 3.9798364403
37511 3.9798363862
37637 3.9798363765
37811 3.9798363574
38187 3.9798363481
38199 3.9798363377
38380 3.9798363160
38449 3.9798363144
38464 3.9798363130
38559 3.9798363090
38565 3.9798362946
38915 3.9798362800
39080 3.9798362792
39259 3.9798362665
39473 3.9798362658
39595 3.9798362651
39616 3.9798362569
39820 3.9798362524
39849 3.9798362517
40131 3.9798362461
40161 3.9798362458
40245 3.9798362422
40317 3.9798362409
40433 3.9798362403
40655 3.9798362379
40665 3.9798362367
41042 3.9798362367
41079 3.9798362360
41097 3.9798362352
41259 3.9798362349
41265 3.9798362348
41355 3.9798362343
41447 3.9798362331
41574 3.9798362326
41692 3.9798362321
41778 3.9798362316
41808 3.9798362310
42026 3.9798362309
42032 3.9798362308
42117 3.9798362307
42160 3.9798362307
42206 3.9798362302
42349 3.9798362302
42431 3.9798362301
42534 3.9798362299
42559 3.9798362297
42607 3.9798362292
42960 3.9798362292
42970 3.9798362290
43271 3.9798362290
43512 3.9798362290
43528 3.9798362288
43666 3.9798362288
43724 3.9798362287
43841 3.9798362287
43897 3.9798362286
44067 3.9798362286
44070 3.9798362286
44275 3.9798362286
44345 3.9798362286
44403 3.9798362285
44455 3.9798362285
44586 3.9798362285
44766 3.9798362285
45256 3.9798362284
45349 3.9798362284
45359 3.9798362284
45387 3.9798362284
45471 3.9798362284
45696 3.9798362284
45737 3.9798362284
45806 3.9798362284
46203 3.9798362284
46412 3.9798362284
46445 3.9798362284
46793 3.9798362284
47088 3.9798362284
47646 3.9798362284
47901 3.9798362284
47978 3.9798362284
48009 3.9798362284
48071 3.9798362284
48077 3.9798362284
48094 3.9798362284
48100 3.9798362284
48141 3.9798362284
48162 3.9798362284
48302 3.9798362284
48338 3.9798362284
48413 3.9798362284
48490 3.9798362284
48592 3.9798362284
48689 3.9798362284
48808 3.9798362284
49128 3.9798362284
49207 3.9798362284
49344 3.9798362284
49673 3.9798362284
49700 3.9798362284
49926 3.9798362284
50295 3.9798362284
50595 3.9798362284
50610 3.9798362284
50918 3.9798362284
51057 3.9798362284
51061 3.9798362284
51620 3.9798362284
51864 3.9798362284
51901 3.9798362284
52334 3.9798362284
52490 3.9798362284
52944 3.9798362284
53417 3.9798362284
63298 3.9798362284
200016 3.9798362284
evaluations raw_y
1 33174.4200969922
2 6248.1516871565
3 3059.4580458290
6 1734.7242340559
27 1632.9575160310
35 1281.7590172342
38 1240.1094663052
105 1164.3661950863
118 1047.6539527428
127 877.9552388652
220 873.3928884772
225 786.7681896597
279 706.7278616953
332 510.3333976594
3406 510.1959577467
3663 477.8417634254
3808 473.8846503448
4006 445.9088484715
4196 443.0617443472
4203 399.6430077085
4283 350.5858583229
4720 325.8647619904
4724 291.0277031777
4976 283.4370393552
5440 276.9276402092
5460 256.3690243282
5557 255.8488125289
5689 231.9089338026
5863 208.6080870685
5995 197.8181492268
6159 178.6595617410
6391 174.9299389518
7023 172.8578559699
7027 150.2947186918
7614 142.6647221611
8124 141.2528357576
8525 141.0054865194
8544 126.3031359338
8991 121.6080947351
9070 110.9404135645
11996 110.6238552157
12253 107.6995816268
13972 89.2750189611
18112 85.1330843982
18382 82.8995314496
18526 81.2078023546
18712 80.2489835185
18752 63.1832784012
19072 55.0627164499
19536 47.4474194387
19712 43.5485592178
19781 35.9097135518
19881 18.6483658549
20895 14.2028393652
21274 12.5823109269
21620 11.8292406926
21711 10.1518634095
21968 9.6465633599
22048 8.6676900042
22637 8.3556587488
22985 5.7538903285
24051 5.5478831068
24504 5.0231234411
24858 4.6753002613
25260 4.5425221898
25516 4.3870206021
26256 4.3769201572
26293 4.3346419311
26324 4.2829348113
26532 4.2527100882
26612 4.2276282224
26961 4.1433051321
27246 4.1233323304
27425 4.0927307030
27676 4.0704420425
27849 4.0698781392
28105 4.0577284529
28187 4.0566714205
28222 4.0563633144
28248 4.0539917693
28256 4.0527917942
28291 4.0491786602
28389 4.0491108245
28424 4.0377716584
28474 4.0345160278
28475 4.0310129499
28583 4.0307229934
28615 4.0173789930
28864 4.0158041074
29151 4.0066058771
29420 3.9973563669
29597 3.9937295726
29853 3.9885121949
30565 3.9865162095
30612 3.9853292789
31315 3.9853087340
31327 3.9846400315
31428 3.9845568992
31493 3.9839619426
31559 3.9823359959
31814 3.9819871991
31936 3.9816457332
32190 3.9812743324
32385 3.9812335699
32436 3.9811489943
32491 3.9808916923
32626 3.9808419972
32730 3.9808294815
32793 3.9807998584
32817 3.9807897747
32833 3.9805789007
32955 3.9805359052
33176 3.9805253216
33409 3.9803964238
33522 3.9803606333
33544 3.9803212341
33552 3.9801978800
33621 3.9801824442
33953 3.9800023867
34640 3.9799949405
34794 3.9799463689
34860 3.9799086837
35434 3.9799073219
35584 3.9798978467
35654 3.9798929612
35713 3.9798893227
35827 3.9798888318
35871 3.9798868842
35937 3.9798667382
36337 3.9798634100
36359 3.9798513847
36967 3.9798510870
37101 3.9798478296
37266 3.9798459570
37594 3.9798453512
37620 3.9798448979
37710 3.9798436084
37996 3.9798436059
38010 3.9798429512
38025 3.9798426724
38093 3.9798416023
38208 3.9798406996
38346 3.9798404892
38375 3.9798403583
38510 3.9798403259
38589 3.9798395878
38830 3.9798381038
39076 3.9798378787
39179 3.9798374925
39400 3.9798373101
39404 3.9798372407
39728 3.9798371530
39839 3.9798369606
40117 3.9798369147
40243 3.9798367958
40300 3.9798365940
41057 3.9798365698
41116 3.9798364470
41553 3.9798364196
41808 3.9798363944
41955 3.9798363565
42077 3.9798363529
42226 3.9798363447
42227 3.9798363305
42238 3.9798363184
42527 3.9798363071
42555 3.9798363006
42819 3.9798362880
42821 3.9798362850
43021 3.9798362833
43051 3.9798362777
43210 3.9798362713
43213 3.9798362596
43389 3.9798362517
43702 3.9798362474
44246 3.9798362454
44256 3.9798362443
44309 3.9798362432
44421 3.9798362413
44503 3.9798362411
44524 3.9798362407
44531 3.9798362382
44761 3.9798362382
44850 3.9798362381
44959 3.9798362374
44989 3.9798362371
44992 3.9798362369
45013 3.9798362332
45154 3.9798362330
45329 3.9798362322
45371 3.9798362320
45497 3.9798362320
45582 3.9798362315
45607 3.9798362309
45768 3.9798362305
46056 3.9798362304
46308 3.9798362301
46330 3.9798362301
46421 3.9798362301
46516 3.9798362301
46534 3.9798362299
46612 3.9798362297
46720 3.9798362296
46795 3.9798362296
46903 3.9798362295
46926 3.9798362294
47023 3.9798362294
47039 3.9798362293
47183 3.9798362293
47230 3.9798362290
47535 3.9798362289
47603 3.9798362288
47629 3.9798362288
47969 3.9798362287
48105 3.9798362287
48318 3.9798362286
48501 3.9798362286
48614 3.9798362286
48663 3.9798362285
48757 3.9798362285
48775 3.9798362285
48922 3.9798362285
49020 3.9798362285
49050 3.9798362285
49213 3.9798362285
49308 3.9798362284
49431 3.9798362284
49465 3.9798362284
49593 3.9798362284
49658 3.9798362284
49946 3.9798362284
50072 3.9798362284
50483 3.9798362284
50516 3.9798362284
50929 3.9798362284
51212 3.9798362284
51543 3.9798362284
51831 3.9798362284
52200 3.9798362284
52281 3.9798362284
52295 3.9798362284
52374 3.9798362284
52561 3.9798362284
52676 3.9798362284
52694 3.9798362284
52729 3.9798362284
53148 3.9798362284
53347 3.9798362284
53460 3.9798362284
53645 3.9798362284
53650 3.9798362284
53674 3.9798362284
54007 3.9798362284
54192 3.9798362284
54204 3.9798362284
54323 3.9798362284
54373 3.9798362284
54432 3.9798362284
54499 3.9798362284
54550 3.9798362284
54701 3.9798362284
54778 3.9798362284
54791 3.9798362284
54875 3.9798362284
54916 3.9798362284
55141 3.9798362284
55528 3.9798362284
55685 3.9798362284
55952 3.9798362284
56151 3.9798362284
56960 3.9798362284
58306 3.9798362284
200052 3.9798362284
evaluations raw_y
1 5604.7372448253
2 3652.8415449779
3 3169.8798635322
4 2251.7306681631
10 1855.7232326517
13 1660.7852702507
86 1583.6779313331
101 1480.9849516446
130 1475.9095968199
132 1374.6822223397
177 1370.3866689075
215 1277.0672540194
217 1145.8300700623
223 1032.7958447004
224 1025.4129553692
317 978.5252151074
327 736.2897103541
414 649.9383380790
624 556.1742223071
3311 525.3060946373
3675 502.2536444108
3696 452.8042767295
3815 405.0307388662
4661 397.9758082084
4864 261.4833610519
5697 253.5103432446
5779 250.6642481189
5802 220.7860749880
5858 196.6717404800
6612 194.0506840342
6617 185.1675450071
7261 172.9176914135
7298 158.3229466366
7673 157.9391765420
7908 156.6623752716
8121 140.2249123949
8714 121.6853944412
9081 119.6100697355
9832 113.1327576773
10246 96.4363902481
21250 88.3875609417
21492 84.7714151049
21813 80.8994536740
22261 74.2394220525
22321 73.9078772165
22622 68.6840322093
22641 66.4765015742
22650 63.4232938644
22887 53.8914985519
23095 47.8061708628
23265 47.4647146236
23387 35.9584305001
23508 25.1966556500
24049 20.8031851055
24322 15.1464111882
25049 12.0732122939
25401 8.3029910810
26060 8.2296442886
26185 7.1480137895
26525 7.0378621068
26563 6.9916348228
26702 6.1685020185
26791 5.8421051141
27007 5.2699688159
27083 5.2038896767
27480 5.0723288282
27661 4.9130992708
27963 4.7735925929
28025 4.6655123741
28398 4.2738352893
29270 4.2444991609
29746 4.2333322813
29880 4.1325804250
30299 4.1160763213
30335 4.0938947384
30448 4.0682584760
30817 4.0634283028
30909 4.0278796824
31526 4.0240193182
31652 4.0117764956
32304 4.0078351930
32317 4.0077485279
32336 4.0070775578
32513 4.0039196759
32631 3.9935805240
33319 3.9932041782
33442 3.9922737313
33447 3.9906726932
33527 3.9883151122
33591 3.9872616869
33732 3.9860163298
33743 3.9857428803
33881 3.9854449602
33967 3.9849909395
34116 3.9840781523
34185 3.9838185717
34370 3.9835632993
34377 3.9826890352
34766 3.9824503949
34896 3.9823082933
34963 3.9820610412
35163 3.9818627259
35207 3.9815400898
35280 3.9813908725
35338 3.9812388248
35623 3.9808694003
35751 3.9808528273
35870 3.9808143877
35977 3.9806979982
36252 3.9806096959
36266 3.9805375677
36356 3.9805339238
36659 3.9804581072
36724 3.9804536029
36783 3.9804095465
36797 3.9803190795
36812 3.9802887200
36818 3.9802577257
36888 3.9802318739
37009 3.9802006344
37066 3.9801768578
37153 3.9801654913
37337 3.9801595341
37363 3.9801299451
37439 3.9801193572
37467 3.9801044219
37503 3.9800447420
37658 3.9800302844
37695 3.9799977733
37697 3.9799594988
37926 3.9799444306
38030 3.9798778374
38735 3.9798718594
39233 3.9798654762
39372 3.9798650723
39373 3.9798645989
39464 3.9798644802
39466 3.9798631080
39479 3.9798621207
39702 3.9798572572
39737 3.9798563483
39830 3.9798527314
40044 3.9798522295
40100 3.9798512880
40119 3.9798501860
40167 3.9798490242
40272 3.9798480427
40280 3.9798438905
40825 3.9798417198
41098 3.9798408500
41469 3.9798399796
41618 3.9798398302
41672 3.9798396237
41794 3.9798391779
41806 3.9798386107
41950 3.9798383166
42122 3.9798382475
42159 3.9798379105
42464 3.9798373624
42688 3.9798373329
42714 3.9798371632
42717 3.9798371449
42832 3.9798369388
42842 3.9798368556
43106 3.9798367545
43373 3.9798367141
43380 3.9798367047
43382 3.9798366884
43464 3.9798366377
43516 3.9798365818
43521 3.9798365242
43612 3.9798365179
43868 3.9798364952
43879 3.9798364500
43903 3.9798364201
44211 3.9798364071
44295 3.9798363840
44388 3.9798363529
45108 3.9798363358
45132 3.9798363317
45155 3.9798363231
45264 3.9798363193
45283 3.9798363185
45299 3.9798363087
45363 3.9798362806
45448 3.9798362786
45674 3.9798362698
45952 3.9798362659
46265 3.9798362628
46282 3.9798362506
46646 3.9798362422
46926 3.9798362400
47519 3.9798362395
47656 3.9798362375
47701 3.9798362365
47887 3.9798362346
48061 3.9798362335
48307 3.9798362335
48424 3.9798362334
48459 3.9798362315
48619 3.9798362300
49129 3.9798362297
49392 3.9798362296
49517 3.9798362294
49841 3.9798362294
50017 3.9798362293
50124 3.9798362291
50227 3.9798362290
50359 3.9798362290
50457 3.9798362287
50590 3.9798362287
50724 3.9798362287
51069 3.9798362286
51371 3.9798362285
51570 3.9798362285
51613 3.9798362285
51827 3.9798362285
52110 3.9798362285
52280 3.9798362284
52562 3.9798362284
52905 3.9798362284
52936 3.9798362284
53060 3.9798362284
53066 3.9798362284
53111 3.9798362284
53143 3.9798362284
53290 3.9798362284
53465 3.9798362284
53482 3.9798362284
53513 3.9798362284
53528 3.9798362284
53811 3.9798362284
53964 3.9798362284
53983 3.9798362284
54376 3.9798362284
54996 3.9798362284
55490 3.9798362284
55538 3.9798362284
55590 3.9798362284
55853 3.9798362284
55933 3.9798362284
56168 3.9798362284
56200 3.9798362284
56229 3.9798362284
56333 3.9798362284
56364 3.9798362284
56405 3.9798362284
56700 3.9798362284
56930 3.9798362284
57217 3.9798362284
57486 3.9798362284
57658 3.9798362284
57781 3.9798362284
58070 3.9798362284
58166 3.9798362284
58176 3.9798362284
58989 3.9798362284
59117 3.9798362284
59675 3.9798362284
60580 3.9798362284
63812 3.9798362284
evaluations raw_y
1 4639.6276641153
2 4035.2899977939
3 1342.2412103872
14 1322.4063413102
16 1302.4220636342
20 1161.7670607102
26 1109.7375209957
37 1057.2153092122
38 839.6522597307
125 810.6692101522
135 789.6566793388
147 693.1984848554
149 675.6862859827
251 536.0784524358
430 488.9907315164
2222 466.1460026064
2294 418.8134053461
2438 418.3160126441
2552 385.4891283573
2823 325.8459221896
3157 325.2890590255
3402 313.9022658947
3515 272.8430691894
3918 237.7219690267
3985 209.6833197730
4933 180.7442044126
5636 173.6759325987
6154 160.1694077801
6722 155.7161405616
6942 149.9598366081
6951 131.9795845019
7695 120.0450775349
8782 93.6888914390
17689 91.2157868793
18347 83.8423194992
18614 77.0874778184
18910 69.5258747204
19061 65.7495741173
19144 63.9078545456
19285 54.2701155662
19376 52.6157957462
19467 49.5111549917
19625 46.1200033610
19699 39.1025840727
19831 36.3229349182
19923 28.3928801264
20684 25.5036319231
20720 25.4587710164
20781 22.7272724057
20906 19.9378616988
20919 19.1902312322
21134 16.0563674043
21248 13.1279406714
21484 11.9601036059
21485 10.6719033874
21972 10.3784819386
22129 9.8970592741
22233 8.5767520588
22560 8.4245339778
22567 8.2035513965
22659 7.3142531987
22822 6.9210299165
22895 6.8662922583
22989 6.8065641261
23129 6.7976500341
23217 6.5463677921
23362 6.2241077804
23439 6.1425869387
23450 5.9886697228
23469 5.6001379044
23622 5.4876527256
23968 5.4366746981
23999 4.8562273112
24658 4.7974810897
24806 4.7606516130
24807 4.6968773744
24946 4.6820028201
24974 4.6105107532
25000 4.5670286357
25066 4.3148208186
25389 4.2487901990
26065 4.2476817861
26078 4.2404897201
26351 4.2253105015
26459 4.1962064000
26498 4.1328002499
26996 4.1137795355
27204 4.0890191523
27219 4.0875450772
27353 4.0736438953
27732 4.0726185569
28127 4.0541892750
28135 4.0506365056
28285 4.0490694701
28324 4.0371725292
28366 4.0324373747
28394 4.0205925954
28627 4.0155385638
28660 4.0152348213
28692 4.0056357490
28990 4.0015578012
29150 4.0011961263
29440 3.9962865978
29512 3.9948658815
29694 3.9941501948
29697 3.9937122705
29975 3.9908156526
30147 3.9883216890
30249 3.9883079143
30250 3.9876263666
30279 3.9839448863
30967 3.9839212335
30976 3.9835375303
31277 3.9820189359
31876 3.9819320094
31938 3.9815702982
32063 3.9815512881
32122 3.9815082200
32125 3.9814921855
32136 3.9814537402
32140 3.9810805263
32176 3.9807540273
32479 3.9805710856
32783 3.9803150994
33315 3.9802782391
33348 3.9802768489
33484 3.9802561926
33494 3.9802406586
33636 3.9802074270
33658 3.9801914306
33743 3.9800760022
33878 3.9800578029
33936 3.9800213906
34303 3.9799741096
34468 3.9799574621
34748 3.9799434621
35013 3.9799084443
35380 3.9799052420
35395 3.9798836122
35739 3.9798797557
35932 3.9798760307
36065 3.9798732534
36112 3.9798728340
36141 3.9798711720
36200 3.9798660328
36225 3.9798575633
36524 3.9798531527
37017 3.9798467659
37081 3.9798461171
37333 3.9798456048
37432 3.9798446576
37508 3.9798436546
37621 3.9798433965
37650 3.9798420744
37764 3.9798412292
37948 3.9798405446
37970 3.9798402687
38033 3.9798400518
38089 3.9798391451
38398 3.9798390715
38421 3.9798384797
38466 3.9798383754
38642 3.9798383141
38765 3.9798381510
38878 3.9798375373
39326 3.9798372799
39451 3.9798372736
39516 3.9798371984
39571 3.9798371805
39602 3.9798370920
39668 3.9798367414
39804 3.9798367160
40007 3.9798366237
40392 3.9798366118
40488 3.9798365569
40504 3.9798365045
40550 3.9798364640
40777 3.9798364526
41025 3.9798363413
41621 3.9798363256
41824 3.9798363233
41851 3.9798363187
41870 3.9798363133
41901 3.9798363078
41951 3.9798363019
42113 3.9798362852
42466 3.9798362765
42476 3.9798362633
42835 3.9798362538
43049 3.9798362440
43278 3.9798362430
43325 3.9798362415
43862 3.9798362412
43927 3.9798362404
43957 3.9798362396
43961 3.9798362377
44085 3.9798362367
44100 3.9798362355
44272 3.9798362349
44426 3.9798362341
44488 3.9798362341
44593 3.9798362339
44685 3.9798362326
44870 3.9798362311
45279 3.9798362309
45323 3.9798362303
45639 3.9798362303
45732 3.9798362303
45787 3.9798362294
46254 3.9798362291
46299 3.9798362291
46430 3.9798362290
46594 3.9798362290
46703 3.9798362289
46858 3.9798362289
46935 3.9798362288
47217 3.9798362286
47604 3.9798362286
47606 3.9798362285
48026 3.9798362285
48115 3.9798362285
48195 3.9798362285
48314 3.9798362285
48508 3.9798362285
48516 3.9798362284
48552 3.9798362284
48681 3.9798362284
48825 3.9798362284
49498 3.9798362284
49659 3.9798362284
49667 3.9798362284
49730 3.9798362284
49844 3.9798362284
50567 3.9798362284
50571 3.9798362284
50586 3.9798362284
50708 3.9798362284
50761 3.9798362284
50851 3.9798362284
50884 3.9798362284
50896 3.9798362284
51108 3.9798362284
51161 3.9798362284
51173 3.9798362284
51401 3.9798362284
51629 3.9798362284
51632 3.9798362284
51691 3.9798362284
51709 3.9798362284
51725 3.9798362284
51996 3.9798362284
52343 3.9798362284
52404 3.9798362284
52409 3.9798362284
52529 3.9798362284
52557 3.9798362284
52715 3.9798362284
52823 3.9798362284
53275 3.9798362284
53300 3.9798362284
53594 3.9798362284
53962 3.9798362284
54005 3.9798362284
54136 3.9798362284
54786 3.9798362284
54828 3.9798362284
54945 3.9798362284
55056 3.9798362284
55218 3.9798362284
55934 3.9798362284
56027 3.9798362284
56617 3.9798362284
56967 3.9798362284
57176 3.9798362284
59586 3.9798362284
66964 3.9798362284
200001 3.9798362284
evaluations raw_y
1 2310.9747617344
2 2215.1502931865
4 1304.3397167839
5 1279.9461626516
26 1077.1756367205
28 1070.2243490099
40 987.2675960717
72 817.2459470799
106 683.8234579592
120 624.6437246210
252 612.4196173858
282 609.2599060718
302 588.6268049855
316 563.0324448504
322 513.3750059868
454 486.4658314568
2284 438.6071856443
2382 431.3353854496
2910 338.6429580924
3045 332.2186037012
3525 291.1513987703
3912 233.6666966971
3982 231.5826486162
4357 218.3425548046
4956 216.0302738818
5091 205.3064315464
5372 193.2793764355
5930 185.8356916622
5981 176.1958027146
6528 153.9945204800
7103 151.4127449865
7262 148.8371864237
7296 146.6505429220
7393 146.0353363624
7737 138.2242424505
8075 124.7026945806
8578 121.2237990433
8838 114.7242391300
9614 97.9499584835
16183 97.5175631099
16330 92.3282303163
17195 91.4616830305
17655 88.1564918375
17827 86.3169789962
18377 84.5354198148
18488 78.1214453667
18585 72.4678087615
18638 69.8544020350
18674 55.0395341002
18890 54.1689522051
18962 23.4164755912
19862 18.4699059119
20374 17.6375834519
20411 15.2935883405
20643 15.0862193223
20678 12.6995836777
20843 12.6713645097
20981 10.6849112204
21048 10.3031162445
21370 7.8624576278
21609 7.2182009666
21725 6.7664163579
21788 6.7460264612
21789 5.7221332922
21939 5.1206844629
22197 4.7550110024
22505 4.4619048119
22775 3.8079318874
22808 3.6442175664
22972 3.5209775327
23105 3.4366669766
23203 3.2001570893
23264 2.9004610319
24204 2.8948823629
24323 2.8591343315
24425 2.6860115336
24551 2.6613612662
24569 2.6445104083
24575 2.5462852437
24656 2.4906984134
24831 2.4304557947
24933 2.4228490676
24946 2.4156064365
24979 2.3867628807
25169 2.3128943954
25182 2.2927554445
25497 2.2218478610
25807 2.1821567330
26245 2.1180579669
26601 2.0916788240
26762 2.0774447129
26807 2.0666025974
27093 2.0590626901
27165 2.0429725554
27189 2.0427242867
27255 2.0414391884
27449 2.0210655126
27531 2.0170962738
28046 2.0095066711
28234 2.0047706850
28337 2.0043936987
28678 2.0037417299
28757 2.0023768024
28783 2.0007628454
28970 1.9997389046
29155 1.9973165708
29329 1.9964292115
29364 1.9954598609
29508 1.9942613304
29985 1.9939101166
30107 1.9938565264
30137 1.9936002009
30193 1.9935175174
30253 1.9929733537
30344 1.9928723112
30412 1.9926296011
30458 1.9926218637
30485 1.9913682715
30853 1.9912245101
30900 1.9911873372
31080 1.9910992301
31105 1.9910075983
31391 1.9909929231
31431 1.9909758962
31500 1.9908558502
31513 1.9908029121
31573 1.9905642845
31936 1.9905210380
31982 1.9904221297
32049 1.9903188803
32237 1.9902859828
32291 1.9902496807
32728 1.9901601818
32738 1.9900848414
33022 1.9900799896
33033 1.9900451498
33421 1.9900316268
33545 1.9900108914
33572 1.9899934711
33732 1.9899755799
34125 1.9899708479
34236 1.9899651661
34325 1.9899596125
34437 1.9899561796
34703 1.9899334852
35455 1.9899311640
35713 1.9899229179
36644 1.9899206535
37060 1.9899198485
37379 1.9899198457
37456 1.9899195096
37655 1.9899193181
37967 1.9899191478
38045 1.9899190382
38239 1.9899190138
38263 1.9899186021
38666 1.9899185338
38781 1.9899184990
38829 1.9899184893
39091 1.9899184645
39126 1.9899184435
39159 1.9899183775
39332 1.9899183350
39380 1.9899183306
39537 1.9899183081
39566 1.9899182435
39925 1.9899182317
40003 1.9899182259
40027 1.9899182162
40075 1.9899181850
40449 1.9899181597
40657 1.9899181525
41006 1.9899181402
41443 1.9899181364
41456 1.9899181348
41738 1.9899181288
41960 1.9899181282
41979 1.9899181256
42249 1.9899181216
42619 1.9899181205
42737 1.9899181195
43057 1.9899181186
43236 1.9899181183
43298 1.9899181173
43415 1.9899181165
43791 1.9899181155
44396 1.9899181148
44885 1.9899181147
45310 1.9899181147
45357 1.9899181147
45425 1.9899181145
45544 1.9899181144
46328 1.9899181144
46334 1.9899181144
46486 1.9899181144
46508 1.9899181143
46598 1.9899181143
46656 1.9899181143
46734 1.9899181143
46790 1.9899181143
46792 1.9899181143
47064 1.9899181143
47080 1.9899181143
47176 1.9899181143
47349 1.9899181142
47418 1.9899181142
47467 1.9899181142
47664 1.9899181142
47675 1.9899181142
48040 1.9899181142
48173 1.9899181142
48254 1.9899181142
48451 1.9899181142
48641 1.9899181142
48724 1.9899181142
48734 1.9899181142
48878 1.9899181142
48933 1.9899181142
49062 1.9899181142
49093 1.9899181142
49146 1.9899181142
49184 1.9899181142
49790 1.9899181142
49933 1.9899181142
49963 1.9899181142
49972 1.9899181142
49988 1.9899181142
50046 1.9899181142
50174 1.9899181142
50281 1.9899181142
50363 1.9899181142
50406 1.9899181142
50504 1.9899181142
50694 1.9899181142
50887 1.9899181142
50963 1.9899181142
51052 1.9899181142
51108 1.9899181142
51255 1.9899181142
51445 1.9899181142
51450 1.9899181142
51907 1.9899181142
52154 1.9899181142
52332 1.9899181142
52337 1.9899181142
52559 1.9899181142
52676 1.9899181142
52743 1.9899181142
52999 1.9899181142
53067 1.9899181142
53098 1.9899181142
53197 1.9899181142
53432 1.9899181142
53556 1.9899181142
53567 1.9899181142
53866 1.9899181142
53870 1.9899181142
53945 1.9899181142
53987 1.9899181142
54254 1.9899181142
54284 1.9899181142
54552 1.9899181142
54585 1.9899181142
54616 1.9899181142
54724 1.9899181142
55097 1.9899181142
55156 1.9899181142
55157 1.9899181142
55203 1.9899181142
56243 1.9899181142
56983 1.9899181142
57637 1.9899181142
200010 1.9899181142
evaluations raw_y
1 1838.3074199453
13 1208.4137590931
110 1170.1071813745
155 1118.2959377373
165 1091.7898369756
168 978.9282451780
183 882.4413073574
218 823.7346362864
221 758.2817240848
328 718.6487962570
414 696.7523199635
432 684.5443001302
446 647.2681362568
497 633.0026867781
550 592.3179495936
3363 535.5382070149
3494 527.8725896123
3768 484.3373370539
3835 462.0681787631
4204 349.4537346052
4852 288.9058780825
5377 287.3930781373
5495 267.1778239964
5522 255.5887329575
5584 231.1119270315
5589 213.9158759602
5916 199.1612223802
6317 195.9519585474
6362 194.4623248114
6941 172.2569580779
7799 168.7108358085
7839 161.4757751510
8252 153.4553500147
8385 132.6052444800
9161 126.1964691408
10280 121.6070499589
11605 117.1381468730
11868 106.5120987798
13490 101.4431652784
17831 93.0660293583
18654 85.9484834362
19686 77.2239763690
19944 59.9217943066
20500 53.6214754058
20813 51.1214064879
21054 36.5961569652
21217 36.2029673170
21252 23.3801948404
22084 21.2887129623
22258 19.0800288397
22303 14.5196535886
22579 14.2021467962
22828 13.0912069533
22907 11.4332355544
22964 10.6866194311
23033 9.2974900298
23295 9.2145680430
23408 8.8137035994
23598 8.3959726213
23700 7.3557455922
23713 6.6485313234
23988 6.4154212850
24003 6.0603614813
24055 5.7798541926
24184 5.0662485345
24186 4.6207717244
24661 4.0906700487
25211 4.0525934365
25216 3.7509417683
25507 3.7321531166
25578 3.6848239624
25660 3.6816670870
25715 3.5827136002
25736 3.4884611431
25849 3.4785188043
25870 3.3800056635
26328 3.3754244968
26351 3.2463746260
26595 3.2436732393
26672 3.2219719826
26812 3.2132900128
26878 3.1308833125
27134 3.1212597283
27206 3.1156753849
27383 3.0940082505
27545 3.0935265980
27583 3.0763938684
27871 3.0705500906
27962 3.0669052097
28014 3.0597330262
28205 3.0371950366
28335 3.0252779669
28550 3.0183611635
29193 3.0128771729
29459 3.0115650386
29576 3.0067802739
29661 2.9969446780
30421 2.9946002270
30480 2.9931031982
30642 2.9910012853
31014 2.9909978230
31027 2.9888182793
31275 2.9882660453
31472 2.9880803071
31818 2.9877393698
31861 2.9873655218
31895 2.9872787740
32030 2.9866820143
32363 2.9860480868
32726 2.9860013983
32985 2.9858249175
33085 2.9856956648
33299 2.9856776267
33350 2.9856043187
33532 2.9855382976
33575 2.9854361588
33636 2.9854182502
33808 2.9852562955
34102 2.9852062221
34280 2.9850750562
34843 2.9849904550
35640 2.9849832865
35739 2.9849798973
35769 2.9849689830
35823 2.9849554508
36145 2.9849463428
36201 2.9849196095
36356 2.9849115903
36829 2.9849015183
36844 2.9848998510
37307 2.9848995172
37467 2.9848967925
37613 2.9848955971
37786 2.9848910904
37856 2.9848883768
37935 2.9848881751
38359 2.9848850424
38564 2.9848824224
38931 2.9848816900
39009 2.9848809948
39075 2.9848808186
39139 2.9848801697
39305 2.9848790147
40094 2.9848788893
40208 2.9848788612
40264 2.9848788532
40387 2.9848788171
40418 2.9848786688
40461 2.9848782716
40501 2.9848779885
41249 2.9848777944
41570 2.9848777463
41678 2.9848777020
41680 2.9848776474
41713 2.9848776418
41879 2.9848775860
41908 2.9848775760
41959 2.9848774412
42366 2.9848774058
42659 2.9848772823
43309 2.9848772666
43460 2.9848772572
43525 2.9848772531
43550 2.9848772312
43876 2.9848772299
43995 2.9848772216
44155 2.9848772155
44212 2.9848772024
44386 2.9848771959
44665 2.9848771938
44678 2.9848771916
44781 2.9848771904
44909 2.9848771866
45336 2.9848771819
45468 2.9848771806
45548 2.9848771792
45778 2.9848771748
46659 2.9848771748
46670 2.9848771744
46791 2.9848771741
46841 2.9848771739
46860 2.9848771733
47024 2.9848771728
47376 2.9848771726
47410 2.9848771726
47556 2.9848771724
47572 2.9848771723
47927 2.9848771722
47933 2.9848771721
47954 2.9848771720
48233 2.9848771720
48240 2.9848771719
48272 2.9848771719
48334 2.9848771719
48455 2.9848771716
48887 2.9848771716
49037 2.9848771716
49043 2.9848771716
49053 2.9848771716
49059 2.9848771716
49163 2.9848771716
49218 2.9848771715
49271 2.9848771715
49427 2.9848771715
49490 2.9848771714
49572 2.9848771714
49881 2.9848771714
50055 2.9848771714
50256 2.9848771713
50325 2.9848771713
50329 2.9848771713
50779 2.9848771713
51098 2.9848771713
51196 2.9848771713
51295 2.9848771713
51358 2.9848771713
51589 2.9848771713
51683 2.9848771713
51731 2.9848771713
51754 2.9848771713
51853 2.9848771713
52189 2.9848771713
52195 2.9848771713
52198 2.9848771713
52617 2.9848771713
52901 2.9848771713
53040 2.9848771713
53365 2.9848771713
53423 2.9848771713
53467 2.9848771713
53581 2.9848771713
53754 2.9848771713
54022 2.9848771713
54114 2.9848771713
54405 2.9848771713
54443 2.9848771713
54453 2.9848771713
54476 2.9848771713
54735 2.9848771713
54834 2.9848771713
54850 2.9848771713
55039 2.9848771713
55271 2.9848771713
55825 2.9848771713
56040 2.9848771713
56288 2.9848771713
56457 2.9848771713
56600 2.9848771713
56961 2.9848771713
57217 2.9848771713
57535 2.9848771713
58332 2.9848771713
58788 2.9848771713
59508 2.9848771713
69316 2.9848771713
130306 2.9848771713
evaluations raw_y
1 2266.1096367354
14 2241.1238620529
19 1702.8215750020
48 1516.3910662722
92 1291.2653947309
128 1229.5731655285
175 1002.7222044437
211 908.3611119939
267 904.5616145157
342 894.7392013493
364 892.1565477677
372 884.2294858364
388 830.3828151707
409 595.4819792685
2522 520.1861648852
3395 495.1946498129
3631 398.0247210478
3908 366.6127300509
4298 289.8080578820
5086 282.4763443721
5099 252.7845830297
5252 219.9303456458
5656 196.3875374647
6219 194.0731568694
6247 176.9040869785
6354 176.4440387165
6653 173.7279954881
7038 129.3315706525
9857 127.9894003939
9985 118.7456488248
10832 113.0276346918
10844 88.5757247749
19939 84.7594364076
21181 54.9965612389
21659 39.3468004639
22607 33.7237152199
23131 24.7983541346
23280 23.8936989543
23488 15.7652050230
23637 15.7351487829
23849 15.4018318746
23887 15.3912503269
24105 13.9598075649
24283 13.4720628834
24443 12.8696558142
24480 11.9011765371
24538 10.7028058466
24652 9.3712591666
24733 9.1776703088
24897 9.1752015092
24918 9.0913940721
24976 7.8444642069
25217 7.0160714545
25435 6.6598495623
25787 6.2324516873
25791 5.8251282341
26363 5.6153333060
26414 5.3438987147
26534 5.3177914535
26687 5.1234332280
26869 5.0558305718
27008 4.9515608090
27042 4.9117058430
27082 4.7038757366
27187 4.6619225708
27274 4.5571133879
27291 4.5394243698
27444 4.4352568900
27503 4.4074004196
27912 4.3729680353
27940 4.3722330181
28083 4.3715543579
28195 4.3142299886
28434 4.2910734716
28464 4.2879480704
28515 4.2813018925
28614 4.2169948492
28625 4.1629289733
28824 4.0998994696
29408 4.0701881415
29600 4.0641298823
29776 4.0286971457
30672 4.0226643128
30749 4.0200612784
30808 4.0181035221
30829 4.0138193058
31148 4.0051417483
31400 4.0024898035
31541 4.0022016804
31589 4.0019679790
31758 3.9989189707
31884 3.9940161237
32349 3.9927937856
32426 3.9926793452
32581 3.9917043026
32617 3.9911542852
32695 3.9908919756
32717 3.9891634191
32735 3.9878228787
32939 3.9856521901
33070 3.9854774650
33183 3.9854516872
33617 3.9829893975
33922 3.9827566007
33990 3.9824856710
34016 3.9821852377
34261 3.9816951380
34356 3.9814963561
34420 3.9810982610
35001 3.9808035388
35050 3.9807980638
35224 3.9807679818
35406 3.9806222617
35437 3.9805563532
35646 3.9805371460
35695 3.9805311845
35745 3.9804902019
35930 3.9804574636
35980 3.9803065969
36045 3.9801664637
36333 3.9801064241
36410 3.9801053266
36500 3.9800815359
36822 3.9800698331
36903 3.9800638168
36994 3.9800609802
37004 3.9800489547
37034 3.9799827481
37283 3.9799780509
37310 3.9799769405
37316 3.9799198121
37570 3.9799157758
37599 3.9798928787
38398 3.9798690257
38785 3.9798684416
38948 3.9798641809
39047 3.9798634307
39161 3.9798616284
39195 3.9798576553
39217 3.9798511890
39817 3.9798483861
39847 3.9798466921
39858 3.9798462436
40037 3.9798446268
40061 3.9798433092
40390 3.9798428151
40521 3.9798413121
40591 3.9798408315
40849 3.9798404035
41088 3.9798401448
41140 3.9798395833
41147 3.9798394688
41178 3.9798385607
41303 3.9798384961
41528 3.9798373196
42292 3.9798372034
42390 3.9798370971
42401 3.9798369826
42538 3.9798367864
42589 3.9798366637
42878 3.9798365170
43437 3.9798364500
43661 3.9798364133
43789 3.9798364121
43961 3.9798363735
44281 3.9798362942
44926 3.9798362765
45347 3.9798362753
45422 3.9798362730
45491 3.9798362726
45571 3.9798362649
45606 3.9798362612
45654 3.9798362535
45916 3.9798362529
45935 3.9798362469
46157 3.9798362452
46203 3.9798362437
46391 3.9798362410
46511 3.9798362385
46754 3.9798362383
46900 3.9798362341
47149 3.9798362338
47389 3.9798362335
47566 3.9798362335
47568 3.9798362327
47692 3.9798362320
47968 3.9798362310
48268 3.9798362300
48472 3.9798362299
48707 3.9798362298
48804 3.9798362297
48969 3.9798362292
49090 3.9798362292
49178 3.9798362292
49343 3.9798362291
49516 3.9798362291
49564 3.9798362290
49588 3.9798362289
49990 3.9798362288
50014 3.9798362288
50231 3.9798362288
50291 3.9798362287
50303 3.9798362287
50408 3.9798362286
50619 3.9798362286
50667 3.9798362286
50742 3.9798362286
51022 3.9798362285
51071 3.9798362285
51119 3.9798362285
51221 3.9798362285
51404 3.9798362284
51582 3.9798362284
51745 3.9798362284
52079 3.9798362284
52223 3.9798362284
52250 3.9798362284
52559 3.9798362284
52859 3.9798362284
52901 3.9798362284
53153 3.9798362284
53266 3.9798362284
53442 3.9798362284
53571 3.9798362284
53689 3.9798362284
53726 3.9798362284
53957 3.9798362284
54500 3.9798362284
55058 3.9798362284
55244 3.9798362284
55327 3.9798362284
55462 3.9798362284
55466 3.9798362284
55524 3.9798362284
55596 3.9798362284
55753 3.9798362284
55758 3.9798362284
56042 3.9798362284
56290 3.9798362284
56363 3.9798362284
56578 3.9798362284
56701 3.9798362284
57472 3.9798362284
58089 3.9798362284
59665 3.9798362284
evaluations raw_y
1 10995.1758513880
2 5287.8797870548
4 3407.6131327055
11 3151.2504808994
22 1860.4959088860
123 1545.3245458841
139 1380.4921580272
226 902.4963568447
252 831.0030146867
3367 762.8235048068
3453 707.3230264440
3582 647.6604410047
3721 575.7191656490
3907 524.0570567196
3918 480.8338907769
3987 453.1149022738
4190 397.9369314580
4601 386.8570736319
4987 250.1360109168
5835 238.4556918073
6100 229.9657608625
6211 208.1728159986
6366 185.1246997961
7256 182.9427543841
7364 158.7717145182
8264 150.3810846109
8439 147.2242356197
8502 127.4598116310
10029 120.5392732179
10840 120.4526537724
11023 114.8728543601
11504 99.5593441806
14241 85.4467366432
28345 80.7708089868
28457 78.1776343400
28519 72.8557252041
29056 45.8793573992
29637 32.1416686545
30350 28.2985748306
30485 26.2549524466
30488 22.9195658501
30560 18.1255880156
31206 14.2675197325
31217 13.5710102716
31428 10.3619717013
31844 9.1700142557
32176 8.6445002532
32201 8.2815174908
32251 7.5018839733
32664 7.2968497343
32784 6.6163846144
32885 6.3744544823
33061 6.0485092988
33293 5.3428514636
33473 4.8381348607
33733 4.7434568223
34000 4.6765533648
34253 4.5634166329
34479 4.5585458791
34518 4.3437554213
34720 4.2964711498
34866 4.2772270943
35187 4.1909815359
35784 4.1441436337
35963 4.1388699520
36127 4.1374153664
36186 4.1368015030
36322 4.1332749953
36335 4.1265273939
36391 4.1256845006
36528 4.0961181750
36537 4.0864758334
36696 4.0461207052
37058 4.0334215766
37231 4.0183223117
37677 4.0106581764
37862 4.0084531483
38067 4.0051529656
38220 4.0008969862
38518 4.0002893004
39008 3.9977596685
39012 3.9960829867
39130 3.9949923091
39441 3.9944785137
39489 3.9928459849
39705 3.9927887907
39771 3.9922449168
39790 3.9898045624
39856 3.9880459196
39974 3.9869128702
40016 3.9860231305
40203 3.9855731208
40520 3.9854002168
40658 3.9840256595
40854 3.9837731131
40987 3.9824281104
41233 3.9821856092
41383 3.9820744426
41562 3.9819596134
41630 3.9818265829
41639 3.9814431395
41662 3.9811566263
41997 3.9807233648
42469 3.9806321753
42559 3.9804249231
42597 3.9804021109
42930 3.9803768654
42999 3.9802821132
43152 3.9802687643
43225 3.9801535314
43527 3.9800473516
44058 3.9799520431
44594 3.9799420149
44906 3.9799361307
44950 3.9799035092
45176 3.9798907707
45701 3.9798842983
45850 3.9798590521
46359 3.9798549464
46363 3.9798544591
46460 3.9798501624
46785 3.9798495065
46848 3.9798450580
46941 3.9798443552
47567 3.9798439410
47740 3.9798411789
48042 3.9798405725
48089 3.9798393835
48337 3.9798393740
48745 3.9798392784
48924 3.9798392263
49023 3.9798385028
49520 3.9798381430
49560 3.9798380552
49582 3.9798375874
49867 3.9798372327
50201 3.9798370735
50300 3.9798368983
50659 3.9798368328
50680 3.9798368234
50762 3.9798366799
50863 3.9798365713
51192 3.9798365564
51538 3.9798364817
51709 3.9798364203
51828 3.9798363483
52043 3.9798363338
52216 3.9798363248
52507 3.9798363143
52792 3.9798363004
53017 3.9798362892
53076 3.9798362768
53348 3.9798362722
53364 3.9798362609
53761 3.9798362524
54196 3.9798362499
54735 3.9798362493
54798 3.9798362457
54920 3.9798362428
54925 3.9798362424
55018 3.9798362380
55310 3.9798362379
55377 3.9798362378
55468 3.9798362359
55732 3.9798362333
55938 3.9798362327
56247 3.9798362320
56272 3.9798362304
56647 3.9798362302
56725 3.9798362301
56788 3.9798362297
57193 3.9798362295
57387 3.9798362294
57601 3.9798362293
57734 3.9798362287
58616 3.9798362287
58726 3.9798362286
58896 3.9798362285
59075 3.9798362285
59283 3.9798362285
59481 3.9798362285
59635 3.9798362285
59845 3.9798362285
59851 3.9798362285
59960 3.9798362284
60077 3.9798362284
60202 3.9798362284
60258 3.9798362284
60298 3.9798362284
60436 3.9798362284
60446 3.9798362284
60505 3.9798362284
60726 3.9798362284
60965 3.9798362284
61008 3.9798362284
61483 3.9798362284
61913 3.9798362284
62414 3.9798362284
62649 3.9798362284
62695 3.9798362284
62779 3.9798362284
62826 3.9798362284
63267 3.9798362284
63401 3.9798362284
64031 3.9798362284
64308 3.9798362284
64380 3.9798362284
64481 3.9798362284
64647 3.9798362284
64678 3.9798362284
65544 3.9798362284
65604 3.9798362284
65654 3.9798362284
65829 3.9798362284
66053 3.9798362284
66320 3.9798362284
66561 3.9798362284
66633 3.9798362284
66805 3.9798362284
68457 3.9798362284
71182 3.9798362284
73207 3.9798362284
evaluations raw_y
1 6526.8663256540
2 4545.9507608331
4 2662.7186714309
6 1827.5845935621
14 1733.6637339561
16 1733.6172847372
21 1715.5533553311
47 1705.2192782619
55 1222.1277581644
144 1197.4158260500
165 903.2117458992
212 724.4695616346
309 708.2985255456
368 690.5757017855
612 683.0824646709
2714 650.5849335645
2798 571.7124582393
3095 521.6953616735
3112 510.5019812172
3164 467.5995778919
3462 444.4313477886
3524 414.9052103149
3890 390.4233018076
4078 339.2376102980
4079 323.2850673680
4292 315.6880380784
4490 281.1028054684
4804 270.2638087288
4917 244.6791010504
5174 234.9746997872
5209 212.6002933835
5482 194.0747814680
6178 192.8670039772
6311 174.8037453863
6509 157.6313390771
7015 156.6572795677
7079 142.2654616147
7695 129.9399541704
9006 127.7189945452
9045 116.4301083936
11706 110.9934184880
12508 103.3143407021
18226 100.7587546482
19861 91.5754659839
20387 76.5398459878
21437 74.5367683103
21592 73.1963536722
21616 69.6325790625
21738 68.8549395575
21753 56.7874064852
21944 50.0221314233
22095 49.2096012734
22203 43.7314247785
22249 40.4003370706
22380 38.9551352265
22547 29.4491757965
22900 26.7000548913
23156 26.0024727956
23190 23.0345828460
23365 22.1261470257
23378 19.2592399822
23447 18.2564044251
23614 17.3501262253
23834 15.0035284712
23848 14.3508109328
24106 12.5890653876
24162 12.1972548616
24365 9.8458364200
24414 9.0146763113
24761 8.2814873955
24774 6.7982964206
25681 5.7046840631
26107 5.6509289835
26414 5.4703878755
26524 5.3622987535
26683 5.2120854266
26758 5.0724401024
26973 4.8771239928
26978 4.8075938581
27249 4.5507591334
28071 4.3600287630
28223 4.3382942849
28717 4.2537852260
29051 4.2213082112
29544 4.1597376283
29651 4.1428560973
30221 4.1357178088
30369 4.1346382826
30671 4.1334534603
30935 4.1229733778
30968 4.1142277705
31016 4.0993735400
31121 4.0385767262
31932 4.0382610055
31937 4.0361812977
32137 4.0170990871
32346 4.0040110677
32776 4.0035578128
32901 4.0018205659
33048 4.0007103107
33190 4.0000156564
33197 3.9979595926
33268 3.9954526915
33305 3.9945659175
33548 3.9933746320
33621 3.9919094457
33642 3.9901036295
33944 3.9899124484
34034 3.9897690856
34167 3.9874169194
34210 3.9855351581
34212 3.9854206375
34581 3.9838832094
34652 3.9836172998
34832 3.9835745939
34949 3.9828545435
35311 3.9827093690
35517 3.9824739260
35579 3.9823850362
35582 3.9820306658
35834 3.9813604329
36375 3.9812635458
36403 3.9806966791
36819 3.9806123846
36828 3.9804945558
37278 3.9804830700
37580 3.9803686319
37749 3.9803604252
37891 3.9803565649
37947 3.9803228461
37983 3.9802317951
38051 3.9802009775
38105 3.9801736721
38226 3.9801529597
38319 3.9800983279
38514 3.9800782395
38544 3.9800692189
38551 3.9800660410
38605 3.9800190975
38688 3.9800062100
39053 3.9799835395
39275 3.9799813292
39386 3.9799710639
39432 3.9799519891
39435 3.9799328758
39695 3.9799288995
39731 3.9799283334
39818 3.9799195568
39951 3.9799174424
40034 3.9799021550
40044 3.9798856541
40402 3.9798826655
40459 3.9798731697
40522 3.9798718793
40623 3.9798652785
40708 3.9798609087
40893 3.9798596735
41102 3.9798548622
41744 3.9798515559
41750 3.9798485370
41949 3.9798484033
42004 3.9798468421
42014 3.9798459074
42033 3.9798457862
42059 3.9798455203
42112 3.9798429460
42339 3.9798417161
42652 3.9798415154
42801 3.9798415009
42832 3.9798402227
42837 3.9798382130
43382 3.9798380841
43497 3.9798379897
43550 3.9798375660
43796 3.9798373433
43948 3.9798372468
44068 3.9798371271
44128 3.9798371075
44281 3.9798368389
44376 3.9798367987
44424 3.9798367768
44811 3.9798367518
44819 3.9798367454
44824 3.9798367077
44828 3.9798366545
45014 3.9798365938
45053 3.9798365759
45144 3.9798365374
45371 3.9798364439
45552 3.9798363985
45696 3.9798363829
45737 3.9798363490
45962 3.9798363087
46823 3.9798362935
46835 3.9798362904
46972 3.9798362765
46989 3.9798362754
47017 3.9798362689
47050 3.9798362683
47413 3.9798362646
47457 3.9798362607
47572 3.9798362573
47678 3.9798362572
47781 3.9798362534
47903 3.9798362516
47935 3.9798362514
48060 3.9798362507
48106 3.9798362503
48242 3.9798362491
48319 3.9798362409
48525 3.9798362397
48715 3.9798362340
49360 3.9798362327
49795 3.9798362324
49925 3.9798362321
50040 3.9798362320
50088 3.9798362306
50369 3.9798362304
50410 3.9798362300
50637 3.9798362299
50676 3.9798362298
50855 3.9798362294
51286 3.9798362290
51346 3.9798362289
51916 3.9798362288
52074 3.9798362288
52162 3.9798362288
52200 3.9798362287
52322 3.9798362286
52702 3.9798362285
53030 3.9798362285
53298 3.9798362285
53363 3.9798362285
53403 3.9798362285
53523 3.9798362285
53777 3.9798362284
53878 3.9798362284
53883 3.9798362284
53929 3.9798362284
54022 3.9798362284
54312 3.9798362284
54609 3.9798362284
54623 3.9798362284
54728 3.9798362284
54812 3.9798362284
54834 3.9798362284
54842 3.9798362284
55053 3.9798362284
55275 3.9798362284
55290 3.9798362284
55318 3.9798362284
55377 3.9798362284
55424 3.9798362284
55632 3.9798362284
55655 3.9798362284
56016 3.9798362284
56134 3.9798362284
56242 3.9798362284
56271 3.9798362284
56657 3.9798362284
56726 3.9798362284
56737 3.9798362284
56803 3.9798362284
56974 3.9798362284
56993 3.9798362284
57335 3.9798362284
57587 3.9798362284
57700 3.9798362284
58160 3.9798362284
58305 3.9798362284
58391 3.9798362284
58584 3.9798362284
58899 3.9798362284
58923 3.9798362284
58934 3.9798362284
59036 3.9798362284
59243 3.9798362284
59532 3.9798362284
59678 3.9798362284
60030 3.9798362284
60223 3.9798362284
60746 3.9798362284
61678 3.9798362284
64227 3.9798362284
evaluations raw_y
1 943.8574159125
14 818.0342990806
59 699.1447322603
89 677.8546778770
105 654.4622904629
114 644.0270186855
140 523.7391423172
231 516.7984382956
324 479.1048247377
342 472.5586257147
2422 457.4103602691
2682 437.0626740539
2762 424.5643779144
2787 304.7388016481
3190 294.1821619251
3522 287.8443564795
3670 285.1062388534
3722 260.4931222358
3791 256.2747728209
3906 255.5788453636
4036 250.8388771120
4082 247.4192563367
4147 204.1564416822
4379 191.8563315319
4421 181.6922280441
5339 181.2949303612
5369 179.1554194909
5376 171.8042213680
5562 166.6962485329
5747 160.0412938949
5873 158.1958296982
6189 157.0523863043
6384 152.9915056343
6864 147.5135145917
6969 145.1560305976
7147 133.9682657336
8323 115.5607433374
11163 108.3955165341
11728 98.3089590959
14502 94.6276541688
14516 90.7870151134
17967 88.3409290496
17996 68.8354740658
18799 67.0482784652
18824 64.5776193601
18857 52.7477028112
19361 39.4551628637
19713 33.8886312259
19811 28.5233772605
19915 23.5656372835
20405 20.4921560996
20514 18.2766968300
20609 18.2616061507
20734 16.0959964201
20906 15.8785721819
20958 13.3944323915
21038 12.6596195318
21220 12.5236538456
21242 10.5993297665
21402 9.6889934393
21504 9.0599403120
21758 9.0134744446
21833 8.2732186202
21971 8.0686903397
22009 6.8822040494
22464 6.4373793024
22660 6.2414592181
22763 6.2225949599
23010 5.3419068590
23233 5.1388138413
23369 5.0322156493
23412 4.9891853328
23564 4.8861501513
23679 4.8443349448
23821 4.6670020531
23836 4.6633816147
23885 4.5945539863
24119 4.5857394402
24179 4.5856661402
24409 4.5464667142
24416 4.4616003452
24530 4.4366889229
24547 4.3781590977
24783 4.3309163718
24798 4.3195529884
24891 4.1976627021
25434 4.1684686121
25597 4.1403351331
25822 4.1043037441
26096 4.0956890512
26099 4.0578110287
26670 4.0573442852
26828 4.0518045157
27075 4.0481697554
27166 4.0442124655
27217 4.0380043578
27468 4.0338348069
27577 4.0256764678
27669 4.0251268847
27723 4.0188453701
27883 4.0102576604
28214 3.9938805197
28850 3.9932225435
28945 3.9927677392
29638 3.9874762240
29940 3.9865775815
30433 3.9864733841
30438 3.9861650726
30440 3.9855179790
30443 3.9839115574
30679 3.9831944875
30942 3.9822614326
31193 3.9814965255
31729 3.9813449421
31815 3.9809780305
31933 3.9806391929
32411 3.9805199291
32512 3.9803795255
32822 3.9803624573
33125 3.9803597612
33184 3.9803286899
33194 3.9802917312
33327 3.9802809511
33338 3.9802383507
33364 3.9801994944
33371 3.9801692838
33546 3.9801387577
33560 3.9801009750
33639 3.9800857318
33662 3.9800226543
34347 3.9799915287
34545 3.9799888323
34564 3.9799682070
34593 3.9799565009
34648 3.9799538962
34661 3.9799431346
34721 3.9799229364
34726 3.9799144757
34800 3.9799123792
35046 3.9799056579
35083 3.9798851793
35439 3.9798830462
35593 3.9798661283
35685 3.9798629792
36059 3.9798586961
36265 3.9798545608
36384 3.9798513107
36720 3.9798510475
36853 3.9798506769
36868 3.9798505214
36899 3.9798495389
36934 3.9798446720
37235 3.9798425970
37626 3.9798413036
37762 3.9798412489
37851 3.9798410179
38131 3.9798407611
38208 3.9798400368
38395 3.9798400242
38861 3.9798396156
38906 3.9798391391
39044 3.9798391378
39201 3.9798387444
39465 3.9798386818
39466 3.9798381370
39535 3.9798376257
39669 3.9798374505
40220 3.9798372743
40331 3.9798372620
40334 3.9798370996
40391 3.9798370150
40604 3.9798369078
40722 3.9798366977
41046 3.9798366490
41340 3.9798365815
41441 3.9798364749
41929 3.9798364660
41977 3.9798363874
42258 3.9798363779
42274 3.9798363052
43175 3.9798363003
43315 3.9798362989
43485 3.9798362870
43850 3.9798362866
43863 3.9798362819
43889 3.9798362798
43918 3.9798362683
44022 3.9798362679
44089 3.9798362565
44271 3.9798362564
44332 3.9798362522
44591 3.9798362489
44758 3.9798362483
44795 3.9798362461
44919 3.9798362443
45102 3.9798362402
45108 3.9798362400
45252 3.9798362383
45412 3.9798362377
45501 3.9798362352
45666 3.9798362345
45767 3.9798362329
45989 3.9798362323
46324 3.9798362310
46569 3.9798362309
46695 3.9798362308
46971 3.9798362307
46990 3.9798362304
47236 3.9798362303
47237 3.9798362301
47267 3.9798362300
47326 3.9798362298
47435 3.9798362296
47544 3.9798362292
47727 3.9798362289
47905 3.9798362288
48615 3.9798362287
48692 3.9798362286
48986 3.9798362286
49224 3.9798362285
49644 3.9798362285
49767 3.9798362285
49913 3.9798362285
49993 3.9798362285
50086 3.9798362285
50121 3.9798362284
50194 3.9798362284
50812 3.9798362284
51128 3.9798362284
51132 3.9798362284
51158 3.9798362284
51381 3.9798362284
51410 3.9798362284
51432 3.9798362284
51553 3.9798362284
51629 3.9798362284
51650 3.9798362284
51661 3.9798362284
51710 3.9798362284
51919 3.9798362284
52033 3.9798362284
52099 3.9798362284
52182 3.9798362284
52241 3.9798362284
52529 3.9798362284
52594 3.9798362284
52612 3.9798362284
52622 3.9798362284
52686 3.9798362284
52801 3.9798362284
53024 3.9798362284
53443 3.9798362284
53795 3.9798362284
53801 3.9798362284
54030 3.9798362284
54111 3.9798362284
54276 3.9798362284
54403 3.9798362284
54641 3.9798362284
54717 3.9798362284
54853 3.9798362284
54945 3.9798362284
54974 3.9798362284
55079 3.9798362284
55291 3.9798362284
55397 3.9798362284
55438 3.9798362284
55582 3.9798362284
55840 3.9798362284
55890 3.9798362284
55907 3.9798362284
55946 3.9798362284
56019 3.9798362284
56169 3.9798362284
56345 3.9798362284
56379 3.9798362284
56471 3.9798362284
56976 3.9798362284
57122 3.9798362284
57321 3.9798362284
57337 3.9798362284
57590 3.9798362284
57706 3.9798362284
58024 3.9798362284
58292 3.9798362284
60009 3.9798362284
62010 3.9798362284
72472 3.9798362284
200105 3.9798362284
evaluations raw_y
1 1766.3217737684
12 1282.8879116511
14 1249.4547693558
24 907.9593901032
87 806.9576106042
101 801.4100429182
164 738.6974066168
185 710.3683225409
221 705.1225843292
238 641.4960557488
371 625.4313352085
391 571.0651647926
444 499.7071188430
2855 495.0929868271
3489 417.7208639066
3814 412.5312911930
3959 344.9051225521
4148 264.1252608953
4919 245.1570672415
5069 241.1756606849
5183 239.4402876368
5448 207.1969447573
5543 200.1734306338
6079 198.3286887015
6181 188.5483243172
6211 171.8138681803
6685 169.5944153390
6942 158.1906147683
7168 151.3444865994
7317 147.6832991002
7676 137.9587889584
8606 135.9426360415
9444 122.3371550991
9902 89.5442347627
24936 87.5005255829
24961 86.5930047583
24973 86.5300189836
24998 63.5846925605
26013 60.8938683371
26485 60.2469099522
26506 48.9370140577
26651 40.1213854472
27177 38.6973632483
27281 37.2378029296
27326 28.6872677374
27606 25.6275698955
27828 23.3705224055
27954 22.8125444436
28086 18.8667530572
28132 15.4461547185
28422 14.2079090006
28435 11.2322505013
28665 10.6528869341
29458 9.7081359367
29469 9.0702942488
29480 7.8087532835
29896 7.5869834781
30097 7.1195235383
30376 6.6421546679
30601 6.2367177141
30793 6.0951059431
31157 5.8712282355
31884 5.7563141263
31896 5.6591838089
32000 5.6348345378
32087 5.5243082377
32123 5.4649837603
32452 5.3614058366
32813 5.2670991017
32828 5.2101877162
33140 5.1995208739
33533 5.1750393229
33642 5.1705642495
33717 5.1552333960
33778 5.0499102180
34752 5.0374366528
34801 5.0312545626
34834 5.0237250674
35573 5.0139832072
35577 5.0108991878
35739 4.9986874378
36232 4.9949733884
36447 4.9949413894
36688 4.9883355600
36882 4.9876757087
37227 4.9865429544
37306 4.9821378815
37799 4.9815944409
37943 4.9804626705
37970 4.9797459194
38038 4.9793763825
38045 4.9791465188
38308 4.9781476372
38851 4.9774484088
39073 4.9767448708
39126 4.9764996574
39299 4.9758611457
40022 4.9754463335
40693 4.9753736663
41005 4.9751379747
41171 4.9751335843
41288 4.9749905185
41367 4.9749801913
41594 4.9749720834
42014 4.9749326848
42087 4.9749286344
42196 4.9748790226
42770 4.9748775215
42805 4.9748624463
42906 4.9748422196
43051 4.9748359043
43631 4.9748165885
44245 4.9748162844
44280 4.9748146548
44399 4.9748129456
44734 4.9748126198
44747 4.9748122098
44750 4.9748086599
44839 4.9748031023
45139 4.9748015138
45217 4.9747996857
45841 4.9747994467
46227 4.9747973388
46567 4.9747969882
46844 4.9747968401
46950 4.9747968180
47126 4.9747963744
47229 4.9747959708
47707 4.9747959487
47901 4.9747957879
48028 4.9747957731
48079 4.9747957433
48088 4.9747956659
48169 4.9747956299
48338 4.9747956229
48412 4.9747955803
48615 4.9747954656
48904 4.9747954548
49091 4.9747954246
49343 4.9747953816
49624 4.9747953387
49846 4.9747953363
50080 4.9747953349
50102 4.9747953334
50155 4.9747953327
50200 4.9747953269
50342 4.9747953253
50443 4.9747953164
50541 4.9747953151
50824 4.9747953124
50860 4.9747953115
51078 4.9747953102
51171 4.9747953082
51229 4.9747953054
51381 4.9747953050
51476 4.9747952996
51577 4.9747952990
51586 4.9747952988
51797 4.9747952980
51859 4.9747952973
51957 4.9747952933
52036 4.9747952927
52252 4.9747952922
52474 4.9747952904
52658 4.9747952895
52685 4.9747952888
53133 4.9747952883
53253 4.9747952876
53812 4.9747952870
54308 4.9747952866
54545 4.9747952864
54632 4.9747952864
54633 4.9747952863
54760 4.9747952862
54910 4.9747952859
55093 4.9747952859
55283 4.9747952859
55389 4.9747952858
55399 4.9747952858
55520 4.9747952858
55701 4.9747952858
55713 4.9747952857
56229 4.9747952857
56248 4.9747952856
56391 4.9747952856
56548 4.9747952856
56590 4.9747952855
56842 4.9747952855
56955 4.9747952855
57589 4.9747952855
57646 4.9747952855
58178 4.9747952855
58189 4.9747952855
58933 4.9747952855
58995 4.9747952855
59016 4.9747952855
59155 4.9747952855
59248 4.9747952855
59285 4.9747952855
59447 4.9747952855
59659 4.9747952855
59779 4.9747952855
60039 4.9747952855
60267 4.9747952855
60390 4.9747952855
61018 4.9747952855
61386 4.9747952855
61396 4.9747952855
61625 4.9747952855
61769 4.9747952855
62322 4.9747952855
62328 4.9747952855
62677 4.9747952855
63088 4.9747952855
63167 4.9747952855
63178 4.9747952855
63257 4.9747952855
63748 4.9747952855
64022 4.9747952855
64038 4.9747952855
64307 4.9747952855
64804 4.9747952855
65465 4.9747952855
67285 4.9747952855
69460 4.9747952855
evaluations raw_y
1 1633.4953059017
2 1344.2248340553
16 1162.3430593621
21 1114.0148147356
31 932.4049881603
32 829.3475777207
121 826.2063739424
126 791.6672753039
140 749.6390511454
180 578.7113690512
251 557.6325091768
376 538.4491872783
536 512.7271399846
635 511.1079998183
2131 454.4521829139
2195 452.6605628066
2246 431.0808927566
2426 418.1056094187
2506 415.1963694599
2643 306.7773887729
2844 277.1062591188
3461 249.3575334578
3764 232.4293204804
4004 194.3153088745
4238 193.7526683840
4388 184.0320822011
4714 178.8390283244
4918 175.5188986004
5003 169.3545498705
5053 132.6190778740
7253 125.4655312493
7947 119.3274845649
9676 111.8317823337
12918 107.4990451983
13987 89.5074700573
17284 88.5493223664
17853 54.4738777673
19224 52.5828683661
19499 40.5350202536
19903 38.0226910186
19949 34.0222166044
20045 30.3902259492
20413 29.1515077744
20538 22.7533445229
20765 22.3256348336
20889 18.2934218852
21036 17.6523990054
21351 13.4305426331
21565 10.4256707149
21998 9.8552022408
22496 9.1927573247
22570 9.1156612979
23107 8.7910283262
23246 8.7490752543
23312 7.6656338102
23796 7.6139512709
23810 7.5593545595
23894 7.2935731149
24018 6.9827969615
24150 6.9823471102
24347 6.8696992996
24490 6.8246220067
24616 6.7018815418
24940 6.5632195846
25041 6.5220388438
25194 6.5002890891
25197 6.4096227043
25386 6.3861099364
25498 6.3735384830
25545 6.3125568651
25549 6.3102067026
25660 6.2357145814
25717 6.1987221354
25779 6.1837537921
25850 6.1682370807
26169 6.1382165715
26467 6.1203253216
26471 6.1171615123
26582 6.1079266050
26652 6.0706757175
26777 6.0524815094
27650 6.0363002531
27715 6.0278357854
27781 6.0276010922
27979 6.0155400060
28275 6.0113950252
28515 6.0035815929
28653 5.9935676173
28984 5.9931079031
29002 5.9900147827
29304 5.9894670366
29305 5.9866129063
29436 5.9810828908
29721 5.9786336468
30025 5.9775038407
30183 5.9759961908
30364 5.9755148971
30569 5.9727678443
31260 5.9724677246
31374 5.9724241844
31548 5.9723265033
31565 5.9718859640
31932 5.9717912319
31944 5.9715838915
32024 5.9715708601
32044 5.9712745158
32066 5.9709309073
32384 5.9707317141
32517 5.9706838558
32581 5.9703865317
32721 5.9703831859
32936 5.9703512944
33056 5.9702857416
33215 5.9701902236
33229 5.9701581198
33369 5.9701494183
33378 5.9701410482
33471 5.9700193468
33800 5.9699689733
33966 5.9699354613
34265 5.9699082028
34567 5.9698702480
34826 5.9698487468
34923 5.9698449352
34969 5.9698257256
35040 5.9698235572
35173 5.9698129387
35439 5.9698030951
35552 5.9697924232
35849 5.9697822498
35892 5.9697822046
36004 5.9697750518
36148 5.9697742790
36269 5.9697734400
36277 5.9697698002
36351 5.9697675658
36525 5.9697657424
36898 5.9697629083
37121 5.9697599057
37351 5.9697579980
37976 5.9697564484
38486 5.9697558983
38825 5.9697557485
39076 5.9697557225
39195 5.9697556603
39217 5.9697554778
39440 5.9697554034
39461 5.9697551372
39530 5.9697550172
39699 5.9697549243
39795 5.9697548946
39926 5.9697548652
39988 5.9697548430
40093 5.9697547980
40190 5.9697547255
40370 5.9697546009
40779 5.9697545131
40984 5.9697544943
41287 5.9697544755
41367 5.9697544749
41395 5.9697544710
41417 5.9697544663
41451 5.9697544483
41766 5.9697544055
42094 5.9697543878
42201 5.9697543822
42717 5.9697543705
42856 5.9697543652
42871 5.9697543650
43185 5.9697543636
43275 5.9697543632
43402 5.9697543606
43606 5.9697543585
43609 5.9697543566
43615 5.9697543544
43927 5.9697543534
44016 5.9697543492
44407 5.9697543480
44555 5.9697543477
44558 5.9697543474
44619 5.9697543471
44856 5.9697543456
45339 5.9697543456
45373 5.9697543449
45458 5.9697543448
45469 5.9697543445
45514 5.9697543445
45792 5.9697543440
46067 5.9697543439
46071 5.9697543438
46204 5.9697543437
46261 5.9697543435
46370 5.9697543434
46436 5.9697543434
46499 5.9697543433
46604 5.9697543433
46673 5.9697543431
46930 5.9697543430
46976 5.9697543430
47132 5.9697543429
47779 5.9697543428
47805 5.9697543428
47909 5.9697543428
48057 5.9697543428
48215 5.9697543427
48352 5.9697543427
48418 5.9697543427
48429 5.9697543427
48462 5.9697543427
48489 5.9697543427
48520 5.9697543427
48559 5.9697543427
48667 5.9697543427
48757 5.9697543426
48800 5.9697543426
48856 5.9697543426
49094 5.9697543426
49245 5.9697543426
49405 5.9697543426
49462 5.9697543426
49538 5.9697543426
49636 5.9697543426
50031 5.9697543426
50159 5.9697543426
50480 5.9697543426
50552 5.9697543426
50718 5.9697543426
50798 5.9697543426
51023 5.9697543426
51028 5.9697543426
51072 5.9697543426
51388 5.9697543426
51584 5.9697543426
51763 5.9697543426
51866 5.9697543426
51972 5.9697543426
52110 5.9697543426
52117 5.9697543426
52158 5.9697543426
52263 5.9697543426
52303 5.9697543426
52491 5.9697543426
52526 5.9697543426
52548 5.9697543426
52616 5.9697543426
52626 5.9697543426
52798 5.9697543426
52822 5.9697543426
52846 5.9697543426
53173 5.9697543426
53201 5.9697543426
53215 5.9697543426
53483 5.9697543426
53516 5.9697543426
53621 5.9697543426
53846 5.9697543426
53875 5.9697543426
53932 5.9697543426
54048 5.9697543426
54309 5.9697543426
54413 5.9697543426
54480 5.9697543426
54867 5.9697543426
54917 5.9697543426
55127 5.9697543426
55133 5.9697543426
55148 5.9697543426
55257 5.9697543426
56211 5.9697543426
56573 5.9697543426
56875 5.9697543426
58163 5.9697543426
70286 5.9697543426
187671 5.9697543426
evaluations raw_y
1 1614.9272828602
12 1190.3383445020
34 1032.4719780934
35 989.8000672435
101 971.3650656601
102 643.4005547094
265 615.7231310417
287 612.6880555730
392 599.1776079399
397 586.8483614811
413 507.6591636527
2262 479.3375658696
2673 432.2430832615
2760 340.3940770604
3270 323.6948075934
3391 275.2454452182
4031 267.6094532013
4211 252.6311628845
4369 214.2070424630
4466 208.2048500618
4724 201.1121412077
4877 196.6034123102
4886 181.0112923604
5337 156.2250794769
5763 148.9688819282
7015 139.5131749232
7211 111.1575269075
7907 110.0512530230
8741 108.1962502986
10490 103.7598264454
12143 95.0690529841
16691 91.7893569234
19868 87.8415892962
19991 84.4042605443
20290 73.7412322118
20813 61.3007926587
20871 50.1759684871
21165 39.7790599524
21392 30.9336999809
21953 26.8529125389
22139 25.6065868220
22223 23.0960106560
22232 18.7724739446
22578 17.7215656743
22636 17.0279590854
22727 16.6087990751
22935 15.0172624994
23074 11.8934553571
23485 10.9277159002
23615 9.8997085098
23763 8.4893582600
23832 8.1197194127
24148 6.7561645102
24421 6.3396632409
24510 5.9108605008
24740 5.8610352115
24884 4.9942341013
24998 4.9411663135
25174 4.5802709341
25211 4.0957070319
25434 3.7951738778
25989 3.7206247659
26147 3.6569128442
26184 3.3500427954
26422 3.2559840263
26951 3.2157333715
27152 3.2137115831
27229 3.2064582887
27230 3.1619801865
27494 3.1570116575
27511 3.1245095927
27746 3.1054884576
27753 3.0771033690
27972 3.0718681035
28069 3.0595343069
28258 3.0532906762
28387 3.0483957781
28563 3.0383237347
28817 3.0269924491
29185 3.0208587543
29428 3.0039792119
30336 3.0039120479
30448 3.0021933424
30465 3.0004345178
30559 2.9990350573
30808 2.9990139034
30852 2.9982943470
30861 2.9978530966
30970 2.9943454296
31133 2.9932788202
32089 2.9926812236
32101 2.9903320445
32201 2.9893377135
32779 2.9893281686
33126 2.9887444929
33147 2.9883689897
33254 2.9881190720
33561 2.9876967824
33572 2.9867332086
33902 2.9863296884
33999 2.9857684252
34736 2.9856455984
34953 2.9855747246
35512 2.9854866172
35651 2.9853293351
36132 2.9853124826
36156 2.9852606695
36174 2.9852259716
36217 2.9851813175
36321 2.9851561541
36485 2.9851168217
36503 2.9851105929
36694 2.9851008256
36862 2.9850972573
36863 2.9850940071
36871 2.9850858839
36933 2.9850682384
37027 2.9850285929
37117 2.9849884401
37486 2.9849813933
37721 2.9849768368
37731 2.9849640699
37932 2.9849558432
38028 2.9849499672
38046 2.9849331118
38202 2.9849248139
38685 2.9849108291
38812 2.9849101111
38852 2.9849081134
39124 2.9849072800
39137 2.9849024677
39187 2.9849019973
39196 2.9848958475
39250 2.9848944858
39580 2.9848942401
39627 2.9848876868
39976 2.9848875958
40017 2.9848874262
40346 2.9848830797
40524 2.9848829577
40548 2.9848824843
40775 2.9848812474
41043 2.9848810585
41119 2.9848809256
41336 2.9848796237
41496 2.9848792478
41557 2.9848792192
41624 2.9848786317
42075 2.9848776456
42695 2.9848775817
43196 2.9848774084
43711 2.9848773931
43742 2.9848773882
43854 2.9848773820
43882 2.9848773809
43944 2.9848773656
43947 2.9848773297
44242 2.9848772902
44311 2.9848772662
44963 2.9848772651
44977 2.9848772617
45010 2.9848772342
45168 2.9848772299
45296 2.9848772259
45462 2.9848772250
45494 2.9848772220
45565 2.9848772128
45744 2.9848772018
45929 2.9848772015
45939 2.9848771954
46255 2.9848771947
46362 2.9848771935
46425 2.9848771902
46588 2.9848771858
47033 2.9848771850
47057 2.9848771840
47082 2.9848771808
47211 2.9848771769
48016 2.9848771769
48019 2.9848771762
48035 2.9848771759
48178 2.9848771748
48537 2.9848771745
48565 2.9848771745
48569 2.9848771743
48674 2.9848771737
48946 2.9848771734
48956 2.9848771728
49297 2.9848771727
49354 2.9848771723
49568 2.9848771721
49606 2.9848771721
49615 2.9848771719
50093 2.9848771718
50094 2.9848771718
50423 2.9848771717
50449 2.9848771716
50521 2.9848771716
50585 2.9848771716
50722 2.9848771716
50881 2.9848771715
51043 2.9848771715
51140 2.9848771714
51588 2.9848771714
51643 2.9848771714
51692 2.9848771714
51762 2.9848771714
51832 2.9848771714
51858 2.9848771714
52115 2.9848771713
52166 2.9848771713
52233 2.9848771713
52316 2.9848771713
52328 2.9848771713
52728 2.9848771713
52754 2.9848771713
52892 2.9848771713
52908 2.9848771713
52980 2.9848771713
53397 2.9848771713
53409 2.9848771713
53641 2.9848771713
53898 2.9848771713
53944 2.9848771713
54113 2.9848771713
54519 2.9848771713
54521 2.9848771713
54624 2.9848771713
54712 2.9848771713
55195 2.9848771713
55580 2.9848771713
55968 2.9848771713
56135 2.9848771713
56396 2.9848771713
56436 2.9848771713
57081 2.9848771713
57234 2.9848771713
57654 2.9848771713
57974 2.9848771713
58543 2.9848771713
60371 2.9848771713
evaluations raw_y
1 6394.3895591472
2 2223.9316800428
14 2107.9616951544
16 1552.6209109741
25 1473.2851259271
29 1462.2811994073
36 1414.4061056915
69 1400.0377041971
83 1359.9096187504
121 1168.9405791539
135 1074.6581625647
150 1004.7356683354
173 987.5265064846
227 976.1545773662
237 963.1275050687
241 702.0431143697
351 673.2045168893
386 645.0006313846
479 628.5768519429
561 623.2310274993
2689 568.8118629682
2864 543.2367671726
3018 510.7324829307
3075 430.1390694798
3240 397.2252216787
3802 361.0395163202
3836 307.4715290982
4768 304.2693264386
4784 295.7155197286
4838 286.4534475471
5682 274.6779770616
5767 218.8422743392
6230 210.6134390111
6675 206.7793862557
6975 183.5954430236
7211 183.0174729467
7305 174.8574974706
7560 165.9809214542
7817 152.6890803665
7897 151.9425064460
7932 149.1357100524
8553 148.4057151132
9132 142.1812574783
9289 138.3931053483
10037 136.8658096120
10344 136.4935703712
10391 131.0347608219
11386 114.4543914505
11949 112.7066794518
11999 111.4621381672
14466 111.1482207386
16799 106.3526500668
22777 100.6881640036
23131 92.0134667753
24808 78.1077657090
25234 76.9785383520
25353 59.8633919022
26489 51.8040567693
26847 36.6338307089
27147 32.3678324048
27344 30.5350952548
27636 29.6341803498
27725 27.8812099442
27802 26.5071845506
27844 25.1864740907
28053 23.1361807358
28237 22.9006561901
28438 17.9752149701
28695 15.8514575490
28845 14.4651962873
29305 14.2526224639
29431 14.0082195208
29668 13.8712976115
29679 13.6829636876
29784 13.6713349502
29844 13.5018661512
29896 12.6269212005
30054 12.5567698258
30136 11.6481040051
30264 10.6630038153
30339 10.5651428154
30840 10.3602825101
31236 10.2949665320
31241 10.1336958889
31420 10.0321863133
31452 9.9004729608
31561 9.8486197380
31587 9.7333943864
31608 9.7054691789
31718 9.5674062148
31787 9.4557906763
32038 9.4526137176
32323 9.3680928850
32499 9.3094620550
32606 9.2749465466
32680 9.2660758488
32954 9.2033047363
33158 9.1555931660
33527 9.1533940123
33596 9.1259495171
33655 9.0891211036
33966 9.0787958404
34003 9.0726335575
34296 9.0343623481
34435 9.0234665204
34509 9.0232251567
34830 8.9925471563
35364 8.9848756582
35561 8.9793692814
35687 8.9766925852
35872 8.9755221890
36054 8.9734954505
36308 8.9707743229
36411 8.9663006811
36663 8.9662814082
36700 8.9655274858
36910 8.9643294593
37067 8.9621084154
37110 8.9600865670
37408 8.9594229256
37813 8.9586348493
38020 8.9584992704
38104 8.9577695768
38409 8.9575966140
38534 8.9568645662
38725 8.9567414833
38787 8.9566205220
39034 8.9562044378
39075 8.9561258394
39111 8.9560374527
39155 8.9559344145
39265 8.9558304554
39268 8.9557928160
39291 8.9557651042
39360 8.9554327147
39607 8.9554116411
39667 8.9553934557
39783 8.9553130091
39955 8.9553117534
40036 8.9551419621
40085 8.9550086638
40131 8.9548877455
40611 8.9548758048
41003 8.9548412007
41313 8.9548190535
41316 8.9547444398
41452 8.9547279935
41615 8.9547103609
42027 8.9546920314
42146 8.9546909446
42350 8.9546649138
42897 8.9546606170
42950 8.9546576415
43038 8.9546471750
43938 8.9546451251
43972 8.9546399182
44399 8.9546384789
44418 8.9546381060
44447 8.9546378043
44936 8.9546376634
44958 8.9546376212
44972 8.9546366720
45105 8.9546366585
45113 8.9546366159
45187 8.9546359908
45232 8.9546356664
45233 8.9546355036
45378 8.9546347492
45444 8.9546346946
45517 8.9546346682
45637 8.9546345721
45672 8.9546338490
45765 8.9546329505
45828 8.9546324602
46598 8.9546324436
46621 8.9546321918
46761 8.9546320665
46974 8.9546320100
47228 8.9546319404
47603 8.9546319126
47654 8.9546318281
47670 8.9546317180
47837 8.9546316780
48067 8.9546316733
48393 8.9546316722
48490 8.9546316500
48702 8.9546315989
48918 8.9546315628
49719 8.9546315564
49855 8.9546315550
49960 8.9546315450
50165 8.9546315359
50217 8.9546315325
50304 8.9546315293
50742 8.9546315292
50802 8.9546315283
50880 8.9546315265
50956 8.9546315264
51105 8.9546315221
51151 8.9546315214
51164 8.9546315212
51401 8.9546315208
51420 8.9546315200
51436 8.9546315191
51490 8.9546315189
51570 8.9546315170
52168 8.9546315168
52264 8.9546315160
52626 8.9546315159
52644 8.9546315157
52752 8.9546315154
52837 8.9546315151
52893 8.9546315149
53273 8.9546315149
53303 8.9546315149
53305 8.9546315148
53434 8.9546315146
53465 8.9546315144
53820 8.9546315142
54360 8.9546315141
54550 8.9546315140
54758 8.9546315140
54876 8.9546315140
55188 8.9546315139
55335 8.9546315139
55708 8.9546315139
55777 8.9546315139
55787 8.9546315139
55822 8.9546315139
55977 8.9546315139
56483 8.9546315139
56793 8.9546315139
56814 8.9546315139
56954 8.9546315139
56984 8.9546315139
57044 8.9546315139
57162 8.9546315139
57163 8.9546315139
57439 8.9546315138
57579 8.9546315138
57730 8.9546315138
57939 8.9546315138
57968 8.9546315138
58048 8.9546315138
58097 8.9546315138
58178 8.9546315138
58533 8.9546315138
58534 8.9546315138
58586 8.9546315138
58593 8.9546315138
58941 8.9546315138
59167 8.9546315138
59212 8.9546315138
59260 8.9546315138
59407 8.9546315138
59506 8.9546315138
59571 8.9546315138
59918 8.9546315138
59969 8.9546315138
60001 8.9546315138
60659 8.9546315138
60805 8.9546315138
61355 8.9546315138
63025 8.9546315138
