evaluations raw_y
1 315.1305822053
2 75.4891400077
13 31.2913603583
22 10.2962404791
60 7.9043729566
73 5.6032649483
255 2.8572043334
779 2.2369777961
885 2.1813665115
945 1.4375006494
1042 0.8071593142
1183 0.4122381939
1296 0.1823554487
1321 0.1206106082
1593 0.0926715161
2135 0.0467476938
2243 0.0286981799
2277 0.0020644105
3363 0.0015118303
3640 0.0014681294
3724 0.0008136806
3942 0.0005744862
4086 0.0003949456
4213 0.0001536618
4870 0.0001377581
4918 0.0000600285
5072 0.0000358491
5542 0.0000267145
5577 0.0000241412
5602 0.0000006094
6173 0.0000003806
6835 0.0000001780
7197 0.0000001682
7288 0.0000001496
7319 0.0000001425
7389 0.0000000152
7799 0.0000000064
8229 0.0000000057
8606 0.0000000027
8665 0.0000000006
9200 0.0000000003
9433 0.0000000002
9744 0.0000000002
9843 0.0000000002
9897 0.0000000000
11058 0.0000000000
11062 0.0000000000
11213 0.0000000000
11285 0.0000000000
11448 0.0000000000
11457 0.0000000000
11554 0.0000000000
12227 0.0000000000
12453 0.0000000000
12470 0.0000000000
evaluations raw_y
1 2237.0009585543
2 1104.4403656712
3 970.9253171355
5 82.7327031244
11 32.1601083054
18 24.8607266209
74 15.2312309923
141 11.4512416881
165 8.6739921194
257 6.9534468435
514 3.9738007386
593 2.8295323277
755 1.3250270453
772 0.0361698482
1960 0.0336646074
2368 0.0313142874
2505 0.0095839572
2848 0.0085846570
2904 0.0072068999
2918 0.0040852828
3118 0.0037680555
3136 0.0035044455
3399 0.0004437566
4004 0.0002936448
4021 0.0000646033
4505 0.0000565555
4841 0.0000261509
5023 0.0000219810
5554 0.0000101639
6055 0.0000045638
6080 0.0000028806
6094 0.0000022010
6495 0.0000004960
6933 0.0000004844
6968 0.0000003662
7355 0.0000002118
7570 0.0000001446
7867 0.0000000831
7888 0.0000000460
8003 0.0000000257
8102 0.0000000237
8406 0.0000000112
8678 0.0000000074
8688 0.0000000023
9125 0.0000000020
9154 0.0000000019
9246 0.0000000014
9336 0.0000000007
9423 0.0000000006
9941 0.0000000006
9964 0.0000000001
9999 0.0000000001
10612 0.0000000000
10837 0.0000000000
11201 0.0000000000
11320 0.0000000000
11363 0.0000000000
11364 0.0000000000
11717 0.0000000000
12157 0.0000000000
12322 0.0000000000
12441 0.0000000000
12510 0.0000000000
evaluations raw_y
1 935.5264251839
2 711.5107859907
4 542.4174362737
6 337.6700868433
11 109.8571601252
72 72.2822085631
101 61.8919281620
111 37.0868000572
148 14.2353359646
234 3.3252413215
340 2.8832788370
584 0.8885541236
1060 0.1614653916
1152 0.0539058330
1612 0.0354590945
2018 0.0319289327
2280 0.0077320820
2527 0.0067939799
2672 0.0022503630
2746 0.0007578604
3165 0.0000601791
4040 0.0000404679
4749 0.0000300828
4763 0.0000155639
5156 0.0000115909
5195 0.0000062341
5347 0.0000035800
5391 0.0000029845
5722 0.0000008807
6122 0.0000001595
6505 0.0000001217
6781 0.0000000151
7696 0.0000000036
8628 0.0000000001
9749 0.0000000001
10257 0.0000000000
10951 0.0000000000
11081 0.0000000000
11267 0.0000000000
11420 0.0000000000
11551 0.0000000000
11890 0.0000000000
12188 0.0000000000
12380 0.0000000000
13006 0.0000000000
13428 0.0000000000
evaluations raw_y
1 356.3832767505
3 145.7726573816
17 108.3165620880
41 63.3005111768
81 44.1555913561
172 29.6593515977
188 26.7679833595
621 15.5457670352
635 13.9008609744
781 5.5625125717
895 4.1053908316
1065 2.3759064307
1207 2.2054265681
1306 2.0703348894
1340 0.8416435094
1815 0.1657327804
2055 0.1233383464
2185 0.1185767567
2261 0.0494440513
2318 0.0449957066
2481 0.0398219395
2502 0.0384775395
2714 0.0035146209
3649 0.0029822960
3663 0.0023548878
3706 0.0010530547
3870 0.0007738634
4129 0.0006380482
4169 0.0000965989
4462 0.0000674164
4885 0.0000255484
5078 0.0000222590
5412 0.0000056932
5533 0.0000055965
5656 0.0000019118
5970 0.0000014157
6249 0.0000002868
6694 0.0000002117
7184 0.0000000964
7286 0.0000000491
7424 0.0000000195
7768 0.0000000043
8068 0.0000000034
8302 0.0000000032
8741 0.0000000029
8929 0.0000000001
9680 0.0000000000
11645 0.0000000000
11797 0.0000000000
12182 0.0000000000
evaluations raw_y
1 1103.6262389252
3 195.9366176170
4 111.4617437841
10 50.9965178130
28 3.2920927774
550 3.1198909843
641 3.1028894729
721 0.7266566489
879 0.7236266841
984 0.1756384372
1580 0.1271342587
1620 0.0907915585
1919 0.0335967454
2045 0.0060917852
2336 0.0060380368
2341 0.0050595738
2535 0.0024088307
2863 0.0022604283
3040 0.0020835822
3107 0.0009598009
3134 0.0008222711
3225 0.0004236335
3421 0.0001047683
3544 0.0000891772
3615 0.0000571440
3865 0.0000381183
4269 0.0000230184
4346 0.0000227309
4507 0.0000218359
4730 0.0000074450
5170 0.0000013544
5461 0.0000005910
5923 0.0000004973
6186 0.0000001186
6626 0.0000000411
7436 0.0000000400
7614 0.0000000181
7678 0.0000000168
7716 0.0000000101
7720 0.0000000046
7996 0.0000000033
8153 0.0000000029
8210 0.0000000012
8869 0.0000000006
9248 0.0000000005
9267 0.0000000004
9371 0.0000000004
9422 0.0000000003
9523 0.0000000002
9638 0.0000000001
9794 0.0000000000
10393 0.0000000000
10702 0.0000000000
10913 0.0000000000
11231 0.0000000000
11297 0.0000000000
11463 0.0000000000
11986 0.0000000000
12178 0.0000000000
12294 0.0000000000
12558 0.0000000000
13095 0.0000000000
evaluations raw_y
1 502.4736237104
2 226.5739204532
9 110.0615889476
48 98.6200922469
58 70.4532687093
116 30.2140787319
194 17.9617202806
386 7.4506305174
394 3.4694804284
835 0.8746070195
905 0.4898604496
1224 0.1220439499
1989 0.0382557457
2289 0.0142341265
2370 0.0104786983
2830 0.0097077590
3003 0.0044668492
3121 0.0041529038
3270 0.0027128009
3354 0.0024342314
3541 0.0016174663
3707 0.0009007711
3801 0.0006263813
4149 0.0003841730
4193 0.0001830189
4457 0.0001421498
4563 0.0001341319
4690 0.0000066248
5560 0.0000041663
6005 0.0000041510
6203 0.0000022796
6211 0.0000012261
6474 0.0000002172
6580 0.0000000035
7903 0.0000000012
8864 0.0000000008
8983 0.0000000007
9114 0.0000000003
9407 0.0000000002
9457 0.0000000001
9819 0.0000000000
10509 0.0000000000
10566 0.0000000000
11519 0.0000000000
11936 0.0000000000
11964 0.0000000000
12035 0.0000000000
12064 0.0000000000
12195 0.0000000000
12377 0.0000000000
12403 0.0000000000
12549 0.0000000000
12989 0.0000000000
evaluations raw_y
1 1258.8158961003
2 327.6284797870
7 275.4774262711
10 38.3768295156
383 30.2427219291
463 25.8182092918
471 25.6522200285
483 15.2328570200
553 4.3738615304
708 2.3779724618
780 1.0735174542
1408 0.1438188896
2126 0.0343218368
2415 0.0340333380
2726 0.0244100168
2780 0.0089818087
3197 0.0012056366
3856 0.0010736215
4038 0.0002610289
4304 0.0001207515
4613 0.0001067167
4733 0.0001043632
4834 0.0000774783
4877 0.0000459539
5376 0.0000455999
5385 0.0000366878
5454 0.0000193421
5500 0.0000019372
6884 0.0000007993
7018 0.0000000134
8424 0.0000000127
8693 0.0000000068
8869 0.0000000009
9034 0.0000000003
9488 0.0000000003
9816 0.0000000002
10210 0.0000000000
10918 0.0000000000
11127 0.0000000000
11450 0.0000000000
11808 0.0000000000
12240 0.0000000000
12396 0.0000000000
12840 0.0000000000
13046 0.0000000000
evaluations raw_y
1 608.4014951231
2 188.4189839965
6 79.4612936989
77 34.3641195651
107 18.0983741397
214 2.5294374989
428 2.1691405471
777 0.8833178429
898 0.5279241144
1280 0.4657773699
1307 0.2689752493
1780 0.1559538557
1806 0.1422421384
2048 0.1106913726
2051 0.0681162607
2093 0.0507885077
2295 0.0339337534
2333 0.0174590635
2384 0.0144842298
2714 0.0100553242
2715 0.0080863471
2770 0.0071140372
2982 0.0045033999
3052 0.0038922776
3059 0.0032651817
3194 0.0031769776
3222 0.0027428439
3223 0.0025969455
3576 0.0025647721
3633 0.0015440058
3657 0.0011015759
3866 0.0006716387
3907 0.0003150856
4297 0.0002280657
4418 0.0000345185
4921 0.0000172757
5503 0.0000124781
5552 0.0000116074
5557 0.0000078373
5817 0.0000037977
6003 0.0000014852
6077 0.0000001149
7596 0.0000001073
7602 0.0000000787
7684 0.0000000529
7810 0.0000000495
7840 0.0000000135
8109 0.0000000126
8120 0.0000000035
9032 0.0000000015
9035 0.0000000007
9347 0.0000000003
9895 0.0000000003
9961 0.0000000002
10048 0.0000000000
10827 0.0000000000
10886 0.0000000000
11445 0.0000000000
11565 0.0000000000
11788 0.0000000000
12063 0.0000000000
12081 0.0000000000
12426 0.0000000000
12457 0.0000000000
evaluations raw_y
1 975.3537860279
2 913.4540682203
8 171.8623126519
11 148.4738235429
12 102.3965026602
69 60.5342992091
119 46.2725823848
223 43.0294982289
252 36.4235599652
342 22.5357579803
369 3.5999489768
863 2.1245752445
877 1.8782516266
1231 1.1999619568
1355 0.6566146045
1487 0.2372605430
1578 0.1827241598
1594 0.1648109192
1730 0.1240855584
2072 0.0322498647
2158 0.0215821446
2350 0.0033270241
2793 0.0030549978
3262 0.0007653343
3799 0.0003716818
3903 0.0001795474
4250 0.0001577155
4358 0.0001560363
4367 0.0000858770
4709 0.0000659480
4778 0.0000195285
5173 0.0000150152
5476 0.0000139939
5636 0.0000133945
5657 0.0000050007
5754 0.0000045330
5776 0.0000043051
5959 0.0000011159
6325 0.0000009689
6503 0.0000008219
6610 0.0000006439
6667 0.0000004769
6821 0.0000004158
6841 0.0000002678
7004 0.0000001617
7047 0.0000001240
7332 0.0000000298
8058 0.0000000172
8086 0.0000000077
8211 0.0000000025
8997 0.0000000014
9085 0.0000000005
9491 0.0000000001
10000 0.0000000001
10035 0.0000000001
10063 0.0000000000
10424 0.0000000000
10848 0.0000000000
10962 0.0000000000
11788 0.0000000000
11796 0.0000000000
12335 0.0000000000
12479 0.0000000000
12683 0.0000000000
13031 0.0000000000
13480 0.0000000000
evaluations raw_y
1 71.8331588387
10 48.2377286003
38 9.2814037992
43 5.0667493610
252 3.5298374889
316 2.1897523100
525 1.0190955665
870 0.7737583304
968 0.3587176809
992 0.2740702730
1089 0.1375938248
1500 0.0640323093
1698 0.0109570617
2148 0.0094654783
2334 0.0085043014
2400 0.0030341193
2510 0.0012193470
2652 0.0011645419
3178 0.0002449408
3396 0.0001035928
3686 0.0000541648
4190 0.0000205216
4230 0.0000043738
4496 0.0000033175
4993 0.0000023479
5253 0.0000018883
5311 0.0000016173
5494 0.0000014165
5549 0.0000005090
6210 0.0000002090
6909 0.0000001990
6969 0.0000001772
7060 0.0000000454
7411 0.0000000192
7621 0.0000000171
7695 0.0000000012
8360 0.0000000004
8844 0.0000000001
9737 0.0000000001
9926 0.0000000000
10117 0.0000000000
10929 0.0000000000
11258 0.0000000000
11327 0.0000000000
11961 0.0000000000
12871 0.0000000000
13345 0.0000000000
evaluations raw_y
1 827.1116219030
3 416.1972359482
9 396.2481035410
14 152.3655413297
41 55.9369627963
48 49.0894251139
158 44.3774458772
179 40.3633427402
251 34.3892003409
370 24.2016091942
558 18.0615789414
613 5.9724553325
869 2.2812525687
919 1.2420290454
1122 0.6307207657
1256 0.1879875251
1995 0.0682551378
2180 0.0317879971
2474 0.0126347086
2591 0.0074343768
2886 0.0066111429
3050 0.0033656525
3293 0.0026150397
3331 0.0001224827
4450 0.0001032682
4513 0.0000687095
4661 0.0000264104
5278 0.0000212659
5302 0.0000180708
5334 0.0000157293
5505 0.0000053280
5537 0.0000017683
5988 0.0000008369
6216 0.0000006423
6518 0.0000005398
6671 0.0000002116
7073 0.0000001442
7153 0.0000000779
7241 0.0000000309
8066 0.0000000178
8176 0.0000000061
8261 0.0000000041
8395 0.0000000034
8403 0.0000000009
9023 0.0000000009
9063 0.0000000004
9485 0.0000000002
9833 0.0000000001
10282 0.0000000000
10351 0.0000000000
10882 0.0000000000
10890 0.0000000000
11081 0.0000000000
11422 0.0000000000
11839 0.0000000000
12247 0.0000000000
12361 0.0000000000
12455 0.0000000000
evaluations raw_y
1 660.0879580769
3 296.9869968940
6 42.4965695675
12 17.4105122356
22 7.5843928360
209 6.5011444307
295 2.9844825568
532 0.4183826801
1248 0.2152435870
1567 0.1613045450
1745 0.1385450237
1775 0.0740790503
1870 0.0223195359
2290 0.0022979729
2852 0.0002907514
3763 0.0002618987
4066 0.0001472090
4254 0.0000360928
4497 0.0000232922
5043 0.0000122571
5291 0.0000102180
5325 0.0000097989
5356 0.0000078846
5404 0.0000052125
5489 0.0000019670
5647 0.0000003066
6380 0.0000001561
6912 0.0000000827
7123 0.0000000561
7181 0.0000000112
7662 0.0000000080
7961 0.0000000024
8097 0.0000000020
8233 0.0000000019
8305 0.0000000017
8517 0.0000000016
8527 0.0000000010
8899 0.0000000007
8935 0.0000000002
9328 0.0000000002
9440 0.0000000001
9513 0.0000000000
10863 0.0000000000
11132 0.0000000000
11264 0.0000000000
11366 0.0000000000
11433 0.0000000000
11515 0.0000000000
11564 0.0000000000
11816 0.0000000000
12014 0.0000000000
12033 0.0000000000
12694 0.0000000000
evaluations raw_y
1 214.8623773193
8 178.5033823330
9 83.0479493147
13 28.4434755134
15 1.4342345255
596 0.9199192033
972 0.2016390925
1064 0.0349303264
2209 0.0216286718
2264 0.0073906502
2601 0.0055282551
3334 0.0019975859
3568 0.0014309232
3643 0.0008899920
4177 0.0007342448
4238 0.0007111137
4267 0.0002606983
4401 0.0002346350
4595 0.0000684248
4657 0.0000612190
4914 0.0000478035
5000 0.0000353067
5062 0.0000179897
5557 0.0000147724
5562 0.0000099539
5697 0.0000030426
5845 0.0000013176
5979 0.0000006356
6394 0.0000005880
6747 0.0000005385
6847 0.0000005197
6867 0.0000003925
6898 0.0000000506
7694 0.0000000370
7806 0.0000000264
8050 0.0000000188
8229 0.0000000094
8273 0.0000000078
8441 0.0000000056
8671 0.0000000024
8767 0.0000000021
9008 0.0000000009
9163 0.0000000006
9427 0.0000000005
9672 0.0000000004
9676 0.0000000002
9913 0.0000000001
10115 0.0000000001
10126 0.0000000001
10141 0.0000000001
10307 0.0000000000
10492 0.0000000000
10514 0.0000000000
11457 0.0000000000
11622 0.0000000000
12150 0.0000000000
12203 0.0000000000
12249 0.0000000000
12344 0.0000000000
12346 0.0000000000
12369 0.0000000000
evaluations raw_y
1 944.4854721398
2 520.9782064112
9 40.5513892515
119 17.1170905659
207 11.9536210616
225 6.6263941294
699 5.2982081273
707 4.6044301263
835 1.8723726870
914 0.7401161882
1067 0.3103973402
1543 0.1459788068
1871 0.1193167814
1948 0.0312102104
2501 0.0058514998
2599 0.0028276805
2654 0.0024407877
2970 0.0012815293
3483 0.0005171766
3582 0.0002383711
3887 0.0000361404
4277 0.0000265468
4905 0.0000244775
5241 0.0000046256
5688 0.0000020431
5901 0.0000015786
6040 0.0000007222
6390 0.0000003777
6626 0.0000000872
7418 0.0000000443
7514 0.0000000286
8082 0.0000000169
8122 0.0000000167
8213 0.0000000150
8292 0.0000000102
8300 0.0000000095
8310 0.0000000065
8351 0.0000000028
8416 0.0000000009
9146 0.0000000009
9502 0.0000000007
9558 0.0000000004
9579 0.0000000003
9624 0.0000000001
9806 0.0000000000
10509 0.0000000000
10825 0.0000000000
11285 0.0000000000
11912 0.0000000000
11928 0.0000000000
12083 0.0000000000
12309 0.0000000000
12509 0.0000000000
12682 0.0000000000
12864 0.0000000000
13075 0.0000000000
evaluations raw_y
1 3249.9213333860
2 151.3539890958
5 17.8987841674
46 2.2201605096
426 0.9189995326
1389 0.5820412956
1421 0.1728414565
1825 0.0568235179
2301 0.0213046651
2326 0.0052629782
2399 0.0029978892
3054 0.0008669250
3305 0.0001444567
4484 0.0000701485
4512 0.0000622774
5001 0.0000340098
5160 0.0000083910
5524 0.0000060741
5715 0.0000057828
5770 0.0000041352
5925 0.0000002086
7513 0.0000000971
7577 0.0000000694
7922 0.0000000302
8272 0.0000000237
8473 0.0000000145
8486 0.0000000105
8648 0.0000000096
8791 0.0000000081
9065 0.0000000078
9193 0.0000000042
9209 0.0000000022
9610 0.0000000010
9833 0.0000000007
9874 0.0000000007
9991 0.0000000005
10084 0.0000000003
10143 0.0000000002
10276 0.0000000002
10285 0.0000000001
10520 0.0000000000
11023 0.0000000000
12032 0.0000000000
12373 0.0000000000
12494 0.0000000000
