evaluations raw_y
1 112.4810834492
2 107.5681191272
4 92.0517384522
6 90.3717405722
27 88.1446931446
49 87.6781411127
57 86.2434364919
89 86.2344954253
93 85.0349389189
130 84.6145264299
143 83.8042264807
147 81.9952277757
154 81.7874052637
175 80.2870823716
181 79.9102605126
188 78.2309185132
202 77.9437185562
208 68.7287603845
346 68.4542240641
486 67.8518418117
497 66.1395554751
500 63.2938984374
518 62.0249264694
527 56.7333882835
542 55.5536036326
544 51.5827761605
559 46.0667422148
578 38.9988262497
627 38.1136112194
628 35.8493748099
633 31.9742650498
645 28.2502336726
662 26.4157798302
734 22.0341655073
769 21.8432679442
791 21.8201045537
799 21.4900946757
821 20.8335708533
822 18.6808871901
848 16.0620272327
871 13.6096640867
926 11.6446230514
1026 11.6367421770
1031 11.2539196769
1042 10.7967743738
1044 9.4263812001
1049 9.0908092585
1087 8.7237276625
1089 8.6144301424
1131 8.3821958395
1134 8.0419656575
1170 7.9662116353
1181 7.5244141136
1228 7.4836138456
1297 7.4599886063
1300 7.3172877043
1323 7.1365748892
1328 7.0456588570
1347 7.0271161471
1363 6.9137500978
1386 6.5928140040
1447 6.2542727347
1574 6.1994679597
1644 6.0341052075
1831 5.4119912609
2051 5.2860045144
2098 5.1209285655
2144 4.7198585823
2205 4.6614720531
2232 4.5789119068
2264 4.4253823320
2434 4.1641231687
2581 4.0363993972
2824 3.9777824679
2943 3.9632799762
2992 3.9274766995
2993 3.9205506309
3009 3.9193201452
3035 3.9186979862
3037 3.9127364667
3056 3.9067443898
3060 3.8367752224
3166 3.8242164942
3224 3.8072639053
3362 3.7726586401
3524 3.7633210780
3559 3.7540428382
3579 3.7409785537
3679 3.7327275511
3696 3.7272578075
3740 3.7265190737
3828 3.7247644623
3831 3.6940528621
3987 3.6894630001
4074 3.6882646840
4102 3.6854274415
4118 3.6805217987
4149 3.6697081415
4169 3.6659220223
4197 3.6642065994
4294 3.6573795347
4562 3.6512435514
4746 3.6512028779
4805 3.6502247737
4809 3.6491470575
4838 3.6489019753
4883 3.6470842286
4939 3.6440245023
5227 3.6437879187
5230 3.6421137473
5384 3.6415327500
5458 3.6412399456
5483 3.6411767176
5533 3.6410882534
5540 3.6407492018
5658 3.6403705054
5710 3.6397876813
5755 3.6396624029
5841 3.6393858657
5995 3.6393169738
5996 3.6392696988
6006 3.6392499426
6042 3.6391461653
6061 3.6390249797
6082 3.6389714769
6107 3.6388350774
6149 3.6387098144
6196 3.6385741442
6229 3.6385166860
6280 3.6384802279
6554 3.6382788043
6678 3.6382482813
6727 3.6382215412
6817 3.6381826544
6833 3.6381820001
6885 3.6381451103
6912 3.6380833936
6960 3.6380673484
7063 3.6380506822
7068 3.6380147631
7127 3.6380089651
7222 3.6379765037
7320 3.6379762837
7372 3.6379638861
7376 3.6379261223
7481 3.6379240139
7566 3.6379169011
7586 3.6379057165
7644 3.6378953144
7692 3.6378929316
7706 3.6378882824
7786 3.6378867103
7865 3.6378833333
7920 3.6378763032
7964 3.6378743768
7986 3.6378698863
8005 3.6378694688
8134 3.6378640144
8185 3.6378635244
8186 3.6378628378
8265 3.6378536896
8323 3.6378523782
8461 3.6378516414
8484 3.6378509858
8490 3.6378499492
8545 3.6378494913
8554 3.6378490537
8590 3.6378473900
8624 3.6378470117
8627 3.6378467059
8673 3.6378432583
8717 3.6378425431
8800 3.6378422303
8861 3.6378418393
8942 3.6378418326
9039 3.6378400713
9083 3.6378383332
9348 3.6378381814
9460 3.6378378713
9481 3.6378375195
9589 3.6378374621
9590 3.6378370367
9711 3.6378368847
9765 3.6378366896
9828 3.6378366616
9861 3.6378365315
9908 3.6378363713
9965 3.6378363512
9989 3.6378363223
10011 3.6378361483
10130 3.6378360270
10240 3.6378359548
10279 3.6378359102
10301 3.6378359003
10340 3.6378358959
10346 3.6378358051
10477 3.6378357330
10612 3.6378356906
10656 3.6378356366
10740 3.6378355710
10805 3.6378355478
10842 3.6378355301
11048 3.6378354768
11165 3.6378354434
11288 3.6378354430
11420 3.6378354357
11558 3.6378354346
11559 3.6378354256
11605 3.6378354132
11767 3.6378354106
11796 3.6378354031
11806 3.6378354024
11838 3.6378353935
11952 3.6378353901
12021 3.6378353880
12135 3.6378353880
12175 3.6378353865
12185 3.6378353829
12231 3.6378353829
12262 3.6378353816
12294 3.6378353802
12311 3.6378353772
12417 3.6378353757
12552 3.6378353747
12555 3.6378353742
12651 3.6378353742
12735 3.6378353736
12757 3.6378353731
12820 3.6378353730
12822 3.6378353727
12889 3.6378353716
12998 3.6378353711
13093 3.6378353709
13269 3.6378353706
13300 3.6378353700
13354 3.6378353700
13381 3.6378353697
13436 3.6378353696
13482 3.6378353695
13492 3.6378353694
13505 3.6378353689
13630 3.6378353688
13675 3.6378353686
13761 3.6378353685
13800 3.6378353685
13855 3.6378353685
13856 3.6378353684
13896 3.6378353683
13981 3.6378353683
13995 3.6378353683
14043 3.6378353682
14137 3.6378353682
14178 3.6378353681
14219 3.6378353681
14240 3.6378353680
14242 3.6378353680
14271 3.6378353680
14299 3.6378353680
14307 3.6378353679
14417 3.6378353679
14460 3.6378353679
14552 3.6378353678
14603 3.6378353678
14622 3.6378353678
14671 3.6378353678
14740 3.6378353678
14795 3.6378353678
14823 3.6378353678
14878 3.6378353678
14952 3.6378353678
14960 3.6378353677
14980 3.6378353677
15005 3.6378353677
15071 3.6378353677
15114 3.6378353677
15123 3.6378353677
15192 3.6378353677
15250 3.6378353677
15464 3.6378353677
15476 3.6378353677
15512 3.6378353677
15605 3.6378353677
15645 3.6378353677
15707 3.6378353677
15749 3.6378353677
15758 3.6378353677
15785 3.6378353677
15815 3.6378353676
15863 3.6378353676
15939 3.6378353676
15978 3.6378353676
16040 3.6378353676
16120 3.6378353676
16183 3.6378353676
16219 3.6378353676
16273 3.6378353676
16338 3.6378353676
16375 3.6378353676
16381 3.6378353676
16449 3.6378353676
16493 3.6378353676
16540 3.6378353676
16555 3.6378353676
16627 3.6378353676
16695 3.6378353676
16709 3.6378353676
16844 3.6378353676
16950 3.6378353676
17034 3.6378353676
17038 3.6378353676
17080 3.6378353676
17176 3.6378353676
17246 3.6378353676
17251 3.6378353676
17438 3.6378353676
17459 3.6378353676
17483 3.6378353676
17627 3.6378353676
17661 3.6378353676
17975 3.6378353676
18135 3.6378353676
18395 3.6378353676
19369 3.6378353676
evaluations raw_y
1 100.0476916216
2 99.9087581075
4 86.0852209069
60 85.4883576734
108 85.3962960618
112 85.1383556392
125 82.7838362076
161 82.0725087432
261 78.0088341683
279 77.8536069597
374 76.1506650637
392 76.0285380486
399 75.9324242029
400 74.7257991467
407 74.3441818092
452 71.8521828556
504 68.4657610157
521 67.9275821276
538 67.1085828272
549 66.9924036065
615 66.9495879087
621 66.9150381106
640 66.0770205155
664 64.7789682765
680 64.6254012105
685 62.1875059803
688 61.5543632960
712 57.7123913225
808 56.8580506006
826 54.4776761244
891 51.4404769328
911 50.0440010026
952 49.5857510939
984 48.1811141542
991 46.2445950780
1017 43.9556887819
1045 43.8117773178
1106 43.4387900851
1121 42.8167695834
1149 40.1594164573
1206 40.0043828427
1239 38.8852599349
1243 37.2926674237
1362 36.6721393809
1425 36.4514159451
1431 36.0030277019
1468 35.4899905219
1493 35.2387982553
1552 34.5034223268
1555 33.9633815651
1594 33.0337944604
1685 32.6759065846
1822 32.1667689105
1932 31.9559904269
2170 31.4983713692
2407 31.0124649779
2414 30.7055233387
2722 30.3312171847
2757 29.8751189215
2952 29.6718755204
2996 29.2933580326
3137 29.2035974612
3183 28.9545349880
3231 28.8410866789
3324 28.6432570083
3333 28.3747227167
3433 28.3322894008
3612 28.1695046534
3748 28.1033732506
3796 28.1028398952
3797 28.0879914093
3845 28.0807063318
3874 27.9450759268
4036 27.9164740779
4085 27.8148518297
4110 27.7879127263
4117 27.6428157128
4316 27.5689210206
4639 27.5618203621
4678 27.5187249163
4822 27.4079626150
4893 27.4067613084
4898 27.3792148843
5017 27.3729521214
5020 27.3546386129
5070 27.3385060188
5158 27.3318999759
5204 27.3121032986
5263 27.2906368516
5291 27.2847913199
5301 27.2824088852
5303 27.2588307028
5338 27.2570980169
5353 27.2557970037
5401 27.2495792591
5403 27.2295318621
5419 27.1847420525
5565 27.1744680689
5716 27.1657688864
5765 27.1579993555
5831 27.1404740271
5832 27.1325475302
6010 27.1007666806
6120 27.0955367939
6162 27.0912925629
6251 27.0880022795
6261 27.0872336386
6287 27.0866633954
6293 27.0857447826
6344 27.0768384172
6358 27.0746372280
6374 27.0708784345
6444 27.0674544046
6582 27.0674209702
6603 27.0549637962
6759 27.0520579044
6857 27.0494531241
6933 27.0466948535
6951 27.0445533542
6997 27.0409450042
7038 27.0362153750
7168 27.0362151840
7481 27.0339690397
7536 27.0322285283
7601 27.0320240205
7630 27.0310670741
7763 27.0284351071
7879 27.0282025600
7930 27.0248796821
8268 27.0236978125
8305 27.0231182035
8372 27.0229205211
8516 27.0228450344
8526 27.0216221623
8619 27.0215559216
8704 27.0211514346
8775 27.0210393478
8822 27.0196127030
8988 27.0193761399
9110 27.0188064636
9191 27.0185433117
9237 27.0185285903
9265 27.0180729353
9292 27.0180708827
9350 27.0180485026
9440 27.0180460266
9485 27.0177639851
9632 27.0175732595
9673 27.0174863205
9687 27.0174168056
9805 27.0173692033
9919 27.0172617560
9929 27.0170923747
10032 27.0170381285
10053 27.0169007407
10123 27.0167528732
10166 27.0165865407
10547 27.0165725598
10564 27.0165422520
10569 27.0165088363
10617 27.0164811047
10691 27.0164136289
10879 27.0164053997
10965 27.0163933073
10976 27.0163572767
11053 27.0162544098
11525 27.0162006016
11562 27.0161846811
11744 27.0161589987
11770 27.0161565453
11828 27.0161287162
11842 27.0161250655
11915 27.0161218482
11919 27.0161073020
12026 27.0160665387
12419 27.0160558730
12634 27.0160554782
12702 27.0160528744
12722 27.0160515953
12777 27.0160502318
12795 27.0160495519
12824 27.0160351882
13125 27.0160335485
13146 27.0160321336
13290 27.0160316593
13302 27.0160308299
13408 27.0160295900
13525 27.0160294024
13541 27.0160278286
13588 27.0160276750
13635 27.0160276014
13684 27.0160268510
13703 27.0160268388
13765 27.0160255188
13823 27.0160251235
13834 27.0160237216
14055 27.0160234871
14077 27.0160230445
14097 27.0160220797
14217 27.0160217856
14233 27.0160216985
14310 27.0160215832
14363 27.0160214336
14387 27.0160203925
14434 27.0160203824
14553 27.0160201970
14588 27.0160197822
14757 27.0160197490
14780 27.0160193012
14937 27.0160191636
14967 27.0160189295
15075 27.0160188671
15214 27.0160186379
15371 27.0160186143
15399 27.0160186129
15437 27.0160185754
15499 27.0160183376
15868 27.0160182831
15931 27.0160182451
16123 27.0160182445
16151 27.0160181886
16427 27.0160181769
16430 27.0160181093
16551 27.0160180963
16715 27.0160180952
16755 27.0160180910
16845 27.0160180817
16902 27.0160180570
17083 27.0160180543
17173 27.0160180541
17247 27.0160180540
17258 27.0160180487
17280 27.0160180470
17284 27.0160180382
17294 27.0160180366
17355 27.0160180186
17500 27.0160180169
17607 27.0160180167
17652 27.0160180152
17667 27.0160180130
17679 27.0160180030
17768 27.0160180003
17905 27.0160179974
17951 27.0160179925
17995 27.0160179907
18003 27.0160179892
18307 27.0160179890
18350 27.0160179871
18394 27.0160179870
18433 27.0160179837
18443 27.0160179826
18633 27.0160179818
18700 27.0160179818
18746 27.0160179817
18813 27.0160179804
18864 27.0160179793
19007 27.0160179792
19039 27.0160179783
19135 27.0160179781
19174 27.0160179777
19267 27.0160179774
19402 27.0160179773
19433 27.0160179772
19545 27.0160179770
19583 27.0160179767
19591 27.0160179766
19646 27.0160179761
19738 27.0160179760
19791 27.0160179757
20017 27.0160179756
20118 27.0160179756
20142 27.0160179755
20216 27.0160179754
20269 27.0160179754
20297 27.0160179753
20333 27.0160179753
20376 27.0160179753
20419 27.0160179753
20428 27.0160179752
20498 27.0160179751
20579 27.0160179750
20658 27.0160179750
20677 27.0160179750
20792 27.0160179750
20833 27.0160179750
20850 27.0160179750
20872 27.0160179749
20912 27.0160179749
21027 27.0160179749
21090 27.0160179748
21276 27.0160179748
21300 27.0160179748
21319 27.0160179748
21481 27.0160179748
21548 27.0160179748
21687 27.0160179748
21708 27.0160179748
21864 27.0160179748
21879 27.0160179747
22122 27.0160179747
22176 27.0160179747
22180 27.0160179747
22232 27.0160179747
22289 27.0160179747
22396 27.0160179747
22481 27.0160179747
22583 27.0160179747
22593 27.0160179747
22686 27.0160179747
22696 27.0160179747
22710 27.0160179747
22782 27.0160179747
22835 27.0160179747
22905 27.0160179747
22909 27.0160179747
22938 27.0160179747
22985 27.0160179747
23061 27.0160179747
23217 27.0160179747
23297 27.0160179747
23322 27.0160179747
23391 27.0160179747
23453 27.0160179747
23491 27.0160179747
23546 27.0160179747
23582 27.0160179747
23587 27.0160179747
23649 27.0160179747
23671 27.0160179747
23683 27.0160179747
23713 27.0160179747
23790 27.0160179747
23818 27.0160179747
23851 27.0160179747
24030 27.0160179747
24063 27.0160179747
24121 27.0160179747
24149 27.0160179747
24243 27.0160179747
24254 27.0160179747
24279 27.0160179747
24316 27.0160179747
24436 27.0160179747
24494 27.0160179747
24725 27.0160179747
24740 27.0160179747
24772 27.0160179747
24779 27.0160179747
25012 27.0160179747
25044 27.0160179747
25060 27.0160179747
25099 27.0160179747
25146 27.0160179747
25164 27.0160179747
25372 27.0160179747
25391 27.0160179747
25500 27.0160179747
25758 27.0160179747
25860 27.0160179747
25965 27.0160179747
26065 27.0160179747
26388 27.0160179747
26470 27.0160179747
26643 27.0160179747
27276 27.0160179747
27451 27.0160179747
28150 27.0160179747
evaluations raw_y
1 118.7661333709
2 88.5666089706
23 86.6659926923
84 86.3546706517
122 85.1985601801
168 84.8747699836
174 84.5488771167
206 82.2589350197
210 81.6790176164
225 78.2210572012
239 76.7794503226
262 75.8701137491
279 72.7389267359
300 71.9778129401
330 70.5251382390
357 70.1089080558
361 64.7379260489
458 64.4571278182
480 57.6578567147
533 51.5786372807
561 46.9215963121
581 37.8562692458
594 35.5157031009
610 35.5053652865
628 30.3308478843
698 28.5109865759
726 26.0047111923
732 25.5961052316
738 24.0344249226
768 21.6505210581
788 19.3008098779
809 18.7635639137
818 16.1782898207
824 14.9667173879
841 13.9674449730
860 10.1161093099
900 7.6899975870
937 7.1747746243
998 7.0747250491
1026 6.7151183585
1059 6.6067578413
1067 5.8043294941
1082 5.7556120129
1092 5.1635826673
1093 4.3401070325
1137 4.2127231244
1179 4.0986420173
1200 3.9175689427
1201 2.6299516669
1312 2.1935613808
1411 2.1837288287
1416 2.0521360860
1471 2.0436614524
1541 2.0047334802
1666 2.0006801554
1727 1.9858653367
1764 1.9699822979
1811 1.8996531639
1878 1.8989123731
1905 1.8968300244
1913 1.8001854124
1915 1.6950650521
2066 1.6924317476
2069 1.6236969648
2071 1.6096247927
2079 1.4788420488
2130 1.3082832112
2176 1.3052650139
2264 1.2852410111
2274 1.2752802028
2277 1.1762973408
2330 1.1446816898
2339 1.0734629450
2466 1.0308713110
2501 1.0306126638
2650 0.9925484687
2654 0.9749234916
2679 0.9332449441
2798 0.9238407856
2826 0.8601100812
2861 0.8369735684
2998 0.8205924434
3007 0.8159829411
3101 0.8040737258
3136 0.7999306154
3141 0.7852722205
3152 0.7767554317
3192 0.7729118796
3207 0.7690647348
3273 0.7639082032
3307 0.7542973434
3392 0.7513999244
3396 0.7492021276
3419 0.7417295401
3429 0.7387514848
3472 0.7314904814
3567 0.7312742516
3656 0.7307289963
3691 0.7283348715
3705 0.7277620049
3752 0.7230922834
3754 0.7209930833
3785 0.7209559992
3834 0.7119426715
3977 0.7089797612
4045 0.7052865285
4166 0.7046366412
4173 0.7013989792
4224 0.7011982838
4360 0.7000109108
4489 0.6984768635
4502 0.6978496691
4683 0.6973304499
4699 0.6966518210
4716 0.6953149584
4986 0.6951975298
5021 0.6951345338
5034 0.6949061750
5076 0.6947141386
5125 0.6944120337
5166 0.6936320634
5456 0.6934581108
5500 0.6933890485
5559 0.6931410821
5645 0.6930694791
5738 0.6929729232
5759 0.6928673119
5858 0.6927836161
5894 0.6926649016
5902 0.6926232701
5954 0.6925746981
5988 0.6924998064
6032 0.6924571180
6040 0.6923967639
6148 0.6923293539
6247 0.6922860921
6289 0.6922821996
6293 0.6922571857
6319 0.6922170593
6333 0.6920860917
6433 0.6920636133
6701 0.6920509968
6720 0.6920218704
6757 0.6919791768
6849 0.6919650364
6883 0.6919629856
7014 0.6919477614
7073 0.6919462506
7097 0.6919315541
7113 0.6919281112
7143 0.6919229459
7233 0.6919166245
7272 0.6919089497
7284 0.6919046184
7370 0.6918973531
7461 0.6918893887
7579 0.6918864673
7584 0.6918785162
7737 0.6918775188
7773 0.6918770098
7808 0.6918761295
7856 0.6918746712
7928 0.6918736509
7949 0.6918729035
8001 0.6918695162
8058 0.6918677471
8068 0.6918668651
8109 0.6918664799
8172 0.6918657356
8234 0.6918638080
8347 0.6918619041
8448 0.6918608528
8667 0.6918600054
8798 0.6918595057
8829 0.6918592991
8930 0.6918589590
8946 0.6918587827
9032 0.6918587286
9045 0.6918586218
9073 0.6918583040
9245 0.6918580636
9320 0.6918580152
9383 0.6918579543
9395 0.6918579035
9401 0.6918578510
9442 0.6918576108
9579 0.6918575239
9623 0.6918575142
9709 0.6918574478
9768 0.6918574332
9772 0.6918573236
9882 0.6918573057
9889 0.6918573004
9935 0.6918572384
10019 0.6918572186
10037 0.6918572132
10081 0.6918571557
10105 0.6918571537
10130 0.6918571292
10149 0.6918570892
10209 0.6918570798
10225 0.6918570636
10250 0.6918570580
10303 0.6918570241
10415 0.6918570227
10479 0.6918570225
10513 0.6918570184
10534 0.6918570098
10586 0.6918570034
10595 0.6918569942
10647 0.6918569927
10648 0.6918569875
10668 0.6918569866
10734 0.6918569749
10805 0.6918569561
10977 0.6918569541
10984 0.6918569428
10985 0.6918569410
11075 0.6918569372
11182 0.6918569313
11201 0.6918569309
11249 0.6918569303
11303 0.6918569270
11375 0.6918569259
11393 0.6918569251
11512 0.6918569236
11548 0.6918569222
11636 0.6918569192
11801 0.6918569179
11840 0.6918569175
11858 0.6918569165
11980 0.6918569158
12054 0.6918569152
12121 0.6918569147
12167 0.6918569145
12193 0.6918569144
12258 0.6918569142
12340 0.6918569142
12347 0.6918569140
12359 0.6918569139
12367 0.6918569135
12403 0.6918569134
12447 0.6918569133
12490 0.6918569132
12564 0.6918569130
12643 0.6918569129
12657 0.6918569129
12681 0.6918569129
12704 0.6918569129
12717 0.6918569127
12740 0.6918569125
12811 0.6918569123
12859 0.6918569121
12921 0.6918569121
12930 0.6918569120
12974 0.6918569120
13094 0.6918569120
13102 0.6918569119
13131 0.6918569118
13144 0.6918569118
13176 0.6918569117
13309 0.6918569116
13447 0.6918569116
13466 0.6918569116
13489 0.6918569115
13574 0.6918569115
13577 0.6918569115
13613 0.6918569114
13662 0.6918569114
13709 0.6918569114
13885 0.6918569113
13965 0.6918569113
13985 0.6918569113
14072 0.6918569113
14073 0.6918569113
14156 0.6918569113
14166 0.6918569113
14209 0.6918569113
14286 0.6918569113
14336 0.6918569113
14394 0.6918569113
14403 0.6918569112
14413 0.6918569112
14508 0.6918569112
14593 0.6918569112
14724 0.6918569112
14734 0.6918569112
14741 0.6918569112
14765 0.6918569112
14796 0.6918569112
14904 0.6918569112
14943 0.6918569112
15186 0.6918569112
15252 0.6918569112
15279 0.6918569112
15477 0.6918569112
15576 0.6918569112
15658 0.6918569112
15707 0.6918569112
15712 0.6918569112
15773 0.6918569112
15900 0.6918569112
15940 0.6918569112
16058 0.6918569112
16101 0.6918569112
16109 0.6918569112
16137 0.6918569112
16146 0.6918569112
16190 0.6918569112
16209 0.6918569112
16239 0.6918569112
16353 0.6918569112
16381 0.6918569112
16437 0.6918569112
16444 0.6918569112
16450 0.6918569112
16565 0.6918569112
16594 0.6918569112
16656 0.6918569112
16763 0.6918569112
16865 0.6918569112
16917 0.6918569112
16924 0.6918569112
17005 0.6918569112
17090 0.6918569112
17159 0.6918569112
17218 0.6918569112
17239 0.6918569112
17301 0.6918569112
17397 0.6918569112
17493 0.6918569112
17567 0.6918569112
17592 0.6918569112
17789 0.6918569112
17856 0.6918569112
18012 0.6918569112
18020 0.6918569112
18107 0.6918569112
18215 0.6918569112
18340 0.6918569112
18410 0.6918569112
18417 0.6918569112
18642 0.6918569112
18749 0.6918569112
18861 0.6918569112
19038 0.6918569112
19430 0.6918569112
20140 0.6918569112
evaluations raw_y
1 99.6508736967
2 90.6850168708
19 90.1462544498
23 87.2609135041
37 86.1013930203
73 85.8493889856
89 85.8034791504
92 85.5971623189
102 85.5453119138
105 85.0974864951
121 83.2360231371
131 81.0133120780
168 77.9609035810
186 76.8585165209
196 73.4758347035
208 71.8000291471
219 70.5787763497
270 70.3512969337
291 69.8532138213
292 68.9219144616
313 65.1279076072
356 63.4307328107
374 55.5488462791
448 53.4372968326
460 50.6253149555
463 49.2859200441
478 49.2649900023
481 46.5788936725
528 43.2317476326
541 39.9144583484
548 38.4708934111
562 35.8170740377
597 34.9206677982
621 28.9834151988
675 28.2978571732
676 26.6935391097
764 26.3486168388
771 25.4330972700
815 25.1105014649
822 24.3777954362
830 23.8352180553
840 22.1332936848
870 19.6850977563
890 18.2533356450
1051 17.8892920007
1075 17.6853924830
1077 17.5635697068
1081 16.5586565463
1138 16.3042561201
1149 15.2617749454
1209 15.2139809007
1329 15.1066048746
1343 14.8449072010
1397 14.8349665174
1508 14.8104829952
1590 13.7388534544
1821 13.5343970463
1842 13.3872642106
1869 13.3817001542
1889 13.2829117790
1897 13.0967384297
1985 13.0064151550
2034 12.9978474404
2054 12.8133098888
2161 12.7571924665
2175 12.7307711017
2239 12.7300119905
2273 12.5582210240
2480 12.5366406710
2504 12.5199286394
2506 12.4820750238
2609 12.4663971873
2614 12.4401874003
2642 12.3847922126
2755 12.3675825673
2797 12.3493217515
2874 12.3343158445
2949 12.3152664389
3023 12.3130689110
3049 12.2812013319
3191 12.2722129380
3200 12.2565928599
3313 12.2562801034
3340 12.2510233646
3405 12.2504176453
3410 12.2471588765
3422 12.2367196285
3502 12.2354376319
3527 12.2322384335
3542 12.2302205752
3593 12.2255494132
3602 12.2248622972
3609 12.2244820364
3642 12.2230576820
3652 12.2181899296
3681 12.2142277891
3772 12.2141611132
3813 12.2088326707
3939 12.2061844229
4076 12.2051036836
4142 12.2050156754
4174 12.2038152729
4195 12.2019176638
4307 12.2012246788
4309 12.2010159307
4341 12.2004674278
4407 12.1996849571
4417 12.1996208415
4429 12.1989726823
4503 12.1986507317
4587 12.1983743991
4607 12.1980439897
4616 12.1975730463
4648 12.1965311361
4678 12.1961831978
4746 12.1961785229
4895 12.1961554534
4906 12.1960113289
4918 12.1959504744
4981 12.1959088541
4982 12.1959017898
5002 12.1955932196
5033 12.1950482041
5082 12.1945132967
5220 12.1942796967
5414 12.1942560158
5449 12.1941961692
5514 12.1941274174
5515 12.1939722234
5522 12.1937746115
5620 12.1937487563
5668 12.1937385429
5676 12.1936335632
5741 12.1936011475
5806 12.1935429348
5918 12.1935416894
5920 12.1934324259
6121 12.1934314149
6124 12.1933734733
6216 12.1933366468
6224 12.1933248914
6302 12.1933081983
6309 12.1933009775
6400 12.1932915903
6423 12.1932434326
6520 12.1932362853
6557 12.1932348773
6595 12.1932103027
6754 12.1931927428
6770 12.1931925555
6862 12.1931858544
6905 12.1931766363
7007 12.1931713905
7049 12.1931651152
7100 12.1931626378
7148 12.1931550010
7219 12.1931531930
7252 12.1931529600
7290 12.1931504910
7367 12.1931504435
7377 12.1931479121
7472 12.1931446474
7570 12.1931427922
7629 12.1931422711
7703 12.1931370209
7865 12.1931364588
7880 12.1931360019
7915 12.1931352374
7969 12.1931348221
8081 12.1931331774
8149 12.1931310398
8280 12.1931303254
8561 12.1931300521
8579 12.1931294332
8667 12.1931288753
8856 12.1931284677
8899 12.1931283037
8985 12.1931282868
9038 12.1931279901
9079 12.1931276985
9231 12.1931276500
9254 12.1931276093
9259 12.1931275182
9314 12.1931274921
9419 12.1931273331
9476 12.1931273059
9584 12.1931271752
9749 12.1931271457
9775 12.1931270709
9998 12.1931270441
10018 12.1931270405
10119 12.1931270284
10150 12.1931270170
10152 12.1931270036
10199 12.1931270026
10263 12.1931269801
10343 12.1931269733
10382 12.1931269641
10424 12.1931269597
10433 12.1931269565
10480 12.1931269531
10570 12.1931269316
10665 12.1931269285
10714 12.1931269277
10725 12.1931269251
10735 12.1931269233
10748 12.1931269154
10785 12.1931269121
10858 12.1931269119
10871 12.1931269118
10874 12.1931269072
10914 12.1931269057
10971 12.1931269056
10993 12.1931268961
11138 12.1931268961
11234 12.1931268911
11255 12.1931268907
11293 12.1931268886
11461 12.1931268864
11559 12.1931268858
11586 12.1931268858
11603 12.1931268848
11649 12.1931268847
11675 12.1931268846
11681 12.1931268845
11693 12.1931268841
11750 12.1931268832
11856 12.1931268825
11924 12.1931268820
11974 12.1931268814
12002 12.1931268809
12163 12.1931268804
12184 12.1931268803
12293 12.1931268801
12395 12.1931268801
12406 12.1931268799
12422 12.1931268792
12548 12.1931268792
12613 12.1931268791
12658 12.1931268791
12720 12.1931268790
12735 12.1931268788
12909 12.1931268787
12915 12.1931268786
12925 12.1931268785
13045 12.1931268785
13058 12.1931268785
13117 12.1931268784
13191 12.1931268783
13260 12.1931268783
13285 12.1931268782
13428 12.1931268782
13585 12.1931268782
13595 12.1931268782
13608 12.1931268781
13643 12.1931268781
13670 12.1931268781
13702 12.1931268781
13768 12.1931268781
13847 12.1931268781
13894 12.1931268781
13962 12.1931268781
13969 12.1931268781
13990 12.1931268781
14031 12.1931268780
14120 12.1931268780
14210 12.1931268780
14216 12.1931268780
14244 12.1931268780
14298 12.1931268780
14303 12.1931268780
14353 12.1931268780
14354 12.1931268780
14429 12.1931268780
14452 12.1931268780
14490 12.1931268780
14526 12.1931268780
14635 12.1931268780
14668 12.1931268780
14708 12.1931268780
14925 12.1931268780
15106 12.1931268780
15110 12.1931268780
15122 12.1931268780
15259 12.1931268780
15299 12.1931268780
15370 12.1931268780
15418 12.1931268780
15445 12.1931268780
15487 12.1931268780
15540 12.1931268780
15745 12.1931268780
15786 12.1931268780
15795 12.1931268780
15819 12.1931268780
15921 12.1931268780
16138 12.1931268780
16195 12.1931268780
16241 12.1931268780
16276 12.1931268780
16344 12.1931268780
16347 12.1931268780
16443 12.1931268780
16454 12.1931268780
16599 12.1931268780
16736 12.1931268780
16980 12.1931268780
17024 12.1931268780
17484 12.1931268780
18118 12.1931268780
evaluations raw_y
1 115.7954088127
2 114.5309348711
4 102.5432292174
6 100.1837611275
19 99.1060133870
23 88.8473700583
35 88.7340018560
39 86.7181130077
81 85.4863151510
91 85.3523320714
103 85.2443745636
118 84.6716122882
134 84.1658520522
152 82.7003795099
186 82.6102039780
205 81.2712235160
242 80.2125920848
260 79.1413989879
279 76.5652376672
307 75.5248294341
346 74.4818795222
347 72.8542649008
357 71.8719449586
368 70.6607930959
370 70.5136279153
383 70.3476720958
404 67.0088275144
426 59.3131633358
496 57.8888589970
510 56.9165779392
527 49.5965531270
570 45.3691464648
585 44.0093850242
628 43.4598103699
662 42.9164483217
666 40.1432365996
676 37.6487383677
682 35.1874381044
714 35.1346148287
730 30.1483782646
740 29.3182803069
745 28.5829197459
755 26.0341303212
798 23.8586115284
818 20.0442040312
870 16.2490922767
931 14.8498554326
940 13.8483911357
961 12.7952882062
1037 12.7325502683
1070 11.4403419761
1125 11.3560754162
1143 11.0161546704
1151 9.7642352772
1203 9.7219113362
1242 9.6555430683
1265 9.5414516499
1270 9.0706602053
1279 9.0084130099
1346 8.6937047971
1375 8.6071507690
1438 8.5704002860
1463 8.3832490760
1605 8.2640576415
1610 8.2531433933
1643 8.1389225242
1755 8.1156351680
1778 8.0788844450
1780 8.0446370694
1834 7.9961702716
1880 7.9671324531
1901 7.9564346398
1909 7.9253356641
1917 7.8765841247
1945 7.8738258186
1947 7.8695555655
1961 7.8548220308
2031 7.8057284305
2049 7.8019518914
2083 7.7828274041
2094 7.7672868265
2117 7.7567795278
2135 7.7501617090
2170 7.6849358495
2175 7.6787878448
2224 7.5894520516
2299 7.5873929318
2323 7.5703885501
2359 7.5431639375
2362 7.5355952884
2405 7.5341238642
2410 7.5105016635
2419 7.4974813126
2488 7.4757242926
2586 7.4630235731
2632 7.4437399483
2674 7.4317732399
2719 7.4291002855
2749 7.4116348618
2809 7.4087505004
2825 7.4065386982
2853 7.3941218423
2971 7.3891357342
3033 7.3884567612
3049 7.3846467343
3085 7.3842881081
3089 7.3620756034
3160 7.3583637052
3232 7.3507943699
3301 7.3447379418
3407 7.3408524319
3526 7.3374276238
3646 7.3364261363
3682 7.3331291029
3706 7.3320010893
3796 7.3307306348
3805 7.3302366853
3826 7.3301146658
3845 7.3267410328
3957 7.3265228915
3974 7.3262209021
3996 7.3257319773
4061 7.3233878601
4131 7.3226215552
4276 7.3222410330
4289 7.3211412421
4375 7.3206963279
4418 7.3206890133
4460 7.3203479676
4526 7.3202755318
4547 7.3201503886
4594 7.3200945802
4619 7.3200618915
4624 7.3193388438
4732 7.3191533702
4734 7.3190859021
4781 7.3188797314
4840 7.3188665505
4913 7.3186930627
4916 7.3184738061
5046 7.3183595638
5085 7.3183402010
5145 7.3183202411
5160 7.3182372406
5208 7.3182329078
5215 7.3182303336
5236 7.3181097605
5277 7.3180464021
5302 7.3180362432
5347 7.3179757414
5362 7.3179097186
5501 7.3178917183
5552 7.3178894638
5569 7.3178850427
5591 7.3178837839
5594 7.3178786606
5684 7.3178653604
5707 7.3178507718
5729 7.3178346987
5730 7.3177936459
5767 7.3177496201
5783 7.3177434106
5868 7.3177161318
5923 7.3176841665
5988 7.3176826685
6020 7.3176747105
6049 7.3176569768
6051 7.3176423794
6141 7.3176336029
6230 7.3176293436
6334 7.3176280865
6350 7.3176262877
6364 7.3176246206
6423 7.3176244688
6431 7.3176033902
6591 7.3176024849
6616 7.3176016727
6623 7.3175974513
6669 7.3175931092
6729 7.3175849553
6805 7.3175829113
6810 7.3175828609
6854 7.3175750521
6978 7.3175746321
6997 7.3175743127
7003 7.3175709211
7037 7.3175691396
7128 7.3175688764
7141 7.3175664107
7196 7.3175651318
7243 7.3175649215
7270 7.3175636131
7385 7.3175635292
7414 7.3175632157
7419 7.3175620666
7450 7.3175619361
7520 7.3175618602
7527 7.3175616846
7533 7.3175605207
7649 7.3175597066
7664 7.3175591427
7817 7.3175584478
7894 7.3175582107
7904 7.3175579984
7987 7.3175578729
7994 7.3175575174
8122 7.3175573923
8150 7.3175571207
8201 7.3175570167
8212 7.3175564544
8335 7.3175563809
8381 7.3175562869
8429 7.3175562281
8435 7.3175561636
8457 7.3175560903
8481 7.3175560088
8515 7.3175559969
8568 7.3175559863
8580 7.3175558924
8619 7.3175556372
8705 7.3175555940
8773 7.3175555112
8811 7.3175553129
9012 7.3175552253
9026 7.3175551820
9107 7.3175551712
9174 7.3175551427
9200 7.3175551123
9313 7.3175550935
9338 7.3175550906
9366 7.3175550230
9396 7.3175550094
9483 7.3175550067
9594 7.3175550053
9597 7.3175550035
9613 7.3175549873
9623 7.3175549825
9624 7.3175549790
9645 7.3175549651
9691 7.3175549405
9728 7.3175549384
9789 7.3175549285
9887 7.3175549236
9913 7.3175549211
9917 7.3175549193
9920 7.3175549039
9945 7.3175548948
10014 7.3175548809
10148 7.3175548693
10256 7.3175548663
10320 7.3175548660
10339 7.3175548601
10455 7.3175548580
10493 7.3175548573
10546 7.3175548571
10552 7.3175548515
10613 7.3175548511
10635 7.3175548469
10724 7.3175548449
10734 7.3175548441
10927 7.3175548435
10961 7.3175548433
10974 7.3175548423
10979 7.3175548404
11004 7.3175548392
11087 7.3175548386
11170 7.3175548382
11214 7.3175548381
11262 7.3175548375
11342 7.3175548372
11393 7.3175548367
11444 7.3175548358
11471 7.3175548351
11512 7.3175548350
11584 7.3175548348
11621 7.3175548346
11641 7.3175548345
11697 7.3175548343
11698 7.3175548340
11756 7.3175548339
11815 7.3175548338
11849 7.3175548337
11961 7.3175548335
12009 7.3175548335
12017 7.3175548334
12041 7.3175548333
12075 7.3175548332
12130 7.3175548332
12178 7.3175548331
12224 7.3175548331
12232 7.3175548330
12260 7.3175548329
12389 7.3175548329
12482 7.3175548329
12492 7.3175548328
12529 7.3175548328
12589 7.3175548328
12612 7.3175548328
12616 7.3175548326
12861 7.3175548326
12962 7.3175548326
12994 7.3175548326
13013 7.3175548325
13100 7.3175548325
13143 7.3175548325
13221 7.3175548325
13307 7.3175548325
13319 7.3175548325
13351 7.3175548325
13373 7.3175548325
13378 7.3175548325
13401 7.3175548325
13423 7.3175548325
13534 7.3175548324
13694 7.3175548324
13736 7.3175548324
13879 7.3175548324
13995 7.3175548324
14086 7.3175548324
14130 7.3175548324
14326 7.3175548324
14384 7.3175548324
14422 7.3175548324
14630 7.3175548324
14660 7.3175548324
14669 7.3175548324
14725 7.3175548324
14818 7.3175548324
14825 7.3175548324
14856 7.3175548324
14869 7.3175548324
14872 7.3175548324
15000 7.3175548324
15010 7.3175548324
15051 7.3175548324
15179 7.3175548324
15267 7.3175548324
15329 7.3175548324
15366 7.3175548324
15658 7.3175548324
15803 7.3175548324
15944 7.3175548324
16039 7.3175548324
16439 7.3175548324
17287 7.3175548324
evaluations raw_y
1 98.5345411642
2 96.1969103556
4 93.4336512279
5 93.3790904328
9 90.9236451344
19 88.5456138240
38 88.2562150724
48 86.6587489143
88 85.8768879149
101 85.6975396831
102 85.4216352743
117 85.4012100999
128 85.0147328421
146 84.8617885286
155 84.5797169462
159 83.2534358226
177 80.6269470321
191 79.6355230566
202 77.6397189811
218 77.1183995282
254 75.8383768530
278 72.4450718090
307 71.9104355961
309 71.0690811807
351 70.5227939722
357 68.5214557191
395 67.9001028645
422 65.9865718766
424 62.2161348985
507 54.1305609053
574 46.1487313643
598 40.7038696111
616 37.4681170521
617 34.6519713142
636 28.6850141071
644 26.8039771331
679 25.6795777202
690 24.3912721324
704 23.7934848131
707 20.5468715022
746 20.5352423355
772 19.4906934943
783 17.9150632621
799 15.0289051080
830 13.0328172737
846 10.4493428169
865 9.7148511144
887 8.8271386933
900 8.2923205949
1031 8.1196050641
1046 7.6762472895
1062 7.4785151010
1072 6.9567586601
1101 6.6946586353
1105 6.6000779840
1121 6.0757633391
1192 5.5109159592
1241 5.4945800460
1245 5.1330672843
1275 4.9395334909
1327 4.8618714228
1358 4.7851876678
1387 4.6768916175
1407 4.3433081130
1446 4.2773069955
1481 4.1381400875
1519 4.0960689190
1546 3.9718911388
1575 3.4408903773
1759 3.4392930207
1792 3.4375219702
1832 3.4200559222
1864 3.3490803557
1881 3.3419437922
1919 3.1132632604
1974 3.0751388899
1976 2.9972798944
2113 2.9360725828
2176 2.9155272617
2206 2.9070262061
2214 2.8387722660
2278 2.8048491372
2305 2.7924843447
2338 2.7807417149
2342 2.7626395950
2353 2.7603717000
2364 2.7327281682
2365 2.6860397415
2425 2.6287723511
2443 2.6241088443
2667 2.6078880401
2680 2.6070001240
2728 2.6017528102
2766 2.5745455443
2768 2.5506155306
2891 2.5315881067
2982 2.5285488989
3063 2.5283489484
3073 2.5164650990
3084 2.5137014286
3147 2.5128490252
3260 2.5096062343
3313 2.5027446181
3352 2.4939609571
3463 2.4927155199
3648 2.4918017381
3659 2.4884230736
3664 2.4879188010
3670 2.4874752312
3709 2.4865609555
3737 2.4859821493
3799 2.4836338452
3843 2.4829041543
3937 2.4821732031
3967 2.4804966646
3977 2.4789844345
4111 2.4773370906
4196 2.4771624528
4242 2.4770637277
4379 2.4768246147
4384 2.4765976509
4454 2.4764656575
4458 2.4763741994
4507 2.4763194841
4531 2.4755240601
4739 2.4754199066
4765 2.4753741513
4776 2.4752228159
4783 2.4751441651
4835 2.4742669068
5008 2.4742626977
5059 2.4742246675
5070 2.4739617060
5151 2.4739354715
5158 2.4737629832
5178 2.4736739089
5258 2.4735964841
5326 2.4735371561
5367 2.4734480355
5382 2.4734326570
5440 2.4734134390
5477 2.4733737949
5550 2.4733386482
5589 2.4733272399
5622 2.4732941909
5655 2.4732540276
5724 2.4732078600
5778 2.4731700169
5781 2.4731649036
5915 2.4731103813
5996 2.4731055327
6054 2.4731007216
6064 2.4730921686
6075 2.4730909979
6175 2.4730795475
6226 2.4730759087
6287 2.4730637103
6304 2.4730578331
6359 2.4730449659
6407 2.4730263405
6559 2.4730248078
6581 2.4730241603
6593 2.4730220575
6674 2.4730177249
6773 2.4730130797
6774 2.4730005126
6933 2.4729997377
6990 2.4729933896
7039 2.4729932924
7051 2.4729932266
7090 2.4729920532
7220 2.4729866031
7308 2.4729842207
7481 2.4729816312
7538 2.4729811073
7671 2.4729792618
7721 2.4729778368
7762 2.4729777117
7818 2.4729769578
8073 2.4729758950
8143 2.4729758911
8154 2.4729754924
8324 2.4729751555
8440 2.4729747563
8592 2.4729746483
8653 2.4729746381
8654 2.4729746047
8799 2.4729746007
8832 2.4729745006
8839 2.4729744126
8864 2.4729743883
8898 2.4729743787
8921 2.4729743474
8967 2.4729743069
8968 2.4729742905
9000 2.4729742871
9036 2.4729742642
9061 2.4729742202
9085 2.4729741585
9161 2.4729741471
9203 2.4729740821
9240 2.4729740564
9325 2.4729740171
9409 2.4729740079
9419 2.4729739869
9506 2.4729739731
9541 2.4729739712
9595 2.4729739624
9650 2.4729739553
9686 2.4729739541
9703 2.4729739448
9780 2.4729739383
9807 2.4729739111
9918 2.4729739090
10018 2.4729738961
10234 2.4729738862
10373 2.4729738816
10389 2.4729738784
10473 2.4729738757
10596 2.4729738732
10603 2.4729738728
10657 2.4729738724
10741 2.4729738712
10766 2.4729738707
10814 2.4729738698
10815 2.4729738693
10875 2.4729738691
10885 2.4729738687
10903 2.4729738680
10959 2.4729738656
11044 2.4729738654
11061 2.4729738643
11129 2.4729738642
11130 2.4729738633
11302 2.4729738630
11312 2.4729738610
11483 2.4729738604
11578 2.4729738598
11967 2.4729738596
11980 2.4729738596
11994 2.4729738594
12002 2.4729738593
12129 2.4729738592
12189 2.4729738592
12259 2.4729738591
12290 2.4729738591
12329 2.4729738591
12378 2.4729738591
12383 2.4729738589
12553 2.4729738588
12568 2.4729738588
12581 2.4729738588
12584 2.4729738588
12687 2.4729738587
12715 2.4729738587
12805 2.4729738586
12839 2.4729738586
12917 2.4729738586
12983 2.4729738586
13018 2.4729738586
13065 2.4729738586
13088 2.4729738586
13109 2.4729738586
13112 2.4729738585
13161 2.4729738585
13325 2.4729738585
13379 2.4729738585
13406 2.4729738585
13459 2.4729738585
13471 2.4729738585
13538 2.4729738585
13557 2.4729738585
13640 2.4729738585
13645 2.4729738585
13646 2.4729738585
13695 2.4729738584
13761 2.4729738584
13908 2.4729738584
13933 2.4729738584
13952 2.4729738584
14034 2.4729738584
14070 2.4729738584
14089 2.4729738584
14133 2.4729738584
14224 2.4729738584
14249 2.4729738584
14368 2.4729738584
14434 2.4729738584
14498 2.4729738584
14501 2.4729738584
14571 2.4729738584
14615 2.4729738584
14687 2.4729738584
14696 2.4729738584
14776 2.4729738584
14795 2.4729738584
14849 2.4729738584
14869 2.4729738584
14870 2.4729738584
14939 2.4729738584
14994 2.4729738584
15137 2.4729738584
15195 2.4729738584
15228 2.4729738584
15275 2.4729738584
15322 2.4729738584
15391 2.4729738584
15414 2.4729738584
15462 2.4729738584
15595 2.4729738584
15601 2.4729738584
15659 2.4729738584
15718 2.4729738584
15795 2.4729738584
15815 2.4729738584
15827 2.4729738584
15971 2.4729738584
15992 2.4729738584
16032 2.4729738584
16153 2.4729738584
16169 2.4729738584
16238 2.4729738584
16356 2.4729738584
16463 2.4729738584
16575 2.4729738584
16598 2.4729738584
16788 2.4729738584
16879 2.4729738584
17031 2.4729738584
17127 2.4729738584
17470 2.4729738584
17978 2.4729738584
18369 2.4729738584
evaluations raw_y
1 98.3598636436
4 97.7137159301
5 95.1436453587
10 90.9929810198
18 87.3207201121
106 86.3485771780
139 86.0717146248
194 85.3294720192
278 84.8533934950
286 83.8619336785
288 82.9818425076
315 82.8263466585
324 81.3016663033
348 80.6013669923
349 80.4650194569
355 80.3394631208
369 78.5615094002
372 78.5274512249
376 74.3991151585
389 74.2134263234
396 71.6981529734
446 68.8763127136
525 63.9373648268
555 61.6297541485
562 61.2373832652
564 51.0740640575
595 49.1958483116
610 35.7146638419
677 28.2596202179
692 25.0886938371
847 25.0268243490
861 24.6379399605
865 22.6390864513
871 20.5787734548
889 17.8614953601
890 16.1137131783
949 15.4336287463
963 13.8629641695
987 13.6313402528
1005 12.3460280135
1016 10.4062390449
1087 9.9743382372
1130 9.3895162660
1134 8.0259971085
1247 7.9358405654
1280 7.3351451110
1345 7.3196190079
1426 7.1850000297
1433 6.9032456159
1477 6.5646931864
1558 6.2880071173
1574 6.1385976666
1576 6.0822633617
1585 5.9437301004
1621 5.7988848662
1739 5.7850168887
1762 5.3612952500
1799 4.9187173571
1939 4.9155232373
1975 4.6683659244
2112 4.6030567087
2139 4.5882020104
2159 4.3723917392
2209 4.3318233219
2260 4.3220145609
2298 3.8971093461
2449 3.8554346322
2471 3.8058246007
2551 3.7776284755
2589 3.7699203685
2631 3.7611313022
2652 3.7173175640
2662 3.7078818032
2719 3.7070205556
2732 3.5731000873
2774 3.5550901732
2879 3.5259167229
2890 3.4832006124
2929 3.4677279210
2983 3.4673876896
3005 3.4603280419
3038 3.4276976776
3102 3.3890715497
3129 3.3535766777
3145 3.3309289432
3217 3.3023072633
3387 3.2968874700
3512 3.2958713682
3551 3.2855129911
3558 3.2715352907
3610 3.2656327193
3640 3.2618004491
3677 3.2613983936
3766 3.2380392562
3863 3.2318565074
3901 3.2214738613
3974 3.2095689910
4260 3.2081395242
4303 3.2061550308
4319 3.2038459140
4333 3.1987530895
4388 3.1951329973
4446 3.1888736733
4627 3.1884669519
4667 3.1877186244
4681 3.1857446000
4716 3.1830358748
4766 3.1822463399
4821 3.1817167241
4875 3.1799343725
5091 3.1779909146
5107 3.1775837717
5156 3.1775704022
5200 3.1769805587
5226 3.1763744859
5291 3.1761799461
5340 3.1759103791
5344 3.1753571134
5356 3.1752656595
5367 3.1740456187
5464 3.1737064626
5525 3.1734438834
5594 3.1732097343
5630 3.1728360756
5681 3.1724298452
5771 3.1722695497
5805 3.1722182202
5833 3.1720486685
5913 3.1719668216
5926 3.1717394213
5958 3.1716270386
5960 3.1715543762
5992 3.1713634007
6055 3.1712882629
6102 3.1708148843
6294 3.1706438079
6341 3.1706365633
6368 3.1705225391
6507 3.1703564761
6643 3.1703302669
6697 3.1702824434
6738 3.1702816788
6788 3.1702800583
6808 3.1702790873
6826 3.1702364698
6970 3.1701721853
7053 3.1700295831
7198 3.1699848726
7280 3.1699712371
7323 3.1699645372
7388 3.1699361636
7418 3.1699352199
7455 3.1698977897
7682 3.1698905357
7717 3.1698890704
7744 3.1698805588
7771 3.1698788925
7802 3.1698722824
7889 3.1698686772
7937 3.1698637959
7945 3.1698612060
7947 3.1698585420
8031 3.1698544713
8045 3.1698536530
8180 3.1698482585
8191 3.1698350128
8361 3.1698313860
8464 3.1698227319
8625 3.1698185971
8840 3.1698162095
8884 3.1698159596
8982 3.1698154332
9082 3.1698131757
9181 3.1698123943
9244 3.1698120741
9268 3.1698106301
9386 3.1698102034
9426 3.1698100325
9478 3.1698099077
9527 3.1698094433
9617 3.1698092560
9619 3.1698090059
9698 3.1698080352
9807 3.1698080349
9825 3.1698079211
9883 3.1698076013
9927 3.1698074125
10021 3.1698072807
10055 3.1698071135
10073 3.1698070312
10102 3.1698068128
10218 3.1698067014
10289 3.1698065986
10331 3.1698064141
10506 3.1698063697
10509 3.1698063234
10585 3.1698063041
10603 3.1698062604
10606 3.1698062215
10624 3.1698060963
10719 3.1698060255
10780 3.1698059747
10868 3.1698059024
10913 3.1698058911
10967 3.1698058653
11124 3.1698058535
11134 3.1698058175
11185 3.1698058160
11191 3.1698057851
11251 3.1698057490
11428 3.1698057432
11456 3.1698057179
11512 3.1698057156
11526 3.1698056977
11655 3.1698056962
11678 3.1698056833
11701 3.1698056794
11721 3.1698056499
12015 3.1698056451
12046 3.1698056438
12100 3.1698056386
12113 3.1698056318
12285 3.1698056284
12286 3.1698056210
12308 3.1698056196
12408 3.1698056130
12571 3.1698056123
12589 3.1698056102
12647 3.1698056095
12662 3.1698056085
12684 3.1698056040
12710 3.1698056018
12755 3.1698056014
12774 3.1698055996
12864 3.1698055989
12895 3.1698055973
12935 3.1698055972
12948 3.1698055969
13080 3.1698055967
13135 3.1698055967
13149 3.1698055967
13173 3.1698055966
13196 3.1698055932
13350 3.1698055921
13410 3.1698055911
13599 3.1698055906
13763 3.1698055904
13790 3.1698055898
13792 3.1698055896
13893 3.1698055894
13928 3.1698055891
14015 3.1698055890
14077 3.1698055889
14084 3.1698055888
14216 3.1698055886
14242 3.1698055886
14309 3.1698055883
14382 3.1698055882
14415 3.1698055880
14561 3.1698055879
14585 3.1698055879
14601 3.1698055879
14658 3.1698055879
14730 3.1698055878
14742 3.1698055878
14824 3.1698055877
14846 3.1698055877
14987 3.1698055876
15009 3.1698055876
15035 3.1698055876
15125 3.1698055876
15158 3.1698055876
15186 3.1698055875
15238 3.1698055875
15252 3.1698055875
15364 3.1698055874
15491 3.1698055874
15510 3.1698055874
15592 3.1698055874
15673 3.1698055874
15702 3.1698055874
15706 3.1698055874
15837 3.1698055874
15838 3.1698055874
15928 3.1698055874
15931 3.1698055874
16022 3.1698055873
16120 3.1698055873
16242 3.1698055873
16316 3.1698055873
16411 3.1698055873
16573 3.1698055873
16618 3.1698055873
16803 3.1698055873
16827 3.1698055873
16902 3.1698055873
16947 3.1698055873
17028 3.1698055873
17268 3.1698055873
17270 3.1698055873
17320 3.1698055873
17335 3.1698055873
17370 3.1698055873
17389 3.1698055873
17405 3.1698055873
17490 3.1698055873
17492 3.1698055873
17565 3.1698055873
17896 3.1698055873
17910 3.1698055873
17942 3.1698055873
18088 3.1698055873
18220 3.1698055873
18431 3.1698055873
18432 3.1698055873
18505 3.1698055873
18570 3.1698055873
18598 3.1698055873
18695 3.1698055873
18927 3.1698055873
18938 3.1698055873
19078 3.1698055873
19102 3.1698055873
19171 3.1698055873
19335 3.1698055873
19420 3.1698055873
19437 3.1698055873
19579 3.1698055873
19827 3.1698055873
19830 3.1698055873
19963 3.1698055873
20236 3.1698055873
20459 3.1698055873
20543 3.1698055873
21528 3.1698055873
evaluations raw_y
1 122.5623650437
2 89.6965314251
26 88.3745895723
54 87.0917749134
68 86.6399695503
95 86.4393505471
116 85.9691086701
136 85.9270342411
153 85.2650990808
168 85.2346819195
169 85.0737417237
195 84.6589522602
215 84.0958145976
238 83.2214337890
251 83.1237169172
256 82.5684568597
258 81.5490329891
267 81.0740394361
276 74.8709682975
321 74.5814172178
324 72.4647413766
396 71.9090226639
478 71.4104354216
491 64.5541399019
534 64.2481836127
560 61.4537500810
581 53.8152498218
635 41.7681177006
684 40.7065938069
686 37.2958935448
707 30.2679661322
731 27.6115901393
738 23.7561106663
752 16.3938996599
819 15.0999052931
868 14.3179458262
895 12.9970846072
897 12.6632158491
929 12.0636557617
944 11.5918387137
950 11.2474072473
988 9.0466570183
1007 8.3142587122
1019 8.2620848552
1026 8.0119069213
1045 7.9835135011
1088 7.8915389501
1105 7.8449855602
1109 7.6506816331
1126 7.3110796390
1173 7.1948522438
1199 6.9830289602
1209 6.7452868172
1234 6.6588119112
1247 6.6299881782
1249 5.8938372575
1264 5.8508228052
1273 5.6344502093
1332 5.4066649195
1344 5.3879917307
1375 4.8835340309
1386 4.6262876320
1400 4.5310199974
1468 4.5147704636
1499 4.0754570277
1684 3.7785799384
1712 3.6720722215
1790 3.2092013084
1910 3.1447281880
1927 3.1023394829
1967 3.0791924191
2026 3.0329903790
2051 2.9292740295
2122 2.7075146814
2469 2.6719965122
2512 2.6663852034
2515 2.6434343471
2521 2.6329493409
2562 2.6225242396
2611 2.6115312192
2643 2.6113458466
2775 2.5921014925
2805 2.5856417624
2811 2.5667514736
2886 2.5379498563
3017 2.5351111262
3102 2.5266921402
3150 2.5227397162
3173 2.5181981937
3222 2.5132533481
3228 2.5083153722
3288 2.5032396580
3355 2.5024878927
3369 2.5009150554
3414 2.4980845400
3422 2.4979150084
3497 2.4917354724
3627 2.4916573182
3642 2.4903303998
3643 2.4899517372
3651 2.4895795759
3667 2.4848385283
3856 2.4848328643
3860 2.4813301076
3948 2.4810510326
4030 2.4778454367
4340 2.4767164793
4341 2.4767092005
4437 2.4765820720
4475 2.4760131898
4596 2.4757915045
4628 2.4756283423
4636 2.4755339939
4661 2.4755204895
4663 2.4751197321
4702 2.4750427399
4731 2.4748604406
4787 2.4745983484
4914 2.4745004060
4951 2.4744607518
4962 2.4741854937
4987 2.4740425437
5040 2.4738939584
5061 2.4738788614
5101 2.4738736330
5158 2.4738238265
5177 2.4737895965
5198 2.4737850851
5199 2.4737767507
5246 2.4737514304
5262 2.4736619619
5271 2.4736406271
5292 2.4736150304
5303 2.4735586383
5348 2.4734556289
5475 2.4734270001
5497 2.4733991470
5516 2.4733957868
5533 2.4733945032
5559 2.4733500043
5579 2.4733086426
5646 2.4732877634
5650 2.4732404715
5662 2.4732357019
5780 2.4732288280
5803 2.4732078970
5824 2.4731491497
5855 2.4731438807
6014 2.4731343238
6015 2.4731250399
6064 2.4731168754
6070 2.4730976440
6086 2.4730871145
6243 2.4730747393
6244 2.4730647942
6285 2.4730515297
6370 2.4730430000
6442 2.4730407409
6454 2.4730366150
6456 2.4730329881
6489 2.4730315987
6518 2.4730273424
6539 2.4730258186
6547 2.4730221660
6562 2.4730210175
6575 2.4730142129
6612 2.4730134168
6627 2.4730112972
6657 2.4730000935
6868 2.4729990142
6944 2.4729956577
6990 2.4729930297
7014 2.4729915454
7023 2.4729909249
7047 2.4729908356
7098 2.4729904159
7135 2.4729892221
7262 2.4729880297
7265 2.4729872175
7317 2.4729864756
7327 2.4729842054
7372 2.4729817653
7470 2.4729817395
7604 2.4729811169
7605 2.4729802426
7633 2.4729789017
7685 2.4729788890
7741 2.4729787567
7773 2.4729786379
7791 2.4729780602
7899 2.4729773059
7915 2.4729772790
7962 2.4729772442
7998 2.4729763414
8102 2.4729760628
8122 2.4729758604
8149 2.4729756573
8190 2.4729755014
8276 2.4729754924
8278 2.4729753897
8283 2.4729751534
8381 2.4729750447
8441 2.4729750267
8445 2.4729747797
8528 2.4729746271
8603 2.4729744240
8716 2.4729743809
8757 2.4729742837
8890 2.4729742508
8895 2.4729742479
8937 2.4729742364
8947 2.4729741933
8969 2.4729741634
9049 2.4729741553
9067 2.4729741458
9115 2.4729741171
9120 2.4729740266
9296 2.4729740092
9312 2.4729740013
9313 2.4729739876
9448 2.4729739689
9518 2.4729739648
9541 2.4729739638
9556 2.4729739637
9573 2.4729739572
9591 2.4729739320
9617 2.4729739204
9841 2.4729739110
9865 2.4729739109
9895 2.4729739101
9930 2.4729739010
10001 2.4729739003
10081 2.4729738895
10190 2.4729738853
10202 2.4729738823
10244 2.4729738765
10314 2.4729738735
10557 2.4729738735
10595 2.4729738729
10635 2.4729738727
10636 2.4729738725
10647 2.4729738712
10684 2.4729738709
10687 2.4729738690
10734 2.4729738682
10736 2.4729738671
10822 2.4729738669
10826 2.4729738668
10830 2.4729738656
10929 2.4729738655
10941 2.4729738640
11005 2.4729738631
11092 2.4729738620
11224 2.4729738618
11291 2.4729738616
11309 2.4729738616
11317 2.4729738613
11350 2.4729738605
11511 2.4729738603
11542 2.4729738598
11706 2.4729738596
11726 2.4729738596
11833 2.4729738595
11870 2.4729738593
11889 2.4729738592
11909 2.4729738591
12052 2.4729738590
12115 2.4729738589
12151 2.4729738589
12169 2.4729738588
12309 2.4729738588
12375 2.4729738588
12441 2.4729738587
12485 2.4729738587
12499 2.4729738587
12507 2.4729738586
12531 2.4729738586
12599 2.4729738586
12624 2.4729738586
12626 2.4729738586
12644 2.4729738586
12646 2.4729738586
12657 2.4729738586
12678 2.4729738586
12682 2.4729738586
12684 2.4729738586
12797 2.4729738585
12801 2.4729738585
12841 2.4729738585
12938 2.4729738585
12962 2.4729738585
13025 2.4729738585
13071 2.4729738585
13084 2.4729738585
13153 2.4729738585
13172 2.4729738585
13233 2.4729738585
13286 2.4729738585
13343 2.4729738584
13350 2.4729738584
13380 2.4729738584
13394 2.4729738584
13396 2.4729738584
13511 2.4729738584
13535 2.4729738584
13581 2.4729738584
13595 2.4729738584
13678 2.4729738584
13701 2.4729738584
13718 2.4729738584
13745 2.4729738584
13776 2.4729738584
13874 2.4729738584
13993 2.4729738584
14025 2.4729738584
14035 2.4729738584
14090 2.4729738584
14127 2.4729738584
14155 2.4729738584
14206 2.4729738584
14220 2.4729738584
14242 2.4729738584
14243 2.4729738584
14286 2.4729738584
14287 2.4729738584
14296 2.4729738584
14345 2.4729738584
14415 2.4729738584
14467 2.4729738584
14487 2.4729738584
14528 2.4729738584
14660 2.4729738584
14722 2.4729738584
14784 2.4729738584
14832 2.4729738584
14873 2.4729738584
14881 2.4729738584
14949 2.4729738584
14969 2.4729738584
15069 2.4729738584
15187 2.4729738584
15215 2.4729738584
15266 2.4729738584
15305 2.4729738584
15568 2.4729738584
15623 2.4729738584
15728 2.4729738584
16019 2.4729738584
16232 2.4729738584
16642 2.4729738584
16985 2.4729738584
evaluations raw_y
1 96.6464020633
7 89.0816020500
8 88.6704944889
19 86.1995318507
29 85.9087235245
39 85.4814326624
51 85.0897974084
71 84.9585507095
82 83.0733767704
99 82.1612445193
120 81.1916250552
121 78.4943649131
144 78.1381600774
151 77.3543772130
179 74.7216968574
189 72.2184065073
202 69.5691358121
234 69.2583104611
238 66.4668133897
283 65.0943452153
310 65.0007235622
326 61.0015135665
339 55.2304259568
431 52.7806076201
453 31.4746797078
508 24.9100160765
570 22.7243337121
636 22.0262256865
646 20.0165821007
660 17.9503836491
674 14.7392923650
699 13.7898061760
704 10.3468891964
747 9.6666648633
791 9.1449547188
819 7.9482705950
825 7.2959657934
861 5.9533564186
893 4.0341063401
1014 3.2750654527
1132 3.1363581162
1193 3.0309183680
1199 2.7021310018
1203 2.6903895145
1223 2.5058499604
1231 2.0234125276
1374 2.0076302243
1543 1.8909011634
1683 1.7411992210
1945 1.6768429340
2054 1.5238797803
2107 1.4568940238
2252 1.4451994317
2267 1.2691068744
2437 1.2454374796
2626 1.1923755943
2662 1.1864087256
2680 1.1783128740
2824 1.1691677760
2902 1.1561510619
2935 1.1472759698
2946 1.0869907589
2956 1.0730809552
3134 1.0560041169
3154 1.0342028054
3249 1.0231066245
3273 1.0225355302
3374 1.0122439998
3429 1.0048924537
3533 1.0040179863
3640 1.0020547533
3679 0.9894375745
3743 0.9874119810
3769 0.9803948269
3889 0.9671504410
4064 0.9661968854
4066 0.9654468855
4074 0.9633310249
4096 0.9599280445
4111 0.9571604344
4189 0.9564608291
4223 0.9564144532
4245 0.9521853038
4330 0.9518761602
4343 0.9515382779
4365 0.9455437040
4564 0.9430013046
4566 0.9429763129
4656 0.9427134199
4702 0.9422610597
4774 0.9420383865
4794 0.9415613394
4825 0.9406701020
4938 0.9399589671
4985 0.9384351793
4999 0.9371531927
5078 0.9369345943
5088 0.9367556206
5149 0.9360775191
5161 0.9357276168
5295 0.9349915664
5317 0.9348063458
5358 0.9344009041
5367 0.9342750018
5481 0.9341963906
5487 0.9341732698
5502 0.9341290340
5504 0.9337368360
5544 0.9331227418
5578 0.9328349500
5673 0.9326935227
5685 0.9324892346
5731 0.9322819311
5817 0.9320352779
5868 0.9319520927
5889 0.9318474354
5917 0.9316178546
5957 0.9312518897
6055 0.9311896708
6107 0.9311594853
6118 0.9310416123
6146 0.9309424600
6269 0.9308399959
6333 0.9307686560
6338 0.9307559260
6347 0.9306653179
6493 0.9306582397
6499 0.9306478357
6503 0.9305084117
6547 0.9305073366
6584 0.9304084359
6774 0.9303806768
6826 0.9303801992
6839 0.9303587332
6891 0.9303383744
6926 0.9303214058
6986 0.9302447703
7065 0.9302424152
7082 0.9302369086
7107 0.9301979725
7161 0.9301703038
7208 0.9301563736
7305 0.9301495463
7317 0.9301409005
7327 0.9301352278
7353 0.9301304486
7371 0.9301265891
7436 0.9300941086
7509 0.9300909619
7555 0.9300761590
7586 0.9300754418
7631 0.9300507562
7705 0.9300458857
8007 0.9300404564
8091 0.9300398704
8112 0.9300389964
8118 0.9300365215
8206 0.9300363675
8212 0.9300355426
8229 0.9300350644
8264 0.9300326083
8282 0.9300300673
8299 0.9300283055
8324 0.9300249122
8377 0.9300232160
8433 0.9300207076
8436 0.9300157625
8507 0.9300144629
8594 0.9300135594
8703 0.9300116934
8732 0.9300096895
8749 0.9300095859
8767 0.9300092136
8826 0.9300065970
8998 0.9300049902
9123 0.9300039537
9238 0.9300025199
9366 0.9300017022
9574 0.9300005188
9673 0.9299999067
9780 0.9299998815
9835 0.9299998165
9856 0.9299996925
9873 0.9299996646
9896 0.9299996638
9967 0.9299991023
10089 0.9299985464
10227 0.9299985330
10319 0.9299984220
10333 0.9299983811
10368 0.9299981536
10460 0.9299979672
10634 0.9299978664
10884 0.9299978336
10894 0.9299978026
10917 0.9299977306
11045 0.9299977166
11072 0.9299976972
11111 0.9299976513
11123 0.9299976078
11173 0.9299975914
11269 0.9299975737
11334 0.9299975687
11347 0.9299975544
11351 0.9299975502
11377 0.9299975489
11415 0.9299975487
11465 0.9299975456
11476 0.9299975310
11477 0.9299975258
11487 0.9299975228
11527 0.9299974780
11734 0.9299974771
11769 0.9299974738
11800 0.9299974720
11809 0.9299974615
11821 0.9299974556
11826 0.9299974468
11973 0.9299974361
11980 0.9299974305
12116 0.9299974301
12194 0.9299974251
12220 0.9299974166
12388 0.9299974160
12403 0.9299974156
12421 0.9299974156
12426 0.9299974100
12429 0.9299974094
12444 0.9299974028
12617 0.9299974015
12738 0.9299974014
12802 0.9299974006
12816 0.9299973998
12877 0.9299973992
12892 0.9299973989
12928 0.9299973977
12996 0.9299973953
13048 0.9299973945
13147 0.9299973943
13169 0.9299973942
13206 0.9299973934
13317 0.9299973926
13350 0.9299973922
13367 0.9299973921
13456 0.9299973917
13496 0.9299973916
13603 0.9299973913
13718 0.9299973911
13825 0.9299973910
13848 0.9299973908
13884 0.9299973906
13939 0.9299973905
13954 0.9299973905
13970 0.9299973904
14012 0.9299973902
14096 0.9299973902
14183 0.9299973901
14318 0.9299973901
14392 0.9299973899
14411 0.9299973899
14415 0.9299973898
14453 0.9299973898
14513 0.9299973898
14514 0.9299973897
14621 0.9299973896
14799 0.9299973896
14903 0.9299973896
15060 0.9299973895
15099 0.9299973895
15106 0.9299973895
15127 0.9299973895
15132 0.9299973895
15180 0.9299973894
15186 0.9299973894
15269 0.9299973894
15358 0.9299973894
15412 0.9299973894
15465 0.9299973894
15658 0.9299973894
15730 0.9299973894
15780 0.9299973893
15913 0.9299973893
15963 0.9299973893
16046 0.9299973893
16106 0.9299973893
16125 0.9299973893
16136 0.9299973893
16172 0.9299973893
16202 0.9299973893
16227 0.9299973893
16228 0.9299973893
16234 0.9299973893
16328 0.9299973893
16329 0.9299973893
16453 0.9299973893
16463 0.9299973893
16466 0.9299973893
16507 0.9299973893
16521 0.9299973893
16535 0.9299973893
16773 0.9299973893
16933 0.9299973893
16941 0.9299973893
17047 0.9299973893
17067 0.9299973893
17147 0.9299973893
17202 0.9299973893
17369 0.9299973893
17403 0.9299973893
17407 0.9299973893
17428 0.9299973893
17447 0.9299973893
17480 0.9299973893
17566 0.9299973893
17613 0.9299973893
17644 0.9299973893
17693 0.9299973893
17747 0.9299973893
17879 0.9299973893
17949 0.9299973893
17960 0.9299973893
18083 0.9299973893
18089 0.9299973893
18158 0.9299973893
18230 0.9299973893
18297 0.9299973893
18385 0.9299973893
18451 0.9299973893
18555 0.9299973893
18812 0.9299973893
18839 0.9299973893
18909 0.9299973893
18936 0.9299973893
19130 0.9299973893
19272 0.9299973893
19446 0.9299973893
19735 0.9299973893
20435 0.9299973893
evaluations raw_y
1 94.2272256674
4 86.5500121089
44 86.5278065049
51 86.2075957534
75 86.0256148971
96 85.6268862664
149 85.2487933728
165 85.1307467292
172 84.4111348123
175 83.0219697188
199 82.6585105004
208 77.9108056144
245 77.8977485866
254 77.6247766955
257 77.5569072685
261 76.8214611724
277 74.6446119630
317 73.3314854313
391 73.1943843022
408 72.8725671783
411 71.6140578189
448 69.8499528985
462 69.2215802580
469 68.1838391470
472 63.9680623282
497 63.0918656277
520 62.1286956763
542 60.7386652873
557 57.8336860013
575 56.0387338123
606 49.5803005036
635 27.9181251148
728 24.8792272809
831 18.8566693358
882 13.3709803524
902 13.3457088301
922 11.6297899889
953 11.1164826529
974 10.5332927034
992 7.9702177124
1071 7.7053087872
1152 7.6434270437
1181 7.2799802008
1183 6.2177529421
1209 5.8214833417
1256 5.7431251663
1282 5.4111231024
1304 5.1943654928
1392 5.1289520073
1410 5.0040200707
1424 4.9124951847
1443 4.5326571712
1542 4.3799055341
1596 4.2580075966
1687 4.0153914269
1795 3.4732683615
1885 3.4296581940
1929 3.3303786195
1971 3.3202938613
1998 3.1709636663
2024 3.0328684913
2115 2.9884517064
2189 2.9438656907
2199 2.9168870248
2213 2.8951545490
2296 2.7691546355
2505 2.7608283348
2517 2.7541578173
2522 2.7473871909
2545 2.7347489240
2547 2.7056316763
2572 2.6944276483
2581 2.6823150410
2589 2.6483213307
2690 2.6170891641
2811 2.6107870401
2843 2.5973767200
2848 2.5822282431
2878 2.5625390091
2953 2.5612058192
3013 2.5552864182
3063 2.5542664558
3088 2.5519421107
3095 2.5466310085
3122 2.5463709764
3126 2.5196174877
3345 2.5174416731
3362 2.5064981095
3497 2.5020134422
3519 2.5000651768
3567 2.4968416564
3621 2.4957470680
3626 2.4924863100
3659 2.4892163630
3783 2.4879344211
3857 2.4862514643
3954 2.4862433691
3972 2.4856042373
3984 2.4847950553
3994 2.4826689572
4051 2.4811398622
4067 2.4808932270
4093 2.4807136714
4137 2.4800399543
4197 2.4796147685
4213 2.4787825563
4295 2.4787748432
4317 2.4784779949
4360 2.4782144117
4364 2.4782035154
4382 2.4777974476
4409 2.4772738361
4481 2.4770848825
4482 2.4762384907
4592 2.4758397067
4679 2.4755051872
4683 2.4751500155
4835 2.4748784328
4843 2.4747303226
4860 2.4741625313
5073 2.4741433203
5121 2.4739642282
5122 2.4737442217
5233 2.4736222315
5313 2.4735077382
5393 2.4734995856
5396 2.4733240607
5609 2.4733103070
5660 2.4732981388
5702 2.4732968915
5742 2.4732932533
5785 2.4732501457
5855 2.4731681723
5927 2.4731635739
5961 2.4731460404
5965 2.4731352685
6025 2.4731054005
6070 2.4730770704
6198 2.4730660743
6239 2.4730576776
6375 2.4730335540
6454 2.4730271765
6566 2.4730214534
6656 2.4730209845
6674 2.4730096698
6729 2.4729995011
6966 2.4729969912
6998 2.4729953994
7020 2.4729903045
7103 2.4729883748
7224 2.4729875831
7232 2.4729854175
7278 2.4729846780
7349 2.4729843807
7360 2.4729840617
7373 2.4729836948
7403 2.4729817395
7422 2.4729809458
7445 2.4729791705
7674 2.4729783739
7727 2.4729779725
7825 2.4729777158
7902 2.4729767690
7941 2.4729766303
7948 2.4729763413
8025 2.4729762332
8026 2.4729760965
8035 2.4729760591
8100 2.4729757860
8176 2.4729756112
8224 2.4729754998
8264 2.4729754578
8285 2.4729751721
8295 2.4729750903
8407 2.4729750324
8410 2.4729749583
8435 2.4729748436
8463 2.4729746688
8676 2.4729745568
8715 2.4729745213
8767 2.4729743706
8837 2.4729743069
8901 2.4729742163
8991 2.4729741640
9086 2.4729741632
9101 2.4729741233
9235 2.4729741123
9269 2.4729741054
9280 2.4729740982
9291 2.4729739988
9526 2.4729739854
9527 2.4729739702
9541 2.4729739542
9637 2.4729739423
9651 2.4729739222
9808 2.4729739175
9916 2.4729739166
9925 2.4729739077
9995 2.4729739036
10056 2.4729739027
10068 2.4729739016
10094 2.4729739010
10146 2.4729738986
10155 2.4729738959
10158 2.4729738951
10190 2.4729738897
10256 2.4729738883
10285 2.4729738775
10418 2.4729738712
10461 2.4729738711
10647 2.4729738708
10726 2.4729738685
10784 2.4729738676
10839 2.4729738662
10877 2.4729738652
10957 2.4729738648
10984 2.4729738639
10994 2.4729738637
11011 2.4729738626
11131 2.4729738625
11218 2.4729738609
11338 2.4729738608
11419 2.4729738608
11466 2.4729738607
11478 2.4729738605
11530 2.4729738605
11540 2.4729738604
11575 2.4729738603
11639 2.4729738603
11645 2.4729738602
11656 2.4729738600
11670 2.4729738600
11684 2.4729738596
11933 2.4729738594
11964 2.4729738592
12014 2.4729738592
12082 2.4729738592
12083 2.4729738591
12112 2.4729738591
12147 2.4729738590
12184 2.4729738589
12264 2.4729738588
12368 2.4729738588
12385 2.4729738587
12418 2.4729738587
12427 2.4729738587
12463 2.4729738586
12587 2.4729738586
12589 2.4729738586
12727 2.4729738586
12802 2.4729738586
12810 2.4729738585
12818 2.4729738585
12975 2.4729738585
12989 2.4729738585
13042 2.4729738585
13088 2.4729738585
13101 2.4729738585
13115 2.4729738585
13138 2.4729738585
13152 2.4729738585
13161 2.4729738585
13208 2.4729738585
13228 2.4729738585
13264 2.4729738585
13326 2.4729738585
13328 2.4729738585
13355 2.4729738584
13420 2.4729738584
13528 2.4729738584
13532 2.4729738584
13634 2.4729738584
13723 2.4729738584
13892 2.4729738584
13905 2.4729738584
13918 2.4729738584
13931 2.4729738584
14018 2.4729738584
14325 2.4729738584
14378 2.4729738584
14418 2.4729738584
14540 2.4729738584
14551 2.4729738584
14575 2.4729738584
14617 2.4729738584
14853 2.4729738584
14875 2.4729738584
14964 2.4729738584
14998 2.4729738584
15056 2.4729738584
15067 2.4729738584
15094 2.4729738584
15120 2.4729738584
15144 2.4729738584
15165 2.4729738584
15195 2.4729738584
15264 2.4729738584
15347 2.4729738584
15371 2.4729738584
15474 2.4729738584
15497 2.4729738584
15573 2.4729738584
15597 2.4729738584
15680 2.4729738584
15726 2.4729738584
15935 2.4729738584
16038 2.4729738584
16276 2.4729738584
16966 2.4729738584
17074 2.4729738584
evaluations raw_y
1 155.3120796344
2 123.5622942186
3 95.2580938820
5 90.1413644763
11 87.5514952242
20 87.4709248212
41 86.8038102014
45 86.0423028469
118 85.9113508668
204 85.8501811378
208 85.4135009764
212 84.9250076442
216 84.6253615966
286 84.5140775778
288 84.4033363692
292 81.9190316636
372 81.2096505228
379 80.1315009839
407 78.6049054191
471 76.7158984211
480 76.6796502218
506 76.0703867995
513 74.8818867800
523 70.2256766926
525 69.0709426404
555 68.5741392620
556 67.9996887352
581 63.2396021128
608 61.0959393000
610 56.0075753480
656 48.5888726251
675 46.1810078365
693 43.2546637674
718 41.6976947080
735 30.8234552699
774 27.2690537372
789 25.5081929657
865 24.4232318250
867 23.9987022865
869 22.2711177530
889 16.2100873491
971 15.6804847487
995 14.4260000325
999 11.8423764140
1016 11.2827514638
1026 9.7465108315
1065 9.6157879771
1066 9.0732100854
1087 8.1028821698
1118 7.9534314150
1135 7.1675240459
1139 5.6563042590
1370 5.4326593880
1472 5.4079062705
1505 5.3194175873
1518 5.2362753274
1582 4.7331614835
1602 4.5138706149
1658 4.1343552059
1689 3.7750233790
1734 3.6305721689
1744 3.3331035977
2007 3.2974843444
2011 3.2466346780
2060 3.2329545901
2067 3.1665040931
2122 2.8857146384
2234 2.8816104828
2334 2.7521777731
2438 2.7450358087
2523 2.7111556440
2565 2.6574573985
2617 2.6416761070
2834 2.5977587754
2851 2.5848043713
2995 2.5481360910
3162 2.5387806289
3242 2.5347249008
3305 2.5248137188
3348 2.5239436549
3385 2.5167230282
3514 2.5012074308
3692 2.4980849635
3721 2.4954096175
3788 2.4939744987
3838 2.4929699148
3904 2.4919906314
3911 2.4908082454
3949 2.4897148127
3956 2.4894423224
4003 2.4881187545
4009 2.4881004831
4034 2.4870933007
4041 2.4853768431
4063 2.4840904107
4112 2.4835562531
4184 2.4831263747
4209 2.4826122209
4239 2.4825203219
4315 2.4818529433
4428 2.4809592303
4470 2.4797890418
4476 2.4795807201
4524 2.4795387057
4535 2.4794244708
4558 2.4789123378
4567 2.4785399755
4634 2.4774020579
4685 2.4766791413
4830 2.4753222382
5132 2.4751442785
5165 2.4750693966
5203 2.4749947439
5223 2.4749698549
5248 2.4749201333
5267 2.4749107280
5276 2.4748270695
5307 2.4747579223
5327 2.4743702369
5442 2.4741279625
5488 2.4739695117
5517 2.4738537331
5576 2.4737806058
5638 2.4737139264
5681 2.4736137620
5748 2.4734698829
5948 2.4733851832
6012 2.4733444896
6059 2.4733404666
6072 2.4733229164
6130 2.4733132393
6192 2.4733045971
6206 2.4732930136
6207 2.4732818117
6211 2.4732699500
6213 2.4732642023
6273 2.4732245789
6295 2.4732166186
6315 2.4732123086
6327 2.4732069260
6335 2.4731778117
6357 2.4731518624
6386 2.4731195160
6508 2.4730766073
6748 2.4730747053
6771 2.4730732228
6802 2.4730641688
6835 2.4730521061
6870 2.4730417887
6897 2.4730386335
7033 2.4730349145
7053 2.4730326473
7108 2.4730134733
7306 2.4730130133
7336 2.4730126472
7469 2.4730046022
7538 2.4729973455
7712 2.4729941714
7789 2.4729931008
7822 2.4729930359
7824 2.4729923628
7830 2.4729903310
7858 2.4729896100
7906 2.4729885448
7955 2.4729885430
7961 2.4729883826
7969 2.4729864083
8020 2.4729859832
8043 2.4729852576
8074 2.4729849283
8083 2.4729843035
8115 2.4729831968
8171 2.4729831612
8191 2.4729813516
8234 2.4729810645
8278 2.4729809387
8292 2.4729806396
8328 2.4729806339
8365 2.4729804021
8377 2.4729798849
8393 2.4729788650
8463 2.4729781060
8501 2.4729779191
8606 2.4729774776
8635 2.4729767539
8652 2.4729764021
8733 2.4729761874
8807 2.4729759448
8865 2.4729758703
8908 2.4729757662
8925 2.4729756709
9043 2.4729755610
9080 2.4729753820
9089 2.4729752527
9118 2.4729752520
9123 2.4729752220
9148 2.4729752052
9164 2.4729750506
9186 2.4729749691
9220 2.4729748336
9316 2.4729746586
9350 2.4729746144
9377 2.4729744968
9399 2.4729743966
9447 2.4729743915
9450 2.4729743903
9541 2.4729743726
9551 2.4729742747
9686 2.4729742233
9700 2.4729741488
9842 2.4729741382
9870 2.4729740899
9948 2.4729740790
9983 2.4729740742
10006 2.4729740466
10039 2.4729740425
10044 2.4729740073
10084 2.4729739732
10286 2.4729739616
10444 2.4729739505
10482 2.4729739267
10504 2.4729739256
10599 2.4729739212
10621 2.4729739193
10668 2.4729739167
10706 2.4729738982
10837 2.4729738963
10852 2.4729738956
10885 2.4729738906
10933 2.4729738905
10956 2.4729738848
10968 2.4729738810
11202 2.4729738784
11233 2.4729738736
11248 2.4729738727
11332 2.4729738707
11409 2.4729738683
11469 2.4729738671
11573 2.4729738667
11603 2.4729738647
11739 2.4729738643
11809 2.4729738625
11982 2.4729738618
12149 2.4729738616
12235 2.4729738614
12260 2.4729738610
12277 2.4729738608
12325 2.4729738604
12371 2.4729738603
12418 2.4729738603
12424 2.4729738600
12487 2.4729738600
12513 2.4729738599
12532 2.4729738599
12541 2.4729738597
12589 2.4729738596
12641 2.4729738595
12690 2.4729738593
12819 2.4729738592
12840 2.4729738591
12864 2.4729738590
12885 2.4729738588
13099 2.4729738588
13187 2.4729738587
13272 2.4729738586
13410 2.4729738586
13427 2.4729738586
13522 2.4729738586
13616 2.4729738585
13821 2.4729738585
13904 2.4729738585
14010 2.4729738585
14126 2.4729738585
14173 2.4729738585
14179 2.4729738585
14183 2.4729738585
14184 2.4729738584
14200 2.4729738584
14317 2.4729738584
14318 2.4729738584
14365 2.4729738584
14495 2.4729738584
14535 2.4729738584
14557 2.4729738584
14657 2.4729738584
14660 2.4729738584
14668 2.4729738584
14685 2.4729738584
14745 2.4729738584
14774 2.4729738584
14812 2.4729738584
14841 2.4729738584
15044 2.4729738584
15063 2.4729738584
15068 2.4729738584
15212 2.4729738584
15261 2.4729738584
15346 2.4729738584
15516 2.4729738584
15533 2.4729738584
15549 2.4729738584
15572 2.4729738584
15620 2.4729738584
15633 2.4729738584
15721 2.4729738584
15845 2.4729738584
15888 2.4729738584
15928 2.4729738584
16042 2.4729738584
16197 2.4729738584
16229 2.4729738584
16294 2.4729738584
16387 2.4729738584
16431 2.4729738584
16458 2.4729738584
16518 2.4729738584
16545 2.4729738584
16579 2.4729738584
16592 2.4729738584
16708 2.4729738584
16741 2.4729738584
16801 2.4729738584
16987 2.4729738584
17017 2.4729738584
17065 2.4729738584
17079 2.4729738584
17222 2.4729738584
17405 2.4729738584
17509 2.4729738584
17523 2.4729738584
17636 2.4729738584
17952 2.4729738584
18501 2.4729738584
18850 2.4729738584
evaluations raw_y
1 98.1064552520
2 92.7512696127
8 89.0206689240
28 88.4512333729
30 87.6814897002
52 86.5552260333
71 85.8799781704
90 85.1730578290
102 84.9880552395
158 84.9228135939
163 84.7272727535
164 84.6123709243
176 84.2790066772
195 83.8994764676
206 83.3446432210
213 82.3796002364
223 81.3402640348
234 79.0512633764
247 78.1371969027
255 75.4016689165
288 74.5463162224
302 72.9663587581
305 71.8537112885
306 71.4530054671
308 71.4204602828
329 70.6075392135
342 69.3550827639
350 69.0864929865
353 69.0821475404
377 67.8604000132
406 66.7681793937
439 66.7377116234
462 63.3649821823
478 62.2430435620
488 54.4077151222
529 45.4186004160
613 40.6650546563
629 39.4788766876
640 33.6216237190
659 32.6828577106
675 26.0805192224
722 23.3868804078
773 22.8744720566
795 20.3379977741
815 19.4604982791
837 16.8876214788
917 16.2151201820
930 16.1981679640
940 14.3640237668
946 11.4278861575
1003 11.1963106392
1031 10.6101668667
1035 10.5204449621
1068 10.0108070342
1077 9.7159294555
1098 8.9759556407
1210 8.4083090981
1363 8.3556752159
1390 8.2064299995
1525 8.1022059351
1569 8.0669855112
1593 7.9996249142
1691 7.7679358823
1773 7.6325799362
1898 7.5662782557
2068 7.4346697178
2227 7.4226509489
2238 7.3809632187
2322 7.3064099591
2337 7.2571631028
2586 7.2554988044
2604 7.2542812943
2629 7.2428363269
2661 7.2286255992
2723 7.2214907438
2727 7.1936644608
2739 7.1893863653
2831 7.1776078499
2849 7.1739846678
2912 7.1731286384
2956 7.1700462626
3022 7.1470564116
3043 7.1173750809
3138 7.1139504508
3207 7.0853094805
3290 7.0793563172
3320 7.0741951875
3368 7.0705682031
3390 7.0624046248
3481 7.0541451822
3630 7.0531137718
3640 7.0513370648
3667 7.0507872488
3678 7.0469884719
3717 7.0462471738
3741 7.0399410513
3789 7.0388769662
3852 7.0376048680
3892 7.0351530259
3916 7.0303335617
4043 7.0293786617
4079 7.0265011788
4185 7.0258428028
4192 7.0249301617
4227 7.0234228402
4229 7.0228858586
4271 7.0226683550
4348 7.0203514556
4400 7.0202795790
4462 7.0199319049
4472 7.0199167629
4484 7.0190638375
4526 7.0182667531
4536 7.0177558945
4619 7.0155594766
4762 7.0154419568
4816 7.0153338086
4889 7.0152668877
4891 7.0150000885
4952 7.0143349111
5025 7.0141711744
5061 7.0140788652
5108 7.0138051418
5125 7.0135740273
5170 7.0132667456
5191 7.0126985312
5405 7.0126284040
5425 7.0125182026
5458 7.0124742957
5468 7.0123669247
5522 7.0123039913
5538 7.0122372936
5711 7.0120318699
5788 7.0120136835
5789 7.0118945766
5858 7.0117762029
5865 7.0117485139
5915 7.0117398553
5916 7.0116901990
5931 7.0116035464
6048 7.0115837498
6082 7.0114661418
6087 7.0114051554
6158 7.0113861113
6423 7.0113719158
6429 7.0113456432
6463 7.0113006873
6503 7.0112814302
6575 7.0112769311
6598 7.0112656044
6605 7.0112562251
6622 7.0112473478
6640 7.0112373844
6652 7.0112357117
6690 7.0112103516
6719 7.0112074103
6826 7.0111911376
6892 7.0111872534
6907 7.0111770841
6965 7.0111704917
6969 7.0111670307
6999 7.0111631593
7048 7.0111463674
7098 7.0111443522
7131 7.0111416507
7140 7.0111414976
7147 7.0111299886
7363 7.0111268730
7491 7.0111238300
7538 7.0111224871
7620 7.0111191239
7643 7.0111137060
7686 7.0111112409
7877 7.0111098830
7941 7.0111083706
7964 7.0111077824
8044 7.0111074972
8055 7.0111058389
8151 7.0111057934
8219 7.0111050905
8233 7.0111048967
8263 7.0111042398
8270 7.0111031636
8422 7.0111022223
8437 7.0111017887
8550 7.0111015906
8595 7.0111013887
8622 7.0111012711
8675 7.0111007181
8766 7.0111001775
8820 7.0110998980
8832 7.0110997975
8854 7.0110997616
9000 7.0110996873
9040 7.0110995471
9094 7.0110993903
9151 7.0110993840
9211 7.0110993719
9213 7.0110992863
9217 7.0110992546
9262 7.0110992291
9264 7.0110991560
9295 7.0110990470
9305 7.0110989431
9313 7.0110988420
9386 7.0110987648
9398 7.0110985095
9653 7.0110984948
9667 7.0110984191
9705 7.0110983970
9799 7.0110983855
9804 7.0110983155
9816 7.0110982908
9874 7.0110982457
10010 7.0110981780
10304 7.0110981327
10499 7.0110981282
10508 7.0110981093
10547 7.0110981032
10640 7.0110981019
10689 7.0110980992
10713 7.0110980991
10719 7.0110980945
10737 7.0110980755
10867 7.0110980713
10896 7.0110980697
10971 7.0110980685
10975 7.0110980636
10987 7.0110980628
11041 7.0110980588
11087 7.0110980571
11196 7.0110980561
11198 7.0110980543
11227 7.0110980529
11249 7.0110980515
11252 7.0110980512
11271 7.0110980511
11308 7.0110980507
11309 7.0110980456
11383 7.0110980453
11398 7.0110980448
11448 7.0110980434
11537 7.0110980427
11549 7.0110980409
11631 7.0110980399
11687 7.0110980392
11742 7.0110980387
11756 7.0110980385
11901 7.0110980384
11919 7.0110980381
11920 7.0110980378
11969 7.0110980361
12300 7.0110980356
12362 7.0110980355
12435 7.0110980354
12468 7.0110980352
12579 7.0110980350
12615 7.0110980349
12626 7.0110980349
12719 7.0110980348
12770 7.0110980347
12831 7.0110980347
12846 7.0110980346
12870 7.0110980346
12871 7.0110980345
12899 7.0110980345
12945 7.0110980344
13034 7.0110980343
13042 7.0110980343
13079 7.0110980343
13083 7.0110980342
13161 7.0110980342
13189 7.0110980341
13255 7.0110980341
13293 7.0110980341
13332 7.0110980340
13377 7.0110980340
13398 7.0110980340
13542 7.0110980340
13608 7.0110980339
13619 7.0110980339
13702 7.0110980339
13703 7.0110980339
13799 7.0110980339
13943 7.0110980338
14006 7.0110980338
14034 7.0110980338
14130 7.0110980338
14156 7.0110980338
14239 7.0110980338
14251 7.0110980338
14271 7.0110980338
14429 7.0110980338
14512 7.0110980338
14601 7.0110980338
14645 7.0110980338
14655 7.0110980338
14660 7.0110980338
14811 7.0110980338
14838 7.0110980338
14839 7.0110980338
14872 7.0110980338
14882 7.0110980338
14962 7.0110980338
14973 7.0110980338
15026 7.0110980338
15096 7.0110980338
15164 7.0110980338
15304 7.0110980338
15318 7.0110980338
15325 7.0110980338
15407 7.0110980338
15439 7.0110980338
15509 7.0110980338
15648 7.0110980338
15690 7.0110980338
15772 7.0110980338
15814 7.0110980338
15863 7.0110980338
15918 7.0110980338
16003 7.0110980338
16048 7.0110980338
16177 7.0110980338
16201 7.0110980338
16207 7.0110980338
16260 7.0110980338
16276 7.0110980338
16391 7.0110980338
16508 7.0110980338
16643 7.0110980338
16676 7.0110980338
16695 7.0110980338
16709 7.0110980338
16722 7.0110980338
16761 7.0110980338
16798 7.0110980338
16923 7.0110980338
16962 7.0110980338
16994 7.0110980338
17078 7.0110980338
17163 7.0110980338
17225 7.0110980338
17365 7.0110980338
17506 7.0110980338
17702 7.0110980338
18066 7.0110980338
18695 7.0110980338
evaluations raw_y
1 92.9648708769
4 86.6506014515
19 86.5835449813
42 86.4184967969
51 85.9530151859
56 85.5933127035
81 84.6800212022
104 84.3808755816
117 81.5117978690
143 80.2384507008
170 80.2330162213
186 79.2855840118
196 76.5252204464
213 70.8175120094
254 69.9132980431
300 69.3507338847
305 68.6432553674
312 66.1518432368
319 65.6169184276
350 62.4517733126
366 61.9215357365
377 57.4179165835
386 53.1373013193
422 41.4381384954
458 36.9333897308
473 35.1598670082
501 30.5965675367
556 25.1224240016
672 20.4400468631
686 16.5331376602
721 13.7479077841
785 12.2314684520
802 10.6681037013
832 10.4820702472
859 9.1385797569
881 8.6875005189
887 8.6761384863
900 8.3490868334
927 7.9819250580
967 7.7801190020
993 7.7298046462
995 7.5740900581
999 7.4714487577
1003 7.1831185804
1023 7.1523781471
1041 7.0163895444
1062 6.5286046216
1132 5.9552444982
1151 5.9131178577
1198 5.6301957422
1263 5.3252905818
1279 5.1526813939
1439 4.9703094712
1477 4.7448578551
1510 4.7319650272
1549 4.4105717436
1678 4.2893562009
1686 4.1891307984
1717 4.0708849261
1767 3.7729183586
1831 3.3182722289
1889 3.2965747551
1914 3.1740971453
2021 3.0632987196
2113 3.0540082265
2125 3.0387567384
2162 2.9283402617
2185 2.9165653740
2255 2.8933219474
2328 2.8904458455
2329 2.8523964380
2360 2.8500800414
2395 2.8145160463
2402 2.7878706552
2476 2.7834571721
2479 2.7335381944
2481 2.6585174528
2622 2.6278956099
2667 2.6261430139
2692 2.6222756262
2717 2.6200476967
2735 2.6143158063
2749 2.5638670026
2919 2.5525237969
3025 2.5379876449
3086 2.5360350760
3134 2.5346645789
3191 2.5140541659
3312 2.5064821792
3417 2.5061929529
3471 2.5055318206
3508 2.5037746761
3601 2.5024465759
3644 2.5016762918
3658 2.4960542136
3733 2.4951093181
3744 2.4950045166
3795 2.4940402029
3817 2.4862896772
3928 2.4852635247
3992 2.4849726661
4024 2.4847842366
4051 2.4847185834
4121 2.4810506100
4246 2.4801023994
4329 2.4798418091
4333 2.4797329751
4424 2.4788193400
4460 2.4783346244
4489 2.4779487143
4590 2.4778488501
4616 2.4771090900
4694 2.4770672316
4702 2.4766988490
4755 2.4763021749
4895 2.4761828596
4918 2.4757650348
4951 2.4751439894
5052 2.4750895098
5053 2.4750675558
5107 2.4747951480
5114 2.4743452098
5161 2.4738554631
5497 2.4735386384
5701 2.4734700142
5770 2.4734689720
5804 2.4733238532
6002 2.4733024713
6059 2.4732582942
6062 2.4732406374
6102 2.4732281714
6110 2.4732078993
6163 2.4731964606
6208 2.4731814935
6209 2.4731800645
6302 2.4731790430
6331 2.4731679975
6347 2.4731644827
6352 2.4731294221
6479 2.4731199852
6508 2.4730752375
6560 2.4730592878
6787 2.4730488809
6881 2.4730382954
6921 2.4730322628
7027 2.4730295771
7034 2.4730290725
7035 2.4730167249
7138 2.4730070554
7202 2.4730026776
7326 2.4729974631
7345 2.4729932966
7507 2.4729886025
7694 2.4729851643
7747 2.4729831472
7949 2.4729830377
7950 2.4729822064
8011 2.4729794733
8205 2.4729793242
8246 2.4729788180
8296 2.4729787985
8314 2.4729783188
8328 2.4729776487
8385 2.4729773450
8459 2.4729771694
8460 2.4729768307
8497 2.4729768035
8507 2.4729763590
8551 2.4729762912
8621 2.4729760539
8661 2.4729760118
8740 2.4729757916
8761 2.4729754695
8814 2.4729753711
8869 2.4729753420
8909 2.4729750445
9056 2.4729749272
9078 2.4729748580
9117 2.4729748411
9144 2.4729748007
9187 2.4729747698
9223 2.4729747379
9241 2.4729746591
9265 2.4729745875
9305 2.4729744303
9468 2.4729743449
9499 2.4729743360
9521 2.4729743030
9546 2.4729741949
9715 2.4729741917
9732 2.4729740581
9968 2.4729740361
10014 2.4729740166
10119 2.4729740137
10190 2.4729739860
10273 2.4729739747
10291 2.4729739705
10310 2.4729739482
10416 2.4729739293
10456 2.4729739241
10484 2.4729739155
10573 2.4729739115
10674 2.4729739067
10722 2.4729739037
10732 2.4729738977
10844 2.4729738960
10845 2.4729738931
10886 2.4729738923
10903 2.4729738866
10924 2.4729738831
11014 2.4729738798
11111 2.4729738769
11198 2.4729738759
11247 2.4729738749
11268 2.4729738719
11433 2.4729738692
11475 2.4729738683
11558 2.4729738677
11579 2.4729738661
11703 2.4729738646
11800 2.4729738637
11841 2.4729738636
11878 2.4729738617
11982 2.4729738612
12083 2.4729738607
12200 2.4729738604
12317 2.4729738603
12343 2.4729738603
12390 2.4729738600
12595 2.4729738599
12598 2.4729738596
12676 2.4729738595
12789 2.4729738594
12818 2.4729738593
12832 2.4729738592
12922 2.4729738592
12977 2.4729738591
13053 2.4729738590
13113 2.4729738590
13138 2.4729738589
13154 2.4729738589
13192 2.4729738588
13207 2.4729738588
13238 2.4729738588
13279 2.4729738588
13331 2.4729738586
13463 2.4729738586
13715 2.4729738586
13717 2.4729738586
13731 2.4729738586
13754 2.4729738585
13860 2.4729738585
13873 2.4729738585
13882 2.4729738585
13922 2.4729738585
13998 2.4729738585
14006 2.4729738585
14059 2.4729738585
14130 2.4729738585
14230 2.4729738585
14355 2.4729738585
14374 2.4729738584
14400 2.4729738584
14484 2.4729738584
14537 2.4729738584
14588 2.4729738584
14667 2.4729738584
14675 2.4729738584
14742 2.4729738584
14818 2.4729738584
14846 2.4729738584
14850 2.4729738584
14877 2.4729738584
14944 2.4729738584
14973 2.4729738584
15091 2.4729738584
15147 2.4729738584
15183 2.4729738584
15286 2.4729738584
15347 2.4729738584
15409 2.4729738584
15425 2.4729738584
15493 2.4729738584
15501 2.4729738584
15521 2.4729738584
15584 2.4729738584
15615 2.4729738584
15631 2.4729738584
15722 2.4729738584
15788 2.4729738584
15795 2.4729738584
15796 2.4729738584
15851 2.4729738584
15967 2.4729738584
16002 2.4729738584
16003 2.4729738584
16009 2.4729738584
16043 2.4729738584
16053 2.4729738584
16145 2.4729738584
16153 2.4729738584
16183 2.4729738584
16244 2.4729738584
16269 2.4729738584
16364 2.4729738584
16416 2.4729738584
16494 2.4729738584
16544 2.4729738584
16575 2.4729738584
16624 2.4729738584
16773 2.4729738584
16869 2.4729738584
16911 2.4729738584
16976 2.4729738584
17008 2.4729738584
17024 2.4729738584
17063 2.4729738584
17103 2.4729738584
17201 2.4729738584
17228 2.4729738584
17247 2.4729738584
17285 2.4729738584
17345 2.4729738584
17350 2.4729738584
17366 2.4729738584
17370 2.4729738584
17374 2.4729738584
17383 2.4729738584
17595 2.4729738584
17738 2.4729738584
17927 2.4729738584
17963 2.4729738584
18228 2.4729738584
18296 2.4729738584
18591 2.4729738584
19143 2.4729738584
19752 2.4729738584
evaluations raw_y
1 98.3468417452
7 97.2505958172
20 96.1711770612
21 93.0449319781
22 88.8706940289
28 87.4571867603
34 86.5204399401
63 84.7316937357
124 82.0621264301
174 81.8050753702
183 80.1034016898
196 78.9680101473
202 78.4872101131
206 76.3941173294
214 74.1697217152
231 72.7769295808
246 71.0007439174
278 69.4323844984
328 66.7795278276
350 57.5555620598
374 55.2857977005
413 32.7948564058
582 28.4813135717
653 28.0923151775
663 26.8889815907
666 21.5701271698
667 20.3171569016
707 19.1612877284
730 12.3544282920
815 10.2563593906
862 9.5693142378
872 8.1892113800
924 8.1210274626
950 8.0905804502
965 7.5974304898
1044 7.5148939520
1054 7.3833918575
1075 6.7139268927
1081 6.5735742367
1106 5.7973170073
1185 5.5030957692
1222 5.2533686392
1260 4.9750888054
1278 4.7995205977
1318 4.3981872542
1340 4.3130854894
1349 4.0077371800
1431 3.9268515940
1561 3.9197276595
1575 3.7419998297
1597 3.7010248136
1617 3.5486760940
1652 3.5276226935
1654 3.4609404569
1691 3.2263629061
1745 3.1687298224
1823 3.1066959202
1829 3.0404515446
1973 3.0388674002
1987 3.0248841216
1991 2.9748243436
1995 2.9291495107
2050 2.9130436744
2132 2.8842412813
2147 2.8789086642
2149 2.8105163896
2245 2.7335787857
2311 2.6545478525
2390 2.6463005520
2480 2.6349087333
2571 2.6183444584
2598 2.6020514647
2666 2.5545275648
2756 2.5435389463
2882 2.5297550870
3052 2.5276193658
3055 2.5186743590
3082 2.5079161957
3353 2.5024930862
3461 2.5018015277
3471 2.5014551082
3505 2.4995148904
3522 2.4929990701
3656 2.4924411854
3687 2.4919085406
3701 2.4892405960
3775 2.4884809292
3869 2.4857807094
3913 2.4845423995
3974 2.4828210861
4040 2.4824220869
4043 2.4820180266
4095 2.4815410814
4119 2.4804026509
4132 2.4794818064
4251 2.4792755109
4279 2.4785800966
4338 2.4780279987
4436 2.4770457512
4516 2.4770179011
4530 2.4769676345
4539 2.4764029323
4547 2.4762802621
4556 2.4762258656
4624 2.4757725538
4626 2.4756359777
4645 2.4755395934
4733 2.4753761439
4734 2.4749978739
4762 2.4748763257
4786 2.4748455099
4826 2.4746218409
4884 2.4745618310
4935 2.4744407411
4967 2.4744015509
5021 2.4743391944
5040 2.4741089634
5115 2.4740475760
5129 2.4738084241
5136 2.4737722391
5181 2.4737368802
5221 2.4737272980
5311 2.4736117622
5324 2.4735272463
5403 2.4733571006
5574 2.4732068555
5779 2.4731939448
5784 2.4731781831
5864 2.4731755189
5940 2.4731671506
6003 2.4731238423
6082 2.4731171127
6107 2.4730847512
6116 2.4730828899
6167 2.4730787147
6225 2.4730737013
6259 2.4730606301
6370 2.4730509012
6409 2.4730479501
6434 2.4730434570
6442 2.4730341397
6503 2.4730339669
6516 2.4730250194
6574 2.4730175300
6716 2.4730172126
6738 2.4730170440
6747 2.4730062762
6808 2.4730059322
6880 2.4730030320
6883 2.4730003232
6903 2.4729981630
6915 2.4729973755
6953 2.4729943669
7017 2.4729933374
7044 2.4729930057
7078 2.4729923644
7081 2.4729907696
7113 2.4729904895
7127 2.4729881190
7138 2.4729865229
7286 2.4729861510
7294 2.4729849982
7326 2.4729838139
7381 2.4729826809
7444 2.4729816664
7492 2.4729812313
7510 2.4729811622
7519 2.4729807071
7551 2.4729792917
7734 2.4729791776
7745 2.4729786538
7770 2.4729777220
7865 2.4729773069
7910 2.4729772383
7935 2.4729770917
7967 2.4729762299
8047 2.4729760726
8070 2.4729760558
8092 2.4729758224
8139 2.4729756706
8152 2.4729755206
8215 2.4729753349
8245 2.4729753262
8318 2.4729749311
8421 2.4729747666
8547 2.4729745887
8558 2.4729745365
8649 2.4729745264
8695 2.4729744674
8707 2.4729743651
8790 2.4729742921
8889 2.4729742769
8918 2.4729742579
8970 2.4729742287
9049 2.4729742222
9097 2.4729741774
9131 2.4729741735
9134 2.4729741701
9139 2.4729741089
9166 2.4729740984
9223 2.4729740971
9253 2.4729740785
9256 2.4729740603
9273 2.4729740259
9364 2.4729740157
9457 2.4729740095
9462 2.4729739934
9528 2.4729739899
9570 2.4729739534
9659 2.4729739392
9683 2.4729739287
9764 2.4729739124
9853 2.4729739082
9957 2.4729738980
10060 2.4729738916
10196 2.4729738908
10208 2.4729738852
10246 2.4729738817
10324 2.4729738790
10401 2.4729738720
10484 2.4729738716
10493 2.4729738715
10613 2.4729738709
10701 2.4729738681
10753 2.4729738675
10852 2.4729738671
10884 2.4729738669
10888 2.4729738658
10904 2.4729738655
10935 2.4729738654
10953 2.4729738653
10969 2.4729738653
10975 2.4729738650
10982 2.4729738645
11017 2.4729738637
11086 2.4729738624
11114 2.4729738619
11242 2.4729738618
11274 2.4729738616
11276 2.4729738613
11307 2.4729738612
11324 2.4729738611
11434 2.4729738611
11451 2.4729738604
11490 2.4729738602
11568 2.4729738599
11620 2.4729738599
11726 2.4729738597
11736 2.4729738596
11835 2.4729738595
11836 2.4729738594
11854 2.4729738594
11876 2.4729738594
11898 2.4729738593
11934 2.4729738592
11976 2.4729738591
12007 2.4729738591
12010 2.4729738590
12032 2.4729738590
12061 2.4729738589
12063 2.4729738589
12135 2.4729738589
12210 2.4729738588
12251 2.4729738587
12336 2.4729738587
12360 2.4729738587
12446 2.4729738587
12491 2.4729738586
12506 2.4729738586
12517 2.4729738586
12531 2.4729738586
12630 2.4729738586
12638 2.4729738586
12653 2.4729738586
12719 2.4729738586
12736 2.4729738586
12740 2.4729738585
12818 2.4729738585
12840 2.4729738585
12843 2.4729738585
12927 2.4729738585
12945 2.4729738585
13021 2.4729738585
13042 2.4729738585
13086 2.4729738585
13101 2.4729738585
13126 2.4729738585
13147 2.4729738585
13210 2.4729738585
13225 2.4729738585
13370 2.4729738585
13398 2.4729738584
13422 2.4729738584
13425 2.4729738584
13437 2.4729738584
13514 2.4729738584
13535 2.4729738584
13537 2.4729738584
13654 2.4729738584
13664 2.4729738584
13821 2.4729738584
13863 2.4729738584
13944 2.4729738584
13959 2.4729738584
14033 2.4729738584
14064 2.4729738584
14086 2.4729738584
14122 2.4729738584
14175 2.4729738584
14209 2.4729738584
14211 2.4729738584
14274 2.4729738584
14285 2.4729738584
14330 2.4729738584
14409 2.4729738584
14461 2.4729738584
14486 2.4729738584
14502 2.4729738584
14568 2.4729738584
14693 2.4729738584
14718 2.4729738584
14767 2.4729738584
14813 2.4729738584
14859 2.4729738584
14910 2.4729738584
14942 2.4729738584
14999 2.4729738584
15042 2.4729738584
15054 2.4729738584
15059 2.4729738584
15079 2.4729738584
15199 2.4729738584
15236 2.4729738584
15249 2.4729738584
15262 2.4729738584
15284 2.4729738584
15331 2.4729738584
15336 2.4729738584
15381 2.4729738584
15393 2.4729738584
15531 2.4729738584
15542 2.4729738584
15580 2.4729738584
15653 2.4729738584
15682 2.4729738584
15756 2.4729738584
15810 2.4729738584
15872 2.4729738584
15874 2.4729738584
15879 2.4729738584
15905 2.4729738584
15924 2.4729738584
16015 2.4729738584
16047 2.4729738584
16152 2.4729738584
16266 2.4729738584
16331 2.4729738584
16501 2.4729738584
16558 2.4729738584
16694 2.4729738584
16776 2.4729738584
16795 2.4729738584
17235 2.4729738584
17358 2.4729738584
17760 2.4729738584
18439 2.4729738584
evaluations raw_y
1 99.9591655642
3 87.9266585787
4 86.7648876724
49 86.2847211228
65 84.5816227070
162 84.2651506468
173 84.1638595580
176 83.4765573071
191 81.9612642475
214 81.0499836142
223 80.8832203944
227 75.6328038380
256 75.3267811356
269 74.3351715507
281 72.7712629975
302 72.4202495060
328 70.1210687047
355 69.5330677711
369 65.5197962598
385 59.2999641245
433 58.5914831542
443 45.7671650296
468 45.7279850567
481 38.0390016297
591 34.2562001992
598 30.0105486219
616 26.5443510393
662 22.3243562996
768 15.4171554528
781 11.8909369858
855 9.4679694819
874 9.2296422788
890 8.5273759445
899 8.5044983662
902 7.3621992535
961 7.0873112764
976 6.9902393062
1029 6.9274978178
1071 5.1528839260
1076 4.7135259288
1094 3.7478438259
1112 2.3220815302
1209 2.2926229144
1305 2.2780005128
1326 2.2070857109
1331 2.1238623412
1363 2.1152973933
1374 2.0792549354
1377 2.0681863955
1428 2.0188384766
1505 1.9849175219
1590 1.9703298533
1628 1.9530637016
1730 1.9285968607
1746 1.8329405490
1844 1.6840343889
2038 1.5460790026
2242 1.5225390381
2250 1.4324842498
2296 1.3849222260
2331 1.3732782133
2363 1.3344495236
2464 1.3185522603
2478 1.2515783063
2570 1.2475782130
2577 1.2143692669
2653 1.1899121923
2681 1.1737380344
2694 1.1538052543
2712 1.1400029828
2747 1.1150986355
2924 1.0578291876
3035 1.0529883663
3184 1.0528314047
3193 1.0493208393
3200 1.0464106096
3250 1.0427467831
3281 1.0425618089
3293 1.0149872778
3338 1.0141191203
3348 1.0126617270
3360 1.0118200656
3363 1.0013673639
3369 0.9965465735
3423 0.9812719063
3598 0.9760055179
3724 0.9699902236
3766 0.9677110287
3880 0.9575232961
3935 0.9549975598
3984 0.9547425134
4052 0.9545678385
4075 0.9531869789
4128 0.9510246232
4139 0.9495523200
4158 0.9487557895
4162 0.9463768480
4200 0.9423661784
4304 0.9420580313
4340 0.9416068156
4360 0.9401411841
4500 0.9389778460
4546 0.9388910712
4592 0.9383641721
4622 0.9378371636
4643 0.9369028089
4782 0.9356024088
4788 0.9354843447
4857 0.9352943216
4954 0.9350170841
4970 0.9347144828
5082 0.9346491698
5087 0.9339990359
5112 0.9339668255
5121 0.9339528077
5152 0.9332832292
5241 0.9329641729
5268 0.9325775058
5378 0.9324961463
5441 0.9324750984
5458 0.9324394957
5469 0.9323593825
5475 0.9322802682
5495 0.9319913741
5511 0.9318816101
5558 0.9318781250
5586 0.9315966501
5697 0.9314165746
5723 0.9313146474
5726 0.9310866281
5858 0.9308365667
5989 0.9307559072
6055 0.9306873244
6057 0.9305887301
6096 0.9304905440
6123 0.9304373489
6288 0.9304170723
6296 0.9303735256
6374 0.9303323609
6396 0.9303028150
6454 0.9302269048
6570 0.9302098473
6602 0.9301654878
6640 0.9301381680
6799 0.9301324499
6824 0.9301161229
6845 0.9301114566
6911 0.9300941173
7062 0.9300913937
7094 0.9300853591
7132 0.9300651986
7255 0.9300543420
7267 0.9300470487
7465 0.9300460591
7483 0.9300411698
7537 0.9300352356
7600 0.9300350740
7616 0.9300217500
7888 0.9300207470
7897 0.9300201032
7899 0.9300165903
7928 0.9300112348
8219 0.9300107275
8220 0.9300087600
8243 0.9300080195
8287 0.9300070632
8291 0.9300068476
8395 0.9300068209
8420 0.9300056409
8428 0.9300056327
8459 0.9300048134
8559 0.9300041502
8592 0.9300035487
8620 0.9300035084
8644 0.9300029273
8661 0.9300021784
8729 0.9300015540
8831 0.9300011095
8841 0.9300009868
8868 0.9300004090
8941 0.9300004054
8957 0.9300002012
8967 0.9299995501
9100 0.9299995279
9146 0.9299992871
9184 0.9299992582
9229 0.9299992525
9258 0.9299990869
9314 0.9299990332
9329 0.9299989599
9371 0.9299987279
9393 0.9299986096
9546 0.9299985486
9557 0.9299985292
9584 0.9299984424
9633 0.9299981433
9642 0.9299980623
9766 0.9299980091
9780 0.9299979239
9849 0.9299977939
9912 0.9299977487
10055 0.9299977258
10173 0.9299976916
10215 0.9299976894
10271 0.9299976537
10297 0.9299976504
10305 0.9299976277
10347 0.9299976188
10363 0.9299975952
10368 0.9299975879
10470 0.9299975806
10472 0.9299975624
10531 0.9299975621
10537 0.9299975280
10613 0.9299974901
10647 0.9299974829
10771 0.9299974780
10805 0.9299974737
10838 0.9299974694
10840 0.9299974577
10910 0.9299974572
10956 0.9299974543
11000 0.9299974382
11078 0.9299974302
11129 0.9299974258
11245 0.9299974218
11257 0.9299974192
11282 0.9299974145
11363 0.9299974117
11428 0.9299974103
11522 0.9299974072
11595 0.9299974034
11746 0.9299974013
11789 0.9299973999
11897 0.9299973990
11942 0.9299973971
12075 0.9299973969
12077 0.9299973966
12104 0.9299973963
12152 0.9299973958
12189 0.9299973948
12211 0.9299973948
12245 0.9299973947
12273 0.9299973935
12453 0.9299973935
12510 0.9299973928
12599 0.9299973915
12901 0.9299973913
12928 0.9299973911
12941 0.9299973911
12948 0.9299973911
12984 0.9299973911
13026 0.9299973909
13072 0.9299973908
13124 0.9299973903
13323 0.9299973903
13324 0.9299973902
13342 0.9299973902
13371 0.9299973901
13416 0.9299973901
13424 0.9299973899
13448 0.9299973899
13504 0.9299973898
13505 0.9299973898
13550 0.9299973898
13582 0.9299973898
13617 0.9299973897
13646 0.9299973897
13676 0.9299973896
13888 0.9299973896
13901 0.9299973896
13953 0.9299973895
13979 0.9299973894
14092 0.9299973894
14200 0.9299973894
14289 0.9299973894
14485 0.9299973894
14552 0.9299973893
14590 0.9299973893
14602 0.9299973893
14742 0.9299973893
14845 0.9299973893
14873 0.9299973893
14958 0.9299973893
14964 0.9299973893
15001 0.9299973893
15034 0.9299973893
15125 0.9299973893
15129 0.9299973893
15138 0.9299973893
15241 0.9299973893
15284 0.9299973893
15370 0.9299973893
15419 0.9299973893
15541 0.9299973893
15591 0.9299973893
15619 0.9299973893
15638 0.9299973893
15663 0.9299973893
15665 0.9299973893
15672 0.9299973893
15719 0.9299973893
15754 0.9299973893
15832 0.9299973893
15857 0.9299973893
15858 0.9299973893
15970 0.9299973893
15977 0.9299973893
16054 0.9299973893
16114 0.9299973893
16127 0.9299973893
16210 0.9299973893
16233 0.9299973893
16245 0.9299973893
16251 0.9299973893
16261 0.9299973893
16270 0.9299973893
16285 0.9299973893
16335 0.9299973893
16417 0.9299973893
16446 0.9299973893
16481 0.9299973893
16484 0.9299973893
16681 0.9299973893
16709 0.9299973893
16740 0.9299973893
16794 0.9299973893
16827 0.9299973893
16901 0.9299973893
17030 0.9299973893
17050 0.9299973893
17136 0.9299973893
17148 0.9299973893
17328 0.9299973893
17395 0.9299973893
17463 0.9299973893
17513 0.9299973893
17605 0.9299973893
17934 0.9299973893
18070 0.9299973893
18334 0.9299973893
19213 0.9299973893
