evaluations raw_y
1 253.3115194359
4 230.1674000139
5 178.8931810738
8 169.0299767902
13 167.8665075824
19 116.3472788264
32 86.1937021252
56 54.0979135686
91 47.3727844744
108 43.0014687473
124 35.7995214459
190 28.4243573452
228 25.6884710953
246 17.4184176537
392 17.2863878692
404 14.4251599475
407 8.7265057595
445 8.6379260149
453 8.5473678535
500 6.7176808110
515 6.2642374283
522 4.1039290380
547 3.7777433306
563 3.6228033192
573 3.5522012290
598 3.0441649866
612 2.5876361442
623 2.5157230909
662 1.7769754197
730 1.7290449686
734 1.7085830620
753 1.0845330451
818 0.8029334493
1041 0.5331869050
1103 0.4970886586
1220 0.4268563984
1252 0.3710288390
1295 0.3539597011
1304 0.3471595731
1329 0.3249986256
1366 0.2377383591
1368 0.2243698147
1489 0.1877152419
1502 0.1872215490
1558 0.1709786529
1564 0.1308796625
1574 0.1097242272
1582 0.1022821664
1722 0.0906646963
1751 0.0862706073
1766 0.0851757779
1797 0.0754850709
1812 0.0684370860
1875 0.0609666570
1880 0.0589812690
1928 0.0581595243
1933 0.0564296679
1942 0.0434522037
1943 0.0431993455
1992 0.0261737959
2096 0.0216433373
2128 0.0191662789
2226 0.0190983162
2294 0.0180443781
2316 0.0162536674
2335 0.0088375609
2474 0.0082658337
2514 0.0059893322
2635 0.0055247311
2675 0.0052752207
2694 0.0049103508
2725 0.0044710687
2756 0.0042449113
2789 0.0032089691
2833 0.0027951820
2893 0.0027461452
2903 0.0027139089
2927 0.0024714389
2947 0.0024041148
2984 0.0022339110
2987 0.0015132513
3099 0.0014493689
3102 0.0013776760
3138 0.0013607657
3151 0.0013599006
3152 0.0009907230
3207 0.0008809099
3286 0.0007354204
3302 0.0007103290
3331 0.0006638783
3338 0.0005415022
3384 0.0005228732
3415 0.0004235434
3418 0.0003989170
3458 0.0003105265
3503 0.0002959158
3599 0.0002734978
3671 0.0002384999
3734 0.0002149976
3741 0.0001503772
3831 0.0001490748
3864 0.0001198866
3894 0.0001065531
3996 0.0000424369
4145 0.0000386069
4176 0.0000374497
4204 0.0000304187
4290 0.0000263528
4456 0.0000261616
4496 0.0000201881
4501 0.0000198635
4506 0.0000180915
4515 0.0000164349
4596 0.0000148822
4610 0.0000140740
4633 0.0000117403
4647 0.0000115622
4651 0.0000087859
4721 0.0000069651
4859 0.0000048572
4901 0.0000042593
5049 0.0000038772
5051 0.0000032207
5061 0.0000030727
5076 0.0000025247
5137 0.0000021994
5182 0.0000020501
5225 0.0000014816
5353 0.0000008430
5416 0.0000006152
5547 0.0000005808
5623 0.0000005696
5624 0.0000004778
5627 0.0000003628
5744 0.0000003572
5754 0.0000003107
5771 0.0000002920
5778 0.0000001880
5822 0.0000001637
6013 0.0000001420
6026 0.0000001136
6082 0.0000000868
6176 0.0000000810
6229 0.0000000644
6336 0.0000000628
6343 0.0000000558
6412 0.0000000514
6435 0.0000000374
6490 0.0000000359
6496 0.0000000234
6652 0.0000000199
6717 0.0000000194
6731 0.0000000123
6744 0.0000000092
7022 0.0000000078
7040 0.0000000067
7049 0.0000000064
7149 0.0000000062
7179 0.0000000052
7183 0.0000000033
7277 0.0000000028
7360 0.0000000021
7514 0.0000000017
7558 0.0000000016
7643 0.0000000016
7664 0.0000000015
7669 0.0000000015
7685 0.0000000013
7733 0.0000000013
7765 0.0000000009
7914 0.0000000008
7917 0.0000000004
8014 0.0000000004
8112 0.0000000004
8120 0.0000000003
8129 0.0000000002
8284 0.0000000002
8327 0.0000000002
8384 0.0000000001
8453 0.0000000001
8546 0.0000000001
8598 0.0000000001
8630 0.0000000001
8646 0.0000000001
8655 0.0000000001
8701 0.0000000001
8719 0.0000000001
8744 0.0000000001
8746 0.0000000001
8763 0.0000000001
8814 0.0000000000
8831 0.0000000000
8897 0.0000000000
8905 0.0000000000
8961 0.0000000000
8993 0.0000000000
9183 0.0000000000
9207 0.0000000000
9222 0.0000000000
9233 0.0000000000
9243 0.0000000000
9386 0.0000000000
9439 0.0000000000
9502 0.0000000000
9539 0.0000000000
9609 0.0000000000
9654 0.0000000000
9655 0.0000000000
9699 0.0000000000
9708 0.0000000000
9748 0.0000000000
9806 0.0000000000
9822 0.0000000000
9895 0.0000000000
9930 0.0000000000
9978 0.0000000000
10080 0.0000000000
10123 0.0000000000
10124 0.0000000000
10157 0.0000000000
10178 0.0000000000
10216 0.0000000000
10253 0.0000000000
10268 0.0000000000
10405 0.0000000000
10530 0.0000000000
10619 0.0000000000
10620 0.0000000000
10934 0.0000000000
10981 0.0000000000
11443 0.0000000000
11782 0.0000000000
evaluations raw_y
1 322.2708069057
2 292.6129139747
8 261.9079478034
11 186.7093594409
15 179.7624446630
18 131.5115543253
36 102.0334155399
45 98.2931273436
53 89.6426691632
78 73.6489054900
86 58.4130157823
161 54.4520513377
206 46.2678063214
238 45.3587853024
280 43.5853067017
284 21.0766059417
334 20.0592784796
359 17.5536136743
384 13.3131805384
411 8.1812740484
448 7.3335902959
481 6.7012272748
493 5.8084613551
508 5.6208343269
514 4.6622318141
520 4.3936673508
552 4.1926508968
590 3.5780430635
591 3.1392784059
595 2.6482563352
628 2.5440665751
639 2.4425883614
654 1.9678058735
686 1.8569338943
725 1.7530566467
736 1.6944227019
775 1.4877363672
788 1.4771499182
789 1.3884912866
794 1.1501589128
849 1.1125562118
859 1.0323887278
861 0.8843061130
897 0.8197058710
903 0.8179203949
917 0.8117173526
930 0.6336926008
1093 0.5434520104
1136 0.4662289562
1188 0.4305477201
1216 0.3806513119
1250 0.2234007135
1501 0.1990007908
1535 0.1425591780
1548 0.1212736806
1615 0.0959078399
1765 0.0908947928
1782 0.0677228550
1785 0.0667910196
1835 0.0573946696
1868 0.0555750563
1925 0.0321660548
2088 0.0295968876
2094 0.0265175458
2105 0.0207895503
2148 0.0151272707
2241 0.0096239754
2406 0.0095731966
2448 0.0078963889
2566 0.0074970753
2577 0.0060115776
2627 0.0029184947
2786 0.0025377864
2877 0.0017503765
2983 0.0016575903
2998 0.0014539568
3060 0.0014119611
3112 0.0014030847
3158 0.0010544300
3179 0.0007911754
3265 0.0007652262
3280 0.0007524488
3302 0.0007407041
3315 0.0006457213
3343 0.0006001006
3402 0.0005413650
3415 0.0005159736
3425 0.0004229802
3481 0.0003358078
3507 0.0002923482
3531 0.0002547048
3559 0.0002533624
3571 0.0002014320
3616 0.0002002945
3641 0.0001555113
3717 0.0001087436
3875 0.0000980503
3885 0.0000802959
3975 0.0000737919
4085 0.0000612431
4118 0.0000359015
4155 0.0000291591
4247 0.0000236170
4278 0.0000216139
4408 0.0000176043
4448 0.0000174852
4527 0.0000129438
4577 0.0000109656
4609 0.0000109609
4619 0.0000107201
4655 0.0000100212
4701 0.0000095191
4702 0.0000091017
4719 0.0000079291
4727 0.0000070553
4745 0.0000063266
4764 0.0000055787
4831 0.0000052821
4834 0.0000047895
4836 0.0000047402
4857 0.0000035027
4990 0.0000030815
5062 0.0000027109
5088 0.0000018906
5174 0.0000016811
5197 0.0000014699
5213 0.0000014054
5244 0.0000012437
5295 0.0000010643
5339 0.0000008812
5376 0.0000008452
5445 0.0000003211
5466 0.0000002995
5736 0.0000002965
5740 0.0000002263
5774 0.0000002001
5787 0.0000001672
5858 0.0000001550
5864 0.0000001278
5935 0.0000001021
5970 0.0000000830
6072 0.0000000820
6092 0.0000000707
6125 0.0000000663
6136 0.0000000493
6194 0.0000000465
6218 0.0000000384
6247 0.0000000340
6288 0.0000000299
6319 0.0000000231
6355 0.0000000213
6455 0.0000000191
6459 0.0000000135
6552 0.0000000134
6603 0.0000000110
6617 0.0000000102
6636 0.0000000094
6720 0.0000000089
6733 0.0000000082
6793 0.0000000079
6802 0.0000000073
6811 0.0000000070
6816 0.0000000067
6821 0.0000000066
6830 0.0000000065
6844 0.0000000039
6991 0.0000000032
7049 0.0000000029
7051 0.0000000027
7125 0.0000000023
7162 0.0000000015
7215 0.0000000010
7416 0.0000000010
7417 0.0000000009
7506 0.0000000009
7531 0.0000000009
7536 0.0000000008
7569 0.0000000008
7591 0.0000000007
7601 0.0000000006
7638 0.0000000005
7715 0.0000000004
7740 0.0000000004
7756 0.0000000004
7844 0.0000000003
7862 0.0000000003
7909 0.0000000003
7916 0.0000000002
7926 0.0000000002
8030 0.0000000001
8067 0.0000000001
8088 0.0000000001
8127 0.0000000001
8179 0.0000000001
8242 0.0000000001
8353 0.0000000001
8357 0.0000000001
8386 0.0000000001
8388 0.0000000001
8412 0.0000000000
8432 0.0000000000
8576 0.0000000000
8604 0.0000000000
8628 0.0000000000
8672 0.0000000000
8704 0.0000000000
8759 0.0000000000
8916 0.0000000000
8944 0.0000000000
9106 0.0000000000
9215 0.0000000000
9241 0.0000000000
9335 0.0000000000
9492 0.0000000000
9556 0.0000000000
9604 0.0000000000
9620 0.0000000000
9655 0.0000000000
9722 0.0000000000
9723 0.0000000000
9769 0.0000000000
9812 0.0000000000
9927 0.0000000000
9948 0.0000000000
10020 0.0000000000
10043 0.0000000000
10046 0.0000000000
10236 0.0000000000
10376 0.0000000000
10505 0.0000000000
11039 0.0000000000
evaluations raw_y
1 395.9782724793
2 353.1140094183
8 342.6241288245
13 260.9447815124
20 244.4490766540
40 191.0649573945
46 166.4160812717
51 147.8457889858
72 147.4481102350
83 147.2428930238
84 129.9816094692
91 89.3293866278
135 80.5242733651
138 78.9388616775
157 76.1709116460
160 68.5364404914
163 64.4154129419
310 34.4344210028
388 23.1177585663
408 19.9935505566
428 19.6023644410
429 15.7673617240
440 12.6791204805
465 12.3312122292
485 12.0189594989
487 10.8201039567
492 9.9719951464
511 6.8277986864
604 5.8302099010
613 5.2742222217
625 4.9060903397
681 3.6022491671
726 3.0099416399
758 2.0861032428
768 2.0373663020
826 1.4149588794
1063 1.2648868125
1090 1.0092980328
1147 0.8325355759
1156 0.7054906257
1176 0.6948292076
1197 0.6901021236
1198 0.6149659497
1215 0.5541178124
1328 0.5308102721
1383 0.4260221828
1483 0.2549208899
1580 0.1716189211
1708 0.1384320059
1781 0.1371251846
1826 0.1243168017
1828 0.1216856150
1832 0.1097933800
1878 0.0950990315
1917 0.0582932091
2167 0.0501548253
2178 0.0472349033
2200 0.0453182675
2229 0.0348647676
2275 0.0307047016
2315 0.0238193410
2363 0.0237846816
2405 0.0214801005
2419 0.0184941593
2522 0.0137046104
2586 0.0082505535
2688 0.0075815383
2727 0.0063924109
2876 0.0058882776
2878 0.0048162431
2898 0.0045837943
2976 0.0040757868
2982 0.0039963987
2983 0.0033296846
3041 0.0027847318
3067 0.0024831111
3104 0.0023503527
3144 0.0021971099
3173 0.0020424197
3187 0.0017236436
3287 0.0016581158
3335 0.0015511051
3394 0.0015131865
3397 0.0014972273
3402 0.0014689510
3416 0.0009600136
3420 0.0009048494
3519 0.0008060948
3572 0.0007775260
3581 0.0005897921
3585 0.0005841018
3629 0.0005724804
3650 0.0005039548
3660 0.0004868597
3710 0.0004668189
3764 0.0003597309
3896 0.0002840968
3936 0.0002833757
3953 0.0002160762
3972 0.0002021352
3973 0.0001940725
3990 0.0001934720
4029 0.0001480144
4053 0.0001464351
4083 0.0001243514
4097 0.0001035165
4112 0.0001009203
4291 0.0000938959
4302 0.0000683291
4410 0.0000593869
4432 0.0000331500
4547 0.0000329806
4611 0.0000275741
4670 0.0000242449
4690 0.0000214308
4748 0.0000189529
4772 0.0000152829
4808 0.0000120031
4867 0.0000102192
4994 0.0000070339
5043 0.0000067641
5086 0.0000051210
5194 0.0000048827
5256 0.0000032655
5362 0.0000027229
5426 0.0000019108
5529 0.0000016173
5602 0.0000012054
5617 0.0000011739
5661 0.0000009749
5666 0.0000009000
5791 0.0000007033
5847 0.0000006777
5901 0.0000006584
5902 0.0000005344
5955 0.0000005258
5965 0.0000004557
5970 0.0000003206
6092 0.0000002039
6115 0.0000001801
6232 0.0000001674
6324 0.0000000905
6420 0.0000000824
6454 0.0000000728
6496 0.0000000546
6579 0.0000000452
6659 0.0000000378
6683 0.0000000309
6738 0.0000000264
6821 0.0000000251
6859 0.0000000235
6960 0.0000000200
6997 0.0000000177
7006 0.0000000149
7052 0.0000000147
7106 0.0000000146
7126 0.0000000139
7132 0.0000000126
7157 0.0000000111
7166 0.0000000095
7192 0.0000000083
7226 0.0000000079
7273 0.0000000072
7295 0.0000000059
7343 0.0000000054
7345 0.0000000051
7403 0.0000000039
7512 0.0000000028
7573 0.0000000015
7760 0.0000000014
7797 0.0000000010
7954 0.0000000009
8008 0.0000000008
8037 0.0000000007
8084 0.0000000006
8112 0.0000000006
8127 0.0000000006
8138 0.0000000005
8151 0.0000000005
8187 0.0000000005
8188 0.0000000004
8228 0.0000000003
8262 0.0000000003
8274 0.0000000003
8310 0.0000000003
8414 0.0000000003
8437 0.0000000003
8445 0.0000000002
8472 0.0000000002
8500 0.0000000002
8549 0.0000000001
8622 0.0000000001
8634 0.0000000001
8702 0.0000000001
8720 0.0000000001
8807 0.0000000001
8875 0.0000000000
8881 0.0000000000
8971 0.0000000000
8983 0.0000000000
9016 0.0000000000
9232 0.0000000000
9274 0.0000000000
9293 0.0000000000
9307 0.0000000000
9332 0.0000000000
9395 0.0000000000
9569 0.0000000000
9609 0.0000000000
9723 0.0000000000
9759 0.0000000000
9768 0.0000000000
9818 0.0000000000
10047 0.0000000000
10076 0.0000000000
10101 0.0000000000
10120 0.0000000000
10369 0.0000000000
10591 0.0000000000
10641 0.0000000000
10703 0.0000000000
10771 0.0000000000
10815 0.0000000000
10825 0.0000000000
10889 0.0000000000
10891 0.0000000000
10903 0.0000000000
11012 0.0000000000
11045 0.0000000000
11091 0.0000000000
11152 0.0000000000
11421 0.0000000000
12000 0.0000000000
12119 0.0000000000
evaluations raw_y
1 214.9333253241
7 167.9737359219
25 167.0157805664
26 164.9561561104
29 156.7475394265
43 137.2432083028
50 131.8746750264
64 125.6014638391
65 97.1857213108
95 66.4129471448
103 50.1743340240
131 33.1027527497
219 26.1998218774
330 22.4876509505
348 15.9972164142
398 15.1982203324
413 13.0917242023
436 13.0793352653
443 10.0055343230
447 7.6021861505
482 7.3607228709
486 7.3226818831
504 7.2487584357
517 4.5133879165
533 2.4199080859
667 1.4690103671
738 1.3599785778
858 1.0049973911
1012 0.9534219383
1025 0.8662184118
1067 0.4891281821
1213 0.3798835511
1247 0.3327195731
1360 0.2254071623
1515 0.1851509715
1540 0.1726880304
1551 0.1343977728
1553 0.1202552629
1572 0.1094029252
1672 0.0897250494
1776 0.0628178507
1795 0.0529363873
1927 0.0520963662
1947 0.0501505012
1984 0.0396575868
2006 0.0280807715
2101 0.0246912389
2203 0.0211736341
2264 0.0184429924
2272 0.0143851639
2283 0.0142112469
2307 0.0131959944
2395 0.0110542700
2438 0.0097455222
2447 0.0092716295
2451 0.0056131127
2620 0.0047658568
2759 0.0045366036
2773 0.0044403108
2833 0.0038084931
2859 0.0034331109
2861 0.0030677987
2923 0.0018020374
2959 0.0014834173
3023 0.0012474227
3143 0.0009205517
3219 0.0008795387
3223 0.0008005962
3254 0.0007781298
3287 0.0006588367
3385 0.0006504694
3403 0.0004563944
3457 0.0003881110
3525 0.0002303104
3744 0.0001978325
3796 0.0001732385
3805 0.0001706733
3809 0.0001431146
3883 0.0001289510
3932 0.0001152820
4000 0.0000871618
4024 0.0000760299
4030 0.0000669845
4059 0.0000589710
4115 0.0000437931
4124 0.0000421826
4154 0.0000360985
4250 0.0000355425
4330 0.0000251488
4362 0.0000186537
4426 0.0000159102
4531 0.0000156649
4553 0.0000107141
4562 0.0000101766
4588 0.0000098295
4661 0.0000059965
4780 0.0000054148
4881 0.0000025954
5033 0.0000019548
5145 0.0000017417
5209 0.0000014411
5288 0.0000011194
5375 0.0000008723
5409 0.0000008047
5544 0.0000007589
5548 0.0000007502
5551 0.0000007041
5579 0.0000005096
5609 0.0000004237
5666 0.0000003049
5822 0.0000002809
5876 0.0000002164
5877 0.0000001972
5902 0.0000001772
5963 0.0000001504
6002 0.0000001461
6034 0.0000001231
6106 0.0000001081
6124 0.0000000662
6248 0.0000000446
6298 0.0000000399
6356 0.0000000278
6384 0.0000000262
6452 0.0000000199
6454 0.0000000194
6486 0.0000000175
6603 0.0000000161
6687 0.0000000157
6715 0.0000000154
6731 0.0000000123
6770 0.0000000121
6789 0.0000000114
6809 0.0000000103
6835 0.0000000102
6838 0.0000000079
6861 0.0000000069
6947 0.0000000056
6997 0.0000000054
7075 0.0000000047
7138 0.0000000038
7189 0.0000000031
7324 0.0000000028
7355 0.0000000028
7364 0.0000000027
7377 0.0000000024
7421 0.0000000017
7537 0.0000000016
7544 0.0000000012
7628 0.0000000011
7686 0.0000000009
7698 0.0000000008
7734 0.0000000005
7847 0.0000000004
7890 0.0000000004
7975 0.0000000003
7986 0.0000000003
8098 0.0000000003
8100 0.0000000002
8148 0.0000000002
8160 0.0000000002
8184 0.0000000002
8242 0.0000000002
8255 0.0000000002
8260 0.0000000001
8266 0.0000000001
8441 0.0000000001
8544 0.0000000001
8621 0.0000000001
8622 0.0000000000
8650 0.0000000000
8683 0.0000000000
8730 0.0000000000
8743 0.0000000000
8752 0.0000000000
8791 0.0000000000
8911 0.0000000000
9003 0.0000000000
9015 0.0000000000
9127 0.0000000000
9165 0.0000000000
9217 0.0000000000
9284 0.0000000000
9306 0.0000000000
9357 0.0000000000
9364 0.0000000000
9460 0.0000000000
9471 0.0000000000
9480 0.0000000000
9493 0.0000000000
9530 0.0000000000
9679 0.0000000000
9755 0.0000000000
9790 0.0000000000
9801 0.0000000000
9822 0.0000000000
9850 0.0000000000
10108 0.0000000000
10313 0.0000000000
10362 0.0000000000
10401 0.0000000000
10441 0.0000000000
10734 0.0000000000
10794 0.0000000000
10849 0.0000000000
10861 0.0000000000
11016 0.0000000000
11081 0.0000000000
11454 0.0000000000
11844 0.0000000000
evaluations raw_y
1 442.9587566093
2 402.0862928490
3 283.3687660251
13 221.2439847579
23 218.4008938647
32 205.5901207195
37 198.3113941032
47 180.7599060217
52 174.6621352901
59 155.3213169388
60 152.9118601195
62 139.5756055915
63 121.0315160254
83 120.8569071258
99 80.8293547832
109 78.5807472602
116 78.5050666241
150 70.9265713401
153 57.7203227536
216 44.7078168274
258 42.4877444394
270 33.7811845630
308 32.4147630232
344 22.5786895388
385 22.1104771942
388 21.8741570145
404 16.8009364993
428 16.2482516101
461 15.1588499817
467 15.0457483038
476 12.8407674593
477 11.1791863166
506 11.1027235287
523 10.9237557458
525 9.7672191132
538 8.7590236598
576 8.6028072174
596 7.8683903819
599 6.0035563555
616 4.0181038975
655 2.9812006696
726 2.9490648431
743 2.2491184633
763 1.8519816979
786 1.8386357491
800 1.1355094317
1083 0.9909752942
1117 0.8687726770
1122 0.8348391928
1163 0.8037046065
1167 0.6915249148
1298 0.6275118083
1300 0.5714507163
1325 0.4439807353
1358 0.2950917153
1437 0.2040813259
1496 0.1998616344
1618 0.1839473011
1675 0.1680942818
1738 0.1623459473
1763 0.1469929088
1801 0.0949257872
1855 0.0771252891
1949 0.0701111119
1959 0.0675839598
2083 0.0542360515
2089 0.0464649372
2157 0.0449225277
2188 0.0429082715
2207 0.0426435217
2219 0.0387943009
2243 0.0382899226
2250 0.0358883644
2294 0.0305672401
2349 0.0257709796
2357 0.0189730579
2377 0.0179168401
2538 0.0127270762
2557 0.0112576808
2627 0.0091361636
2696 0.0079266772
2777 0.0070737368
2850 0.0062266310
2908 0.0048591337
2965 0.0040115882
3001 0.0039507134
3014 0.0031577436
3015 0.0024628338
3128 0.0022446574
3138 0.0020116069
3201 0.0016402119
3231 0.0015401497
3281 0.0013166584
3376 0.0012260679
3391 0.0006232550
3598 0.0005750451
3625 0.0005554933
3653 0.0005547048
3663 0.0004864517
3683 0.0003777480
3825 0.0003733003
3859 0.0001443406
4028 0.0001155231
4290 0.0000778927
4359 0.0000770219
4419 0.0000666038
4451 0.0000645457
4452 0.0000545953
4514 0.0000526406
4518 0.0000410825
4539 0.0000404148
4580 0.0000380342
4584 0.0000276695
4607 0.0000223081
4752 0.0000198156
4797 0.0000196420
4812 0.0000127576
5043 0.0000113256
5045 0.0000102145
5055 0.0000097920
5089 0.0000093447
5116 0.0000084982
5126 0.0000057452
5216 0.0000044492
5279 0.0000035817
5410 0.0000035481
5412 0.0000026121
5493 0.0000018818
5551 0.0000017982
5614 0.0000016853
5617 0.0000016331
5636 0.0000009616
5664 0.0000008410
5845 0.0000006491
5876 0.0000005894
5922 0.0000005679
5940 0.0000004741
5945 0.0000004615
6039 0.0000004341
6058 0.0000003964
6064 0.0000003400
6084 0.0000003333
6105 0.0000002351
6199 0.0000002040
6206 0.0000002028
6302 0.0000001738
6353 0.0000001579
6359 0.0000001317
6367 0.0000001114
6452 0.0000000793
6545 0.0000000594
6594 0.0000000381
6774 0.0000000249
6799 0.0000000184
7012 0.0000000146
7015 0.0000000125
7145 0.0000000116
7223 0.0000000065
7377 0.0000000058
7421 0.0000000036
7490 0.0000000029
7548 0.0000000028
7628 0.0000000027
7655 0.0000000026
7676 0.0000000025
7780 0.0000000024
7823 0.0000000023
7838 0.0000000020
7907 0.0000000017
7910 0.0000000015
7957 0.0000000013
7983 0.0000000009
7992 0.0000000008
8142 0.0000000006
8190 0.0000000004
8354 0.0000000004
8407 0.0000000004
8461 0.0000000004
8464 0.0000000003
8481 0.0000000003
8524 0.0000000002
8677 0.0000000001
8754 0.0000000001
8760 0.0000000001
8778 0.0000000001
8816 0.0000000001
8856 0.0000000001
8958 0.0000000001
9103 0.0000000000
9106 0.0000000000
9151 0.0000000000
9189 0.0000000000
9207 0.0000000000
9248 0.0000000000
9249 0.0000000000
9402 0.0000000000
9413 0.0000000000
9562 0.0000000000
9685 0.0000000000
9714 0.0000000000
9793 0.0000000000
9911 0.0000000000
9978 0.0000000000
9986 0.0000000000
9987 0.0000000000
10041 0.0000000000
10050 0.0000000000
10116 0.0000000000
10182 0.0000000000
10196 0.0000000000
10255 0.0000000000
10257 0.0000000000
10269 0.0000000000
10279 0.0000000000
10482 0.0000000000
10483 0.0000000000
10662 0.0000000000
10666 0.0000000000
10676 0.0000000000
10738 0.0000000000
10746 0.0000000000
10792 0.0000000000
10878 0.0000000000
10898 0.0000000000
10990 0.0000000000
11007 0.0000000000
11060 0.0000000000
11139 0.0000000000
11226 0.0000000000
11282 0.0000000000
11306 0.0000000000
11433 0.0000000000
11449 0.0000000000
11535 0.0000000000
11669 0.0000000000
11707 0.0000000000
11809 0.0000000000
11904 0.0000000000
12230 0.0000000000
12543 0.0000000000
evaluations raw_y
1 338.8725151618
3 332.6909978289
5 297.1936787828
6 287.7694074618
7 254.2084655706
13 227.6457854320
14 173.9157178523
51 163.3716367997
59 124.2373662386
73 118.1533715805
81 71.7976335841
124 46.1670318476
160 38.9496055344
250 36.1899600866
261 35.6435228622
270 29.6809831773
288 19.0923513235
395 17.4888924423
398 17.4791260855
402 15.9607461317
413 15.2996403558
414 10.0011670376
470 9.7476799900
482 8.9710150669
541 7.2302235715
561 6.0949391506
564 5.3094389460
578 3.7168440448
664 2.4739758794
704 1.5855651796
780 1.5240022608
788 1.0746198674
979 0.9513787604
1003 0.9349579043
1117 0.6485762046
1150 0.6406521688
1237 0.6008608155
1275 0.5777848771
1284 0.5482630120
1320 0.4432899461
1334 0.3716346236
1337 0.2928900073
1481 0.1755788319
1536 0.1579873891
1544 0.1572153045
1606 0.1485444531
1674 0.1159065172
1694 0.1124814232
1781 0.0953739852
1793 0.0889397585
1867 0.0608210809
1985 0.0602267548
1994 0.0509443532
2023 0.0470717300
2031 0.0389629705
2131 0.0289893838
2222 0.0141762348
2438 0.0064512633
2556 0.0061034832
2722 0.0056474761
2752 0.0050161932
2802 0.0043776849
2804 0.0042887675
2806 0.0040934093
2809 0.0040747435
2822 0.0039096607
2826 0.0035319721
2932 0.0032093910
2964 0.0024651674
3030 0.0018260751
3067 0.0014571925
3119 0.0013530169
3194 0.0008691614
3274 0.0008557978
3312 0.0007405460
3344 0.0006018639
3408 0.0005281774
3433 0.0004716914
3455 0.0003935206
3510 0.0002483950
3641 0.0001873058
3783 0.0001657746
3814 0.0001625769
3827 0.0001484051
3906 0.0001266236
3970 0.0000941880
4004 0.0000796526
4038 0.0000632967
4109 0.0000584023
4138 0.0000469024
4207 0.0000348153
4246 0.0000283465
4255 0.0000273216
4310 0.0000260989
4386 0.0000210385
4444 0.0000189167
4468 0.0000163621
4538 0.0000124344
4563 0.0000122585
4630 0.0000121576
4631 0.0000107200
4675 0.0000105856
4689 0.0000092289
4697 0.0000061624
4838 0.0000058707
4901 0.0000041200
4953 0.0000036710
4991 0.0000030959
5056 0.0000025495
5103 0.0000022730
5154 0.0000022048
5222 0.0000019048
5239 0.0000017294
5282 0.0000014642
5285 0.0000014547
5295 0.0000013145
5347 0.0000012179
5374 0.0000009969
5395 0.0000007401
5529 0.0000007344
5530 0.0000006334
5669 0.0000006182
5704 0.0000004932
5728 0.0000004737
5734 0.0000004084
5755 0.0000003992
5787 0.0000003385
5791 0.0000003065
5869 0.0000002901
5997 0.0000002682
6001 0.0000001377
6105 0.0000000996
6180 0.0000000767
6287 0.0000000558
6419 0.0000000555
6425 0.0000000491
6452 0.0000000467
6461 0.0000000376
6477 0.0000000271
6543 0.0000000225
6587 0.0000000202
6662 0.0000000184
6724 0.0000000162
6740 0.0000000136
6808 0.0000000112
6891 0.0000000111
6906 0.0000000104
6947 0.0000000094
6959 0.0000000055
7068 0.0000000050
7089 0.0000000046
7130 0.0000000036
7225 0.0000000036
7268 0.0000000033
7272 0.0000000026
7310 0.0000000025
7324 0.0000000025
7345 0.0000000019
7448 0.0000000018
7485 0.0000000016
7498 0.0000000012
7556 0.0000000011
7582 0.0000000008
7749 0.0000000006
7755 0.0000000006
7807 0.0000000003
7950 0.0000000003
7956 0.0000000003
7964 0.0000000002
8097 0.0000000002
8107 0.0000000002
8171 0.0000000001
8387 0.0000000001
8562 0.0000000000
8610 0.0000000000
8660 0.0000000000
8804 0.0000000000
8862 0.0000000000
8881 0.0000000000
8939 0.0000000000
9030 0.0000000000
9035 0.0000000000
9094 0.0000000000
9105 0.0000000000
9144 0.0000000000
9248 0.0000000000
9338 0.0000000000
9436 0.0000000000
9472 0.0000000000
9485 0.0000000000
9611 0.0000000000
9647 0.0000000000
9710 0.0000000000
9725 0.0000000000
9755 0.0000000000
9877 0.0000000000
9903 0.0000000000
9943 0.0000000000
9971 0.0000000000
10229 0.0000000000
10355 0.0000000000
10447 0.0000000000
10522 0.0000000000
10551 0.0000000000
10763 0.0000000000
10847 0.0000000000
10949 0.0000000000
11056 0.0000000000
11361 0.0000000000
11892 0.0000000000
evaluations raw_y
1 349.7063053920
2 197.7791584132
40 176.5125334717
50 173.2149340927
62 164.8222390038
65 164.0361223126
67 129.9367143110
80 120.3237102821
81 110.3658285313
98 106.0365404455
121 96.8028884879
143 79.3012983713
152 75.4419082455
156 73.3519432980
170 69.8300147422
174 64.8715065428
190 56.9554381953
196 54.2761069555
208 35.2734091139
271 32.4904954450
277 29.0808599840
318 21.3129159076
347 19.1213567841
369 17.1342952921
370 16.9000086919
407 15.2915890177
410 12.2359045072
460 10.9028396563
461 8.4175559142
491 7.3086305998
498 7.0261205802
501 6.8993203334
503 6.2858309958
539 4.5138385439
574 3.6094334580
576 3.5021779683
585 3.0521572717
624 2.8728047813
638 2.5115684845
698 2.3665272056
715 2.2451765971
724 1.9125211999
746 1.7659284670
752 1.7532903133
763 1.6499112324
766 1.6260760577
848 1.4999417933
906 1.4396743505
942 1.2629067837
981 1.1118962809
985 1.0295806578
1003 0.9347685338
1053 0.7673660847
1070 0.7500148842
1103 0.7294570634
1171 0.7251062862
1204 0.5794417717
1214 0.4163216537
1266 0.4036990128
1328 0.3661721486
1350 0.3041448849
1397 0.2861009043
1450 0.2442876804
1464 0.2304194002
1526 0.2092785890
1595 0.1976578934
1602 0.1923292445
1613 0.1842018252
1614 0.1233210033
1684 0.1222822916
1713 0.1129748802
1774 0.0856373847
1837 0.0816842929
1842 0.0705960697
1856 0.0544352349
1943 0.0531312956
1954 0.0492528106
1997 0.0269221677
2090 0.0215113742
2142 0.0214153473
2241 0.0198823922
2297 0.0193263012
2325 0.0162867683
2358 0.0139159490
2393 0.0105583691
2429 0.0104026557
2476 0.0060914243
2686 0.0052637210
2722 0.0046906042
2767 0.0044465350
2781 0.0042546646
2794 0.0036413964
2827 0.0034263563
2865 0.0027670510
2946 0.0026791306
2949 0.0026423530
2967 0.0022497385
3001 0.0021894350
3007 0.0019779187
3028 0.0013820994
3114 0.0010395202
3194 0.0009745091
3264 0.0007537854
3377 0.0006438115
3380 0.0004912487
3409 0.0004078750
3420 0.0003576256
3490 0.0002708569
3566 0.0002391435
3656 0.0002375498
3664 0.0002335701
3701 0.0002200826
3703 0.0001820472
3724 0.0001729945
3734 0.0001434095
3824 0.0001367551
3854 0.0001360408
3875 0.0001019676
3924 0.0000708292
3958 0.0000552987
4071 0.0000522672
4107 0.0000503269
4127 0.0000443935
4195 0.0000366444
4281 0.0000258413
4365 0.0000210394
4389 0.0000187360
4458 0.0000149516
4571 0.0000135598
4601 0.0000129808
4617 0.0000093783
4680 0.0000078422
4706 0.0000067274
4809 0.0000064507
4821 0.0000032219
4911 0.0000031154
4991 0.0000028432
5046 0.0000023685
5093 0.0000020785
5144 0.0000016798
5221 0.0000015798
5225 0.0000014973
5271 0.0000014939
5294 0.0000007665
5378 0.0000006223
5539 0.0000005651
5563 0.0000005378
5581 0.0000005269
5589 0.0000003706
5623 0.0000003624
5636 0.0000003305
5650 0.0000002786
5707 0.0000002362
5713 0.0000002249
5784 0.0000001912
5819 0.0000001807
5865 0.0000001704
5918 0.0000001512
5944 0.0000000916
6033 0.0000000887
6067 0.0000000724
6137 0.0000000722
6147 0.0000000707
6165 0.0000000652
6168 0.0000000612
6204 0.0000000524
6308 0.0000000350
6397 0.0000000326
6398 0.0000000321
6414 0.0000000303
6458 0.0000000294
6463 0.0000000269
6466 0.0000000253
6485 0.0000000249
6487 0.0000000239
6495 0.0000000182
6569 0.0000000137
6663 0.0000000125
6679 0.0000000080
6693 0.0000000062
6841 0.0000000056
6900 0.0000000045
7032 0.0000000037
7064 0.0000000032
7145 0.0000000022
7265 0.0000000019
7296 0.0000000017
7380 0.0000000014
7418 0.0000000014
7450 0.0000000011
7487 0.0000000009
7520 0.0000000007
7558 0.0000000007
7607 0.0000000005
7693 0.0000000005
7824 0.0000000005
7831 0.0000000004
7869 0.0000000004
7876 0.0000000002
7976 0.0000000002
8091 0.0000000002
8132 0.0000000001
8189 0.0000000001
8201 0.0000000001
8225 0.0000000001
8235 0.0000000001
8277 0.0000000001
8360 0.0000000001
8469 0.0000000001
8477 0.0000000000
8482 0.0000000000
8521 0.0000000000
8553 0.0000000000
8592 0.0000000000
8695 0.0000000000
8707 0.0000000000
8729 0.0000000000
8793 0.0000000000
8801 0.0000000000
8926 0.0000000000
8927 0.0000000000
8943 0.0000000000
8955 0.0000000000
8967 0.0000000000
9023 0.0000000000
9067 0.0000000000
9126 0.0000000000
9184 0.0000000000
9270 0.0000000000
9357 0.0000000000
9402 0.0000000000
9405 0.0000000000
9630 0.0000000000
9642 0.0000000000
9751 0.0000000000
9840 0.0000000000
9842 0.0000000000
9869 0.0000000000
9895 0.0000000000
9993 0.0000000000
10085 0.0000000000
10087 0.0000000000
10149 0.0000000000
10239 0.0000000000
10271 0.0000000000
10397 0.0000000000
10594 0.0000000000
11066 0.0000000000
evaluations raw_y
1 347.5651757039
3 312.5787661844
4 237.6067845949
6 226.1162574047
8 135.8835596929
29 131.7392270681
30 101.3386186621
48 67.7512672055
72 54.9685914143
158 50.5206058349
262 48.4201589337
284 29.6486402349
321 28.4284577765
339 27.9339366248
341 24.5763736206
360 19.0329185982
380 19.0188007575
387 11.9410888878
537 9.9796123839
558 8.6665079411
560 7.6311862715
587 7.3342230547
594 5.2315242535
633 4.8248828607
660 2.7537423921
723 2.7301421339
728 2.5730840478
735 2.3222625297
806 1.6977834114
906 1.3048760788
918 1.0808821800
1114 0.9745435231
1154 0.7589000690
1221 0.7069021306
1222 0.6707394609
1282 0.6510202709
1325 0.4829835917
1381 0.4305444054
1406 0.4268152977
1411 0.4200278722
1423 0.3931016089
1440 0.2432053323
1553 0.1437133581
1575 0.1371576542
1746 0.1065737964
1805 0.1039149201
1880 0.1006159072
1914 0.0948139147
1969 0.0859972822
1988 0.0606848311
2056 0.0567139669
2105 0.0468791221
2154 0.0453959354
2202 0.0296968112
2281 0.0285709975
2298 0.0249736055
2375 0.0226233550
2392 0.0200638222
2399 0.0150363600
2500 0.0128831497
2540 0.0128039431
2578 0.0127579421
2588 0.0126605253
2603 0.0125550391
2613 0.0122605585
2626 0.0106350387
2630 0.0096493191
2631 0.0074394543
2666 0.0066088873
2754 0.0058735253
2811 0.0046634744
2902 0.0046360585
2945 0.0035644460
3023 0.0031740632
3090 0.0026577906
3103 0.0020984813
3174 0.0020489926
3234 0.0018148738
3252 0.0017665912
3264 0.0015452949
3265 0.0014251432
3329 0.0010859136
3397 0.0009425623
3497 0.0008006249
3641 0.0005260916
3712 0.0004072498
3792 0.0002858055
3885 0.0002525484
3889 0.0002269137
4002 0.0001236055
4109 0.0001207854
4139 0.0000847425
4298 0.0000839226
4308 0.0000782379
4316 0.0000755505
4317 0.0000722233
4399 0.0000620335
4447 0.0000574404
4477 0.0000526692
4483 0.0000446067
4569 0.0000377145
4570 0.0000349895
4584 0.0000317478
4602 0.0000223469
4614 0.0000210369
4669 0.0000162960
4746 0.0000125980
4857 0.0000107910
4915 0.0000086907
4929 0.0000065229
5074 0.0000054215
5086 0.0000050556
5092 0.0000043694
5137 0.0000043198
5162 0.0000036954
5272 0.0000031991
5376 0.0000020294
5480 0.0000019368
5482 0.0000015462
5529 0.0000010942
5649 0.0000010706
5651 0.0000009729
5711 0.0000009475
5715 0.0000007972
5741 0.0000006949
5850 0.0000006593
5851 0.0000006013
5891 0.0000002861
5963 0.0000002635
6035 0.0000002584
6045 0.0000002527
6069 0.0000002462
6095 0.0000001980
6142 0.0000001924
6169 0.0000001725
6190 0.0000001679
6225 0.0000001581
6231 0.0000001101
6320 0.0000000914
6342 0.0000000899
6368 0.0000000846
6371 0.0000000792
6459 0.0000000675
6480 0.0000000554
6565 0.0000000374
6646 0.0000000343
6721 0.0000000327
6732 0.0000000180
6802 0.0000000118
7024 0.0000000097
7051 0.0000000085
7153 0.0000000081
7219 0.0000000075
7227 0.0000000066
7277 0.0000000056
7296 0.0000000046
7390 0.0000000041
7437 0.0000000036
7522 0.0000000035
7532 0.0000000034
7548 0.0000000028
7559 0.0000000024
7625 0.0000000020
7671 0.0000000013
7782 0.0000000012
7810 0.0000000011
7924 0.0000000010
7998 0.0000000009
8000 0.0000000009
8009 0.0000000008
8021 0.0000000007
8030 0.0000000006
8080 0.0000000005
8127 0.0000000004
8168 0.0000000004
8277 0.0000000003
8294 0.0000000002
8394 0.0000000002
8397 0.0000000002
8412 0.0000000002
8413 0.0000000001
8613 0.0000000001
8616 0.0000000001
8622 0.0000000001
8628 0.0000000001
8662 0.0000000001
8670 0.0000000001
8714 0.0000000001
8826 0.0000000001
8842 0.0000000001
8859 0.0000000001
8880 0.0000000000
8927 0.0000000000
8944 0.0000000000
9020 0.0000000000
9096 0.0000000000
9106 0.0000000000
9197 0.0000000000
9241 0.0000000000
9250 0.0000000000
9319 0.0000000000
9320 0.0000000000
9344 0.0000000000
9356 0.0000000000
9358 0.0000000000
9394 0.0000000000
9429 0.0000000000
9443 0.0000000000
9457 0.0000000000
9532 0.0000000000
9620 0.0000000000
9827 0.0000000000
9899 0.0000000000
9948 0.0000000000
10043 0.0000000000
10098 0.0000000000
10247 0.0000000000
10326 0.0000000000
10366 0.0000000000
10504 0.0000000000
10519 0.0000000000
10559 0.0000000000
10622 0.0000000000
11313 0.0000000000
evaluations raw_y
1 510.0233964461
2 332.6046480007
11 326.9077442416
13 234.8465549754
32 234.1626307523
37 210.4457493464
38 103.5513841553
65 89.0396855041
73 88.9803250326
77 74.3612554531
102 68.2183254079
273 50.4124726042
289 50.2340977913
291 41.4376372504
338 26.6627388116
391 23.6648559762
409 17.4621844868
441 15.8580574227
465 14.5831626651
468 6.1750464005
617 5.1569834608
633 4.8033053721
652 3.8847657199
679 2.3300647510
694 2.1034250900
702 2.0909340677
732 1.9851913228
782 1.8217909009
792 1.4807501509
832 1.1337860290
954 0.8590586331
971 0.7538120433
1131 0.7429494519
1152 0.6891247213
1213 0.6621412243
1230 0.5725188412
1269 0.5195954709
1307 0.4379787088
1359 0.4033804717
1365 0.2845274983
1412 0.2675723767
1428 0.2279198994
1462 0.2046623439
1465 0.1426803076
1609 0.1119441663
1672 0.0746303223
1802 0.0687171932
1892 0.0639870497
1909 0.0380483061
1995 0.0281724258
2159 0.0205070820
2255 0.0131451854
2350 0.0062169963
2566 0.0051636477
2684 0.0040397453
2757 0.0038342315
2797 0.0036715676
2800 0.0028405630
2932 0.0017511530
2934 0.0013976676
3034 0.0012182890
3158 0.0011456396
3172 0.0011153587
3195 0.0007858600
3287 0.0007136341
3322 0.0005887250
3392 0.0005135949
3454 0.0004992139
3472 0.0003244895
3617 0.0002646684
3673 0.0002425001
3698 0.0001968698
3769 0.0001914265
3774 0.0001628931
3881 0.0001399517
3896 0.0001306180
3911 0.0000957439
4031 0.0000775086
4054 0.0000648298
4064 0.0000626744
4098 0.0000616255
4124 0.0000545490
4132 0.0000461508
4166 0.0000200652
4461 0.0000186596
4465 0.0000174243
4489 0.0000150601
4514 0.0000132841
4547 0.0000132499
4579 0.0000110495
4597 0.0000104947
4611 0.0000094091
4666 0.0000093184
4714 0.0000091422
4725 0.0000063274
4759 0.0000058671
4776 0.0000046891
4825 0.0000036438
4972 0.0000036408
5029 0.0000027413
5069 0.0000023376
5099 0.0000022355
5104 0.0000021486
5142 0.0000014465
5148 0.0000013439
5217 0.0000013415
5231 0.0000013267
5282 0.0000012081
5324 0.0000011690
5342 0.0000010805
5350 0.0000008253
5432 0.0000007322
5458 0.0000005794
5502 0.0000004782
5586 0.0000004011
5628 0.0000003980
5658 0.0000003225
5689 0.0000003220
5692 0.0000003188
5722 0.0000003018
5771 0.0000002649
5797 0.0000002036
5871 0.0000001830
5915 0.0000001513
5971 0.0000001442
5990 0.0000001407
5992 0.0000001106
6100 0.0000001081
6125 0.0000000997
6126 0.0000000958
6151 0.0000000915
6152 0.0000000857
6186 0.0000000764
6224 0.0000000587
6233 0.0000000445
6304 0.0000000336
6370 0.0000000259
6415 0.0000000207
6497 0.0000000178
6605 0.0000000130
6609 0.0000000124
6620 0.0000000101
6671 0.0000000093
6790 0.0000000090
6835 0.0000000088
6850 0.0000000063
6906 0.0000000056
6936 0.0000000050
6964 0.0000000041
7052 0.0000000040
7084 0.0000000031
7087 0.0000000022
7196 0.0000000020
7258 0.0000000019
7355 0.0000000019
7387 0.0000000018
7400 0.0000000012
7452 0.0000000012
7473 0.0000000010
7494 0.0000000009
7571 0.0000000007
7626 0.0000000004
7648 0.0000000004
7793 0.0000000003
7901 0.0000000003
7906 0.0000000002
7928 0.0000000002
7935 0.0000000002
8078 0.0000000002
8084 0.0000000001
8236 0.0000000001
8294 0.0000000001
8299 0.0000000000
8690 0.0000000000
8729 0.0000000000
8788 0.0000000000
8793 0.0000000000
8831 0.0000000000
8834 0.0000000000
8932 0.0000000000
8935 0.0000000000
9001 0.0000000000
9151 0.0000000000
9231 0.0000000000
9264 0.0000000000
9297 0.0000000000
9353 0.0000000000
9363 0.0000000000
9365 0.0000000000
9452 0.0000000000
9466 0.0000000000
9555 0.0000000000
9564 0.0000000000
9590 0.0000000000
9613 0.0000000000
9712 0.0000000000
9775 0.0000000000
9779 0.0000000000
9780 0.0000000000
9838 0.0000000000
9869 0.0000000000
9959 0.0000000000
10071 0.0000000000
10099 0.0000000000
10386 0.0000000000
10497 0.0000000000
10564 0.0000000000
10634 0.0000000000
10805 0.0000000000
11184 0.0000000000
11432 0.0000000000
evaluations raw_y
1 448.8540578210
4 319.1087682601
13 257.4250928528
15 247.3988272766
20 245.6045439578
29 244.4186095863
31 231.5231361589
35 208.7382810019
37 189.8015771768
42 170.1543232756
57 155.6911493746
63 115.4307765924
97 91.0713069141
119 78.1500053187
126 68.1701982200
145 62.8511531828
177 45.3197525503
221 40.8902093247
255 32.1643596248
305 27.1499773688
324 17.3614831788
400 14.9572085069
413 11.9354378836
433 11.4798050382
443 10.2863691984
462 10.2540115640
486 9.6475246335
490 8.2657879681
498 7.7838665043
508 5.5582155556
529 3.5109581452
616 3.1284042148
632 2.5813192132
671 2.0511125188
814 1.9664569049
842 1.5917808636
889 1.4890751328
911 1.4119168938
946 1.0028156261
1050 0.7040639438
1117 0.6664876353
1121 0.6132340902
1167 0.5902753956
1251 0.5883394682
1261 0.5374351120
1275 0.4515190800
1287 0.4071725291
1304 0.3538833220
1335 0.3130468024
1352 0.2389548999
1444 0.2203951557
1448 0.1726800223
1460 0.1506481941
1511 0.1437050501
1583 0.1294635039
1617 0.1242125928
1660 0.1155025670
1663 0.1128842511
1748 0.0960288685
1751 0.0901667970
1764 0.0877563050
1810 0.0874864689
1821 0.0561506251
1902 0.0556562164
1951 0.0525767250
1952 0.0501709114
1973 0.0486991043
2001 0.0433040392
2015 0.0386550065
2040 0.0373625520
2044 0.0368073269
2098 0.0327459205
2105 0.0324465070
2132 0.0297221083
2137 0.0272164075
2177 0.0271862814
2189 0.0240790990
2254 0.0211136559
2285 0.0202857843
2288 0.0183838792
2291 0.0155564152
2303 0.0117597385
2353 0.0109480247
2440 0.0108875051
2495 0.0089066102
2505 0.0074987158
2523 0.0061922810
2591 0.0060822671
2611 0.0053521147
2636 0.0052900760
2651 0.0049303955
2684 0.0044771336
2695 0.0033985636
2842 0.0022776630
2996 0.0015725665
3075 0.0014442800
3102 0.0013194119
3147 0.0011773056
3160 0.0008946272
3176 0.0008920697
3189 0.0007960347
3265 0.0007744411
3311 0.0005922841
3403 0.0005674736
3427 0.0005510515
3456 0.0004268711
3512 0.0003244322
3555 0.0002973868
3607 0.0002823638
3608 0.0001927242
3781 0.0001769730
3794 0.0001694923
3799 0.0001557116
3829 0.0001407508
3871 0.0001197347
3971 0.0000951868
3990 0.0000844465
4005 0.0000662582
4044 0.0000621534
4093 0.0000504358
4102 0.0000478494
4174 0.0000356246
4354 0.0000352419
4427 0.0000348056
4436 0.0000285632
4439 0.0000257835
4452 0.0000254686
4473 0.0000133795
4598 0.0000118958
4685 0.0000104759
4730 0.0000100440
4753 0.0000089192
4781 0.0000075638
4812 0.0000071832
4868 0.0000057810
4898 0.0000056013
4910 0.0000038227
4943 0.0000036848
4958 0.0000030689
5181 0.0000019157
5235 0.0000013849
5362 0.0000011234
5425 0.0000010939
5492 0.0000009275
5543 0.0000009172
5558 0.0000006336
5636 0.0000005789
5639 0.0000004268
5754 0.0000003187
5787 0.0000002593
5945 0.0000002072
5987 0.0000002068
5991 0.0000001483
6022 0.0000001321
6101 0.0000001232
6112 0.0000000849
6204 0.0000000825
6215 0.0000000571
6251 0.0000000508
6376 0.0000000398
6444 0.0000000370
6475 0.0000000351
6499 0.0000000321
6505 0.0000000273
6513 0.0000000240
6628 0.0000000215
6661 0.0000000209
6675 0.0000000199
6691 0.0000000166
6698 0.0000000153
6726 0.0000000121
6740 0.0000000112
6887 0.0000000110
6920 0.0000000073
6945 0.0000000070
6980 0.0000000063
7017 0.0000000053
7049 0.0000000052
7058 0.0000000047
7117 0.0000000046
7161 0.0000000042
7192 0.0000000029
7286 0.0000000020
7432 0.0000000020
7513 0.0000000014
7636 0.0000000013
7654 0.0000000012
7675 0.0000000012
7694 0.0000000009
7706 0.0000000006
8018 0.0000000006
8041 0.0000000005
8053 0.0000000004
8129 0.0000000003
8138 0.0000000003
8186 0.0000000003
8217 0.0000000003
8236 0.0000000002
8308 0.0000000002
8336 0.0000000001
8408 0.0000000001
8474 0.0000000001
8561 0.0000000001
8610 0.0000000001
8639 0.0000000001
8670 0.0000000001
8739 0.0000000001
8777 0.0000000000
8810 0.0000000000
8813 0.0000000000
8823 0.0000000000
8900 0.0000000000
8997 0.0000000000
9002 0.0000000000
9117 0.0000000000
9174 0.0000000000
9216 0.0000000000
9252 0.0000000000
9353 0.0000000000
9643 0.0000000000
9692 0.0000000000
9708 0.0000000000
9772 0.0000000000
9808 0.0000000000
9904 0.0000000000
9939 0.0000000000
10133 0.0000000000
10187 0.0000000000
10225 0.0000000000
10262 0.0000000000
10375 0.0000000000
10403 0.0000000000
10415 0.0000000000
10526 0.0000000000
10620 0.0000000000
10629 0.0000000000
10949 0.0000000000
11355 0.0000000000
11782 0.0000000000
evaluations raw_y
1 282.1194459643
20 197.1835427239
33 181.9306257018
34 177.7299327688
47 171.6555790291
52 137.5200729384
85 130.7571816663
87 116.3753680362
97 78.1635790187
129 72.9771981494
131 70.7508135676
268 53.6386458820
295 34.8215799709
356 34.6530224530
366 30.8309105229
370 29.1140858399
387 26.5138192273
389 23.9577606898
394 23.7764664799
402 11.5889094065
488 9.3526078557
531 9.0952631192
548 5.4976198253
611 5.3316028718
621 5.0755966905
645 4.1340798105
661 2.9253960294
711 1.6966383272
795 1.3008798797
866 1.2257228059
869 1.1917170075
881 1.0191738216
986 0.9074221005
1031 0.8399114203
1157 0.6971789215
1195 0.4593394009
1316 0.4190576665
1336 0.3826465191
1375 0.2806928615
1488 0.2726552451
1536 0.2514194828
1543 0.1743092476
1613 0.1601379206
1643 0.1595385523
1679 0.1508496152
1681 0.1068448607
1700 0.0893136247
1902 0.0822175797
1904 0.0562300517
1991 0.0514287182
2038 0.0296410148
2134 0.0268971548
2204 0.0211251152
2229 0.0199159775
2286 0.0152841546
2411 0.0132742871
2445 0.0127344642
2523 0.0118673748
2549 0.0118041211
2564 0.0105872172
2566 0.0082971535
2605 0.0077025787
2682 0.0075714511
2719 0.0065490671
2748 0.0059437239
2758 0.0043954510
2829 0.0039163301
2868 0.0038828169
2906 0.0035505504
2941 0.0027651025
2989 0.0027584346
3041 0.0027500855
3042 0.0026853035
3051 0.0022553399
3074 0.0015497295
3151 0.0013352283
3200 0.0012055919
3271 0.0009156908
3351 0.0008803164
3415 0.0004307406
3509 0.0004304012
3633 0.0003682547
3653 0.0002772140
3834 0.0002596115
3840 0.0002557349
3889 0.0002341957
3909 0.0001998079
3924 0.0001607409
3933 0.0001573309
4003 0.0001377025
4011 0.0001120992
4057 0.0001102827
4133 0.0001084567
4152 0.0001050259
4187 0.0000820406
4198 0.0000662336
4243 0.0000543681
4282 0.0000488556
4330 0.0000411666
4426 0.0000271661
4490 0.0000269750
4554 0.0000246627
4604 0.0000187843
4606 0.0000167320
4696 0.0000113378
4822 0.0000108779
4836 0.0000107100
4845 0.0000100723
4850 0.0000097365
4908 0.0000079627
4926 0.0000061711
4998 0.0000054963
5009 0.0000049902
5107 0.0000045983
5145 0.0000035861
5182 0.0000035631
5210 0.0000035443
5221 0.0000032762
5228 0.0000027070
5236 0.0000024166
5260 0.0000021562
5273 0.0000018434
5402 0.0000013116
5416 0.0000012510
5506 0.0000011473
5536 0.0000010350
5659 0.0000009796
5672 0.0000009095
5707 0.0000008701
5721 0.0000008239
5778 0.0000008149
5794 0.0000005645
5850 0.0000004601
5950 0.0000003449
6004 0.0000003091
6031 0.0000002771
6068 0.0000002353
6091 0.0000002331
6126 0.0000001808
6154 0.0000001735
6162 0.0000001314
6255 0.0000000954
6291 0.0000000843
6376 0.0000000777
6392 0.0000000593
6484 0.0000000524
6512 0.0000000434
6594 0.0000000381
6731 0.0000000311
6739 0.0000000284
6754 0.0000000277
6812 0.0000000249
6815 0.0000000175
6898 0.0000000158
6927 0.0000000154
6954 0.0000000137
6966 0.0000000098
7075 0.0000000097
7096 0.0000000089
7198 0.0000000055
7317 0.0000000048
7326 0.0000000041
7370 0.0000000039
7409 0.0000000037
7455 0.0000000032
7537 0.0000000024
7602 0.0000000018
7632 0.0000000016
7756 0.0000000011
7814 0.0000000009
7862 0.0000000007
7963 0.0000000005
8018 0.0000000005
8106 0.0000000005
8115 0.0000000004
8221 0.0000000003
8277 0.0000000002
8312 0.0000000002
8386 0.0000000002
8388 0.0000000002
8511 0.0000000001
8569 0.0000000001
8672 0.0000000001
8710 0.0000000001
8826 0.0000000001
8880 0.0000000000
8919 0.0000000000
9006 0.0000000000
9074 0.0000000000
9082 0.0000000000
9143 0.0000000000
9176 0.0000000000
9255 0.0000000000
9412 0.0000000000
9434 0.0000000000
9492 0.0000000000
9683 0.0000000000
9686 0.0000000000
9843 0.0000000000
9883 0.0000000000
9928 0.0000000000
9978 0.0000000000
10236 0.0000000000
10441 0.0000000000
10529 0.0000000000
10676 0.0000000000
10821 0.0000000000
10907 0.0000000000
10989 0.0000000000
11079 0.0000000000
11117 0.0000000000
11368 0.0000000000
11620 0.0000000000
11975 0.0000000000
evaluations raw_y
1 378.9874802800
2 340.2451682083
6 209.9085715040
16 191.8264685108
21 170.8985041018
29 150.9781611740
51 127.6967950871
52 127.0609982549
63 111.5044716642
64 87.4305330409
80 85.4104043709
101 69.8032338740
106 59.5939091875
108 51.4298559373
252 47.7732892830
285 24.0502423626
351 23.6903596089
354 17.5355342170
430 13.7205685605
442 11.7705695450
475 11.5965380948
476 6.1519511700
574 5.0298031441
582 3.9064874166
630 2.7257136021
719 2.5295899774
727 2.3793247194
729 1.7563266110
808 1.6124031075
885 1.4142673269
902 1.2998051487
974 1.1723538486
1018 1.1670638916
1030 0.9602092509
1042 0.8041773242
1207 0.7204263039
1212 0.6534098656
1251 0.6480547803
1254 0.3755609443
1431 0.3538836386
1447 0.3384329972
1518 0.2915485482
1544 0.1896317378
1616 0.1711927110
1668 0.1661046790
1687 0.1655054275
1737 0.0905600930
1796 0.0797961789
1920 0.0738254747
1938 0.0708967493
1979 0.0418040393
2193 0.0327395486
2226 0.0244064119
2233 0.0221298376
2420 0.0170875558
2439 0.0160684206
2471 0.0106867345
2531 0.0097155655
2653 0.0083696050
2751 0.0083197688
2755 0.0075051392
2767 0.0071726338
2779 0.0069073972
2781 0.0058015345
2797 0.0035245503
2927 0.0026999991
3097 0.0024327063
3138 0.0021896030
3157 0.0014711349
3221 0.0013345984
3283 0.0011105152
3372 0.0009574016
3442 0.0008378030
3499 0.0007600438
3503 0.0007166034
3522 0.0007017180
3550 0.0005931815
3551 0.0003789390
3632 0.0003667842
3703 0.0002683322
3801 0.0002354228
3838 0.0002270433
3845 0.0002080478
3876 0.0001717400
3935 0.0001160640
4100 0.0000812701
4200 0.0000809223
4208 0.0000668665
4269 0.0000622585
4308 0.0000461331
4449 0.0000403021
4468 0.0000359939
4538 0.0000261917
4593 0.0000184231
4678 0.0000177877
4714 0.0000143471
4761 0.0000143004
4781 0.0000123724
4848 0.0000089928
4927 0.0000086246
4964 0.0000068527
5038 0.0000059231
5065 0.0000056957
5077 0.0000040263
5083 0.0000038276
5122 0.0000036991
5215 0.0000032006
5220 0.0000029949
5235 0.0000026990
5269 0.0000025828
5330 0.0000021161
5358 0.0000020391
5393 0.0000018426
5443 0.0000017369
5471 0.0000015879
5473 0.0000012378
5486 0.0000011580
5524 0.0000010633
5592 0.0000009916
5624 0.0000009266
5642 0.0000008543
5706 0.0000006870
5841 0.0000004637
5882 0.0000004346
5902 0.0000002611
6026 0.0000002349
6160 0.0000001796
6207 0.0000001338
6228 0.0000001264
6239 0.0000001199
6305 0.0000001100
6346 0.0000000637
6471 0.0000000461
6544 0.0000000457
6556 0.0000000436
6608 0.0000000380
6623 0.0000000360
6636 0.0000000330
6637 0.0000000315
6672 0.0000000286
6712 0.0000000254
6770 0.0000000175
6844 0.0000000142
6899 0.0000000117
7037 0.0000000103
7058 0.0000000045
7264 0.0000000044
7283 0.0000000042
7287 0.0000000036
7381 0.0000000025
7608 0.0000000022
7616 0.0000000019
7662 0.0000000018
7693 0.0000000010
7773 0.0000000010
7801 0.0000000009
7853 0.0000000009
7966 0.0000000008
7976 0.0000000008
8000 0.0000000007
8012 0.0000000004
8043 0.0000000004
8217 0.0000000004
8224 0.0000000004
8241 0.0000000004
8269 0.0000000003
8367 0.0000000003
8404 0.0000000002
8467 0.0000000001
8518 0.0000000001
8555 0.0000000001
8604 0.0000000001
8655 0.0000000001
8702 0.0000000001
8722 0.0000000001
8762 0.0000000001
8765 0.0000000001
8817 0.0000000001
8833 0.0000000000
8906 0.0000000000
8918 0.0000000000
9001 0.0000000000
9030 0.0000000000
9061 0.0000000000
9097 0.0000000000
9249 0.0000000000
9298 0.0000000000
9304 0.0000000000
9311 0.0000000000
9395 0.0000000000
9448 0.0000000000
9463 0.0000000000
9483 0.0000000000
9490 0.0000000000
9611 0.0000000000
9818 0.0000000000
9890 0.0000000000
9893 0.0000000000
9899 0.0000000000
9939 0.0000000000
10034 0.0000000000
10496 0.0000000000
10499 0.0000000000
10509 0.0000000000
10550 0.0000000000
10642 0.0000000000
10724 0.0000000000
10857 0.0000000000
10925 0.0000000000
10933 0.0000000000
11033 0.0000000000
11072 0.0000000000
11202 0.0000000000
11284 0.0000000000
11368 0.0000000000
11637 0.0000000000
12002 0.0000000000
evaluations raw_y
1 494.6321189809
4 348.3626366015
10 317.0250254946
17 263.6829550427
37 155.6129840455
73 136.5767727111
81 118.9325412803
82 113.1510693852
115 108.1953866692
137 105.1566811810
152 105.0631415627
168 97.7363429807
189 87.2233072737
203 73.0750816297
221 66.8249579680
236 59.5368218031
237 56.1370304564
272 52.2294418325
310 50.9798708899
343 42.5933807954
347 40.2388349438
365 24.1547751399
414 19.7961475389
442 17.0418054732
476 16.3526402419
480 15.9330420577
490 12.4537681573
500 10.9110472425
528 10.4506272005
541 7.9778324042
568 7.2275062513
601 6.9523485508
612 5.8994710137
618 4.4631534171
656 3.9575871629
665 3.4427933124
670 2.7712536763
731 2.2757348020
745 2.2601854997
753 1.5831458773
790 1.5395976833
846 1.5334410253
928 1.2924228784
964 1.0799888876
973 0.8452761927
1012 0.8085071058
1124 0.7429697985
1133 0.5922850725
1153 0.3873767585
1192 0.2972809184
1305 0.2499291771
1416 0.1933239382
1429 0.1692703499
1498 0.1131661457
1795 0.1090653480
1819 0.1032391399
1846 0.1003599354
1862 0.0786738183
1929 0.0725144913
1954 0.0419426088
2136 0.0400046189
2155 0.0389808856
2181 0.0367268595
2198 0.0277603309
2250 0.0249942743
2292 0.0234284391
2360 0.0208612017
2365 0.0096051887
2593 0.0089354626
2688 0.0072224463
2758 0.0067410110
2817 0.0066869949
2849 0.0038175542
2964 0.0037767577
2983 0.0029862528
3036 0.0028394741
3044 0.0027148798
3081 0.0023283616
3149 0.0022146761
3151 0.0019529029
3174 0.0018358451
3199 0.0018018006
3203 0.0012525163
3370 0.0011603867
3375 0.0011478810
3382 0.0011148487
3393 0.0006651830
3536 0.0005936870
3553 0.0005107446
3562 0.0003529449
3637 0.0002739334
3861 0.0001915504
3891 0.0001816073
3999 0.0001642705
4040 0.0001401850
4050 0.0001341510
4069 0.0001190245
4159 0.0001162404
4209 0.0000930145
4268 0.0000842406
4279 0.0000726939
4348 0.0000722622
4354 0.0000497945
4421 0.0000448282
4455 0.0000426586
4494 0.0000400868
4509 0.0000383491
4532 0.0000340339
4575 0.0000316740
4609 0.0000296300
4612 0.0000237303
4621 0.0000200049
4667 0.0000186578
4716 0.0000164745
4800 0.0000161964
4822 0.0000154162
4838 0.0000135003
4844 0.0000070952
4986 0.0000055246
5124 0.0000040818
5197 0.0000035982
5233 0.0000029749
5241 0.0000028606
5331 0.0000027847
5346 0.0000027583
5357 0.0000020395
5403 0.0000015202
5493 0.0000011628
5577 0.0000011430
5581 0.0000010520
5643 0.0000009544
5715 0.0000008249
5763 0.0000007778
5767 0.0000006727
5782 0.0000006196
5824 0.0000005079
5840 0.0000005058
5846 0.0000004505
5878 0.0000003499
5879 0.0000003256
6066 0.0000003053
6092 0.0000002104
6094 0.0000001954
6189 0.0000001758
6207 0.0000001677
6243 0.0000001022
6301 0.0000000911
6317 0.0000000809
6331 0.0000000794
6352 0.0000000650
6484 0.0000000489
6527 0.0000000432
6554 0.0000000393
6556 0.0000000343
6579 0.0000000332
6660 0.0000000293
6698 0.0000000256
6715 0.0000000203
6798 0.0000000187
6819 0.0000000091
7083 0.0000000090
7085 0.0000000054
7169 0.0000000053
7248 0.0000000051
7275 0.0000000047
7300 0.0000000041
7322 0.0000000037
7380 0.0000000032
7423 0.0000000023
7454 0.0000000016
7729 0.0000000015
7749 0.0000000015
7761 0.0000000013
7778 0.0000000010
7820 0.0000000010
7835 0.0000000010
7839 0.0000000009
7931 0.0000000007
7985 0.0000000006
8016 0.0000000006
8128 0.0000000003
8165 0.0000000003
8200 0.0000000002
8218 0.0000000002
8414 0.0000000002
8449 0.0000000001
8526 0.0000000001
8566 0.0000000001
8584 0.0000000001
8594 0.0000000001
8605 0.0000000001
8679 0.0000000001
8762 0.0000000001
8780 0.0000000000
8858 0.0000000000
8890 0.0000000000
8960 0.0000000000
8993 0.0000000000
9038 0.0000000000
9108 0.0000000000
9209 0.0000000000
9469 0.0000000000
9476 0.0000000000
9546 0.0000000000
9579 0.0000000000
9586 0.0000000000
9795 0.0000000000
10053 0.0000000000
10258 0.0000000000
10260 0.0000000000
10271 0.0000000000
10307 0.0000000000
10346 0.0000000000
10485 0.0000000000
10618 0.0000000000
10680 0.0000000000
10694 0.0000000000
10700 0.0000000000
10794 0.0000000000
10802 0.0000000000
10963 0.0000000000
11004 0.0000000000
11026 0.0000000000
11130 0.0000000000
11141 0.0000000000
11185 0.0000000000
11308 0.0000000000
11412 0.0000000000
12061 0.0000000000
12392 0.0000000000
evaluations raw_y
1 336.0116536246
6 229.1768936267
32 183.9612543331
69 160.3177993180
77 152.1283566653
91 142.3007935858
97 132.0775842409
101 84.4257576299
135 81.1409872676
138 70.0738954470
192 66.9419938801
220 65.0754048580
236 62.5075803965
255 51.8360437898
260 26.3616999481
335 17.2223730916
456 16.9696641334
461 11.4364597307
490 9.1558809963
528 6.9655597228
582 4.8581761022
605 4.8432536932
620 3.6756810696
706 3.5668875462
710 3.3962586482
714 3.3000970274
723 2.7571120660
734 2.7412560985
743 1.9092094722
772 1.6300107948
782 1.0228331553
1088 0.6282237174
1107 0.6030261986
1269 0.5941155003
1287 0.5768684273
1317 0.4929339099
1330 0.3984985925
1458 0.3626249010
1501 0.3541178091
1544 0.3048136600
1545 0.2649896220
1567 0.2493157080
1583 0.1977487812
1758 0.1641692335
1811 0.1388404751
1822 0.1204348669
1882 0.0985823817
1961 0.0974119466
1968 0.0962943192
1982 0.0883913565
2014 0.0826526172
2051 0.0783704240
2073 0.0651441792
2148 0.0627255732
2153 0.0380045339
2278 0.0314882328
2313 0.0236767680
2445 0.0191059512
2480 0.0170166333
2543 0.0167472426
2576 0.0159803098
2594 0.0121705307
2626 0.0120547833
2671 0.0095517741
2754 0.0075479530
2756 0.0061062002
2793 0.0059105745
2839 0.0043486393
2983 0.0041779402
3054 0.0029451548
3083 0.0029273875
3104 0.0028444664
3132 0.0027223175
3152 0.0015931560
3227 0.0011899271
3372 0.0010848499
3399 0.0008414283
3451 0.0007811631
3490 0.0006418305
3589 0.0002920035
3800 0.0002688568
3882 0.0002671210
3944 0.0001225803
4011 0.0001093752
4194 0.0001035373
4195 0.0000985388
4199 0.0000592309
4412 0.0000540106
4416 0.0000339477
4571 0.0000228756
4718 0.0000178365
4785 0.0000172655
4786 0.0000163902
4831 0.0000158395
4837 0.0000153806
4858 0.0000131682
4921 0.0000101588
4947 0.0000101042
5030 0.0000098142
5039 0.0000087174
5047 0.0000086079
5056 0.0000081150
5079 0.0000069466
5083 0.0000061111
5096 0.0000051669
5148 0.0000050575
5228 0.0000045911
5233 0.0000031159
5363 0.0000026028
5387 0.0000023853
5411 0.0000021786
5414 0.0000020122
5462 0.0000017997
5532 0.0000015259
5537 0.0000010481
5662 0.0000008925
5682 0.0000007575
5697 0.0000007024
5710 0.0000006940
5822 0.0000006532
5833 0.0000004858
5859 0.0000004473
5891 0.0000003924
5907 0.0000003167
5987 0.0000003161
6039 0.0000002975
6063 0.0000001992
6074 0.0000001538
6144 0.0000001522
6305 0.0000001197
6333 0.0000001195
6409 0.0000000692
6631 0.0000000618
6638 0.0000000582
6657 0.0000000566
6673 0.0000000507
6724 0.0000000501
6732 0.0000000453
6733 0.0000000414
6758 0.0000000399
6759 0.0000000301
6849 0.0000000296
6864 0.0000000253
6890 0.0000000248
6912 0.0000000213
6970 0.0000000170
7013 0.0000000131
7044 0.0000000112
7073 0.0000000094
7131 0.0000000091
7140 0.0000000087
7169 0.0000000084
7327 0.0000000073
7372 0.0000000062
7458 0.0000000046
7492 0.0000000031
7521 0.0000000026
7522 0.0000000026
7720 0.0000000025
7755 0.0000000022
7805 0.0000000020
7818 0.0000000016
7981 0.0000000012
8004 0.0000000007
8195 0.0000000007
8269 0.0000000006
8287 0.0000000006
8352 0.0000000005
8361 0.0000000005
8370 0.0000000005
8379 0.0000000004
8398 0.0000000004
8438 0.0000000003
8448 0.0000000003
8538 0.0000000002
8628 0.0000000002
8688 0.0000000002
8698 0.0000000001
8799 0.0000000001
8960 0.0000000001
8962 0.0000000000
9110 0.0000000000
9154 0.0000000000
9176 0.0000000000
9254 0.0000000000
9357 0.0000000000
9385 0.0000000000
9687 0.0000000000
9848 0.0000000000
9861 0.0000000000
9873 0.0000000000
9901 0.0000000000
9936 0.0000000000
9951 0.0000000000
9952 0.0000000000
9964 0.0000000000
10075 0.0000000000
10084 0.0000000000
10208 0.0000000000
10328 0.0000000000
10343 0.0000000000
10392 0.0000000000
10452 0.0000000000
10461 0.0000000000
10517 0.0000000000
10553 0.0000000000
10582 0.0000000000
10689 0.0000000000
10720 0.0000000000
10740 0.0000000000
10747 0.0000000000
10764 0.0000000000
10803 0.0000000000
10849 0.0000000000
10898 0.0000000000
10946 0.0000000000
10951 0.0000000000
11026 0.0000000000
11096 0.0000000000
11129 0.0000000000
11172 0.0000000000
11174 0.0000000000
11186 0.0000000000
11228 0.0000000000
11260 0.0000000000
11355 0.0000000000
11410 0.0000000000
11418 0.0000000000
11620 0.0000000000
11671 0.0000000000
11830 0.0000000000
11845 0.0000000000
11862 0.0000000000
11892 0.0000000000
12061 0.0000000000
12074 0.0000000000
12099 0.0000000000
12147 0.0000000000
12206 0.0000000000
12253 0.0000000000
12406 0.0000000000
12523 0.0000000000
12554 0.0000000000
12658 0.0000000000
12818 0.0000000000
13019 0.0000000000
13640 0.0000000000
evaluations raw_y
1 547.6882886999
2 413.1126416746
4 318.8409711103
22 308.5711875442
23 293.9260746572
28 207.2035765147
39 185.5154763356
48 157.1672907218
66 121.0302730511
74 115.4280807989
82 88.0485119311
165 82.8915563397
201 82.8553055131
217 81.1916885023
235 67.0326568500
239 58.6433939047
268 47.7350777951
295 45.4863534339
322 44.4755138606
324 31.7359799650
349 31.1957316264
375 29.4851570551
380 25.4183112920
404 19.5523480525
428 19.2336468895
437 19.1437997813
451 14.3115268390
482 10.6038035945
503 9.8355891741
515 9.2266811503
551 8.7527216143
554 6.6376474934
585 4.3774758427
601 2.7447526072
651 2.6023030609
731 2.0466389688
790 1.9269010064
794 1.6458211395
845 1.5094779010
848 1.2897749665
1049 1.0227138959
1080 0.9248094578
1097 0.8209621727
1141 0.7977340667
1222 0.7466169022
1236 0.7314332829
1241 0.5771564875
1255 0.5192298564
1281 0.4103067208
1322 0.3725485189
1357 0.2476604542
1491 0.2365667136
1553 0.2342440635
1597 0.2234352971
1608 0.2004030000
1639 0.1922053148
1640 0.1677940407
1658 0.1431442003
1662 0.1213014991
1728 0.0977334236
1814 0.0952482282
1882 0.0933724645
1883 0.0716429130
1953 0.0651677533
1981 0.0581285319
2024 0.0368588559
2190 0.0365755169
2192 0.0224884319
2365 0.0206789423
2385 0.0157305657
2489 0.0156486996
2497 0.0146102430
2506 0.0138950807
2543 0.0134306155
2585 0.0127243739
2608 0.0118793148
2616 0.0112139692
2622 0.0097119571
2633 0.0095084218
2639 0.0090283767
2664 0.0075606760
2680 0.0064823168
2699 0.0063349792
2753 0.0051875864
2821 0.0038829392
2988 0.0035450622
3045 0.0030766080
3140 0.0017809154
3211 0.0015663333
3291 0.0014990518
3357 0.0012724815
3388 0.0012619139
3415 0.0010669494
3492 0.0008277101
3517 0.0007925698
3577 0.0007762823
3588 0.0005946838
3593 0.0004658616
3691 0.0004161204
3706 0.0003807230
3730 0.0003419693
3779 0.0003233502
3825 0.0002365575
3932 0.0002218738
3985 0.0001250014
4074 0.0001066215
4192 0.0001030081
4222 0.0000801220
4324 0.0000754473
4365 0.0000746744
4388 0.0000719640
4398 0.0000663119
4416 0.0000635453
4419 0.0000634393
4453 0.0000538584
4462 0.0000478250
4504 0.0000370940
4531 0.0000357142
4578 0.0000273947
4595 0.0000154277
4792 0.0000150155
4866 0.0000110974
4938 0.0000091271
4961 0.0000054090
5050 0.0000053951
5119 0.0000044834
5169 0.0000043732
5208 0.0000043124
5219 0.0000031825
5319 0.0000030997
5321 0.0000022375
5356 0.0000018920
5391 0.0000018393
5446 0.0000016981
5525 0.0000016480
5566 0.0000016217
5591 0.0000016022
5612 0.0000014192
5616 0.0000011873
5650 0.0000011280
5675 0.0000008135
5734 0.0000006148
5738 0.0000005061
5811 0.0000003519
6002 0.0000002723
6047 0.0000002719
6066 0.0000002515
6092 0.0000002324
6123 0.0000001255
6174 0.0000000973
6335 0.0000000898
6415 0.0000000858
6424 0.0000000653
6425 0.0000000597
6479 0.0000000503
6521 0.0000000368
6683 0.0000000307
6695 0.0000000299
6725 0.0000000293
6783 0.0000000231
6839 0.0000000214
6867 0.0000000199
6903 0.0000000197
6906 0.0000000178
6938 0.0000000176
6969 0.0000000175
7001 0.0000000162
7015 0.0000000157
7060 0.0000000144
7074 0.0000000099
7097 0.0000000061
7172 0.0000000054
7313 0.0000000050
7395 0.0000000039
7445 0.0000000024
7503 0.0000000022
7514 0.0000000021
7605 0.0000000021
7612 0.0000000020
7631 0.0000000018
7657 0.0000000018
7667 0.0000000017
7674 0.0000000017
7696 0.0000000016
7703 0.0000000016
7720 0.0000000008
7903 0.0000000007
7937 0.0000000006
7964 0.0000000005
8010 0.0000000005
8055 0.0000000005
8118 0.0000000004
8154 0.0000000004
8216 0.0000000003
8233 0.0000000003
8252 0.0000000002
8470 0.0000000002
8471 0.0000000001
8509 0.0000000001
8607 0.0000000001
8694 0.0000000001
8729 0.0000000001
8734 0.0000000001
8820 0.0000000000
8886 0.0000000000
8972 0.0000000000
8977 0.0000000000
8982 0.0000000000
9066 0.0000000000
9116 0.0000000000
9182 0.0000000000
9232 0.0000000000
9283 0.0000000000
9285 0.0000000000
9295 0.0000000000
9374 0.0000000000
9384 0.0000000000
9408 0.0000000000
9409 0.0000000000
9432 0.0000000000
9531 0.0000000000
9598 0.0000000000
9599 0.0000000000
9643 0.0000000000
9646 0.0000000000
9657 0.0000000000
9662 0.0000000000
9672 0.0000000000
9778 0.0000000000
9884 0.0000000000
9887 0.0000000000
9918 0.0000000000
10122 0.0000000000
10171 0.0000000000
10176 0.0000000000
10381 0.0000000000
10383 0.0000000000
10394 0.0000000000
10453 0.0000000000
10509 0.0000000000
10562 0.0000000000
10626 0.0000000000
10864 0.0000000000
10941 0.0000000000
11084 0.0000000000
11480 0.0000000000
11968 0.0000000000
