evaluations raw_y
1 1302.1339530580
2 578.8275454447
6 543.0072026951
29 517.4346529683
44 463.8704165396
46 420.1863977565
47 418.4380832351
63 359.7628279515
69 346.8204525134
86 305.7562139554
103 289.1317292288
111 276.1064001506
116 233.8766464500
185 229.3828671650
221 204.4046623524
237 203.8107749338
248 194.6103239185
280 190.8056984076
289 189.8386083600
299 181.4077080212
318 153.4492856325
330 122.5466909333
381 122.1467160307
395 91.3998867479
515 86.1064527883
568 75.0412807453
740 70.6623535933
744 64.4799032842
793 47.0134096417
2586 31.5316289505
2838 30.2641535884
3114 20.5451749413
3440 17.9029808873
3499 11.8867696469
3626 10.7508068939
3678 10.6213091335
3735 10.1888684143
3949 9.1916073710
4106 9.1153660755
4177 8.9675392160
4188 8.5814419757
4266 7.9746482588
4323 7.4755165834
4528 7.3340994411
4670 7.1623636211
4723 7.0647371251
4937 7.0375282924
5023 7.0188068549
5060 6.9945246484
5239 6.9849672845
5321 6.9846059159
5338 6.9808419651
5340 6.9805467887
5363 6.9775870322
5501 6.9754649001
5607 6.9751767181
5685 6.9725399352
5738 6.9719647879
5781 6.9715247057
5786 6.9702275940
5833 6.9679895248
5950 6.9679814619
5969 6.9674091163
6034 6.9672618619
6058 6.9665465524
6088 6.9660331943
6125 6.9657396160
6222 6.9656229098
6249 6.9654701955
6278 6.9651117722
6327 6.9649986595
6384 6.9648701979
6650 6.9648514806
6664 6.9648153294
6685 6.9647977534
6705 6.9647751861
6809 6.9647606918
6909 6.9647424571
6950 6.9647418667
6959 6.9647370958
7042 6.9647369430
7086 6.9647263713
7120 6.9647210398
7231 6.9647208511
7248 6.9647164155
7543 6.9647158337
7616 6.9647150749
7653 6.9647143124
7818 6.9647142542
7845 6.9647140793
8020 6.9647140120
8059 6.9647139795
8070 6.9647138501
8091 6.9647137896
8107 6.9647136391
8241 6.9647136023
8253 6.9647135444
8268 6.9647135361
8344 6.9647135131
8379 6.9647135105
8393 6.9647134559
8500 6.9647134554
8519 6.9647134400
8585 6.9647134346
8657 6.9647134238
8749 6.9647134199
8787 6.9647134158
8864 6.9647134136
8871 6.9647134045
8901 6.9647134040
9048 6.9647134030
9156 6.9647134020
9210 6.9647134019
9283 6.9647134018
9335 6.9647134017
9340 6.9647134012
9354 6.9647134009
9371 6.9647134005
9382 6.9647134004
9482 6.9647134004
9497 6.9647134003
9510 6.9647134002
9523 6.9647134001
9576 6.9647134000
9586 6.9647133999
9631 6.9647133999
9650 6.9647133998
9730 6.9647133998
9793 6.9647133998
9823 6.9647133997
9869 6.9647133997
9930 6.9647133997
9967 6.9647133997
10095 6.9647133997
10112 6.9647133997
10118 6.9647133997
10364 6.9647133997
10424 6.9647133997
10496 6.9647133997
10620 6.9647133997
10652 6.9647133997
10721 6.9647133997
10732 6.9647133997
10748 6.9647133997
10810 6.9647133997
10815 6.9647133997
11027 6.9647133997
11059 6.9647133997
11103 6.9647133997
11110 6.9647133997
11161 6.9647133997
11246 6.9647133997
11258 6.9647133997
11286 6.9647133997
11496 6.9647133997
11636 6.9647133997
11883 6.9647133997
12416 6.9647133997
12573 6.9647133997
evaluations raw_y
1 1187.4642086385
2 355.2748714324
19 363.6419947761
35 293.2777467433
63 225.3024648161
152 171.9554657671
216 142.6507845034
221 121.3046927752
271 120.3759783075
275 118.0257159585
318 100.5657146871
463 90.2181208045
479 78.0003006124
556 75.0308308932
676 72.7587401203
795 56.4394253314
1070 43.8238145412
1448 38.5439845115
2502 31.7161503817
2560 23.1715680625
3069 19.9929536172
3122 19.6944416087
3209 18.7226983626
3268 15.8317927466
3270 12.6595937029
3425 11.8008039007
3511 11.0954064707
3636 10.6487747150
3730 10.3157851050
3848 10.1694609259
3850 10.1576530958
3979 10.1024910546
4018 9.5172679568
4078 9.3294888614
4181 9.1938699532
4398 9.1862759849
4412 9.1742938396
4487 9.1494398922
4524 9.1310703703
4584 9.1077748132
4592 9.0706238776
4597 9.0633536177
4664 9.0570477591
4728 9.0316704905
4846 9.0142431876
4924 9.0001955349
4937 8.9964964415
5000 8.9878873186
5052 8.9851456239
5056 8.9842653877
5065 8.9772479777
5132 8.9718494211
5248 8.9679813418
5309 8.9635055531
5501 8.9626417936
5658 8.9623779743
5700 8.9594968216
5753 8.9593040503
5763 8.9588186708
5770 8.9584340878
5772 8.9576072438
5838 8.9574420566
5878 8.9567772188
6013 8.9563963134
6015 8.9561146615
6046 8.9560633267
6071 8.9559182555
6117 8.9558502296
6123 8.9557541542
6124 8.9556701184
6179 8.9553863066
6199 8.9552290863
6222 8.9551955080
6229 8.9551477159
6278 8.9550676111
6301 8.9549672566
6323 8.9549508391
6327 8.9547406928
6650 8.9547348534
6705 8.9546991982
6827 8.9546831882
6893 8.9546650609
7003 8.9546422212
7216 8.9546370536
7299 8.9546349880
7454 8.9546349572
7507 8.9546317631
7616 8.9546312386
7653 8.9546305558
7676 8.9546289819
7722 8.9546282949
7819 8.9546282825
7838 8.9546272010
8070 8.9546270673
8089 8.9546270560
8103 8.9546269662
8107 8.9546268888
8197 8.9546267956
8254 8.9546267830
8268 8.9546267747
8338 8.9546266768
8364 8.9546266756
8393 8.9546266696
8444 8.9546266288
8455 8.9546266272
8507 8.9546265955
8519 8.9546265918
8545 8.9546265611
8608 8.9546265601
8651 8.9546265374
8694 8.9546265364
8752 8.9546265358
8756 8.9546265171
8864 8.9546265160
8878 8.9546265148
8901 8.9546264966
9006 8.9546264915
9065 8.9546264895
9102 8.9546264846
9167 8.9546264837
9310 8.9546264821
9354 8.9546264810
9388 8.9546264802
9401 8.9546264781
9586 8.9546264767
9793 8.9546264767
9891 8.9546264766
9896 8.9546264766
9984 8.9546264764
10050 8.9546264764
10118 8.9546264762
10214 8.9546264761
10441 8.9546264761
10620 8.9546264761
10662 8.9546264761
10666 8.9546264761
10675 8.9546264761
10688 8.9546264760
10733 8.9546264760
10742 8.9546264760
10748 8.9546264760
10824 8.9546264760
10906 8.9546264760
11036 8.9546264760
11110 8.9546264760
11284 8.9546264760
11373 8.9546264760
11397 8.9546264760
11578 8.9546264760
11864 8.9546264760
11988 8.9546264760
12037 8.9546264760
12044 8.9546264760
12136 8.9546264760
12142 8.9546264760
12163 8.9546264760
12335 8.9546264760
12381 8.9546264760
12468 8.9546264760
12494 8.9546264760
12518 8.9546264760
12610 8.9546264760
12995 8.9546264760
13703 8.9546264760
14988 8.9546264760
20908 8.9546264760
60055 8.9546264760
evaluations raw_y
1 1072.0068802904
2 642.3534969795
6 627.3173823892
9 579.5398990722
11 530.7507654423
47 523.0596785146
53 443.0776684682
66 429.8638403134
75 418.3190379323
76 370.2875688491
93 330.5881468516
111 292.6541758087
122 168.7251758932
155 164.4475047179
179 163.3050384396
236 152.7759034459
279 122.3965840443
297 141.5643893595
299 132.6742550258
355 132.1422531491
356 129.1633851424
362 117.8471633691
433 98.1776067440
489 78.4572675475
539 65.7508557797
803 62.8079085031
855 59.5442341269
1180 58.2424405215
1452 46.6786936077
1602 46.8376713233
1880 39.8980076274
2736 36.8069002884
2981 36.0787711810
3039 24.4419048099
3230 19.1032881361
3499 17.2165276512
3523 16.6884550491
3538 10.9638784955
3876 10.1594180347
3899 9.3023707742
4146 9.1815049770
4171 9.1349198418
4227 8.9975050164
4229 8.7252501153
4456 8.5042654565
4460 8.4463279454
4614 8.3386008056
4690 8.3297351864
4708 8.2206460552
4819 8.2204816073
4825 8.2130064665
4846 8.2075987720
4914 8.2054126382
4924 8.1504316566
5056 8.1484241997
5060 8.1390969644
5073 8.1348285220
5103 8.1139785038
5133 8.1099165362
5278 8.0903795167
5308 8.0545451628
5338 8.0420785770
5369 8.0400585408
5435 8.0256167812
5488 8.0155254768
5504 8.0042322441
5658 8.0021516681
5678 7.9911807799
5703 7.9848054135
5723 7.9703990557
5905 7.9672026374
6019 7.9666328508
6093 7.9637753083
6222 7.9626750272
6306 7.9619775633
6323 7.9619466055
6345 7.9615439728
6382 7.9609864132
6534 7.9606318032
6622 7.9606084058
6644 7.9603887617
6680 7.9600864221
6728 7.9600491949
6808 7.9600444934
6840 7.9600218547
6886 7.9598686911
6909 7.9597966155
7087 7.9597575166
7120 7.9597543863
7127 7.9597462065
7208 7.9597394845
7231 7.9597240116
7259 7.9597161481
7299 7.9597142747
7346 7.9596912131
7490 7.9596893945
7530 7.9596803369
7651 7.9596795433
7653 7.9596761046
7845 7.9596752789
7868 7.9596733849
8297 7.9596733746
8315 7.9596732345
8342 7.9596730477
8364 7.9596730269
8393 7.9596728281
8573 7.9596726861
8608 7.9596726847
8650 7.9596726648
8651 7.9596726163
8787 7.9596725330
8871 7.9596725226
8912 7.9596724976
8972 7.9596724940
8974 7.9596724823
9102 7.9596724818
9153 7.9596724814
9156 7.9596724802
9157 7.9596724699
9169 7.9596724693
9210 7.9596724687
9310 7.9596724644
9312 7.9596724627
9354 7.9596724625
9388 7.9596724623
9421 7.9596724617
9482 7.9596724617
9500 7.9596724592
9586 7.9596724580
9643 7.9596724580
9730 7.9596724575
9793 7.9596724575
9876 7.9596724574
9891 7.9596724571
9930 7.9596724571
9940 7.9596724570
10118 7.9596724570
10204 7.9596724570
10239 7.9596724569
10335 7.9596724569
10344 7.9596724568
10364 7.9596724568
10373 7.9596724568
10582 7.9596724568
10620 7.9596724568
10670 7.9596724568
10695 7.9596724568
10704 7.9596724568
10705 7.9596724568
10720 7.9596724568
10742 7.9596724568
10748 7.9596724568
10790 7.9596724568
10815 7.9596724568
10946 7.9596724568
10966 7.9596724568
11066 7.9596724568
11148 7.9596724568
11152 7.9596724568
11161 7.9596724567
11246 7.9596724567
11339 7.9596724567
11379 7.9596724567
11394 7.9596724567
11397 7.9596724567
11424 7.9596724567
11502 7.9596724567
11578 7.9596724567
11636 7.9596724567
11660 7.9596724567
11752 7.9596724567
11829 7.9596724567
11869 7.9596724567
11944 7.9596724567
11975 7.9596724567
12014 7.9596724567
12049 7.9596724567
12136 7.9596724567
12137 7.9596724567
12204 7.9596724567
12227 7.9596724567
12304 7.9596724567
12543 7.9596724567
12692 7.9596724567
12788 7.9596724567
13473 7.9596724567
16679 7.9596724567
60070 7.9596724567
evaluations raw_y
1 741.2951393467
2 701.5669586908
16 730.0180029594
26 632.5247323833
29 610.5818027712
51 589.3539253099
53 416.4878320978
72 388.2373330966
87 326.0719637993
94 201.0558893580
245 196.0790833655
256 181.3950201820
279 148.2817279668
297 145.4743427162
303 118.6899318480
396 108.4083655853
429 99.2908844025
459 94.9194551214
505 88.2287369541
676 86.2143094993
678 84.8739537521
681 77.1010454138
774 61.5087630920
840 50.5265758823
864 47.0729852973
1330 45.7478538509
1434 43.5352534329
1562 42.4359719994
1635 40.0251703383
1657 35.0273634477
1847 34.8744355543
1912 27.8817940045
2110 26.4074953177
2348 15.6577306050
2535 14.5743616909
2654 12.6688553613
2745 12.5739979430
2826 11.7709536518
2839 11.6899293905
3114 11.5681822406
3218 10.8910081118
3283 10.8299302623
3303 10.8233218669
3358 10.5894396290
3436 10.5295465879
3626 10.2952927749
3850 10.2797783793
3876 10.2649781909
3906 10.0895437389
4281 10.0722438988
4323 10.0412910072
4495 9.9958245982
4751 9.9954655484
4808 9.9866105495
4863 9.9797909912
4871 9.9732927443
4937 9.9729125480
4938 9.9608707482
5060 9.9603994927
5314 9.9578380153
5335 9.9575789343
5338 9.9548180570
5501 9.9543355641
5552 9.9537640981
5562 9.9523149500
5673 9.9521316383
5688 9.9514440552
5719 9.9503408726
5875 9.9501244337
6024 9.9500560974
6125 9.9499233154
6199 9.9498704704
6222 9.9497894476
6278 9.9496982169
6359 9.9496535932
6527 9.9496532912
6573 9.9496460758
6644 9.9496452371
6648 9.9496370967
6650 9.9496365296
6685 9.9496315373
6688 9.9496246115
6707 9.9496137395
6853 9.9496121671
6861 9.9496084728
6909 9.9495997812
6950 9.9495995657
6957 9.9495933263
7064 9.9495925831
7156 9.9495906077
7248 9.9495887496
7424 9.9495885081
7454 9.9495882635
7474 9.9495881530
7520 9.9495880670
7525 9.9495876761
7530 9.9495869535
7626 9.9495861767
7818 9.9495860220
7845 9.9495856932
8091 9.9495856288
8268 9.9495855768
8500 9.9495855701
8585 9.9495855624
8650 9.9495855575
8698 9.9495855515
8756 9.9495855485
8857 9.9495855476
8864 9.9495855438
8891 9.9495855425
8948 9.9495855399
8974 9.9495855393
9115 9.9495855371
9156 9.9495855364
9310 9.9495855364
9312 9.9495855354
9354 9.9495855343
9564 9.9495855342
9565 9.9495855340
9586 9.9495855340
9589 9.9495855335
9607 9.9495855335
9650 9.9495855335
9730 9.9495855334
9891 9.9495855333
9920 9.9495855333
9930 9.9495855333
10066 9.9495855332
10084 9.9495855332
10118 9.9495855332
10268 9.9495855332
10311 9.9495855332
10364 9.9495855331
10424 9.9495855331
10473 9.9495855331
10620 9.9495855331
10652 9.9495855331
10742 9.9495855331
10951 9.9495855331
10966 9.9495855331
11059 9.9495855331
11148 9.9495855331
11161 9.9495855331
11246 9.9495855331
11272 9.9495855331
11274 9.9495855331
11321 9.9495855331
11373 9.9495855331
11382 9.9495855331
11397 9.9495855331
11440 9.9495855331
11458 9.9495855331
11502 9.9495855331
11634 9.9495855331
11647 9.9495855331
11687 9.9495855331
11752 9.9495855331
11864 9.9495855331
11926 9.9495855331
11970 9.9495855331
12136 9.9495855331
12238 9.9495855331
12284 9.9495855331
14341 9.9495855331
16175 9.9495855331
evaluations raw_y
1 1144.8499217448
2 678.6784202540
6 645.0794462553
8 582.3954139168
14 561.0533469704
17 448.7020901397
28 338.7150684585
47 287.0986127537
155 281.7508088165
196 196.7207155073
267 185.2187234913
281 180.3977042575
309 168.1256609048
318 150.2424007649
330 136.9739982443
392 135.9581103529
414 128.0551112217
445 113.3276531416
448 93.5106517938
570 78.8811889572
684 69.4050746955
703 69.1708804247
735 64.4482155339
783 63.7121594686
925 47.4265626222
2180 47.1353896739
2348 41.2925436066
2520 39.9458867715
2560 32.5869778872
2654 22.1141596203
2835 21.1595566422
2978 16.6464758710
3114 15.5079733978
3144 9.9178502935
3353 9.8687364868
3425 9.8105060325
3439 9.8089624897
3440 9.4355992370
3442 8.8762023735
3492 8.7992617703
3499 8.4176160145
3511 7.6171581890
3520 7.5476969047
3538 6.6456770763
3728 6.4760950544
3949 6.1957603119
4229 6.1739251544
4256 6.1414025278
4266 6.1079462577
4306 6.0877212653
4323 6.0332943657
4482 6.0281102982
4557 6.0033636832
4751 5.9967482753
4846 5.9925400895
4914 5.9850546491
4937 5.9767803000
5060 5.9755786303
5198 5.9729877058
5401 5.9729247683
5446 5.9728459438
5453 5.9726683432
5506 5.9724101627
5545 5.9723144894
5552 5.9722586775
5555 5.9721039492
5561 5.9714465100
5635 5.9713712771
5673 5.9707626818
5685 5.9706919143
5719 5.9706158796
5739 5.9704821045
5780 5.9701954038
5794 5.9701803834
5878 5.9701001772
5943 5.9700090998
5994 5.9699698870
6024 5.9699290345
6087 5.9699285145
6119 5.9699049717
6124 5.9698778100
6125 5.9698577545
6161 5.9698470389
6222 5.9698026038
6306 5.9697956315
6338 5.9697810423
6463 5.9697780735
6527 5.9697667855
6650 5.9697607173
6756 5.9697596790
6809 5.9697589062
6895 5.9697577395
6909 5.9697572716
6950 5.9697569198
7050 5.9697560537
7064 5.9697559318
7120 5.9697554604
7156 5.9697553069
7231 5.9697551618
7236 5.9697551360
7247 5.9697550557
7248 5.9697549509
7259 5.9697549135
7322 5.9697547407
7465 5.9697547306
7519 5.9697546510
7543 5.9697546274
7555 5.9697545620
7634 5.9697545340
7653 5.9697543928
7845 5.9697543754
8038 5.9697543754
8070 5.9697543600
8107 5.9697543575
8197 5.9697543532
8248 5.9697543463
8500 5.9697543440
8768 5.9697543437
8787 5.9697543431
8864 5.9697543431
8871 5.9697543430
8912 5.9697543430
8943 5.9697543429
8948 5.9697543429
8972 5.9697543428
8974 5.9697543427
9156 5.9697543427
9157 5.9697543426
9351 5.9697543426
9354 5.9697543426
9478 5.9697543426
9482 5.9697543426
9510 5.9697543426
9586 5.9697543426
9730 5.9697543426
9793 5.9697543426
9889 5.9697543426
9930 5.9697543426
10003 5.9697543426
10118 5.9697543426
10294 5.9697543426
10364 5.9697543426
10373 5.9697543426
10424 5.9697543426
10620 5.9697543426
10652 5.9697543426
11232 5.9697543426
evaluations raw_y
1 1578.4694534544
2 848.3298145322
3 849.4474005994
4 588.2130299781
6 578.1682402075
15 504.6793278392
28 443.0262057136
33 432.2645162371
46 431.2377754080
51 365.8788928348
58 352.9455959855
75 349.4741741704
80 328.6136459864
83 266.7287412203
87 256.9651933790
122 234.0520136678
184 205.7031197976
201 202.6327423159
225 155.3571540728
245 153.8478637115
312 145.4023398512
363 112.4513418937
424 106.2931913026
480 89.9775777332
661 84.9709932112
757 79.5652317814
1003 75.1386848335
1116 61.7402987895
1767 56.5185496996
1768 44.6495366231
2473 28.4147505111
2639 23.4006960598
3486 22.3989848630
3732 17.6039854070
4018 17.5716260740
4108 16.5881514247
4151 16.0205610112
4304 15.8949761566
4323 15.7955382076
4366 14.9373532295
4580 14.6553261729
4597 14.5156975358
4670 14.2811393953
4816 14.1301373709
4926 14.0908527094
4961 14.0815881945
5060 14.0092416817
5172 14.0048451472
5253 13.9944696311
5278 13.9929772033
5438 13.9887738969
5489 13.9867206196
5501 13.9855562555
5511 13.9791760598
5537 13.9749189827
5620 13.9698280239
5626 13.9584405173
5635 13.9522893626
5658 13.9479349203
5685 13.9469984809
5794 13.9412745941
5875 13.9363960296
5981 13.9346504197
6043 13.9323268462
6222 13.9309299040
6278 13.9308901935
6323 13.9303393676
6382 13.9303286360
6440 13.9301129833
6540 13.9297135439
6650 13.9297118100
6664 13.9296272279
6756 13.9296079493
6790 13.9295823719
6794 13.9295718290
6893 13.9295604204
6895 13.9295435541
6909 13.9294974740
7120 13.9294755306
7127 13.9294425885
7156 13.9294397818
7298 13.9294381972
7346 13.9294351392
7444 13.9294287985
7485 13.9294276161
7507 13.9294247155
7525 13.9294234068
7653 13.9294188303
7868 13.9294181579
7945 13.9294178489
8103 13.9294176949
8139 13.9294176135
8155 13.9294175115
8197 13.9294171501
8248 13.9294171480
8393 13.9294169466
8500 13.9294168954
8585 13.9294168849
8649 13.9294168774
8651 13.9294168763
8756 13.9294168557
8787 13.9294167777
8857 13.9294167642
8912 13.9294167603
8972 13.9294167603
8974 13.9294167553
9090 13.9294167550
9102 13.9294167468
9156 13.9294167401
9220 13.9294167370
9230 13.9294167364
9281 13.9294167352
9310 13.9294167326
9312 13.9294167325
9354 13.9294167277
9510 13.9294167259
9586 13.9294167252
9606 13.9294167251
9650 13.9294167250
9760 13.9294167249
9767 13.9294167247
9793 13.9294167243
9877 13.9294167242
9891 13.9294167241
9930 13.9294167239
10118 13.9294167238
10364 13.9294167238
10373 13.9294167238
10424 13.9294167237
10592 13.9294167237
10620 13.9294167237
10733 13.9294167237
10748 13.9294167237
10951 13.9294167237
11110 13.9294167237
11161 13.9294167237
11286 13.9294167237
11341 13.9294167237
11394 13.9294167237
11397 13.9294167237
11461 13.9294167237
11463 13.9294167237
11506 13.9294167237
11526 13.9294167237
11578 13.9294167237
11720 13.9294167237
11752 13.9294167237
11868 13.9294167237
12014 13.9294167237
12044 13.9294167237
12170 13.9294167237
12215 13.9294167237
12284 13.9294167237
12666 13.9294167237
15293 13.9294167237
evaluations raw_y
1 1221.1403140159
2 642.3525536449
13 472.0855482356
43 448.0328954889
50 394.1032077950
70 362.4986755018
76 279.2693327959
79 262.8731449911
99 232.8462363224
182 183.5663874588
206 176.4230772399
245 126.7446979228
247 107.2056125041
252 72.3978391577
507 57.4067686406
1037 55.5575112173
1316 44.2315407162
2049 40.1819758854
2233 29.4971836645
2836 28.0340095429
2839 25.8903117445
2978 24.0512045563
2991 20.7346324623
3144 18.9923298944
3277 18.4450521452
3325 18.2231215688
3360 17.8475037164
3368 17.4583619877
3439 16.5675021132
3440 16.4469859345
3487 15.5842638420
3519 15.5074017819
3526 15.1039305527
3622 14.6529632718
3689 14.5750844524
3769 14.5629997004
3793 14.5325922263
3806 14.4873795769
3850 14.2741291205
3920 14.0420512667
4323 14.0164363858
4412 13.9803047503
4556 13.9723132769
4642 13.9710980706
4670 13.9519868865
4808 13.9472661227
4819 13.9460524875
4871 13.9453412450
4904 13.9394733431
4920 13.9374351129
4937 13.9334127226
4938 13.9332662927
5060 13.9330600771
5198 13.9323343767
5280 13.9313394604
5314 13.9309586105
5338 13.9307914793
5372 13.9307862985
5479 13.9306178429
5501 13.9304578953
5562 13.9304147898
5583 13.9302066876
5672 13.9301102659
5685 13.9300770664
5693 13.9299635944
5703 13.9299065729
5719 13.9297801633
5743 13.9297235126
5772 13.9296611702
5878 13.9296579154
5879 13.9296276408
5918 13.9296117335
5943 13.9296076877
5950 13.9296010348
6024 13.9295521464
6043 13.9295501773
6060 13.9295357279
6071 13.9295229942
6088 13.9294836505
6229 13.9294706079
6249 13.9294607172
6256 13.9294540827
6278 13.9294434647
6306 13.9294391913
6323 13.9294342869
6384 13.9294339226
6440 13.9294290312
6527 13.9294259829
6576 13.9294245050
6644 13.9294234279
6650 13.9294224511
6705 13.9294214540
6736 13.9294214004
6808 13.9294205207
6837 13.9294196808
6855 13.9294195786
6909 13.9294183469
6967 13.9294181918
7102 13.9294181144
7105 13.9294175528
7156 13.9294173859
7187 13.9294173697
7208 13.9294172067
7231 13.9294172042
7236 13.9294169701
7525 13.9294168546
7616 13.9294168378
7651 13.9294168215
7653 13.9294167567
7845 13.9294167539
7868 13.9294167469
8070 13.9294167394
8197 13.9294167324
8295 13.9294167306
8369 13.9294167283
8393 13.9294167282
8400 13.9294167276
8500 13.9294167273
8519 13.9294167269
8564 13.9294167262
8573 13.9294167259
8649 13.9294167251
8754 13.9294167250
8770 13.9294167249
8787 13.9294167246
8857 13.9294167241
8972 13.9294167239
9144 13.9294167239
9157 13.9294167239
9167 13.9294167238
9169 13.9294167238
9189 13.9294167238
9223 13.9294167238
9301 13.9294167238
9310 13.9294167237
9350 13.9294167237
9354 13.9294167237
9576 13.9294167237
9579 13.9294167237
9586 13.9294167237
9606 13.9294167237
9643 13.9294167237
9650 13.9294167237
9793 13.9294167237
9891 13.9294167237
9930 13.9294167237
10118 13.9294167237
10364 13.9294167237
10382 13.9294167237
10424 13.9294167237
10496 13.9294167237
10642 13.9294167237
10655 13.9294167237
10675 13.9294167237
10742 13.9294167237
10748 13.9294167237
11110 13.9294167237
11246 13.9294167237
12087 13.9294167237
evaluations raw_y
1 1048.6373673712
2 696.5328117657
6 706.2907353443
11 491.7279472581
44 358.6983123051
46 460.5999473362
47 450.5293557980
80 351.7994804202
102 274.7813823527
176 203.4650175482
187 199.8706294664
262 140.2955007837
310 139.7754821033
327 125.6439380247
336 124.2204945909
371 102.7051660154
418 71.6893202151
629 65.6098615880
869 60.7629378351
1000 55.9755494521
1960 47.2165166577
2480 35.4327737710
2966 34.4166410968
3080 32.8082593891
3146 30.5413650405
3511 18.5805892167
3732 16.5399259058
4063 16.0494677503
4065 11.9738979523
4100 11.3521924758
4177 10.8341781346
4323 10.0438640516
4337 9.6392859376
4469 9.4812287563
4471 8.9826861988
4495 7.9302469248
4639 7.8420244321
4642 7.5906872214
4806 7.4197657688
4846 7.3572225507
4877 7.3076464245
4878 7.2193393287
4938 7.1218951664
5167 7.0794511072
5340 7.0738991671
5344 7.0609213412
5363 7.0540227031
5440 7.0430319941
5445 7.0279343063
5484 7.0203653912
5575 7.0154776751
5583 6.9786068753
5904 6.9775781455
5950 6.9758551808
5994 6.9754362483
5997 6.9715099714
6043 6.9702232514
6071 6.9701797948
6117 6.9694347963
6209 6.9688512309
6222 6.9677322224
6278 6.9670676894
6338 6.9661247910
6431 6.9659899402
6436 6.9655210939
6599 6.9653898374
6622 6.9652717963
6650 6.9651696012
6685 6.9651537813
6707 6.9651201104
6726 6.9650458783
6728 6.9650322177
6837 6.9650173990
6840 6.9650111612
6855 6.9648535623
6909 6.9647920753
7120 6.9647417147
7304 6.9647416367
7346 6.9647365308
7371 6.9647325534
7450 6.9647248266
7582 6.9647233892
7616 6.9647190076
7653 6.9647142954
8103 6.9647142893
8197 6.9647140009
8248 6.9647138172
8322 6.9647138072
8342 6.9647137154
8364 6.9647136711
8444 6.9647136560
8455 6.9647136453
8500 6.9647135179
8564 6.9647134976
8650 6.9647134743
8698 6.9647134466
8871 6.9647134428
8912 6.9647134328
8972 6.9647134210
8974 6.9647134201
9006 6.9647134161
9156 6.9647134160
9157 6.9647134121
9167 6.9647134120
9171 6.9647134084
9281 6.9647134077
9310 6.9647134040
9312 6.9647134035
9388 6.9647134034
9482 6.9647134021
9500 6.9647134021
9510 6.9647134014
9517 6.9647134011
9586 6.9647134005
9643 6.9647134004
9650 6.9647134004
9784 6.9647134003
9793 6.9647134002
9823 6.9647134000
9876 6.9647133999
9930 6.9647133999
9940 6.9647133998
10118 6.9647133997
10489 6.9647133997
10496 6.9647133997
10515 6.9647133997
10582 6.9647133997
10620 6.9647133997
10704 6.9647133997
10748 6.9647133997
10815 6.9647133997
10908 6.9647133997
10934 6.9647133997
11110 6.9647133997
11246 6.9647133997
11382 6.9647133997
11394 6.9647133997
11397 6.9647133997
11502 6.9647133997
11578 6.9647133997
11784 6.9647133997
12096 6.9647133997
evaluations raw_y
1 1209.9122848006
2 500.1862510671
6 507.4699617892
50 257.5932830420
138 269.4215597533
177 153.7683016183
289 153.5663226267
291 145.0507330177
293 104.1804777216
318 98.2343280836
403 77.9001188989
685 72.1947314598
806 66.4048821396
883 53.5918107980
1319 48.0638949654
2082 45.0596114890
2138 42.3273382830
2213 37.8327112956
2321 31.6648118008
2453 28.3898776384
2589 25.7778855946
2654 22.8722958213
2765 21.0192568661
2938 19.5933820856
3154 19.0555972551
3270 18.8338456201
3368 18.8240610385
3425 18.7159354820
3476 18.7098886144
3484 18.5787605656
3499 18.4624819267
3538 18.4374910845
3590 18.3166270494
3712 18.3049004345
3722 18.3033290776
3759 18.2915944949
3803 18.2403002056
3837 18.2374417459
3850 18.2080738467
3969 18.1115865633
4069 18.0841674051
4207 18.0581060675
4323 17.9909501482
4592 17.9800636863
4717 17.9643252087
4808 17.9431253558
4926 17.9429772855
4937 17.9235427384
5167 17.9194204060
5296 17.9191593394
5318 17.9182607549
5321 17.9181467476
5338 17.9165981236
5363 17.9157868123
5545 17.9156300318
5555 17.9153330313
5561 17.9139975262
5631 17.9138512812
5673 17.9130847623
5678 17.9127436352
5685 17.9117099731
5719 17.9115672123
5738 17.9106160813
5833 17.9103857289
5878 17.9101094808
5950 17.9099329497
5969 17.9099285963
5997 17.9097970541
6043 17.9094989464
6222 17.9094588270
6278 17.9093682662
6306 17.9093372581
6490 17.9093221148
6505 17.9093025931
6560 17.9092937605
6573 17.9092781117
6595 17.9092673132
6685 17.9092602899
6756 17.9092562606
6809 17.9092548676
6826 17.9092508156
6827 17.9092385188
6895 17.9092377455
6909 17.9092363585
7120 17.9092324183
7156 17.9092303919
7236 17.9092296201
7259 17.9092293466
7281 17.9092286138
7616 17.9092285310
7634 17.9092282784
7651 17.9092281312
7843 17.9092279300
7845 17.9092279022
8091 17.9092278915
8096 17.9092278879
8107 17.9092278185
8197 17.9092277728
8342 17.9092277507
8364 17.9092277483
8393 17.9092277461
8500 17.9092277430
8519 17.9092277419
8573 17.9092277325
8605 17.9092277250
8787 17.9092277225
8864 17.9092277219
8871 17.9092277213
8901 17.9092277211
8965 17.9092277193
8974 17.9092277189
9156 17.9092277186
9157 17.9092277185
9230 17.9092277185
9310 17.9092277180
9354 17.9092277180
9381 17.9092277180
9382 17.9092277179
9388 17.9092277179
9482 17.9092277178
9500 17.9092277178
9502 17.9092277178
9510 17.9092277177
9586 17.9092277176
9607 17.9092277176
9650 17.9092277176
9730 17.9092277176
9793 17.9092277175
9891 17.9092277175
9930 17.9092277175
9987 17.9092277175
10003 17.9092277175
10118 17.9092277175
10250 17.9092277175
10364 17.9092277175
10496 17.9092277175
10733 17.9092277175
10748 17.9092277175
10966 17.9092277175
11110 17.9092277175
11239 17.9092277175
11258 17.9092277175
11286 17.9092277175
11394 17.9092277175
11458 17.9092277175
11526 17.9092277175
11578 17.9092277175
11801 17.9092277175
12703 17.9092277175
14044 17.9092277175
evaluations raw_y
1 503.3318495707
2 430.7905800904
45 411.2590891021
64 405.1537460076
65 319.0711839497
87 303.6525440418
105 300.6391484824
133 293.5649260997
138 242.7839499992
166 215.3595605745
183 205.8545446036
191 193.3428278607
228 182.2804049414
248 178.3245923359
252 136.1468375284
290 101.8978645735
480 95.6792830417
523 82.5462920454
606 47.8456631186
1016 47.0837226132
1558 39.8973938125
2637 30.6225210282
2820 28.5264055969
2991 26.6775725354
3144 19.6758845172
3335 19.3224901151
3345 19.0312712724
3424 17.9827113881
3440 17.3814994593
3442 15.6906072236
3499 13.3915072467
3686 12.7230358696
3735 12.4144243860
3757 12.3290472772
3831 12.1037054690
3843 11.5765262279
3850 11.4981818130
3949 10.5997819467
4226 10.5420637963
4320 10.5370241021
4323 10.1675580746
4543 10.0925148305
4642 10.0720778298
4670 10.0071966016
4914 10.0021609085
4928 9.9893436457
4937 9.9696960966
5060 9.9693870574
5198 9.9693645752
5278 9.9681667090
5280 9.9577709573
5344 9.9555804876
5372 9.9553306641
5545 9.9552853654
5583 9.9550268224
5613 9.9533799174
5631 9.9528548396
5670 9.9527686022
5696 9.9526490923
5700 9.9520571822
5742 9.9520508618
5794 9.9511897124
5842 9.9510086854
5866 9.9509992362
5892 9.9504581275
5997 9.9504454795
5999 9.9504308632
6009 9.9503961966
6024 9.9501660060
6071 9.9501348112
6187 9.9501283125
6201 9.9500576602
6229 9.9500190715
6232 9.9499068002
6244 9.9498966604
6249 9.9497922210
6256 9.9497422191
6278 9.9497363360
6307 9.9497321315
6384 9.9496818182
6517 9.9496708967
6534 9.9496486057
6565 9.9496462642
6573 9.9496411363
6594 9.9496338956
6644 9.9496292254
6705 9.9496278887
6727 9.9496273207
6728 9.9496200167
6835 9.9496138523
6840 9.9496094182
6895 9.9495980851
6909 9.9495963141
7087 9.9495951848
7088 9.9495943466
7102 9.9495915403
7156 9.9495872879
7346 9.9495864710
7634 9.9495864673
7651 9.9495863287
7653 9.9495857805
7845 9.9495857704
7885 9.9495856952
8107 9.9495856861
8181 9.9495856795
8197 9.9495856210
8212 9.9495855959
8268 9.9495855885
8273 9.9495855842
8302 9.9495855776
8393 9.9495855591
8455 9.9495855568
8500 9.9495855454
8573 9.9495855423
8734 9.9495855392
8849 9.9495855386
8871 9.9495855376
8901 9.9495855376
8943 9.9495855364
8972 9.9495855357
9036 9.9495855355
9112 9.9495855347
9157 9.9495855343
9169 9.9495855343
9223 9.9495855338
9310 9.9495855335
9382 9.9495855334
9586 9.9495855333
9643 9.9495855332
9793 9.9495855332
9954 9.9495855332
10032 9.9495855332
10066 9.9495855331
10095 9.9495855331
10112 9.9495855331
10118 9.9495855331
10326 9.9495855331
10364 9.9495855331
10424 9.9495855331
10496 9.9495855331
10620 9.9495855331
10748 9.9495855331
11018 9.9495855331
11059 9.9495855331
11110 9.9495855331
11161 9.9495855331
11629 9.9495855331
evaluations raw_y
1 2295.4952276047
2 1009.2381641357
3 990.9350069605
4 887.9530284383
6 658.3350948647
16 624.4215020799
27 480.3085241680
45 430.6909168749
62 397.1595142899
75 370.9921417291
92 286.5423468978
102 224.9417347622
115 133.5151346310
345 119.5956556237
429 107.4859990314
473 95.3412659026
544 69.8935628398
734 52.5715407409
1230 46.9110852313
1266 45.2697177882
1320 44.7621847582
1445 40.1179339562
2350 39.5068850088
2614 39.4734062361
2616 32.8404636158
2654 25.0042566479
2697 21.9066625511
2868 20.2553259937
2938 19.2726540151
3049 17.5360508241
3301 17.0531881205
3413 16.9883329698
3425 16.8200799303
3440 15.9331405159
3538 14.9916607963
3630 14.8357837782
3673 14.3564133092
3735 14.3545887089
3903 14.2655593497
4028 14.2406182564
4065 14.1755749360
4077 14.1589613581
4106 14.1454921909
4144 14.1317317156
4156 14.0839661975
4266 14.0261845302
4305 14.0218170472
4322 13.9837414816
4352 13.9743774894
4584 13.9688860930
4670 13.9625551506
4671 13.9617083689
4751 13.9518588161
4836 13.9510358583
4937 13.9471961119
4938 13.9384387468
5280 13.9364337644
5338 13.9358593859
5363 13.9338942051
5433 13.9334187198
5592 13.9331963752
5616 13.9319536704
5658 13.9318958696
5685 13.9309774096
5719 13.9309743348
5772 13.9304942094
5842 13.9304711424
5878 13.9301901683
5943 13.9300017742
6024 13.9296919068
6124 13.9296817945
6175 13.9296813549
6199 13.9296774872
6223 13.9296707524
6239 13.9296379592
6249 13.9296362657
6278 13.9294982907
6359 13.9294862316
6427 13.9294727955
6458 13.9294726830
6527 13.9294447261
6536 13.9294442356
6650 13.9294334569
6773 13.9294315474
6790 13.9294288241
6837 13.9294269036
6909 13.9294207629
6959 13.9294206720
7102 13.9294203106
7105 13.9294189249
7156 13.9294188166
7187 13.9294185038
7231 13.9294183523
7248 13.9294180580
7279 13.9294179979
7281 13.9294177445
7340 13.9294177139
7444 13.9294176839
7519 13.9294173520
7530 13.9294172046
7555 13.9294171625
7574 13.9294169681
7818 13.9294168519
7845 13.9294168043
7868 13.9294167908
8103 13.9294167824
8107 13.9294167414
8222 13.9294167405
8379 13.9294167360
8455 13.9294167330
8500 13.9294167304
8646 13.9294167299
8649 13.9294167290
8651 13.9294167270
8768 13.9294167263
8805 13.9294167259
8857 13.9294167249
8943 13.9294167247
8948 13.9294167247
8972 13.9294167246
8974 13.9294167245
9063 13.9294167245
9105 13.9294167245
9112 13.9294167243
9167 13.9294167243
9189 13.9294167241
9310 13.9294167239
9312 13.9294167238
9403 13.9294167237
9607 13.9294167237
9643 13.9294167237
9692 13.9294167237
9730 13.9294167237
9793 13.9294167237
9930 13.9294167237
10118 13.9294167237
10338 13.9294167237
10362 13.9294167237
10364 13.9294167237
10424 13.9294167237
10620 13.9294167237
10652 13.9294167237
10659 13.9294167237
10721 13.9294167237
10748 13.9294167237
10815 13.9294167237
10951 13.9294167237
11110 13.9294167237
11148 13.9294167237
11286 13.9294167237
11394 13.9294167237
11496 13.9294167237
11513 13.9294167237
11656 13.9294167237
11982 13.9294167237
12065 13.9294167237
14851 13.9294167237
59833 13.9294167237
evaluations raw_y
1 880.8206686150
2 585.5528194481
16 562.5234680654
29 461.2511185003
45 413.3760053215
62 351.8473714972
63 262.9638547056
102 218.9673986581
192 203.3413960273
203 178.8600456095
252 163.4911409894
280 150.4233571631
284 142.6739746025
297 126.3368559803
335 104.0852258369
450 96.8034671484
454 95.9647764249
471 73.6584475684
651 72.7982874026
700 68.7575317995
811 65.2079430823
828 51.5045010193
1150 51.4442115807
1164 43.0541018401
1818 31.5129947592
1828 28.1517864600
2138 26.6158595073
2178 24.5283362141
2284 23.7778138342
2287 19.2826080157
2354 14.7069990455
2535 13.0854908019
2654 12.3933325338
2745 11.7667513073
2765 11.7242108380
2953 10.7012873065
3114 10.5821196845
3342 10.3780673019
3382 10.2040401438
3573 10.1978139400
3705 10.1889434034
3722 10.1659912282
3735 10.1554980881
3980 10.1458764086
4028 10.0795258717
4109 10.0431146055
4122 10.0384943033
4146 10.0110587275
4323 9.9977164215
4456 9.9910195020
4487 9.9904947120
4543 9.9867450768
4548 9.9783620100
4557 9.9779020721
4592 9.9719207807
4642 9.9591323112
4808 9.9563642587
4926 9.9541875233
4970 9.9534354101
5052 9.9529200517
5106 9.9526361296
5167 9.9516929532
5274 9.9512422580
5321 9.9511842626
5335 9.9508711824
5338 9.9504383658
5390 9.9502825879
5438 9.9502278166
5537 9.9502147584
5553 9.9501285690
5583 9.9500752390
5597 9.9500731614
5635 9.9500134690
5658 9.9499154928
5688 9.9497437710
5739 9.9497150932
5870 9.9497036600
5875 9.9497032592
5878 9.9496884286
5961 9.9496825521
5997 9.9496670074
6024 9.9496423023
6043 9.9496170623
6222 9.9496169295
6254 9.9496112921
6278 9.9496020723
6301 9.9496014805
6307 9.9495971529
6359 9.9495969283
6400 9.9495935196
6517 9.9495920543
6534 9.9495914944
6560 9.9495890372
6573 9.9495883702
6650 9.9495880081
6705 9.9495873431
6794 9.9495872591
6827 9.9495870142
6835 9.9495865677
6895 9.9495859524
7062 9.9495859144
7087 9.9495858698
7102 9.9495858185
7120 9.9495857905
7156 9.9495856793
7248 9.9495856410
7424 9.9495856222
7506 9.9495856146
7519 9.9495855913
7596 9.9495855906
7616 9.9495855814
7626 9.9495855729
7634 9.9495855715
7653 9.9495855567
7838 9.9495855517
7845 9.9495855389
8107 9.9495855379
8197 9.9495855372
8234 9.9495855366
8241 9.9495855359
8248 9.9495855357
8268 9.9495855352
8322 9.9495855347
8342 9.9495855343
8499 9.9495855340
8558 9.9495855338
8573 9.9495855338
8585 9.9495855337
8613 9.9495855336
8694 9.9495855336
8734 9.9495855336
8751 9.9495855335
8754 9.9495855335
8770 9.9495855334
8787 9.9495855334
8849 9.9495855334
8857 9.9495855333
8864 9.9495855333
8901 9.9495855333
8972 9.9495855332
9114 9.9495855332
9135 9.9495855332
9156 9.9495855332
9157 9.9495855332
9189 9.9495855332
9202 9.9495855332
9223 9.9495855332
9281 9.9495855331
9310 9.9495855331
9354 9.9495855331
9586 9.9495855331
9607 9.9495855331
9643 9.9495855331
9730 9.9495855331
9767 9.9495855331
9793 9.9495855331
9896 9.9495855331
9940 9.9495855331
10118 9.9495855331
10350 9.9495855331
10424 9.9495855331
10620 9.9495855331
10659 9.9495855331
10690 9.9495855331
10742 9.9495855331
10748 9.9495855331
10906 9.9495855331
10934 9.9495855331
10951 9.9495855331
11110 9.9495855331
11286 9.9495855331
11322 9.9495855331
11341 9.9495855331
11397 9.9495855331
11545 9.9495855331
11583 9.9495855331
11681 9.9495855331
11759 9.9495855331
12251 9.9495855331
17013 9.9495855331
40268 9.9495855331
59839 9.9495855331
evaluations raw_y
1 1386.8682500499
2 939.9361419634
6 784.6125379902
21 642.2052073281
28 430.8776994665
57 392.5187469459
63 280.7968511876
96 263.0029417418
114 250.9685983612
128 236.3615231262
129 217.4316323362
138 207.9735086714
164 193.1948561752
237 122.9520184319
293 106.5114422299
376 86.3812667896
446 63.9575537558
1294 63.7802926375
1383 48.8839417852
2172 47.6904559932
2176 40.2524223290
2186 38.3412500574
2345 37.7891406966
2348 37.7037768650
2427 37.0381753529
2532 36.1969536913
2568 30.3757642536
2697 28.1809524536
2784 27.2089893470
2938 26.6143842928
2941 24.4172477251
3270 24.1368036933
3271 23.8919056943
3499 23.6287621987
3511 23.5681330983
3522 23.2212645050
3588 23.1376270565
3732 23.0674202270
3850 23.0048404563
4077 22.9533039683
4266 22.9352587295
4289 22.9309377435
4323 22.8999487830
4482 22.8999244849
4548 22.8989512810
4556 22.8940996261
4655 22.8901977591
4846 22.8867479232
4938 22.8866516221
4998 22.8859531831
5046 22.8858799381
5060 22.8848263066
5280 22.8844274348
5631 22.8843919620
5635 22.8842639491
5693 22.8842488254
5719 22.8842067864
5743 22.8842062162
5875 22.8841569307
5878 22.8841339578
5961 22.8841159232
5997 22.8840991848
5999 22.8840822402
6043 22.8840556982
6124 22.8840521098
6222 22.8840319680
6323 22.8840286725
6384 22.8840217634
6622 22.8840212149
6727 22.8840208773
6732 22.8840200533
6756 22.8840199799
6771 22.8840199150
6780 22.8840198513
6827 22.8840198085
6835 22.8840194219
6837 22.8840193848
6869 22.8840192228
6895 22.8840191560
6909 22.8840185862
7070 22.8840185126
7088 22.8840184807
7120 22.8840183650
7156 22.8840182528
7208 22.8840181857
7231 22.8840180991
7250 22.8840180799
7346 22.8840180245
7506 22.8840180109
7555 22.8840180073
7634 22.8840180015
7651 22.8840179968
7653 22.8840179947
7818 22.8840179757
7843 22.8840179750
7845 22.8840179717
8060 22.8840179714
8070 22.8840179712
8091 22.8840179707
8107 22.8840179697
8155 22.8840179689
8197 22.8840179687
8241 22.8840179673
8268 22.8840179671
8379 22.8840179667
8500 22.8840179663
8519 22.8840179659
8564 22.8840179658
8573 22.8840179657
8649 22.8840179655
8698 22.8840179654
8787 22.8840179654
8864 22.8840179654
8871 22.8840179653
8972 22.8840179652
9154 22.8840179652
9156 22.8840179652
9210 22.8840179652
9223 22.8840179652
9310 22.8840179652
9340 22.8840179652
9350 22.8840179652
9354 22.8840179652
9403 22.8840179652
9419 22.8840179652
9499 22.8840179652
9510 22.8840179652
9520 22.8840179652
9579 22.8840179652
9586 22.8840179652
9607 22.8840179652
9663 22.8840179652
9692 22.8840179652
9730 22.8840179652
9793 22.8840179652
9930 22.8840179652
9967 22.8840179652
10118 22.8840179652
10326 22.8840179652
10364 22.8840179652
10496 22.8840179652
10714 22.8840179652
10733 22.8840179652
10742 22.8840179652
10748 22.8840179652
10815 22.8840179652
10845 22.8840179652
10951 22.8840179652
11148 22.8840179652
11293 22.8840179652
11478 22.8840179652
11652 22.8840179652
16790 22.8840179652
51302 22.8840179652
evaluations raw_y
1 674.1931454971
2 520.3397904512
6 487.8949964207
16 457.3807728598
28 408.9636437496
40 398.7782846636
44 383.3452113099
47 377.2342072689
51 370.9794322146
61 369.8550726129
65 342.2623929313
80 300.0889533688
83 192.7981580821
118 147.2419595928
250 141.1570992304
281 108.3429508802
373 102.0437922365
379 74.9010858494
495 73.4496568572
601 69.9385583748
685 65.7436769145
700 55.7516902505
785 45.2043653286
1357 42.8377946474
1912 42.2132825133
1923 32.5400685542
2138 24.3976551293
2444 20.7700561314
2589 16.4578471166
2765 15.5020651705
3176 15.1930911502
3218 15.0559815085
3230 14.7200159411
3270 14.6156999419
3343 14.5963948958
3383 14.3831273188
3413 14.2080739028
3511 14.1137938292
3728 14.0761899521
3735 14.0279900328
4028 14.0203870285
4065 14.0194577441
4075 14.0088104932
4189 14.0057487336
4323 13.9793750601
4337 13.9769728532
4456 13.9581322778
4583 13.9552091202
4596 13.9506206307
4670 13.9502581697
4751 13.9482267593
4836 13.9444662080
4871 13.9336138840
5190 13.9335344773
5296 13.9328043406
5338 13.9325423910
5354 13.9324004052
5363 13.9322423790
5422 13.9308036748
5431 13.9306598844
5703 13.9306491586
5719 13.9299668713
5794 13.9297576379
5875 13.9297061559
6071 13.9297061006
6110 13.9296805990
6125 13.9296364364
6189 13.9296341931
6220 13.9295640753
6254 13.9295296900
6256 13.9295120648
6346 13.9295092997
6362 13.9294960624
6382 13.9294673543
6573 13.9294603002
6594 13.9294569662
6614 13.9294550395
6622 13.9294547195
6650 13.9294475690
6685 13.9294397827
6727 13.9294392543
6732 13.9294369555
6773 13.9294365232
6790 13.9294355965
6837 13.9294351488
6840 13.9294340105
6909 13.9294254595
6913 13.9294250158
7120 13.9294241418
7127 13.9294232844
7156 13.9294219147
7208 13.9294208063
7236 13.9294199796
7299 13.9294194347
7425 13.9294192928
7444 13.9294189578
7507 13.9294188336
7587 13.9294184896
7596 13.9294180881
7626 13.9294175901
7818 13.9294170517
7868 13.9294170113
8094 13.9294169278
8197 13.9294168329
8342 13.9294168278
8344 13.9294167956
8364 13.9294167796
8393 13.9294167734
8455 13.9294167640
8585 13.9294167633
8649 13.9294167466
8651 13.9294167446
8754 13.9294167384
8873 13.9294167349
8925 13.9294167339
8943 13.9294167325
8948 13.9294167289
9065 13.9294167286
9121 13.9294167276
9156 13.9294167276
9198 13.9294167271
9223 13.9294167262
9312 13.9294167258
9371 13.9294167252
9482 13.9294167246
9566 13.9294167246
9571 13.9294167244
9586 13.9294167243
9606 13.9294167241
9650 13.9294167238
9793 13.9294167238
10050 13.9294167238
10089 13.9294167238
10118 13.9294167238
10268 13.9294167237
10326 13.9294167237
10355 13.9294167237
10359 13.9294167237
10364 13.9294167237
10424 13.9294167237
10533 13.9294167237
10620 13.9294167237
10714 13.9294167237
10748 13.9294167237
11027 13.9294167237
11148 13.9294167237
11161 13.9294167237
11382 13.9294167237
11578 13.9294167237
11623 13.9294167237
11642 13.9294167237
11858 13.9294167237
11868 13.9294167237
11908 13.9294167237
11970 13.9294167237
12014 13.9294167237
12163 13.9294167237
12438 13.9294167237
13608 13.9294167237
evaluations raw_y
1 978.7758855280
2 601.8892608214
6 629.5403466419
8 622.4739307806
21 575.7547400364
23 477.4112143071
24 524.1888503237
27 503.0468908870
35 475.8731323901
50 296.2580934807
100 269.9800417093
183 258.2106845124
187 228.4684993973
203 226.5987409673
205 180.1178302328
317 175.7987506528
334 172.2822622875
341 133.8523519618
398 103.6142205638
401 98.6439805032
542 65.8511625986
1026 62.5283508545
1258 55.1618422429
1426 40.6944412883
2066 34.1579577487
2178 30.7378678005
2329 27.3053835260
2453 24.7200090765
2532 22.6126651611
2586 21.7132621340
2589 21.4771689982
2654 17.9543558146
3061 17.8777989993
3192 17.7210416884
3193 17.4965495814
3270 17.4411831875
3275 17.3339789799
3358 17.2456980360
3440 17.1988669071
3486 17.1360423086
3499 17.0724539246
3511 17.0491767446
3538 17.0103272600
3636 16.9824601765
3757 16.9618641881
3988 16.9590088055
4018 16.9402046222
4156 16.9357110664
4181 16.9332929987
4187 16.9302541366
4323 16.9206028873
4354 16.9203524400
4487 16.9176893745
4495 16.9176624621
4655 16.9166117562
4670 16.9160051344
4721 16.9151291584
4937 16.9151031417
4938 16.9147893399
5060 16.9146497393
5198 16.9145032188
5309 16.9144962080
5338 16.9143655082
5435 16.9143603555
5607 16.9143538997
5631 16.9143471496
5658 16.9143246955
5719 16.9143047932
5875 16.9143006734
5878 16.9142979385
5959 16.9142950115
5961 16.9142851513
6071 16.9142846108
6117 16.9142830415
6125 16.9142816827
6222 16.9142809771
6254 16.9142807340
6256 16.9142797214
6278 16.9142759146
6463 16.9142758758
6527 16.9142747623
6664 16.9142746570
6685 16.9142742989
6869 16.9142742415
6895 16.9142741199
6909 16.9142740338
6913 16.9142739698
6959 16.9142739297
6970 16.9142738962
7064 16.9142738747
7088 16.9142738532
7105 16.9142738153
7120 16.9142738003
7156 16.9142737586
7247 16.9142737539
7281 16.9142737499
7290 16.9142737453
7366 16.9142737429
7371 16.9142737367
7408 16.9142737271
7530 16.9142737131
7653 16.9142737040
7818 16.9142737025
7845 16.9142737011
8089 16.9142737009
8094 16.9142737005
8096 16.9142737000
8107 16.9142736999
8197 16.9142736997
8222 16.9142736994
8253 16.9142736994
8254 16.9142736992
8268 16.9142736992
8322 16.9142736988
8365 16.9142736988
8393 16.9142736987
8500 16.9142736985
8608 16.9142736984
8649 16.9142736984
8714 16.9142736983
8787 16.9142736983
8901 16.9142736983
9041 16.9142736983
9065 16.9142736983
9157 16.9142736982
9171 16.9142736982
9258 16.9142736982
9310 16.9142736982
9312 16.9142736982
9335 16.9142736982
9350 16.9142736982
9354 16.9142736982
9382 16.9142736982
9388 16.9142736982
9403 16.9142736982
9499 16.9142736982
9510 16.9142736982
9565 16.9142736982
9586 16.9142736982
9730 16.9142736982
9793 16.9142736982
10046 16.9142736982
10424 16.9142736982
10748 16.9142736982
11225 16.9142736982
