evaluations raw_y
1 60562.5519877777
16 11958.2682168964
62 10512.4260158542
69 6561.4537231460
137 5984.2833602577
141 4459.3396848941
181 3374.5446243133
194 299.0541291074
300 233.0306544000
324 155.9598567055
358 106.6793518013
427 80.2627099742
467 70.7532921637
483 56.9386281104
487 55.5324162186
494 51.7621235269
496 30.0782991196
520 27.7142392934
528 20.1904010086
719 18.9330575727
745 16.2148038500
849 12.4677210926
929 12.4602889301
985 11.0646087637
1007 10.7755530596
1056 10.6379023908
1067 10.5201571693
1088 10.3254132368
1095 10.0803120164
1249 9.1370825498
1384 9.0926531340
1404 9.0206416724
1528 8.6775347333
1684 8.6353289887
1775 8.5120285560
1911 8.2905633012
2010 8.1892790072
2140 7.9602278532
2205 7.8754740511
2218 7.7827891260
2232 7.7552054271
2244 7.6586758703
2296 7.6467935685
2335 7.5085912799
2490 7.4540044965
2600 7.0902321810
2814 7.0164973101
2836 6.9642376890
2859 6.7211811619
2958 6.5589336004
3303 6.2760892238
3363 6.2242576227
3529 6.1971865654
3594 5.9320223480
3814 5.8355216136
3883 5.6773742349
4150 5.5366436628
4233 5.3296847166
4397 5.2209038199
4585 5.1238004696
4599 5.0958463744
4774 5.0124544099
4839 4.8712840998
4873 4.6648810959
5180 4.6460679438
5252 4.6249392924
5257 4.4865297523
5334 4.4844966760
5442 4.4238567586
5480 4.4153025221
5608 4.1480233562
5663 4.0879505774
5903 4.0382563614
6136 3.9473644161
6271 3.7294873089
6300 3.7212720724
6317 3.4346955080
6445 3.2838751110
6687 3.2711544876
6796 3.2709702419
6805 3.2464850157
6816 3.1806963209
6870 3.1515263309
6908 3.1298686882
7024 3.1040201621
7056 3.0246466077
7074 2.8908869681
7192 2.7858370374
7227 2.6938724563
7325 2.6773669357
7425 2.5994320131
7441 2.5807209228
7457 2.5679776390
7467 2.3666036059
7628 2.2398220256
7786 2.1826574703
7801 2.1346884584
7867 2.1208416225
7963 1.8855267076
8168 1.8747071980
8428 1.6381493533
8474 1.5604382007
8582 1.5283078746
8683 1.4421137323
8702 1.3218429495
8736 1.3093613257
8777 1.3079126496
8843 1.2794332054
8928 1.2619153277
9042 1.1583128164
9132 1.1523252815
9160 1.1349928371
9203 1.0666949760
9332 1.0184318793
9418 1.0121659864
9460 0.9368630360
9782 0.8692265873
9813 0.8559907286
9943 0.8398224946
9968 0.6551992743
10006 0.5654831797
10239 0.5522997373
10375 0.5128369923
10441 0.5069218547
10544 0.4761503414
10643 0.4699398132
10678 0.3875007597
10815 0.3712490465
10828 0.3238981161
10877 0.2926688000
11043 0.2901675094
11260 0.2555739885
11339 0.2501962563
11392 0.2224280094
11445 0.1883439175
11649 0.1767960553
11717 0.1757975176
11726 0.1661527055
11781 0.1516074776
11885 0.1284627281
11947 0.1084353823
12000 0.0943863185
12107 0.0885623362
12139 0.0852623668
12229 0.0817451161
12301 0.0651428774
12325 0.0600265770
12338 0.0595067691
12405 0.0559520932
12626 0.0495966100
12632 0.0346553339
12952 0.0212749657
13053 0.0162160917
13109 0.0141969712
13197 0.0106042408
13269 0.0100783058
13302 0.0062977984
13374 0.0044277905
13530 0.0030859692
13577 0.0020353122
13758 0.0013446338
13936 0.0009660594
13940 0.0008697691
14129 0.0007124005
14156 0.0005302956
14199 0.0005201222
14252 0.0005008306
14308 0.0004993793
14315 0.0004534846
14326 0.0004343592
14366 0.0003069762
14419 0.0002547310
14428 0.0002081799
14483 0.0001306463
14546 0.0001106870
14640 0.0000657608
14725 0.0000601504
14750 0.0000536971
14754 0.0000486107
14785 0.0000408085
15063 0.0000396091
15100 0.0000289592
15125 0.0000263624
15169 0.0000082397
15307 0.0000073214
15404 0.0000050599
15481 0.0000040020
15630 0.0000024326
15652 0.0000021706
15678 0.0000016433
15740 0.0000010967
15841 0.0000010684
15932 0.0000010534
15934 0.0000006389
16018 0.0000003461
16179 0.0000003182
16215 0.0000001622
16293 0.0000001598
16317 0.0000001507
16393 0.0000000703
16503 0.0000000575
16511 0.0000000523
16554 0.0000000398
16615 0.0000000379
16678 0.0000000129
16851 0.0000000119
16874 0.0000000076
17024 0.0000000058
17045 0.0000000035
17117 0.0000000035
17151 0.0000000019
17186 0.0000000018
17261 0.0000000014
17270 0.0000000013
17296 0.0000000011
17341 0.0000000009
17422 0.0000000007
17615 0.0000000007
17629 0.0000000005
17630 0.0000000005
17645 0.0000000004
17671 0.0000000004
17684 0.0000000004
17689 0.0000000004
17697 0.0000000003
17765 0.0000000003
17784 0.0000000002
17856 0.0000000002
17887 0.0000000002
17903 0.0000000002
17973 0.0000000001
17981 0.0000000001
17990 0.0000000001
18024 0.0000000001
18080 0.0000000001
18083 0.0000000001
18104 0.0000000001
18159 0.0000000000
18269 0.0000000000
18427 0.0000000000
18456 0.0000000000
18461 0.0000000000
18545 0.0000000000
18567 0.0000000000
18574 0.0000000000
18717 0.0000000000
18781 0.0000000000
18815 0.0000000000
18886 0.0000000000
19036 0.0000000000
19206 0.0000000000
19243 0.0000000000
19295 0.0000000000
19305 0.0000000000
19435 0.0000000000
19489 0.0000000000
19606 0.0000000000
19685 0.0000000000
19941 0.0000000000
20494 0.0000000000
evaluations raw_y
1 450940.5393177278
2 247551.5236883835
5 197175.8034516314
7 159093.5972520225
9 140487.4103414844
13 90453.7695028657
19 80253.2203251277
20 74729.8511214650
29 59858.9743247518
34 44871.5022875960
39 32257.8047141210
44 6997.9398641005
66 6858.3548182782
116 5791.7045763375
169 3508.3031426656
243 2618.2589507382
256 738.9051157485
275 696.9837971818
289 636.7230354790
299 577.3068546181
343 403.1174504697
378 336.9034993450
389 327.2108190000
401 156.9393430253
432 135.3312133821
512 120.4401309725
549 83.7972607342
561 68.0082969057
573 65.9516175540
634 37.0066272589
675 36.8963784904
677 23.8229063639
711 21.9427709359
886 20.3093135717
889 20.2070524751
898 16.2396788842
918 13.6030131009
984 13.0103835024
1075 12.7998302721
1121 12.5295084959
1151 11.9320771545
1162 11.4917701516
1180 11.4857248953
1197 10.1543529326
1261 9.6345862283
1396 9.3649852134
1401 9.3191547372
1448 9.2474116657
1464 9.2375728883
1471 8.7360408465
1526 8.5949717465
1601 8.4237845476
1775 8.4044793590
1799 8.3983927049
1867 8.3707680551
1875 8.3461073115
1888 8.3328193259
1913 8.3044763328
1924 8.2974165232
1977 8.2046574151
2081 7.9141621164
2148 7.6124037627
2665 7.5001860452
2686 7.3344957632
3013 7.1720938275
3155 7.0207632379
3253 6.8744940702
3301 6.8065139338
3328 6.7864806783
3402 6.7602091789
3456 6.5548413536
3680 6.4462966542
3731 6.3891531103
3862 6.3608398064
3918 6.0810389812
3948 5.9787177387
4031 5.8452159417
4218 5.7623039358
4277 5.7266125312
4370 5.4564568218
4486 5.3270409054
4586 5.2721419135
4682 5.2481494996
4697 5.1439241491
4725 5.0502940606
4951 4.9027865966
5061 4.8098677826
5175 4.7961704014
5180 4.6743669430
5183 4.6330028633
5264 4.5863771252
5322 4.5352727037
5369 4.2890646020
5537 4.1016860023
5877 4.0737786052
5906 4.0639810762
5919 4.0117453475
5965 3.8649902679
6062 3.8633685735
6147 3.8287952505
6195 3.7943312649
6290 3.7801115388
6297 3.6260641009
6340 3.4809983588
6959 3.1766542864
7051 3.1199221614
7086 3.1088990281
7197 3.0862860453
7202 3.0337850819
7277 2.9370327627
7323 2.8329987778
7344 2.7270103855
7445 2.6256582677
7670 2.5385287155
7681 2.3737517467
7792 2.3725149364
8038 2.3312076439
8041 2.2650516606
8092 2.1268851366
8187 1.8437672807
8405 1.8410626459
8443 1.7880205798
8581 1.6993788957
8656 1.5841562354
8920 1.4799158359
9072 1.4220024325
9100 1.3893699883
9175 1.3254329535
9212 1.0918605061
9491 1.0717876643
9522 0.9855111144
9595 0.9427723477
9649 0.9171315643
9741 0.8461200988
9947 0.8444129732
9981 0.7233958049
10025 0.6666992754
10241 0.6018266222
10541 0.5194351743
10667 0.4219660882
10855 0.4069975995
10895 0.4039672615
10968 0.3626030859
11234 0.3513914578
11261 0.2835754778
11656 0.2411591559
11663 0.2209069562
11788 0.2097544050
11888 0.1838019134
11911 0.1603024716
12001 0.1407679820
12025 0.1329589899
12314 0.1179484171
12348 0.1150178098
12351 0.0931946632
12519 0.0873367537
12551 0.0818996817
12638 0.0782200145
12653 0.0582479755
12801 0.0579288458
12815 0.0501322857
12832 0.0425278147
13147 0.0370555668
13268 0.0370082944
13279 0.0347618177
13294 0.0299542086
13371 0.0281711485
13411 0.0253869577
13434 0.0225958255
13581 0.0217903145
13595 0.0208604078
13648 0.0203159219
13698 0.0147410763
13884 0.0108983699
13889 0.0103824109
14046 0.0095741460
14159 0.0046443581
14254 0.0041682476
14458 0.0033536724
14460 0.0024362524
14542 0.0021201648
14561 0.0013613282
14691 0.0011227169
14759 0.0009674012
14810 0.0008841701
14898 0.0008591438
14942 0.0008245434
14950 0.0007186100
14951 0.0006845248
14955 0.0005582295
14985 0.0004875494
15053 0.0003202256
15060 0.0002620377
15229 0.0002498031
15299 0.0002268602
15342 0.0001638430
15360 0.0001600064
15398 0.0001236621
15407 0.0000829408
15660 0.0000817736
15666 0.0000815592
15672 0.0000634356
15680 0.0000593576
15756 0.0000489941
15795 0.0000449696
15809 0.0000415500
15850 0.0000303715
15878 0.0000273578
15919 0.0000242694
15932 0.0000227732
15967 0.0000185113
16033 0.0000068232
16120 0.0000061488
16176 0.0000048764
16239 0.0000046243
16277 0.0000036823
16300 0.0000031470
16344 0.0000029243
16379 0.0000026999
16424 0.0000018366
16478 0.0000015404
16484 0.0000010264
16502 0.0000008161
16628 0.0000004696
16692 0.0000004499
16832 0.0000004045
16839 0.0000003040
16903 0.0000002433
16916 0.0000001890
16935 0.0000001607
16940 0.0000001590
16951 0.0000001559
17029 0.0000001069
17118 0.0000000526
17149 0.0000000451
17274 0.0000000358
17311 0.0000000247
17442 0.0000000176
17567 0.0000000124
17581 0.0000000101
17696 0.0000000060
17737 0.0000000058
17742 0.0000000051
17749 0.0000000044
17795 0.0000000029
17822 0.0000000019
17955 0.0000000019
17973 0.0000000016
18017 0.0000000015
18066 0.0000000010
18103 0.0000000007
18130 0.0000000006
18208 0.0000000005
18250 0.0000000004
18267 0.0000000004
18282 0.0000000004
18317 0.0000000003
18325 0.0000000003
18362 0.0000000003
18366 0.0000000002
18393 0.0000000002
18480 0.0000000001
18546 0.0000000001
18590 0.0000000001
18622 0.0000000001
18634 0.0000000000
18663 0.0000000000
18812 0.0000000000
18834 0.0000000000
18851 0.0000000000
18876 0.0000000000
18901 0.0000000000
18922 0.0000000000
19014 0.0000000000
19081 0.0000000000
19102 0.0000000000
19107 0.0000000000
19116 0.0000000000
19216 0.0000000000
19226 0.0000000000
19327 0.0000000000
19460 0.0000000000
19474 0.0000000000
19621 0.0000000000
19677 0.0000000000
19685 0.0000000000
19736 0.0000000000
19745 0.0000000000
19752 0.0000000000
19797 0.0000000000
19860 0.0000000000
19893 0.0000000000
19917 0.0000000000
19982 0.0000000000
20227 0.0000000000
20322 0.0000000000
20333 0.0000000000
20439 0.0000000000
20523 0.0000000000
20884 0.0000000000
evaluations raw_y
1 186046.3457508513
10 75002.8878369171
19 37473.3088144288
35 9404.7103865590
99 5249.8536949804
132 4910.7049492812
139 4860.5985681553
163 4009.9390835306
169 3752.8862167536
170 2383.6171177159
201 1238.4889942361
227 474.2006174711
253 457.3238723227
276 435.6917325816
320 316.0779545297
330 240.0473720010
356 189.5652625784
362 180.5712061033
369 85.5565095936
439 45.2852297622
487 32.9195360184
494 25.9823201966
517 22.1706473032
597 21.3249361207
654 20.4631892363
673 20.3939021000
681 16.2643276126
791 14.4625584670
824 14.2941197386
827 12.8581961340
883 11.6270236699
918 10.5542736490
999 9.8847062642
1118 9.5525315948
1135 9.3613515424
1138 9.0859628816
1171 8.9510060174
1196 8.9215392239
1232 8.7338572605
1293 8.3494424652
1349 8.2810588823
1350 8.2459886065
1456 8.0297460101
1513 7.8239559972
1748 7.6995518251
1919 7.5273809126
2110 7.2026979223
2269 7.1626257671
2385 6.8043098197
2749 6.6717793626
2819 6.4747760283
2860 6.4462417617
3027 6.2766608226
3269 6.1624418989
3361 5.9893473180
3382 5.9341918100
3567 5.7301452384
3664 5.7027639913
3884 5.6370295146
3959 5.5916173199
4009 5.4490195062
4089 5.3319403235
4106 5.2528643328
4204 5.1836299011
4234 5.1492677356
4290 5.1243085027
4303 5.0931596300
4313 5.0679833220
4326 5.0303129666
4351 4.8973132874
4507 4.8030635336
4667 4.7153146761
4775 4.6010361123
4806 4.5662459642
4906 4.5143503887
4909 4.5049177070
4980 4.4104091963
5132 4.2953864109
5191 4.2941528697
5200 4.0838893583
5555 4.0388295326
5575 3.9935438266
5667 3.9007392864
5757 3.8585823593
5779 3.7363253831
5826 3.7156633399
5841 3.6494149123
5916 3.4958370851
6022 3.4030829865
6118 3.3629465275
6213 3.3081427625
6301 3.3049494361
6430 3.2705879005
6449 3.2465365196
6467 2.9792007427
6713 2.9405977185
6841 2.8174250977
7010 2.7634317527
7091 2.5745369723
7327 2.5320155872
7495 2.4738962405
7569 2.3919203666
7588 2.3377330033
7728 2.2702000640
7821 2.2376045821
7855 2.1899509170
7873 2.1880635029
7890 2.1252345061
7919 2.0669522057
7935 2.0374675100
8030 2.0191086622
8156 1.9819391992
8190 1.9088200729
8257 1.7944153099
8384 1.7915150884
8389 1.7033654304
8508 1.7026576460
8532 1.6830507416
8566 1.4962631900
8641 1.4289568079
8842 1.3444410950
8866 1.2356278977
9027 1.2139200232
9080 1.1503007182
9163 1.1276166962
9197 1.0783943760
9231 1.0144885331
9380 0.7871889959
9790 0.7187669691
9856 0.6755137404
9874 0.5815735757
10045 0.5792806723
10165 0.5789774668
10203 0.5406445983
10223 0.5341447207
10256 0.5304449331
10279 0.5094716344
10314 0.5051172719
10324 0.4646055480
10390 0.4245907548
10558 0.3925341173
10659 0.3658096384
10790 0.3543600263
10833 0.3237443827
10892 0.2869169544
10988 0.2842684638
11087 0.2535873114
11228 0.2474855716
11306 0.2354401551
11319 0.2285906500
11345 0.2218051604
11393 0.2191590574
11463 0.1794623958
11485 0.1506798512
11869 0.1447326904
11910 0.1334888383
12018 0.1176540600
12043 0.1083447285
12117 0.1048385057
12195 0.0932982856
12257 0.0799293747
12281 0.0721552885
12417 0.0677748016
12469 0.0629839593
12617 0.0602355442
12645 0.0506188689
12690 0.0503172596
12713 0.0473192177
12731 0.0372377587
12766 0.0355983189
12846 0.0325511380
12983 0.0237915643
13274 0.0224695376
13307 0.0204076732
13316 0.0192324478
13351 0.0180633008
13436 0.0148843068
13568 0.0138552604
13599 0.0122891685
13657 0.0109963908
13707 0.0106253897
13759 0.0101738101
13761 0.0061131959
13943 0.0032162092
14045 0.0022026921
14146 0.0020444998
14229 0.0020054953
14276 0.0013211531
14332 0.0012978316
14359 0.0007276582
14505 0.0006065256
14552 0.0004111554
14608 0.0003415678
14621 0.0003099876
14673 0.0002242362
14879 0.0000802157
15005 0.0000526830
15096 0.0000409196
15238 0.0000284935
15408 0.0000270479
15425 0.0000245778
15454 0.0000223553
15472 0.0000218836
15474 0.0000082672
15611 0.0000061267
15784 0.0000061022
15792 0.0000034042
15809 0.0000024697
15964 0.0000020304
16057 0.0000017915
16106 0.0000014422
16110 0.0000009263
16227 0.0000007403
16341 0.0000005421
16371 0.0000005313
16390 0.0000004518
16392 0.0000004240
16393 0.0000002789
16457 0.0000002507
16469 0.0000002313
16503 0.0000001515
16557 0.0000001310
16730 0.0000001239
16781 0.0000001213
16792 0.0000000954
16795 0.0000000513
16859 0.0000000238
17033 0.0000000225
17038 0.0000000222
17051 0.0000000204
17096 0.0000000195
17127 0.0000000183
17151 0.0000000146
17216 0.0000000097
17230 0.0000000079
17252 0.0000000059
17269 0.0000000056
17285 0.0000000056
17291 0.0000000015
17528 0.0000000006
17879 0.0000000004
17953 0.0000000003
17985 0.0000000001
18163 0.0000000001
18173 0.0000000001
18272 0.0000000001
18297 0.0000000001
18351 0.0000000001
18358 0.0000000001
18361 0.0000000000
18478 0.0000000000
18547 0.0000000000
18618 0.0000000000
18642 0.0000000000
18704 0.0000000000
18775 0.0000000000
18778 0.0000000000
18894 0.0000000000
18967 0.0000000000
19015 0.0000000000
19023 0.0000000000
19067 0.0000000000
19195 0.0000000000
19322 0.0000000000
19443 0.0000000000
19490 0.0000000000
19530 0.0000000000
19538 0.0000000000
19665 0.0000000000
19684 0.0000000000
19685 0.0000000000
19694 0.0000000000
19713 0.0000000000
19952 0.0000000000
20156 0.0000000000
20530 0.0000000000
evaluations raw_y
1 295519.7198584285
2 126590.9994506603
5 115403.2935831108
16 38430.2251441239
24 34947.8332574437
33 26963.5088821769
55 16839.9002045798
59 15470.0648876065
73 3913.6327819507
82 3549.5611034133
182 861.6445322654
274 680.5067216168
279 643.7995498881
287 419.5942737039
333 363.3696915917
351 346.1114681295
352 334.9885349326
363 274.7050013855
380 170.2665749274
390 149.4856351115
423 100.7824085498
438 96.8295949157
469 82.1739515967
470 62.2943939522
490 33.2490962076
614 25.9902433379
709 24.9761476328
733 21.3151181096
840 19.7365826544
867 19.6817946523
886 17.4705134972
895 17.2006393461
905 15.3961993082
906 13.2109456200
964 12.9804776108
985 11.8307334372
1035 11.2239454560
1093 10.2105340663
1116 10.0737569142
1232 10.0359125007
1255 9.5129150142
1263 9.0525385253
1383 9.0407499318
1396 8.7493656350
1456 8.7335969160
1462 8.6088361892
1500 8.5871524513
1504 8.5690360948
1524 8.5688973687
1596 8.5027526247
1612 8.4730732614
1618 8.1805224807
1619 8.1623463442
1809 8.1217197224
1817 8.0707465234
1858 7.8467970909
1946 7.6123657928
2394 7.3392989576
2561 7.2752140157
2575 7.1080389691
2713 6.9045719586
2879 6.8496162817
2953 6.7169687127
2978 6.6674066958
3053 6.4650448809
3259 6.4288526446
3279 6.3081854693
3356 6.2791746219
3435 6.2296414609
3466 6.0991762328
3556 5.8699300718
3722 5.8112701282
3879 5.7716402894
3919 5.6918460534
3928 5.6117841219
4002 5.5446485782
4028 5.5076852173
4115 5.4642381551
4144 5.3015170095
4330 5.2185417432
4518 5.1160550338
4600 4.9559676331
4682 4.8439073221
4818 4.8361123134
4824 4.7969060502
4836 4.7916758263
4858 4.6425745297
4893 4.6223308048
4965 4.6179421731
5003 4.5259432631
5044 4.5139630309
5130 4.4873984153
5245 4.4316992830
5261 4.4254027168
5288 4.4144504550
5364 4.2966564904
5447 4.2733181349
5471 4.2305089430
5516 4.1974409789
5525 4.1032755854
5535 4.0703843898
5750 4.0302127421
5762 3.7891721101
5789 3.7700677862
5889 3.6364154108
6012 3.5545600263
6152 3.4942161484
6245 3.4737263679
6263 3.3919111145
6358 3.2227260697
6496 3.0994560649
6540 3.0976971620
6612 2.9675631155
6687 2.7722172439
6892 2.7387891885
6895 2.4510104412
7158 2.4282066547
7249 2.3725091304
7348 2.2997067925
7505 2.2610206589
7611 2.2463295320
7631 2.2010576571
7698 2.1725749133
7715 2.1250006862
7780 2.1135000753
7838 2.0286609735
7908 1.9731566616
8040 1.9721241553
8057 1.9092568232
8140 1.9077093878
8164 1.8491891187
8200 1.7723068583
8297 1.7439772410
8300 1.6465042035
8368 1.6145386108
8574 1.5354087533
8769 1.5001016958
8810 1.4137478581
8812 1.4020509351
8890 1.2154507010
8931 1.1859190961
9199 1.1195311379
9251 1.0519611442
9291 1.0422712426
9306 1.0287649106
9368 1.0030292699
9461 0.9938752244
9550 0.9810207408
9589 0.9503527442
9594 0.9098231434
9723 0.8863109618
9746 0.8771874702
9797 0.8370064929
9879 0.7712583381
9932 0.7501513269
10112 0.7223594878
10147 0.7205087735
10153 0.6554338583
10217 0.6479258618
10225 0.6476603507
10232 0.5773351665
10249 0.5558459238
10419 0.4635624192
10693 0.4144449656
10770 0.3944820925
10926 0.3442644084
11100 0.2818698796
11304 0.2699766885
11388 0.2609601054
11441 0.2422549810
11455 0.2240104872
11507 0.1639024882
11828 0.1441347630
11898 0.1284033234
12000 0.1275383542
12037 0.1025810813
12110 0.0945701065
12444 0.0688512683
12540 0.0680202200
12599 0.0411650560
12852 0.0344273860
12939 0.0273819703
13022 0.0231511475
13176 0.0201070456
13313 0.0189405567
13370 0.0165124866
13451 0.0153617051
13512 0.0132200377
13568 0.0128430875
13614 0.0115544551
13631 0.0084283075
13884 0.0067348704
13913 0.0045041505
13970 0.0041221101
13979 0.0034042301
14127 0.0027648681
14138 0.0026858190
14280 0.0019097202
14358 0.0018224499
14400 0.0017777555
14409 0.0017719035
14414 0.0015599584
14417 0.0014551774
14467 0.0008365096
14766 0.0006257714
14831 0.0005719571
14839 0.0005173616
14850 0.0004700845
14854 0.0003703293
14946 0.0003131393
14957 0.0003031838
15046 0.0002217608
15074 0.0001915639
15181 0.0001190884
15232 0.0001031234
15305 0.0000767000
15337 0.0000550866
15443 0.0000408018
15470 0.0000223959
15534 0.0000158619
15687 0.0000149563
15693 0.0000105421
15720 0.0000082745
15827 0.0000039237
15944 0.0000031457
15960 0.0000015255
15966 0.0000010433
16203 0.0000006011
16417 0.0000003456
16470 0.0000003294
16613 0.0000003125
16660 0.0000001740
16684 0.0000001625
16751 0.0000001614
16763 0.0000001398
16813 0.0000001248
16838 0.0000001061
16881 0.0000001030
16884 0.0000000704
16972 0.0000000327
17064 0.0000000268
17153 0.0000000131
17326 0.0000000113
17375 0.0000000106
17379 0.0000000084
17403 0.0000000076
17438 0.0000000067
17453 0.0000000036
17467 0.0000000035
17569 0.0000000031
17612 0.0000000025
17647 0.0000000014
17692 0.0000000011
17742 0.0000000008
17816 0.0000000006
17870 0.0000000005
17917 0.0000000005
17938 0.0000000005
17962 0.0000000005
17968 0.0000000005
17970 0.0000000004
17973 0.0000000003
18016 0.0000000003
18045 0.0000000002
18118 0.0000000001
18191 0.0000000001
18205 0.0000000001
18223 0.0000000000
18359 0.0000000000
18360 0.0000000000
18388 0.0000000000
18415 0.0000000000
18557 0.0000000000
18665 0.0000000000
18670 0.0000000000
18739 0.0000000000
18795 0.0000000000
18879 0.0000000000
18984 0.0000000000
19086 0.0000000000
19300 0.0000000000
19370 0.0000000000
19385 0.0000000000
19387 0.0000000000
19418 0.0000000000
19449 0.0000000000
19470 0.0000000000
19553 0.0000000000
19579 0.0000000000
19587 0.0000000000
19890 0.0000000000
20132 0.0000000000
20456 0.0000000000
evaluations raw_y
1 407103.2559835684
6 97323.3773989852
28 85806.0275318032
41 47227.4760103406
43 39790.9845429476
49 21419.5869075320
53 11167.5175291283
117 6589.6697514072
125 3255.8886188639
173 1323.9745098378
212 991.5715206464
254 502.7243647228
286 102.6795974098
350 67.1423931695
400 63.3884185826
459 61.2356208789
480 55.4439276942
490 40.3617426291
500 32.6446669197
506 29.9760868485
576 28.7173269347
607 22.8240149134
616 22.3430892902
638 21.4938989389
667 17.6234373166
782 16.8310383610
821 14.8144138237
872 11.5611218769
959 10.8188037665
1008 10.8107541519
1091 9.8440052777
1160 9.6063984665
1286 9.4313347987
1303 9.3541921720
1354 9.2467645910
1361 9.0866846989
1373 8.5511235618
1422 8.5504527459
1515 8.3363484337
1637 8.2825486502
1655 8.2733044290
1681 8.0002220976
1901 7.8957682966
2008 7.7690471068
2030 7.7453529012
2138 7.4791610325
2206 7.3811383229
2500 7.3661489055
2622 7.3199424632
2660 7.2094533819
2689 7.0438728806
2720 7.0358104311
2813 6.9483226701
2816 6.7940902823
2818 6.7137447643
2832 6.7017772315
2977 6.6520546534
3042 6.5594344794
3174 6.4893149433
3187 6.2796368538
3199 6.2283050727
3289 5.9465506495
3507 5.9450670935
3712 5.6021408650
3864 5.4170308098
3944 5.2958222095
3984 5.2569395941
4067 5.2301836455
4221 5.1665652375
4277 5.1309119911
4330 5.0482978324
4386 4.9622970132
4499 4.8792036836
4588 4.6796488911
4939 4.5102232642
5108 4.4975241142
5168 4.4322663975
5240 4.3824395142
5289 4.3063421904
5312 4.2907834674
5357 4.2469414747
5444 4.0279270359
5530 3.8257771519
5904 3.5507964155
5997 3.4806247551
6245 3.4718632774
6297 3.3491185729
6445 3.1062373444
6478 3.0205061345
6684 3.0161986518
6855 2.8407444770
7128 2.8394543816
7153 2.6872975820
7187 2.6793252784
7325 2.6031795974
7329 2.5087010589
7350 2.4783137485
7365 2.3618663948
7587 2.2930565081
7637 2.2699764895
7716 2.2144157509
7724 1.9118247799
8111 1.8925468695
8257 1.8868083455
8265 1.6492459021
8419 1.5642393845
8459 1.5439216043
8569 1.4636765917
8595 1.4461211377
8665 1.4322643057
8679 1.4109850875
8740 1.3720800309
8763 1.3434664198
8836 1.1252956745
9044 1.0696051006
9275 1.0138649701
9308 1.0044241996
9349 0.9741945554
9408 0.9203811226
9492 0.9007793321
9551 0.8974838185
9565 0.8592095269
9660 0.8421151354
9703 0.8160212389
9756 0.7947756108
9843 0.7575538689
9871 0.6872439128
9957 0.6788902419
9995 0.5834555025
10094 0.5647546840
10318 0.5457075999
10451 0.5263702420
10654 0.5220415624
10718 0.4258293940
10839 0.4095014149
10852 0.3575344358
10943 0.3466251638
11064 0.3072423562
11170 0.2788011133
11201 0.2542211345
11280 0.2482760629
11291 0.1906301726
11564 0.1806614412
11609 0.1766725310
11614 0.1686312588
11879 0.1587003851
11956 0.1517057945
12018 0.1430751378
12036 0.1393043982
12057 0.1149715930
12106 0.1124365971
12237 0.1027970541
12304 0.0922402138
12318 0.0730691683
12353 0.0678657604
12433 0.0675237319
12453 0.0642133062
12555 0.0330266875
12899 0.0305169652
12983 0.0278070523
13069 0.0262282246
13075 0.0212633612
13132 0.0200604100
13138 0.0148592954
13250 0.0141948992
13329 0.0091728862
13558 0.0091340474
13588 0.0082839600
13656 0.0078883359
13689 0.0066029206
13726 0.0050668329
13832 0.0048352615
13844 0.0046176488
13917 0.0041780400
14010 0.0038071760
14020 0.0035055725
14055 0.0023247080
14498 0.0014853359
14551 0.0010439963
14622 0.0008948040
14631 0.0008729717
14650 0.0008512089
14697 0.0005674658
14767 0.0005434599
14784 0.0003285212
14864 0.0002269060
14914 0.0002164809
14917 0.0001642575
14927 0.0000692697
15169 0.0000687886
15220 0.0000549657
15255 0.0000501184
15290 0.0000366404
15301 0.0000352974
15337 0.0000301056
15360 0.0000296599
15377 0.0000214745
15385 0.0000213354
15389 0.0000161126
15546 0.0000093981
15587 0.0000092542
15601 0.0000071676
15683 0.0000061299
15731 0.0000014777
15967 0.0000009995
16113 0.0000009448
16148 0.0000007746
16156 0.0000004061
16258 0.0000003469
16300 0.0000003160
16340 0.0000003127
16372 0.0000002154
16404 0.0000001723
16518 0.0000000778
16642 0.0000000643
16685 0.0000000641
16695 0.0000000610
16725 0.0000000417
16757 0.0000000391
16759 0.0000000291
16781 0.0000000264
16798 0.0000000256
16814 0.0000000213
16851 0.0000000211
16855 0.0000000196
16879 0.0000000164
16934 0.0000000154
16938 0.0000000154
16953 0.0000000139
16964 0.0000000131
17010 0.0000000100
17054 0.0000000067
17102 0.0000000066
17125 0.0000000037
17163 0.0000000034
17232 0.0000000030
17276 0.0000000025
17322 0.0000000022
17349 0.0000000016
17372 0.0000000015
17420 0.0000000008
17426 0.0000000005
17605 0.0000000004
17680 0.0000000003
17719 0.0000000003
17776 0.0000000001
17903 0.0000000001
17982 0.0000000001
17988 0.0000000001
18005 0.0000000001
18069 0.0000000000
18206 0.0000000000
18238 0.0000000000
18253 0.0000000000
18263 0.0000000000
18316 0.0000000000
18326 0.0000000000
18371 0.0000000000
18404 0.0000000000
18423 0.0000000000
18425 0.0000000000
18504 0.0000000000
18535 0.0000000000
18607 0.0000000000
18653 0.0000000000
18673 0.0000000000
18705 0.0000000000
18860 0.0000000000
18878 0.0000000000
18931 0.0000000000
18968 0.0000000000
19003 0.0000000000
19037 0.0000000000
19087 0.0000000000
19115 0.0000000000
19257 0.0000000000
19285 0.0000000000
19417 0.0000000000
19514 0.0000000000
19631 0.0000000000
19716 0.0000000000
19838 0.0000000000
20103 0.0000000000
20374 0.0000000000
evaluations raw_y
1 251923.5874117829
2 87886.9464758228
4 50935.3222536214
5 35833.9392482411
17 35029.4942207405
19 24804.1366126057
26 15295.8080246754
33 6444.6402978540
90 2504.1857746559
106 2447.2083979511
130 1602.4356138742
175 1173.3680480790
183 1113.4904570017
206 949.4932966437
211 726.5412403941
224 544.7179536761
233 306.3255424483
247 284.6099201603
254 274.2807164027
296 209.4387182519
336 129.4732010980
350 121.4073503832
358 67.9536555179
458 40.0321403936
505 38.1465775849
521 34.9292029498
523 32.5665760531
587 18.1853707722
757 18.1307367386
760 17.0920771281
782 14.7237762079
803 12.0357526487
885 11.0725867203
979 10.8985504433
1021 10.1888412604
1048 9.1176752109
1162 8.8232195778
1256 8.2527299231
1524 8.2257495927
1545 7.9777587809
1734 7.9362628602
1791 7.7438769046
2210 7.5080455848
2314 7.4193893354
2390 7.3459132158
2408 7.1999883763
2555 7.0316777274
2622 7.0033264369
2639 6.9612751805
2753 6.9542758394
2758 6.6661430764
3029 6.5576131434
3137 6.3585336629
3151 6.1890768781
3228 6.1697341210
3371 6.0453862360
3418 6.0241492980
3487 5.8669851790
3571 5.8211223875
3638 5.7997456880
3640 5.7537629627
3656 5.7119316986
3716 5.5120752965
3862 5.4739949276
3931 5.4568569186
3960 5.3629880197
4298 5.2676113064
4484 5.1921550270
4486 5.1000815565
4500 4.9792566273
4589 4.8785476830
4703 4.8564365846
4782 4.8415614620
4792 4.6865749519
4913 4.6254361253
4945 4.5850767352
5092 4.4731818587
5176 4.3848605970
5208 4.2910653566
5304 4.2274297234
5328 4.1289208743
5527 4.0982501873
5580 4.0673842410
5626 3.9535105128
5710 3.9240502590
5828 3.8669754444
5906 3.7924881010
5928 3.7350478127
5934 3.6581935008
5997 3.6508508631
6057 3.5636197324
6255 3.5583144054
6265 3.4527961056
6397 3.2604658369
6692 3.1426891833
6738 3.0404819528
6809 2.8367110728
6942 2.8155191405
7009 2.7258767748
7118 2.6687548539
7314 2.6489502312
7432 2.6197587690
7475 2.6168558286
7482 2.2964838095
7866 2.2372969767
7917 2.1845164355
8119 2.1086112467
8171 2.0341368694
8224 1.9571773587
8233 1.8051361458
8254 1.6662185240
8435 1.5328884429
8533 1.5317028920
8654 1.5228650338
8707 1.4626046946
8754 1.4422124345
8761 1.4255274558
8797 1.3845652559
8800 1.2618763612
9120 1.1520519831
9223 0.9930795778
9366 0.9106641513
9618 0.8323225934
9731 0.7252568449
9980 0.7067898960
10020 0.6918609030
10122 0.6300921037
10216 0.6255594095
10264 0.6110458877
10325 0.5283382375
10433 0.4840214433
10622 0.4545375331
10652 0.4381755091
10738 0.4330580888
10753 0.3905776716
10938 0.3683041537
10957 0.3602704250
10972 0.3599218011
11020 0.3412069336
11103 0.2754367031
11251 0.2592390989
11338 0.2573853081
11534 0.2032736460
11654 0.1991187804
11677 0.1851929367
11679 0.1768357736
11739 0.1688507610
11805 0.1558190530
11842 0.1530213952
11871 0.1498396095
11881 0.1345948911
12056 0.1097200640
12178 0.1017078502
12225 0.0948278566
12295 0.0736613453
12321 0.0612929027
12403 0.0585589892
12427 0.0539610396
12694 0.0494879609
12705 0.0493575498
12710 0.0402544907
12723 0.0377747167
12791 0.0356396868
12806 0.0276932299
12984 0.0246696806
13118 0.0236086539
13251 0.0207652507
13253 0.0206328924
13332 0.0200857544
13345 0.0194969007
13378 0.0182907476
13387 0.0128147529
13469 0.0114165643
13488 0.0095032205
13815 0.0074259800
13820 0.0051919955
13866 0.0048961032
13908 0.0035906051
13955 0.0030378619
14094 0.0013341789
14370 0.0012619210
14402 0.0012301257
14450 0.0011936482
14562 0.0011824465
14598 0.0006839853
14709 0.0006471334
14749 0.0005117360
14820 0.0003462594
14883 0.0003040114
14908 0.0002768395
14931 0.0002535170
14993 0.0002534835
15019 0.0001786373
15098 0.0001497125
15127 0.0001192559
15195 0.0000713285
15267 0.0000552751
15295 0.0000501625
15328 0.0000462801
15377 0.0000376937
15388 0.0000368858
15411 0.0000328466
15436 0.0000312280
15445 0.0000195793
15559 0.0000165018
15590 0.0000152857
15627 0.0000095193
15708 0.0000080528
15780 0.0000080363
15842 0.0000053432
15882 0.0000051504
15901 0.0000051077
15904 0.0000031213
16004 0.0000029522
16114 0.0000007669
16344 0.0000003999
16499 0.0000003764
16505 0.0000001803
16577 0.0000001562
16673 0.0000001209
16721 0.0000001079
16745 0.0000000781
16782 0.0000000696
16847 0.0000000535
16866 0.0000000458
16925 0.0000000407
16940 0.0000000252
17074 0.0000000225
17106 0.0000000209
17150 0.0000000182
17160 0.0000000171
17210 0.0000000168
17227 0.0000000150
17259 0.0000000133
17268 0.0000000127
17274 0.0000000122
17286 0.0000000089
17337 0.0000000056
17376 0.0000000054
17477 0.0000000050
17479 0.0000000035
17559 0.0000000030
17599 0.0000000028
17625 0.0000000025
17646 0.0000000022
17687 0.0000000021
17688 0.0000000016
17692 0.0000000006
17779 0.0000000005
17833 0.0000000005
17937 0.0000000004
17959 0.0000000003
18022 0.0000000003
18096 0.0000000001
18141 0.0000000001
18266 0.0000000001
18276 0.0000000001
18282 0.0000000000
18309 0.0000000000
18383 0.0000000000
18404 0.0000000000
18459 0.0000000000
18583 0.0000000000
18589 0.0000000000
18693 0.0000000000
18701 0.0000000000
18742 0.0000000000
18939 0.0000000000
19034 0.0000000000
19051 0.0000000000
19154 0.0000000000
19169 0.0000000000
19191 0.0000000000
19294 0.0000000000
19296 0.0000000000
19325 0.0000000000
19398 0.0000000000
19490 0.0000000000
19511 0.0000000000
19537 0.0000000000
19612 0.0000000000
19631 0.0000000000
19672 0.0000000000
19683 0.0000000000
19782 0.0000000000
19899 0.0000000000
20242 0.0000000000
20618 0.0000000000
evaluations raw_y
1 552360.7836689273
2 317840.4047498329
3 83866.8603450141
4 54195.8412745429
16 45575.7228605161
21 32120.8845075012
36 31963.5533772152
37 30356.1594830874
41 16756.6796299091
59 6860.0684943508
219 6329.0104565159
239 3988.1828967584
257 3531.2923163567
266 2473.5895227631
319 1878.8199132774
345 1686.9857832561
374 1573.6519803771
412 1478.7261698055
436 1432.7846228174
441 1045.9443650380
462 875.6049303450
505 859.8906082931
524 843.4750471056
579 812.5769205931
645 800.5726069987
669 786.8288238085
677 719.3502330075
687 706.3382743998
711 685.1444486845
720 677.0069738769
748 674.9147695110
753 640.9992227743
754 638.3115444614
769 623.5804774064
791 622.9175247811
794 599.6919861946
843 566.2097692517
859 495.7672233389
881 455.5274491868
923 352.3624528568
954 339.0195795270
966 258.5552702885
989 225.6877010373
1009 218.4718806695
1028 106.7259041377
1091 79.6516348580
1196 75.8443018459
1217 55.6283960658
1222 49.4567446518
1232 47.5193802557
1248 42.2713919716
1288 37.3390352678
1350 31.7965013623
1389 22.5708675247
1393 15.9085087610
1517 15.1916355144
1730 13.7186691065
1883 11.4110723164
2003 10.3419694837
2152 9.9856212112
2204 9.8096702079
2243 9.6543342345
2244 9.5075810410
2245 9.2787387489
2354 9.1909151041
2357 9.1877490946
2369 8.8782625841
2472 8.7899975892
2517 8.5861180212
2623 8.5835114975
2848 8.5497002729
2962 8.3696430962
3111 8.2723792318
3220 8.2266026791
3490 8.1930394582
3521 8.0355336246
3632 7.8197713345
3713 7.5750981870
3964 7.3032025952
4203 7.2635457114
4214 7.0122646472
4436 6.9593981857
4524 6.8942136972
4550 6.8849825576
4570 6.8191715493
4629 6.8148608819
4638 6.6889074858
4855 6.5007783430
4889 6.4416623418
4971 6.4168033800
5019 6.4148221306
5033 6.4094530229
5117 6.3198425530
5249 6.2472849134
5259 6.1874217817
5264 6.1339645189
5378 6.0180344853
5502 5.9906557407
5573 5.9500599025
5587 5.8716337246
5627 5.7416380912
5819 5.6425992183
5852 5.5993748337
5868 5.5505634789
5875 5.5230427067
5904 5.4826459254
5918 5.4276166458
5997 5.1281017288
6230 5.1173148220
6282 5.0770952483
6341 4.8587003143
6383 4.6963662564
6546 4.5338138939
6737 4.4970138517
6849 4.4227590859
6905 4.2982317500
7125 4.1777913431
7139 4.1537070738
7201 4.0827408726
7207 4.0188110796
7275 4.0087197105
7343 4.0012330953
7354 3.8761387287
7394 3.7953063899
7449 3.6934382138
7572 3.4802653253
7712 3.4315200836
7756 3.4289809986
7874 3.1456421692
8010 3.1317094330
8090 3.0999438963
8096 2.9807905937
8129 2.9590933020
8134 2.8735552600
8367 2.8279352482
8584 2.8137152381
8649 2.4142162808
8939 2.1827413111
9103 2.0438154376
9214 1.9335346397
9420 1.8440115629
9512 1.7243123447
9668 1.6439852234
9710 1.5502352089
9715 1.3678306046
9951 1.3647044780
9959 1.2997031807
10055 1.1816250495
10081 1.1505810812
10375 1.1421399323
10385 1.1003084143
10455 0.9904910859
10641 0.9583660418
10704 0.8093829283
10950 0.7864846011
11069 0.7051094278
11081 0.7020062262
11095 0.6413466982
11356 0.5887036675
11408 0.5742335273
11480 0.5581591927
11684 0.5183934381
11743 0.4927471460
11794 0.4650428682
11839 0.4049727235
11960 0.3976402135
11962 0.3915990441
12066 0.3872655647
12168 0.3813945391
12170 0.3644770977
12174 0.3227500493
12179 0.3186840822
12212 0.3172362263
12318 0.3043278718
12385 0.2917713714
12405 0.2877935485
12433 0.2847992525
12435 0.2836006452
12454 0.2737029657
12459 0.2513740788
12511 0.1999832740
12638 0.1965805888
12712 0.1685086534
12726 0.1640914541
12781 0.1466789903
12910 0.1268871351
13217 0.1210755315
13280 0.1125874555
13288 0.0862736696
13365 0.0743849646
13505 0.0655782412
13567 0.0611856410
13647 0.0516773677
13704 0.0424011903
13861 0.0340854846
14140 0.0338620238
14143 0.0221381085
14201 0.0163912274
14218 0.0163472791
14336 0.0128837883
14520 0.0078053133
14743 0.0069609787
14764 0.0066849204
14780 0.0052003463
15033 0.0030191421
15177 0.0017900574
15268 0.0009449012
15442 0.0006714734
15447 0.0005712714
15639 0.0004830455
15700 0.0002143760
15812 0.0001403299
15937 0.0000475975
16169 0.0000425195
16180 0.0000339103
16347 0.0000201454
16594 0.0000186140
16698 0.0000148125
16717 0.0000140447
16809 0.0000114697
16887 0.0000077729
16990 0.0000066556
17040 0.0000062641
17060 0.0000053420
17109 0.0000046535
17113 0.0000030705
17155 0.0000026782
17183 0.0000025201
17187 0.0000009671
17259 0.0000007764
17424 0.0000005729
17476 0.0000003872
17563 0.0000002918
17604 0.0000002583
17675 0.0000002553
17695 0.0000001578
17731 0.0000000961
17830 0.0000000946
17852 0.0000000432
17939 0.0000000257
18045 0.0000000257
18051 0.0000000247
18093 0.0000000186
18094 0.0000000145
18122 0.0000000064
18291 0.0000000057
18368 0.0000000050
18475 0.0000000037
18510 0.0000000025
18529 0.0000000021
18654 0.0000000021
18697 0.0000000017
18710 0.0000000017
18718 0.0000000005
18934 0.0000000004
19016 0.0000000003
19100 0.0000000003
19104 0.0000000003
19117 0.0000000002
19152 0.0000000002
19204 0.0000000001
19287 0.0000000001
19350 0.0000000001
19352 0.0000000000
19360 0.0000000000
19441 0.0000000000
19515 0.0000000000
19573 0.0000000000
19616 0.0000000000
19638 0.0000000000
19665 0.0000000000
19686 0.0000000000
19725 0.0000000000
19877 0.0000000000
19911 0.0000000000
19934 0.0000000000
20126 0.0000000000
20167 0.0000000000
20271 0.0000000000
20281 0.0000000000
20322 0.0000000000
20330 0.0000000000
20423 0.0000000000
20502 0.0000000000
20532 0.0000000000
20570 0.0000000000
20603 0.0000000000
20654 0.0000000000
20666 0.0000000000
20807 0.0000000000
21066 0.0000000000
21342 0.0000000000
evaluations raw_y
1 797096.0824377044
2 640140.8285919100
3 560742.1448956449
4 407795.9675477280
5 119509.9442086637
26 42073.5700751467
27 22982.5510565387
51 20407.1505439857
55 16562.2205843586
73 1624.6196915312
246 984.8833095893
272 672.7416634938
336 571.2604628098
347 447.0959534603
363 334.7653989773
364 321.8796102059
431 60.5042810844
566 58.7240002076
589 54.0602257659
600 49.6484458393
636 48.7408305190
654 37.6234602808
677 30.4879709965
759 22.1206369188
817 20.7250204015
893 14.2872281810
1087 13.9040660223
1159 12.2471735211
1275 11.7442210017
1347 10.1153045182
1484 9.6478543557
1532 9.3705128964
1613 8.8960905593
1651 8.7606889845
1697 8.6004493383
1779 8.3827387726
1787 8.2034492330
1807 8.1599987522
1933 8.1501475124
2086 8.0603198649
2144 7.8072114557
2209 7.7795092538
2252 7.7767509961
2290 7.7318561866
2428 7.6819044255
2541 7.5419305905
2547 7.5243003305
2576 7.4073519452
2668 7.3612536341
2696 7.3183718828
2741 7.2351910535
2876 7.2290196803
2895 7.1794117619
2897 7.0797610969
2923 6.9914408001
3056 6.8655004391
3179 6.8528390277
3307 6.6580528866
3463 6.5707130658
3522 6.4943011836
3600 6.4679515794
3707 6.2285122008
3729 6.2075318266
3750 6.1589714917
3779 5.9447140844
3842 5.8871259489
3908 5.8803932351
3988 5.8595812315
3993 5.7868874384
3999 5.5832460040
4183 5.5573694240
4212 5.4400473281
4311 5.2771981367
4354 5.1006455185
4683 5.0806989249
4777 5.0602283096
4806 5.0556364026
4887 4.9707725257
4889 4.9347014498
4894 4.9067791492
4918 4.7680563299
4964 4.7668687305
5007 4.5320409575
5154 4.5067959629
5158 4.4752320281
5178 4.4710804997
5184 4.4546626810
5261 4.4520987669
5272 4.4283076600
5285 4.3969345906
5304 4.3608745102
5312 4.3438730122
5337 4.3221314979
5374 4.2511300548
5503 4.2411644702
5523 4.2236697464
5584 4.2036205965
5664 4.1696248379
5686 4.1439482699
5740 4.1430607336
5742 4.1345456612
5744 4.1215361605
5748 4.0933485318
5749 4.0920380728
5801 4.0527400344
5811 3.9960665819
5812 3.9918562576
5907 3.9460966747
5957 3.9099471066
5994 3.8775162877
6065 3.8232173148
6086 3.8124657390
6130 3.7316894990
6397 3.6701921446
6463 3.6641506213
6472 3.6369902011
6515 3.4933556156
6640 3.4649720897
6735 3.3596636498
6783 3.2769423219
6898 3.2026515184
6960 3.1203124477
7078 3.0396606536
7372 2.9046524141
7406 2.8537173256
7491 2.7875713582
7496 2.7708579439
7590 2.6864416141
7598 2.5810667007
7784 2.5803093248
7790 2.5219706906
7796 2.5100709805
7855 2.4891022148
7985 2.4437958862
7990 2.4430320206
7996 2.3184701900
8025 2.2595380026
8197 2.1825425551
8219 2.1607180474
8398 2.0576305944
8412 1.8895616866
8478 1.7837001088
8507 1.7712904756
8841 1.7318307406
8848 1.7078382027
8878 1.6383968777
8932 1.5480666541
8998 1.3403923085
9016 1.3038244415
9067 1.2705030054
9172 1.2646142809
9194 1.2453753554
9316 1.2181265682
9329 1.1064926147
9573 1.0746390058
9680 0.9345319075
9741 0.8280383693
9810 0.8006028118
10010 0.7148663182
10117 0.6706756157
10276 0.6453140713
10277 0.6076422463
10669 0.4726221331
10869 0.4178438737
10981 0.3856056057
11010 0.3604943990
11198 0.3302489127
11240 0.3297051999
11347 0.2896784145
11446 0.2529652060
11885 0.2332033665
11947 0.2265083719
11971 0.1902485387
12102 0.1559565866
12161 0.1529699622
12248 0.1411674084
12394 0.1382230137
12672 0.1234302695
12855 0.1130106007
12942 0.0801135335
13032 0.0715297872
13150 0.0699128124
13166 0.0583506565
13246 0.0578806428
13306 0.0388474921
13393 0.0220021997
13564 0.0187527004
13668 0.0136416959
13945 0.0103844975
14053 0.0099771679
14080 0.0098628626
14083 0.0059069560
14161 0.0054076790
14403 0.0047669964
14423 0.0039011509
14500 0.0038550511
14559 0.0028353183
14758 0.0027100950
14789 0.0018392258
14795 0.0010478409
14972 0.0009909939
15030 0.0007532363
15067 0.0006994326
15089 0.0005028266
15129 0.0004662552
15142 0.0004270595
15215 0.0004069752
15262 0.0002998132
15303 0.0002587756
15310 0.0002138362
15311 0.0001764486
15398 0.0001659156
15408 0.0001065980
15447 0.0000870700
15485 0.0000690748
15654 0.0000674824
15656 0.0000337517
15682 0.0000186242
15744 0.0000172279
15936 0.0000162239
15938 0.0000039379
16162 0.0000035186
16219 0.0000023888
16440 0.0000019146
16507 0.0000016852
16515 0.0000013532
16558 0.0000010128
16567 0.0000009893
16643 0.0000008723
16675 0.0000006048
16682 0.0000006008
16683 0.0000005528
16715 0.0000003237
16804 0.0000001788
16852 0.0000001619
16855 0.0000001225
17049 0.0000000779
17176 0.0000000315
17345 0.0000000094
17571 0.0000000073
17647 0.0000000071
17701 0.0000000050
17707 0.0000000032
17907 0.0000000017
17985 0.0000000012
18120 0.0000000009
18251 0.0000000006
18273 0.0000000006
18323 0.0000000004
18431 0.0000000004
18460 0.0000000002
18465 0.0000000001
18574 0.0000000001
18583 0.0000000001
18641 0.0000000000
18725 0.0000000000
18803 0.0000000000
18840 0.0000000000
18890 0.0000000000
18933 0.0000000000
19040 0.0000000000
19125 0.0000000000
19139 0.0000000000
19163 0.0000000000
19239 0.0000000000
19255 0.0000000000
19279 0.0000000000
19309 0.0000000000
19392 0.0000000000
19418 0.0000000000
19439 0.0000000000
19689 0.0000000000
19756 0.0000000000
19966 0.0000000000
20051 0.0000000000
20070 0.0000000000
20142 0.0000000000
20173 0.0000000000
20227 0.0000000000
20308 0.0000000000
20380 0.0000000000
20410 0.0000000000
20466 0.0000000000
20503 0.0000000000
20800 0.0000000000
evaluations raw_y
1 185616.1194763057
3 171418.3296265678
4 159715.9907346278
7 112892.4954335545
11 86041.3848452519
24 57230.5675623439
26 34340.4019402908
29 28541.0079351067
37 17403.1869716687
38 13404.3362152428
60 13369.2234923316
136 4001.2292543772
156 3074.0811240466
171 2567.5042174841
175 1601.3997472718
176 1341.9272733943
212 814.4043867243
249 802.2717785631
252 771.0118356459
273 643.3445665051
276 390.2479147254
299 148.2041648230
371 143.6633252034
383 124.5342107399
417 95.1233772468
431 91.8921462809
468 61.8437218113
481 35.8380080967
500 25.3381311711
611 24.8138094115
626 24.6286918908
630 22.7187702748
631 16.7094229127
691 15.8011393833
692 14.9237934777
804 12.8800669017
861 11.2216418399
1077 10.6611378152
1131 10.5265289088
1160 10.5211357292
1182 10.0037966516
1216 9.5759102606
1378 9.4692376846
1428 9.4501215591
1432 9.4168250016
1498 9.3897856081
1503 9.2659250918
1573 9.2466810409
1642 9.1778489826
1674 9.1661339083
1684 9.1032786114
1833 9.0433555598
1846 9.0261103120
2043 8.9286572216
2094 8.8185030309
2260 8.7871375834
2392 8.7743136581
2554 8.7281518398
2558 8.6412116411
2591 8.4954302182
2649 8.3662786047
2783 8.3006229271
2971 8.0813275671
3048 8.0464608550
3063 7.9731856889
3169 7.9120570374
3233 7.9037701232
3302 7.8871799520
3368 7.6833509003
3449 7.6455448036
3520 7.5614708616
3575 7.4634825938
3589 7.4603749925
3616 7.3702296427
3801 7.3454280452
3886 7.2515967340
3912 7.1038693282
4030 6.9104115224
4136 6.7657136969
4221 6.5954992600
4292 6.4743900264
4530 6.3424085818
4689 6.1386892404
4929 6.0646020546
5054 6.0058315821
5133 5.9690203161
5152 5.8861980112
5240 5.8750679381
5320 5.8644301347
5339 5.7975392516
5401 5.7412475628
5434 5.6160433481
5563 5.5502294266
5642 5.4046318751
5671 5.3831561077
5755 5.3703943662
5781 5.1395045811
6022 4.9716281811
6332 4.8644493637
6392 4.8324262891
6440 4.8306749821
6501 4.7117899746
6516 4.6643803761
6598 4.5314765657
6622 4.2839390883
6772 4.2068197982
6975 4.1079383692
7047 3.8384288055
7432 3.8353513731
7463 3.8059674581
7469 3.7245472006
7544 3.5754583423
7711 3.5592978800
7902 3.5201069519
7931 3.4550295850
8002 3.4523649798
8045 3.3283931825
8155 3.1868420767
8438 3.1083846494
8456 2.8873551433
8470 2.8307304982
8706 2.7982072728
8731 2.6949041994
8880 2.5331805212
8982 2.4703740539
9200 2.4613295046
9270 2.4334764753
9340 2.3496310287
9400 2.3218159318
9454 2.2364857329
9682 2.2319341190
9700 2.1374146586
9713 2.1191853690
9736 2.1175820656
9763 2.1071351446
9802 2.0938955169
9863 2.0281272462
9931 1.9530395944
10012 1.9049856518
10061 1.9024177229
10162 1.8556130140
10203 1.6375329739
10542 1.5402170021
10563 1.3977301247
10636 1.2612850346
10640 1.2221397268
11060 1.1990562361
11159 1.0299412849
11292 1.0158486254
11335 0.9747309529
11411 0.9552865505
11420 0.9448871463
11424 0.9397835128
11466 0.8875281374
11495 0.8598982240
11598 0.7938372774
11823 0.7113132195
12023 0.6857959269
12058 0.6582839630
12125 0.6545829536
12182 0.6231022214
12286 0.5762285858
12329 0.5754006103
12362 0.5355291789
12450 0.5189896384
12523 0.5025277599
12560 0.5009664214
12583 0.4760298837
12631 0.4375357709
12668 0.3999911839
13046 0.3985592397
13228 0.3442114080
13338 0.2987176994
13439 0.2978829568
13514 0.2593718819
13545 0.2569096383
13555 0.2339208039
13606 0.2279663515
13673 0.2051859979
13757 0.1766415458
14061 0.1526762463
14135 0.1516105010
14209 0.1451829860
14377 0.1179877215
14527 0.1116081333
14531 0.1022038211
14932 0.0818852766
14968 0.0664411224
15128 0.0523532025
15170 0.0492128699
15212 0.0426036378
15409 0.0390788418
15450 0.0261449592
15466 0.0259052558
15493 0.0238897538
15496 0.0227910498
15626 0.0226244171
15653 0.0216325791
15667 0.0189695652
15727 0.0179597028
15786 0.0136577243
15917 0.0134523124
16017 0.0097206938
16104 0.0090018058
16134 0.0074730466
16310 0.0028710733
16410 0.0024041412
16558 0.0018201981
16584 0.0018057200
16710 0.0016833554
16719 0.0013093759
16814 0.0010029982
16851 0.0008063785
17012 0.0005180098
17045 0.0004843508
17120 0.0002575406
17269 0.0001427371
17303 0.0001056423
17461 0.0000879362
17462 0.0000826786
17466 0.0000779212
17486 0.0000767451
17510 0.0000736209
17535 0.0000304277
17597 0.0000224191
17715 0.0000216548
17816 0.0000131632
17838 0.0000102216
17925 0.0000046071
18128 0.0000044149
18130 0.0000022065
18274 0.0000019699
18324 0.0000019071
18350 0.0000009465
18465 0.0000005628
18553 0.0000005255
18626 0.0000004697
18648 0.0000004628
18663 0.0000003565
18674 0.0000003178
18723 0.0000001348
18973 0.0000001070
19068 0.0000000875
19110 0.0000000665
19174 0.0000000567
19205 0.0000000447
19211 0.0000000184
19354 0.0000000138
19450 0.0000000131
19499 0.0000000129
19539 0.0000000117
19543 0.0000000100
19550 0.0000000068
19601 0.0000000056
19622 0.0000000050
19719 0.0000000042
19750 0.0000000015
19924 0.0000000005
20137 0.0000000004
20214 0.0000000003
20233 0.0000000003
20292 0.0000000001
20492 0.0000000001
20528 0.0000000001
20586 0.0000000001
20654 0.0000000000
20757 0.0000000000
20818 0.0000000000
20906 0.0000000000
20942 0.0000000000
21076 0.0000000000
21081 0.0000000000
21098 0.0000000000
21245 0.0000000000
21260 0.0000000000
21350 0.0000000000
21462 0.0000000000
21509 0.0000000000
21529 0.0000000000
21634 0.0000000000
21652 0.0000000000
21689 0.0000000000
21770 0.0000000000
21813 0.0000000000
22109 0.0000000000
22411 0.0000000000
evaluations raw_y
1 152680.1327736964
4 136129.7652362104
5 88837.7682530075
9 51852.1501663919
11 41484.3160151076
12 38673.3229869929
15 35076.6050334650
28 22978.6248356302
35 9352.3140738904
44 7691.3312216594
49 3396.5225138200
74 1345.4212554713
172 1009.6297705527
191 744.1798134332
209 625.8172658552
214 527.5250725520
222 493.3297776316
224 453.5443482768
239 431.7062404730
247 223.0614490068
307 158.3945230476
342 157.2167249967
347 90.9119659157
367 76.7914822907
383 56.0016514868
396 43.8732862904
402 39.4983876391
408 35.3791003117
474 31.5413846518
527 18.4655494119
663 17.0822488510
681 16.8258991684
757 14.7930225400
837 14.1064673224
872 11.6586037775
916 11.1369685660
968 11.0684999625
1025 10.5335263035
1053 9.1941418477
1354 8.3184818640
1764 8.1583682987
1794 8.0545636784
1942 8.0483265135
1969 7.9617706500
1993 7.8802821665
1995 7.7397574939
2107 7.5508524938
2213 7.3974280299
2336 7.2654768417
2583 7.1720769105
2604 7.1408479366
2626 7.1247599764
2674 7.0827628608
2694 7.0657955334
2721 7.0362504163
2797 6.9408787819
2880 6.8586943999
3043 6.7547615247
3204 6.5120658973
3241 6.3104497880
3330 6.2318294878
3354 6.2261523294
3357 6.1825920399
3505 6.1059379744
3519 5.8902946979
3692 5.8671147315
3851 5.8060627394
3996 5.5235571648
4109 5.5165270591
4185 5.4821879457
4284 5.0860013861
4513 4.9785911809
4650 4.9644806247
4728 4.8811963337
4737 4.8109542248
4768 4.7965090593
4775 4.6546649540
4806 4.6382233722
4855 4.4733572511
4916 4.2886785597
5247 4.1530927856
5442 4.0498696740
5595 4.0224013313
5672 3.9567645372
5803 3.9099523322
5807 3.8719632724
5872 3.6962064630
6078 3.6009062572
6207 3.2495132594
6702 3.0720810085
6719 2.8943107138
6838 2.8023032574
7029 2.7940560737
7031 2.4577575492
7179 2.4475838000
7251 2.4381297736
7264 2.4353050483
7274 2.3969031216
7420 2.3051580418
7421 2.2823567376
7516 2.1320091762
7582 2.0730515999
7759 1.9897107893
7774 1.9345331317
7978 1.9128872480
8036 1.8155754273
8091 1.8038047110
8155 1.7935895037
8197 1.7275715340
8226 1.7054125751
8273 1.6348750824
8325 1.5992577484
8374 1.4370332361
8448 1.2488143798
8943 1.2181831200
8968 1.1511701713
9096 1.0911276916
9140 1.0692529000
9187 1.0570731601
9330 1.0122781531
9411 0.9701345910
9434 0.9552870856
9439 0.9018956423
9446 0.8780725558
9452 0.8647917404
9519 0.8616512133
9525 0.8376109571
9536 0.8212300837
9579 0.8118250495
9605 0.7992422422
9613 0.7203916901
9961 0.5615819317
10411 0.4815194543
10425 0.4503211854
10549 0.3982292377
10624 0.3809630906
10643 0.3367216917
10843 0.3297645822
10847 0.3275868297
10875 0.3200495659
10956 0.3157780462
10976 0.2716802492
11090 0.2589116114
11105 0.2131754854
11215 0.1996860160
11437 0.1944543602
11589 0.1926170304
11619 0.1838273524
11681 0.1723950229
11711 0.1670263220
11737 0.1552059503
11758 0.1095347971
11994 0.0988764258
12071 0.0964990806
12133 0.0841062037
12146 0.0808067960
12228 0.0764888824
12651 0.0483550092
12752 0.0401912978
12842 0.0341813483
12878 0.0334593361
12886 0.0321843123
12910 0.0272725507
13007 0.0249083717
13017 0.0241424564
13053 0.0206335876
13064 0.0194764858
13098 0.0178249154
13108 0.0099807800
13207 0.0092361800
13457 0.0085502688
13465 0.0080675532
13473 0.0077357741
13561 0.0046802470
13733 0.0040412457
13804 0.0037541721
13872 0.0035920612
13989 0.0032469456
14115 0.0028937624
14127 0.0027266548
14198 0.0024282318
14261 0.0021882533
14314 0.0019096649
14355 0.0017974151
14420 0.0015308870
14446 0.0014333126
14500 0.0011633295
14511 0.0009553778
14617 0.0009550664
14622 0.0005686356
14727 0.0004385159
14763 0.0003746698
14804 0.0002407421
14870 0.0001811739
14941 0.0001539644
15023 0.0000658789
15153 0.0000644906
15218 0.0000567040
15220 0.0000433501
15256 0.0000254476
15333 0.0000138358
15371 0.0000136514
15499 0.0000081578
15540 0.0000072072
15569 0.0000064766
15630 0.0000050741
15643 0.0000048123
15657 0.0000039201
15766 0.0000029760
15781 0.0000020972
15875 0.0000005247
16193 0.0000005157
16203 0.0000005147
16246 0.0000004879
16254 0.0000002394
16354 0.0000002126
16417 0.0000000829
16652 0.0000000689
16696 0.0000000680
16775 0.0000000438
16854 0.0000000293
16963 0.0000000245
16973 0.0000000143
17099 0.0000000114
17128 0.0000000112
17176 0.0000000066
17264 0.0000000052
17335 0.0000000042
17397 0.0000000022
17441 0.0000000018
17457 0.0000000010
17558 0.0000000010
17574 0.0000000007
17765 0.0000000007
17780 0.0000000006
17804 0.0000000006
17809 0.0000000006
17841 0.0000000003
17925 0.0000000001
18138 0.0000000001
18152 0.0000000001
18219 0.0000000001
18315 0.0000000001
18349 0.0000000000
18378 0.0000000000
18396 0.0000000000
18416 0.0000000000
18430 0.0000000000
18536 0.0000000000
18613 0.0000000000
18728 0.0000000000
18821 0.0000000000
18892 0.0000000000
18916 0.0000000000
19018 0.0000000000
19107 0.0000000000
19126 0.0000000000
19155 0.0000000000
19180 0.0000000000
19241 0.0000000000
19305 0.0000000000
19347 0.0000000000
19432 0.0000000000
19439 0.0000000000
19442 0.0000000000
19459 0.0000000000
19463 0.0000000000
19518 0.0000000000
19642 0.0000000000
19760 0.0000000000
19786 0.0000000000
19977 0.0000000000
20213 0.0000000000
20480 0.0000000000
evaluations raw_y
1 595040.6072448251
2 225051.2290719075
6 129397.4417794149
11 34598.6283563997
45 25888.9827205629
55 5060.4287490329
68 2451.1028940779
135 1658.7695444636
137 1005.5746972195
154 675.1000037462
175 569.9941268864
182 562.8337020367
234 225.1521748282
312 141.0325566575
339 116.5867574085
352 61.7586741402
418 50.2748537584
430 43.5035051877
461 35.8185478159
479 26.6964131003
553 25.0560070927
569 24.1916369233
578 23.6356324305
664 22.9229341407
668 21.4375761002
679 20.8966441308
765 19.4502703767
824 17.6801765944
829 17.4342634498
843 13.6845367774
872 13.3877056277
885 13.3277859844
1025 12.9011185998
1058 12.1418019568
1067 11.5697093999
1072 10.7631176284
1114 10.4004648955
1136 10.2217726355
1137 9.8530708774
1208 9.7269716675
1211 9.5225641211
1286 9.5110396596
1330 9.3227980470
1370 9.1724961354
1443 8.9337470308
1520 8.9090327551
1544 8.8913818471
1594 8.8521788726
1720 8.7978032722
1737 8.7976097807
1785 8.6590989671
1829 8.6517312961
1847 8.5832596391
1994 8.5633355724
2063 8.4640967906
2205 8.1979805925
2447 8.0636791384
2539 7.9994519833
2695 7.9966003361
2703 7.9882401187
2709 7.8774270995
2762 7.6049728592
2876 7.3550624026
3067 7.1902784847
3268 7.0361803084
3384 7.0141652767
3396 6.9678345249
3475 6.9168943539
3574 6.8959426739
3616 6.8465753477
3617 6.8313673289
3687 6.7035572331
3759 6.5201597826
3788 6.3847726313
3993 6.3279547406
4005 6.2079883293
4039 6.1807316522
4304 6.0944340842
4314 6.0240556603
4345 5.9917290183
4469 5.6962956966
4621 5.6835298005
4706 5.5507761785
4762 5.5215125542
4809 5.4029101512
4916 5.3876810970
4929 5.3750959850
4972 5.3174272785
5043 5.2544684822
5075 5.1368607681
5223 5.0668951610
5438 4.8794424746
5501 4.8529631933
5621 4.7215935071
5866 4.6497849928
5869 4.6449857658
5888 4.6226052673
5908 4.5116891401
5918 4.4960826236
6047 4.3910019738
6208 4.2698455540
6325 4.1000568555
6406 4.0251836904
6453 3.9202344420
6658 3.8693877899
6722 3.6893216214
6987 3.5230371425
7166 3.4727187192
7203 3.4515972532
7240 3.2203287316
7501 3.2048972396
7562 3.1931655445
7633 3.1597185770
7696 3.1422848605
7725 3.1007830869
7730 2.9570397046
7770 2.9340742836
7858 2.8103509034
7866 2.7807097242
7906 2.7084778863
8130 2.4852827255
8407 2.3736094502
8672 2.3310989568
8715 2.0246227174
8850 2.0202848658
8987 2.0174036728
9098 1.9757801927
9115 1.9015965727
9170 1.8620017836
9195 1.7086291513
9363 1.6681477290
9395 1.6487193773
9402 1.6384996450
9405 1.5705620933
9423 1.4363335250
9708 1.3862179954
9805 1.3254895070
9888 1.2946086300
10003 1.1733213919
10043 1.1339091145
10153 1.1059947015
10477 1.0432323973
10544 0.9147646526
10628 0.9112088113
10633 0.8337581136
10695 0.8296281117
10696 0.8020349312
10835 0.7990981680
10836 0.7158437758
10994 0.7114950470
11046 0.6323711686
11061 0.6262881189
11119 0.6191496269
11171 0.5601268192
11585 0.5242765894
11637 0.5230927952
11645 0.4353384206
11792 0.4308302572
11833 0.3621567420
12111 0.3262734553
12456 0.2812438672
12472 0.2790906175
12490 0.2722914497
12495 0.2464184475
12497 0.2102110240
12596 0.2091759699
12820 0.1985113721
12826 0.1920729093
12866 0.1673329864
12918 0.1666872191
12971 0.1523788368
13020 0.1314502123
13108 0.1274890623
13156 0.1192480861
13278 0.1091369002
13403 0.1086574245
13428 0.1037756812
13430 0.0802133914
13517 0.0727001808
13596 0.0715619095
13689 0.0686653925
13758 0.0563230406
13856 0.0454637626
13862 0.0423764658
14133 0.0331644915
14229 0.0233849378
14347 0.0173854405
14535 0.0112563692
14719 0.0087486734
14750 0.0086266329
14760 0.0075443557
14778 0.0059345270
14979 0.0056268926
15048 0.0033705922
15250 0.0022426719
15289 0.0020691032
15291 0.0008944382
15327 0.0008081304
15656 0.0006484028
15764 0.0006431503
15767 0.0006071464
15831 0.0003656073
16098 0.0003624736
16149 0.0002196906
16210 0.0001780384
16310 0.0001536484
16313 0.0001525042
16318 0.0001182178
16332 0.0001161624
16353 0.0000776173
16432 0.0000659474
16574 0.0000506632
16576 0.0000429290
16623 0.0000384694
16629 0.0000196711
16654 0.0000185021
16819 0.0000128370
16903 0.0000093636
16929 0.0000067336
17035 0.0000066147
17054 0.0000048239
17055 0.0000047035
17132 0.0000029473
17201 0.0000023618
17220 0.0000023472
17291 0.0000021099
17307 0.0000018223
17338 0.0000013075
17353 0.0000009021
17397 0.0000008724
17484 0.0000008620
17487 0.0000007925
17494 0.0000007283
17505 0.0000005823
17514 0.0000003793
17530 0.0000001691
17760 0.0000000986
17797 0.0000000747
17914 0.0000000697
17940 0.0000000655
17955 0.0000000625
17999 0.0000000324
18108 0.0000000297
18175 0.0000000262
18225 0.0000000244
18235 0.0000000240
18242 0.0000000188
18271 0.0000000160
18352 0.0000000117
18386 0.0000000112
18478 0.0000000110
18492 0.0000000044
18705 0.0000000030
18707 0.0000000025
18720 0.0000000021
18765 0.0000000019
18777 0.0000000006
19063 0.0000000002
19082 0.0000000002
19297 0.0000000001
19300 0.0000000001
19303 0.0000000001
19419 0.0000000000
19466 0.0000000000
19474 0.0000000000
19487 0.0000000000
19515 0.0000000000
19598 0.0000000000
19645 0.0000000000
19679 0.0000000000
19708 0.0000000000
19716 0.0000000000
19848 0.0000000000
19915 0.0000000000
19933 0.0000000000
19954 0.0000000000
19971 0.0000000000
20055 0.0000000000
20068 0.0000000000
20095 0.0000000000
20160 0.0000000000
20178 0.0000000000
20197 0.0000000000
20262 0.0000000000
20313 0.0000000000
20346 0.0000000000
20400 0.0000000000
20413 0.0000000000
20431 0.0000000000
20435 0.0000000000
20541 0.0000000000
20600 0.0000000000
20685 0.0000000000
20745 0.0000000000
20902 0.0000000000
21035 0.0000000000
21686 0.0000000000
evaluations raw_y
1 716387.7718954869
2 479258.3214783304
3 346302.5654774783
6 228465.5357450532
15 120207.5408753617
19 98966.6032850046
29 36237.9693526836
30 28951.5352880910
39 8417.1259872866
65 8382.7197500271
110 4230.6690956075
162 4214.6290744974
167 4170.9031967953
195 1948.6528831320
209 1639.0057144247
224 1550.3585336116
227 752.5085336286
267 387.9766547680
280 275.2686814456
297 238.8313146472
327 157.9095196155
361 69.9933660743
423 57.6671333745
437 46.5906811988
438 42.6794870604
527 22.7468718984
630 19.2595795236
782 16.8426799766
807 14.3734290429
813 14.2418413181
840 10.4248133851
1194 9.6197524188
1197 9.5576964667
1301 9.2310451358
1316 9.2256752305
1346 8.9988824584
1364 8.6575752443
1640 8.6075839130
1692 8.4374029467
1903 7.9148771349
2184 7.8643267392
2238 7.8477531710
2312 7.6296624808
2335 7.5231633637
2484 7.4188189849
2656 7.3686474781
2686 7.1963681014
2813 7.1590460351
2839 7.1016537278
2918 7.0972925052
2964 6.8974976705
2985 6.8013085391
3133 6.7825463381
3219 6.3894069251
3412 6.3864413115
3508 6.2413877384
3513 5.8145455160
3826 5.7414991345
3980 5.7268414694
4000 5.6952414066
4028 5.6683399451
4106 5.5618254902
4139 5.4704270717
4340 5.4108493774
4385 5.2977790935
4404 5.2442553642
4540 5.1064667836
4714 5.1028307880
4721 4.8407297448
4881 4.7791652365
4964 4.7071661744
4970 4.4287555441
5205 4.3656398665
5260 4.2048736180
5430 4.2012171700
5435 4.1390470532
5450 4.1011237502
5470 3.9289769985
5785 3.8577991199
5870 3.7886035136
5908 3.7420040182
5928 3.7308845379
5961 3.7119305700
6179 3.6380369157
6205 3.6359978642
6250 3.5958091599
6256 3.5498312529
6322 3.3926552903
6423 3.2940689388
6450 3.1538015104
6578 3.0562470536
6786 3.0523907696
6863 3.0217986360
6909 2.7105662638
7068 2.6805146661
7099 2.6746317665
7106 2.6659671193
7140 2.6361753115
7220 2.6225596229
7267 2.5919982414
7311 2.4989465412
7327 2.4569270982
7605 2.4394623035
7617 2.4248687915
7645 2.3626404251
7765 2.3486412529
7783 2.3215336001
7819 2.2795540063
7968 2.2537988216
7969 2.2476657394
7978 2.1321527771
8046 2.0182734752
8279 1.8615607198
8475 1.8045877681
8507 1.6781960076
8649 1.6556769784
8657 1.5053566831
8693 1.4855441870
8780 1.4484333496
9052 1.2689757665
9086 1.2459034425
9158 1.1724784276
9304 1.1280572062
9337 1.1076481339
9350 1.0358870553
9410 1.0015266344
9421 0.9788553033
9559 0.9716425958
9565 0.9716153101
9569 0.9460576848
9650 0.8259489079
9910 0.8255652535
9913 0.8163867960
9983 0.7136450043
10013 0.7049846937
10097 0.6795771663
10329 0.6474473331
10413 0.6428770834
10422 0.6140149796
10444 0.5484212854
10520 0.5170169669
10678 0.5153632841
10726 0.4968189584
10730 0.4779526606
10747 0.4656699475
10798 0.4213704101
10952 0.3491292205
11227 0.3352941275
11342 0.3102929230
11437 0.2532142622
11549 0.2131367743
11597 0.2064413582
11748 0.1749203301
11865 0.1698000083
11894 0.1570215236
11985 0.1153331217
12294 0.1059993400
12461 0.0825121115
12548 0.0652587272
12696 0.0461318560
12910 0.0352864341
13124 0.0352219691
13233 0.0252890556
13280 0.0218199974
13417 0.0215636269
13450 0.0143244075
13559 0.0138371424
13590 0.0127826774
13607 0.0112040302
13615 0.0106194532
13695 0.0090764397
13756 0.0057460818
13939 0.0043937202
14002 0.0018861080
14253 0.0015406867
14267 0.0011893124
14283 0.0010911866
14390 0.0009312691
14447 0.0009043874
14479 0.0008861617
14496 0.0007515522
14528 0.0007032013
14601 0.0006803960
14615 0.0005761012
14664 0.0005690480
14718 0.0005468021
14724 0.0004510984
14727 0.0004028455
14758 0.0003759506
14759 0.0002581302
14785 0.0002264962
14811 0.0001602404
14890 0.0000970314
14987 0.0000748220
15130 0.0000620090
15258 0.0000560214
15351 0.0000394356
15353 0.0000313310
15419 0.0000311000
15429 0.0000300615
15444 0.0000274822
15487 0.0000272855
15500 0.0000238609
15510 0.0000209092
15513 0.0000193721
15560 0.0000162724
15596 0.0000090426
15693 0.0000086253
15702 0.0000072546
15761 0.0000066893
15812 0.0000060071
15849 0.0000059344
15867 0.0000046889
15915 0.0000043811
15930 0.0000041939
15960 0.0000041185
15962 0.0000026741
15978 0.0000023622
16001 0.0000020956
16009 0.0000017567
16050 0.0000015634
16114 0.0000012833
16130 0.0000010402
16136 0.0000007438
16178 0.0000004545
16307 0.0000003560
16513 0.0000002537
16538 0.0000002411
16641 0.0000001471
16658 0.0000000774
16732 0.0000000605
16845 0.0000000489
16898 0.0000000451
17019 0.0000000362
17093 0.0000000317
17129 0.0000000239
17153 0.0000000225
17168 0.0000000161
17215 0.0000000152
17269 0.0000000091
17391 0.0000000078
17461 0.0000000072
17484 0.0000000038
17488 0.0000000027
17606 0.0000000024
17625 0.0000000012
17751 0.0000000010
17814 0.0000000009
17888 0.0000000002
18058 0.0000000002
18172 0.0000000002
18177 0.0000000002
18196 0.0000000001
18251 0.0000000000
18310 0.0000000000
18375 0.0000000000
18464 0.0000000000
18493 0.0000000000
18519 0.0000000000
18534 0.0000000000
18731 0.0000000000
18775 0.0000000000
18866 0.0000000000
18872 0.0000000000
18880 0.0000000000
18904 0.0000000000
18961 0.0000000000
18981 0.0000000000
19025 0.0000000000
19117 0.0000000000
19273 0.0000000000
19282 0.0000000000
19404 0.0000000000
19483 0.0000000000
19575 0.0000000000
19800 0.0000000000
20238 0.0000000000
evaluations raw_y
1 48738.7178401947
3 21695.6264211301
25 13654.4691182482
27 13534.2866111251
90 10507.7583837614
99 6280.6335332811
135 5783.5097750996
159 5082.0950326787
165 4848.0976585777
173 4781.4538858046
190 3651.3024965872
203 3444.2243483776
213 2677.5152544831
222 2263.2320287842
243 1836.2142719452
251 1571.8976907331
313 1042.9842207064
326 958.9033804051
339 875.4548797995
379 643.8920980627
391 488.4610224657
416 475.2549316397
426 430.5186437151
437 215.4172582503
523 193.6767855087
534 192.4747994608
540 50.7063627070
651 45.1435603618
654 33.1647416977
698 30.0378987429
756 24.0044294578
807 22.8186095038
814 16.1242901451
831 15.2494776041
953 15.0506777656
1012 14.0305420182
1030 13.6287150312
1042 11.4952887537
1113 11.3872706935
1134 9.6712963819
1251 9.2716938961
1260 9.2455841173
1348 8.8306610202
1422 8.8073237453
1443 8.5230075229
1517 8.1980872290
1542 7.9743615229
1562 7.8378173670
1749 7.6833260039
1792 7.6397445954
1795 7.5453330360
1828 7.4016522409
1994 7.3649373605
2041 7.3475400497
2090 7.2587779838
2136 7.2075802336
2148 7.1696209203
2170 6.9822505556
2515 6.9473494295
2521 6.8487763992
2577 6.6878638402
2647 6.6207791824
2700 6.3169760571
2775 6.1494055008
3074 5.9801559144
3101 5.9324777772
3160 5.8576093747
3263 5.8138379814
3339 5.7237941226
3387 5.7024464703
3403 5.6470540692
3450 5.5130817722
3538 5.4316618118
3688 5.2439348445
3694 5.1037423289
3919 4.7343262890
4203 4.7089990495
4262 4.6641546590
4395 4.4961748006
4451 4.4867426306
4495 4.4566542429
4512 4.4442522310
4538 4.3916716846
4625 4.3653691177
4795 4.0097038928
5026 3.9711626068
5027 3.8505997700
5150 3.7394644701
5158 3.7367331335
5252 3.6360636514
5269 3.4888526824
5451 3.4675796021
5474 3.4368826793
5742 3.2504313355
5921 2.9891314327
5949 2.9726222774
5987 2.9137690499
6061 2.9113932901
6121 2.7617865667
6449 2.4889751536
6698 2.4757765842
6762 2.3811722939
6777 2.3757115055
6820 2.3563436012
6829 2.3521857789
6879 2.3491678005
6929 2.3437004689
6991 2.3106216729
7016 2.2607248836
7045 2.2213055845
7072 2.2048940739
7140 2.0981079711
7167 2.0254879609
7293 2.0105032621
7300 1.9538953695
7332 1.8962760936
7399 1.8263254271
7590 1.7453573520
7695 1.7423550568
7753 1.7185865784
7788 1.6374506622
7856 1.5493117187
8030 1.4327988401
8041 1.3440398939
8282 1.3183092409
8397 1.3144338175
8412 1.2973616785
8494 1.1406607598
8780 1.0792249224
8787 1.0588484703
8800 1.0371100292
8819 0.9096850880
8903 0.8986851904
8997 0.8430103184
9081 0.7754162743
9150 0.7748790004
9165 0.6982006180
9210 0.6387250675
9422 0.5749925420
9457 0.5282105991
9653 0.5270573254
9672 0.5160642889
9685 0.4934733867
9797 0.4864115267
9852 0.4763776254
9881 0.4666882373
9911 0.4401198607
9976 0.3220107688
10406 0.3067032759
10459 0.2654987101
10488 0.2561736051
10795 0.2358760119
10866 0.2302021755
10884 0.2112998373
10943 0.1895134807
11213 0.1844488293
11225 0.1602307419
11258 0.1354266557
11461 0.1298527308
11532 0.1054563187
11738 0.0965908632
11796 0.0925312690
11856 0.0900045122
11860 0.0882230240
11914 0.0807371399
11927 0.0721399169
11967 0.0613911675
12019 0.0568251279
12037 0.0482097537
12186 0.0320142755
12380 0.0310965480
12392 0.0292919587
12622 0.0190914386
12687 0.0124688660
13025 0.0095983419
13239 0.0080532822
13256 0.0064759094
13278 0.0043137366
13390 0.0030734222
13515 0.0020420800
13534 0.0016644399
13729 0.0008564896
13796 0.0007972549
13925 0.0006756288
13972 0.0006598152
14075 0.0004685510
14150 0.0003342342
14388 0.0002541813
14471 0.0002437469
14498 0.0002159644
14534 0.0002046053
14553 0.0001314990
14638 0.0001110087
14691 0.0001100969
14761 0.0001048513
14762 0.0000952367
14765 0.0000328874
14907 0.0000317367
14924 0.0000287047
14941 0.0000271016
14954 0.0000201646
14994 0.0000183179
15010 0.0000121803
15054 0.0000094725
15128 0.0000084777
15182 0.0000075494
15273 0.0000061278
15303 0.0000059353
15309 0.0000035613
15373 0.0000033950
15380 0.0000023470
15430 0.0000013195
15517 0.0000008351
15535 0.0000007248
15583 0.0000005337
15672 0.0000002703
15700 0.0000002304
15871 0.0000002223
15895 0.0000002177
15939 0.0000001997
15959 0.0000001901
15977 0.0000001453
16049 0.0000001412
16051 0.0000001022
16088 0.0000000912
16107 0.0000000888
16121 0.0000000501
16143 0.0000000334
16191 0.0000000275
16296 0.0000000138
16398 0.0000000112
16511 0.0000000102
16512 0.0000000087
16537 0.0000000076
16682 0.0000000051
16699 0.0000000048
16709 0.0000000044
16773 0.0000000033
16865 0.0000000032
16888 0.0000000026
16891 0.0000000016
16899 0.0000000012
16954 0.0000000012
17001 0.0000000011
17019 0.0000000011
17041 0.0000000009
17070 0.0000000008
17092 0.0000000008
17151 0.0000000005
17175 0.0000000005
17186 0.0000000005
17199 0.0000000005
17214 0.0000000004
17249 0.0000000004
17267 0.0000000004
17268 0.0000000002
17372 0.0000000001
17391 0.0000000001
17489 0.0000000001
17617 0.0000000000
17656 0.0000000000
17704 0.0000000000
17804 0.0000000000
17849 0.0000000000
17859 0.0000000000
17862 0.0000000000
17864 0.0000000000
17893 0.0000000000
17900 0.0000000000
17934 0.0000000000
18001 0.0000000000
18043 0.0000000000
18075 0.0000000000
18128 0.0000000000
18136 0.0000000000
18244 0.0000000000
18270 0.0000000000
18335 0.0000000000
18353 0.0000000000
18385 0.0000000000
18466 0.0000000000
18644 0.0000000000
18680 0.0000000000
18737 0.0000000000
18845 0.0000000000
18936 0.0000000000
19000 0.0000000000
19312 0.0000000000
19906 0.0000000000
evaluations raw_y
1 385486.9236499562
2 199734.0499662296
5 44408.9408329834
23 20718.5770873449
36 19688.3647312109
42 10774.3957142961
52 6775.7721932925
103 4276.2760885736
125 3377.6882497661
133 1007.6898496670
141 738.3424496035
174 564.3278360514
197 445.0618960564
221 289.5331485659
228 261.9527491975
264 115.0587661384
402 83.5407876383
429 72.6009427840
449 50.0218181308
463 24.5736006796
551 21.3101424215
579 20.6348331882
587 19.4028777634
722 17.2835405997
770 16.5633926777
857 16.5060123633
870 14.7105773505
895 12.5434109018
957 12.2414759898
992 11.0500048663
1169 10.8291986905
1220 10.1333121986
1248 9.5590998942
1289 9.2645920081
1355 9.0486283392
1426 8.9860156847
1496 8.9235682135
1560 8.9166711758
1568 8.8657789098
1699 8.8066076931
1792 8.7860336444
1839 8.4973717570
1939 8.3941376299
2057 8.3831196876
2254 8.3358367207
2268 8.2821256378
2373 8.1623747448
2426 8.0560220184
2575 7.9538639446
2638 7.7054839589
2806 7.6781991393
2843 7.6295180885
2848 7.6284276481
2886 7.5580995539
2960 7.5281280964
3142 7.0213656625
3355 7.0034877555
3412 6.8732820480
3548 6.8240526932
3562 6.7841517813
3564 6.6962144529
3635 6.6875523553
3646 6.6489312347
3661 6.4912789729
3830 6.4846992542
3864 6.4507328152
4061 6.3989755488
4107 6.1826258309
4277 6.0428795749
4363 5.9495218836
4461 5.8422619378
4507 5.4863066070
4786 5.3817191767
4897 5.2606487794
5193 5.1751181743
5223 5.1446214189
5346 5.0926438701
5359 5.0564555210
5392 4.8474194326
5412 4.7900412977
5813 4.7450040212
5883 4.6965232327
5918 4.5057243254
5981 4.4929870505
6159 4.4252060338
6188 4.3081649025
6309 4.1932111588
6319 4.1887390078
6365 4.1367399024
6383 4.0844725858
6409 4.0519739137
6433 4.0418123337
6713 3.8424717031
6856 3.8320996079
6859 3.7652950790
6902 3.7301473197
6909 3.6434975453
6939 3.4681529337
7040 3.3353577765
7338 3.2326247658
7347 3.2291819065
7418 3.1777103873
7432 3.0747487526
7437 2.9589407141
7523 2.9540819315
7685 2.9242188222
7718 2.8240180623
7770 2.7286385293
7801 2.6986070711
7916 2.6715207716
7937 2.4990117374
8045 2.3805870290
8106 2.2981829463
8297 2.1959771966
8346 2.1850180172
8432 2.0724356781
8620 2.0632390375
8624 2.0114026897
8629 1.9800237537
8702 1.8884084501
8796 1.6834331459
8843 1.6790182573
9116 1.6440591878
9163 1.6423275340
9169 1.4972730589
9412 1.3925926541
9474 1.3251550081
9907 1.2793878146
9941 1.1805540847
9981 1.1405094572
10077 1.1128113969
10176 1.0551421212
10223 1.0536559709
10239 1.0415601967
10315 1.0123308719
10347 0.9545068347
10379 0.9165301831
10492 0.9126531769
10605 0.8308755618
10665 0.7588364294
10777 0.7127076629
10930 0.6939378017
11022 0.6175260434
11233 0.6147219065
11271 0.6025119556
11317 0.5861901436
11318 0.5529318673
11392 0.5461826912
11431 0.5298799506
11434 0.4970159865
11459 0.4799027427
11490 0.4557483972
11615 0.4430172399
11619 0.4076671482
11699 0.3619940485
11757 0.3365775169
11903 0.3254382861
11942 0.3114983070
12056 0.2928415759
12192 0.2793811211
12340 0.2620941142
12371 0.2084153018
12524 0.1709520443
12611 0.1617398891
12707 0.1497657407
12822 0.1415246279
12859 0.1384087770
12870 0.1297446696
12885 0.1151081203
12938 0.0841614745
13069 0.0731958963
13262 0.0652097255
13310 0.0622862010
13492 0.0449251662
13529 0.0191192254
13907 0.0153887513
14191 0.0117122301
14226 0.0057583926
14437 0.0045546395
14650 0.0027603198
14690 0.0026625493
14843 0.0013775082
14999 0.0008062497
15331 0.0007929735
15361 0.0003925752
15448 0.0003708586
15489 0.0001995317
15814 0.0001967358
15835 0.0001368537
15901 0.0001126684
15908 0.0000935990
15916 0.0000632793
15938 0.0000527400
16078 0.0000390971
16145 0.0000336516
16187 0.0000281592
16249 0.0000260378
16258 0.0000233418
16351 0.0000171743
16446 0.0000133253
16456 0.0000086529
16646 0.0000048738
16696 0.0000046496
16865 0.0000033713
16877 0.0000028259
16952 0.0000026822
16996 0.0000023932
17050 0.0000017768
17100 0.0000015195
17156 0.0000015177
17181 0.0000012686
17202 0.0000011575
17209 0.0000011152
17232 0.0000010323
17236 0.0000008463
17237 0.0000006542
17259 0.0000005847
17285 0.0000005691
17292 0.0000004469
17307 0.0000003216
17451 0.0000002162
17606 0.0000001939
17640 0.0000001386
17663 0.0000000915
17716 0.0000000779
17722 0.0000000599
17926 0.0000000349
17991 0.0000000334
18111 0.0000000173
18140 0.0000000077
18378 0.0000000054
18391 0.0000000042
18443 0.0000000042
18540 0.0000000040
18560 0.0000000028
18582 0.0000000026
18592 0.0000000025
18610 0.0000000020
18659 0.0000000013
18797 0.0000000007
18809 0.0000000004
18812 0.0000000004
19061 0.0000000003
19080 0.0000000003
19144 0.0000000002
19171 0.0000000002
19236 0.0000000002
19301 0.0000000001
19518 0.0000000001
19565 0.0000000000
19589 0.0000000000
19817 0.0000000000
19826 0.0000000000
19898 0.0000000000
20021 0.0000000000
20033 0.0000000000
20157 0.0000000000
20215 0.0000000000
20229 0.0000000000
20312 0.0000000000
20429 0.0000000000
20442 0.0000000000
20453 0.0000000000
20465 0.0000000000
20561 0.0000000000
20636 0.0000000000
20638 0.0000000000
20710 0.0000000000
20734 0.0000000000
20753 0.0000000000
20892 0.0000000000
20927 0.0000000000
20970 0.0000000000
21147 0.0000000000
21152 0.0000000000
21232 0.0000000000
21569 0.0000000000
21946 0.0000000000
evaluations raw_y
1 2889292.6921499209
2 100477.6765977079
8 47750.8611143519
10 31811.5505653568
24 20387.9340556345
25 6318.7486941348
39 5789.8631258451
98 2646.8303500078
120 1016.5342445583
166 907.4927401345
195 676.6041880567
215 457.9905737605
228 433.1104338497
240 384.8921808470
254 281.5269529516
273 189.3719718221
316 179.1265870489
319 141.2089973522
343 137.1086965612
412 136.9950247875
444 116.6437789071
459 84.4523079516
469 50.7149806860
505 44.0892424753
515 38.7845966468
625 31.5351376661
630 29.4155037469
655 26.3914943038
663 24.6861193079
673 24.4377698649
722 16.9853631348
898 15.0951392734
984 14.7638187396
989 10.9559152051
1146 10.9089713534
1176 10.7661540386
1194 10.5889698474
1220 10.0081789837
1276 9.6442525580
1325 9.5467874079
1583 9.4933770641
1721 9.4717505307
1748 9.2395137893
1754 9.0240947019
1889 8.8049755716
2013 8.7215236826
2142 8.4761602462
2210 8.4391943871
2341 8.2762506244
2375 8.1166183417
2761 7.8683697469
2912 7.8070555707
2915 7.7809402892
2969 7.7509165506
2974 7.7073956122
3019 7.5655903923
3100 7.5483040669
3135 7.4215951784
3162 7.2703925042
3437 7.1751883341
3459 6.9195339153
3644 6.8745290228
3765 6.7566332756
3840 6.7425647495
3862 6.6468676638
3942 6.6165289237
4053 6.4954368396
4065 6.4911673545
4154 6.4846846830
4165 6.4771575217
4179 6.4115746182
4180 6.3557324199
4288 6.2902693199
4370 6.2306511770
4401 6.1974450393
4439 6.0618307655
4474 6.0007004696
4724 5.8728765903
4786 5.8427554076
4880 5.7175253470
5068 5.5750575942
5350 5.3570574898
5400 5.1772826596
5645 4.9610958676
5729 4.9078125417
5754 4.6358981132
6222 4.6279097747
6329 4.5307281871
6345 4.5018114113
6397 4.4639707701
6426 4.3676589315
6601 4.1406645591
6740 4.1253862436
6903 4.0594383718
6984 3.9342114590
6985 3.8954980481
7049 3.8809639939
7078 3.4977532497
7324 3.4142987685
7385 3.4089091261
7525 3.3810623073
7544 3.3770798456
7587 3.3642394416
7597 3.3032493358
7602 3.2681018766
7631 3.1466762767
7737 2.9456524285
8007 2.9371336264
8026 2.8641671468
8100 2.6755183001
8156 2.6509701641
8253 2.5953684842
8301 2.5875252602
8450 2.5555107238
8462 2.5265302583
8503 2.4187660198
8535 2.3802636034
8672 2.3244582488
8762 2.3226363108
8766 2.2541586503
8819 2.2161231951
8840 2.1471308985
8936 2.1091027227
8968 2.0042051154
9183 1.8061420025
9215 1.7710518556
9318 1.5573387398
9380 1.4411478023
9640 1.3756982292
9775 1.3149747919
9871 1.3074827521
9918 1.2694264773
9939 1.1560082848
10150 1.0852464365
10373 0.9960882156
10508 0.9919440675
10670 0.9828445052
10672 0.9584913932
10682 0.9110728023
10882 0.8883363082
10886 0.8795076263
10908 0.8460753702
11045 0.8351181113
11058 0.8188323700
11154 0.7992149990
11183 0.7700171764
11263 0.7593284180
11373 0.7091415975
11502 0.6760648258
11507 0.6367412595
11541 0.6198684952
11544 0.6075534587
11577 0.5852084135
11783 0.5524453533
11861 0.5301025374
11891 0.5015802865
11892 0.4900781772
12164 0.4649859165
12209 0.4435501521
12241 0.4265210079
12292 0.4125611382
12305 0.3408175414
12399 0.3213138205
12446 0.2497556222
12586 0.2292445214
12725 0.1968955111
12835 0.1696797298
12908 0.1567086452
12995 0.1255402143
13276 0.1083866891
13419 0.0943516390
13569 0.0905902470
13626 0.0839073678
13652 0.0770325231
13918 0.0768139821
13931 0.0526048927
13981 0.0440103990
14306 0.0292985241
14449 0.0269542823
14612 0.0267313555
14637 0.0264833211
14669 0.0189327268
14716 0.0154667881
14822 0.0153031276
14829 0.0128837175
14847 0.0123395963
14877 0.0085620247
14950 0.0084532750
15118 0.0071952419
15174 0.0052899672
15275 0.0047762097
15308 0.0039806974
15380 0.0035344072
15600 0.0035303707
15618 0.0030677032
15638 0.0022039188
15778 0.0017339092
15836 0.0012972216
15881 0.0012727522
15959 0.0008106029
15983 0.0006890544
15989 0.0006465206
16122 0.0005090506
16129 0.0004013956
16169 0.0003969045
16220 0.0003818429
16240 0.0003604974
16282 0.0003189113
16330 0.0002600397
16346 0.0001704443
16455 0.0001025627
16511 0.0000859403
16517 0.0000716886
16543 0.0000289688
16852 0.0000228024
16931 0.0000221831
16936 0.0000064813
17192 0.0000061963
17286 0.0000056720
17340 0.0000020537
17568 0.0000017369
17617 0.0000011436
17686 0.0000006362
17749 0.0000004969
17825 0.0000004608
17832 0.0000001540
18091 0.0000001101
18194 0.0000000969
18211 0.0000000605
18292 0.0000000404
18383 0.0000000088
18659 0.0000000062
18721 0.0000000042
18812 0.0000000036
18831 0.0000000030
18909 0.0000000024
18991 0.0000000023
19004 0.0000000010
19101 0.0000000008
19218 0.0000000007
19269 0.0000000007
19272 0.0000000004
19407 0.0000000003
19421 0.0000000002
19425 0.0000000001
19563 0.0000000001
19596 0.0000000001
19815 0.0000000000
19859 0.0000000000
19889 0.0000000000
19921 0.0000000000
19951 0.0000000000
20000 0.0000000000
20012 0.0000000000
20068 0.0000000000
20072 0.0000000000
20104 0.0000000000
20128 0.0000000000
20144 0.0000000000
20165 0.0000000000
20179 0.0000000000
20311 0.0000000000
20318 0.0000000000
20371 0.0000000000
20525 0.0000000000
20563 0.0000000000
20576 0.0000000000
20611 0.0000000000
20627 0.0000000000
20670 0.0000000000
20697 0.0000000000
20726 0.0000000000
20797 0.0000000000
20900 0.0000000000
20995 0.0000000000
21080 0.0000000000
21359 0.0000000000
21541 0.0000000000
21859 0.0000000000
