evaluations raw_y
1 86.2371103297
4 80.9247964275
5 50.7374282977
13 36.5548474262
19 40.5352464287
81 38.3966622306
450 27.8593821201
2800 61.3131156810
evaluations raw_y
1 119.8625709688
2 74.7808981065
4 63.4403061071
9 58.3187342276
26 48.6929341510
91 45.0213949982
206 39.8439186513
435 35.7733723423
440 38.3364774799
447 32.1415857977
925 29.1225125959
975 21.7376277368
3984 16.0545953323
3986 14.4567556475
4094 13.2953646805
4488 11.4031679621
4526 10.2510182753
4748 8.7394451213
4791 7.5934158113
4971 6.2644634719
4982 5.4974979805
5383 4.6958841770
5468 4.6448938615
5681 3.9525379876
5690 3.3598799320
5767 3.1470148965
6276 2.5460881097
6635 2.3058419899
6743 2.5924776345
6941 2.4146961328
7013 2.0333795738
7067 2.0592489644
7251 1.7607981085
7372 1.8902704898
7505 1.7789731699
7595 1.6424270620
7703 1.4580630548
8095 1.4514724911
8253 1.3843558421
8360 1.5902355368
8412 1.3834684588
8522 1.3962464981
8724 1.3773877367
8793 1.3961906858
8837 1.2961556985
8864 1.3039924783
8972 1.1685180329
9245 1.1399742431
9276 1.1349821956
9530 1.1143904146
9625 1.0562920422
9862 1.1001726149
9899 1.0515653907
9952 1.0488713495
10088 1.0457766073
10211 0.9874463558
10251 0.9177482845
10288 0.8929545442
10542 0.9293933422
10549 0.9548715560
10757 0.8635024678
10889 0.8033705763
10960 0.8013252525
10983 0.7841658690
11071 0.7450926748
11122 0.7267027878
11192 0.7359181581
11393 0.7095030515
11463 0.7298559659
11616 0.6965727668
11742 0.6899953396
11878 0.6867662719
11945 0.6659859625
11952 0.6383732998
12249 0.6262594597
12342 0.6212506677
12589 0.6108107571
12611 0.5972777074
12792 0.5976353510
12815 0.6045598840
12818 0.5866108725
12975 0.5776312720
13023 0.5697730190
13101 0.5563489495
13164 0.5498363716
13334 0.5450347712
13498 0.5488963128
13523 0.5424629558
13583 0.5394806857
13622 0.5328518367
13734 0.5286837783
13901 0.5270523674
13993 0.5204036480
14128 0.5179735154
14143 0.5071732684
14407 0.5038718946
14582 0.5020802230
14641 0.4991728544
14740 0.4966363193
15013 0.4925561630
15147 0.4917489660
15334 0.4895456206
15582 0.4876430915
15689 0.4837605403
15755 0.4825098841
16006 0.4825898643
16020 0.4803226930
16063 0.4804507782
16133 0.4802566485
16147 0.4797586815
16339 0.4792554711
16361 0.4791129665
16371 0.4784227540
16380 0.4781902632
16421 0.4780403783
16470 0.4774378259
16475 0.4751823641
16577 0.4748024079
16705 0.4735750497
16709 0.4732791590
16722 0.4724963124
16775 0.4713327046
16799 0.4702305746
17016 0.4686839407
17098 0.4687227108
17102 0.4671787651
17384 0.4671131502
17454 0.4661017517
17621 0.4661440119
17652 0.4659623971
17745 0.4657058108
17763 0.4650820916
17769 0.4650311134
17830 0.4645568854
17834 0.4640178699
17928 0.4628068997
18243 0.4626066342
18259 0.4626539778
18282 0.4625041684
18369 0.4614635818
18569 0.4614529783
18683 0.4613014991
18959 0.4612193929
18966 0.4609701956
19012 0.4608708915
19038 0.4607637506
19102 0.4606749996
19142 0.4605828454
19448 0.4604535707
19534 0.4600628088
19577 0.4597959870
19601 0.4597891967
19733 0.4596764732
19826 0.4595916925
19856 0.4594452040
19858 0.4589579906
20061 0.4588662601
20348 0.4588031977
20469 0.4587184128
20570 0.4585947347
20618 0.4584518778
20659 0.4584279646
20697 0.4584090698
20710 0.4583736677
20759 0.4583501827
20779 0.4582039134
20896 0.4581956418
20940 0.4581387673
21049 0.4580728910
21084 0.4580590730
21117 0.4580562113
21128 0.4580326045
21263 0.4580317487
21268 0.4579965401
21408 0.4579513166
21491 0.4579464018
21786 0.4579376764
21796 0.4579259447
21859 0.4579241010
21860 0.4579180124
21869 0.4579154013
21906 0.4579016112
22161 0.4578964701
22446 0.4578944682
22495 0.4578923462
22509 0.4578899601
22526 0.4578900802
22593 0.4578880142
22762 0.4578889623
22801 0.4578844874
23128 0.4578836301
23129 0.4578830628
23149 0.4578832762
23169 0.4578842573
23186 0.4578831105
23240 0.4578822545
23284 0.4578826084
23298 0.4578814382
23350 0.4578814089
23542 0.4578803238
23650 0.4578809800
23668 0.4578805858
23713 0.4578802531
23738 0.4578797200
23751 0.4578802956
23766 0.4578799488
23892 0.4578791859
24133 0.4578798102
24135 0.4578793013
24542 0.4578793678
24565 0.4578783902
24568 0.4578783942
24569 0.4578780596
24575 0.4578781324
24734 0.4578778365
24825 0.4578780809
24874 0.4578779652
24892 0.4578773066
24936 0.4578779762
24981 0.4578776250
25030 0.4578776392
25061 0.4578772829
25347 0.4578774556
25427 0.4578774212
25478 0.4578774509
25807 0.4578773548
25892 0.4578774472
25970 0.4578775996
25980 0.4578772690
26097 0.4578772306
26098 0.4578769730
26230 0.4578772152
26297 0.4578771610
26383 0.4578771401
26395 0.4578771242
26453 0.4578771444
26546 0.4578770692
26564 0.4578771791
26832 0.4578771377
27071 0.4578771071
27135 0.4578771287
27211 0.4578770863
27244 0.4578771402
27353 0.4578770863
27357 0.4578770747
27421 0.4578770891
27545 0.4578770800
27566 0.4578770864
27623 0.4578770857
27632 0.4578770806
27649 0.4578770896
27662 0.4578770760
27792 0.4578770932
27801 0.4578770843
27871 0.4578770890
27888 0.4578770802
27946 0.4578770936
27972 0.4578770758
27985 0.4578770767
28045 0.4578770789
28052 0.4578770885
28067 0.4578770969
28245 0.4578770981
28306 0.4578770898
28379 0.4578770852
28390 0.4578770872
28401 0.4578770872
28523 0.4578770914
28525 0.4578770837
28605 0.4578770856
28652 0.4578770892
28730 0.4578770871
28857 0.4578770845
28859 0.4578770874
28860 0.4578770911
28873 0.4578770896
28908 0.4578770882
28924 0.4578770905
29029 0.4578770915
29078 0.4578770892
29138 0.4578770921
29181 0.4578770915
29185 0.4578770895
29313 0.4578770903
29355 0.4578770890
29491 0.4578770883
29495 0.4578770905
29515 0.4578770885
29524 0.4578770895
29581 0.4578770901
29779 0.4578770901
29906 0.4578770898
29959 0.4578770904
29995 0.4578770904
30033 0.4578770901
30054 0.4578770901
30206 0.4578770907
30346 0.4578770906
30429 0.4578770907
30495 0.4578770904
30583 0.4578770902
30745 0.4578770906
30890 0.4578770905
30904 0.4578770904
30954 0.4578770903
30963 0.4578770906
31026 0.4578770906
31027 0.4578770903
31184 0.4578770906
31275 0.4578770904
31476 0.4578770903
31725 0.4578770905
31833 0.4578770903
31905 0.4578770905
32467 0.4578770904
33921 0.4578770904
37123 0.4578770904
evaluations raw_y
1 69.3954776376
3 68.7920240258
10 48.7193910196
51 35.3032532907
305 37.0786768027
367 37.7395845898
455 32.4795859634
1489 29.5648881328
1524 25.8947238469
1783 23.1925004120
1837 22.5929970003
1944 17.2151727132
2143 13.8957470729
2430 13.8398116643
2535 13.5780099022
2554 12.1334931330
2606 10.8318875564
2654 10.1355922379
2980 9.8492740666
3002 8.0151800448
3100 6.2215711066
3462 5.9157478093
3537 5.0939843319
3553 4.0609059298
3797 3.4685611363
3924 3.3481045084
3977 2.9432351086
4071 2.9311853907
4193 2.8701523055
4301 2.8028945031
4321 2.1349791870
4459 2.1144049213
4553 2.0036897238
4732 1.5824001249
5198 1.4828466458
5210 1.2985155439
5384 1.1485948955
5552 1.1138213395
6240 0.9977286069
6458 0.9893716770
6523 0.8735132180
6606 0.8018664587
6984 0.7788442485
6986 0.7548156151
7220 0.7099547875
7239 0.6293246849
7412 0.5558389273
7896 0.6000222218
8053 0.5639513747
8199 0.6096972593
8298 0.5094810466
8507 0.5171609872
8817 0.4842380026
8832 0.4830358140
8920 0.4532916315
9035 0.4587646871
9150 0.3965864798
9468 0.3977711969
9788 0.3888543091
9811 0.3817286030
9875 0.3538312300
9994 0.3484482112
10029 0.3206760782
10159 0.3224201111
10231 0.3144846337
10294 0.3017431424
10378 0.2924249998
10481 0.2931871384
10494 0.2820245498
10762 0.2567796425
11144 0.2491913220
11393 0.2421834173
11407 0.2384409571
11447 0.2326672653
11826 0.2170991939
11876 0.2212434650
12031 0.2245450433
12068 0.2189607937
12086 0.2229305870
12114 0.2230809163
12157 0.2136878577
12365 0.2073581244
12759 0.2052401213
12793 0.1973894841
12842 0.1984147606
12951 0.1948995137
13003 0.1858215824
13252 0.1873518090
13606 0.1854130280
13621 0.1776938127
13847 0.1770680699
13895 0.1756881265
13980 0.1747972521
14033 0.1721686741
14112 0.1711146298
14266 0.1698528510
14353 0.1683703269
14416 0.1678134892
14532 0.1671319984
14540 0.1639317602
14655 0.1632822548
15109 0.1630898706
15168 0.1624904208
15204 0.1618334136
15275 0.1607921577
15314 0.1602912430
15477 0.1600705234
15529 0.1599201013
15539 0.1586257501
15639 0.1585927973
15665 0.1578436662
15718 0.1571939852
15962 0.1567897296
16290 0.1564227671
16302 0.1535958172
16882 0.1533365639
17217 0.1530217059
17237 0.1528732456
17293 0.1518321568
17454 0.1516502943
17473 0.1511474982
18083 0.1506845301
18413 0.1506113588
18416 0.1504533708
18469 0.1499511280
18571 0.1500165576
18590 0.1494966175
18720 0.1494626697
18807 0.1490557189
18999 0.1489032288
19001 0.1486856400
19119 0.1483858743
19291 0.1483270604
19337 0.1481457215
19379 0.1480854581
19446 0.1477438759
19552 0.1476977088
19694 0.1476820065
19813 0.1475858909
19972 0.1475183956
19999 0.1474634979
20016 0.1473223722
20347 0.1472374188
20544 0.1472325628
20598 0.1472078643
20796 0.1471331759
21023 0.1470931785
21097 0.1470902969
21103 0.1470746950
21107 0.1470711762
21151 0.1470525634
21256 0.1470406141
21362 0.1470180637
21583 0.1470091578
21612 0.1470037687
21686 0.1470036562
21702 0.1469989028
21704 0.1469999737
21725 0.1469859120
21732 0.1469800335
21933 0.1469758744
21947 0.1469678457
22117 0.1469655051
22272 0.1469653910
22278 0.1469638311
22375 0.1469629778
22385 0.1469617546
22426 0.1469592298
22453 0.1469569180
22683 0.1469553057
22832 0.1469545502
22906 0.1469544413
23054 0.1469533567
23097 0.1469536239
23447 0.1469534496
23507 0.1469528783
23522 0.1469529310
23874 0.1469527924
24006 0.1469522065
24019 0.1469525054
24111 0.1469521524
24142 0.1469522965
24245 0.1469519255
24316 0.1469519413
24329 0.1469520034
24408 0.1469520509
24431 0.1469519067
24599 0.1469517476
24803 0.1469517266
24844 0.1469517432
24933 0.1469515830
25011 0.1469516348
25021 0.1469515558
25066 0.1469515678
25111 0.1469516115
25125 0.1469516046
25284 0.1469515868
25361 0.1469515502
25602 0.1469515373
25700 0.1469516109
25906 0.1469515890
25912 0.1469515875
26021 0.1469515455
26046 0.1469515832
26051 0.1469515588
26062 0.1469515891
26246 0.1469515718
26256 0.1469515731
26410 0.1469515678
26453 0.1469515896
26466 0.1469515574
26501 0.1469515621
26504 0.1469515655
26545 0.1469515888
26575 0.1469515736
26675 0.1469515793
26870 0.1469515727
27294 0.1469515704
27320 0.1469515818
27367 0.1469515737
27563 0.1469515718
27702 0.1469515725
27722 0.1469515773
27761 0.1469515693
27834 0.1469515725
27897 0.1469515717
28000 0.1469515714
28017 0.1469515725
28113 0.1469515724
28125 0.1469515726
28258 0.1469515726
28385 0.1469515724
28515 0.1469515731
28624 0.1469515728
28713 0.1469515734
28752 0.1469515730
28874 0.1469515728
28943 0.1469515731
28945 0.1469515733
29020 0.1469515729
29044 0.1469515732
29086 0.1469515722
29100 0.1469515725
29125 0.1469515730
29133 0.1469515727
29380 0.1469515730
29397 0.1469515730
29582 0.1469515726
29585 0.1469515731
29608 0.1469515730
29627 0.1469515726
29690 0.1469515728
29726 0.1469515726
29809 0.1469515726
29819 0.1469515728
29873 0.1469515726
29966 0.1469515727
30042 0.1469515728
30091 0.1469515726
30119 0.1469515728
30178 0.1469515726
30267 0.1469515728
30282 0.1469515728
30399 0.1469515727
30550 0.1469515728
30676 0.1469515727
30689 0.1469515728
30841 0.1469515727
30873 0.1469515728
30982 0.1469515728
31415 0.1469515728
32193 0.1469515728
evaluations raw_y
1 72.1309445450
3 66.2285355333
5 52.6489943163
7 36.5149772755
43 30.5337612999
395 27.2688689938
1052 24.9964220739
2419 23.9525852338
2497 16.4580516248
3411 13.2295884303
3499 11.7960855873
3633 10.3722764194
4102 9.2466553860
4129 8.3800824851
4151 7.6273984361
4343 7.3295385141
4412 5.5741099561
4493 5.4695134330
4616 3.8521447770
4815 3.7790046286
4958 3.2265366016
5092 2.9240085262
5295 2.7170106602
5432 2.2909158784
5790 1.6824701894
5902 1.4773718973
6136 1.3730669097
6200 1.1271801213
6848 1.0352612845
7042 0.9943471158
7049 0.9784123676
7094 0.8665410463
7549 0.7494359215
7689 0.7144523852
7712 0.7047222103
7845 0.6984038312
8018 0.6435400230
8093 0.6865513729
8175 0.6664276649
8211 0.6189417268
8373 0.5776678687
8415 0.5081317322
9041 0.4796734550
9255 0.4800465215
9361 0.4487070825
9456 0.4734194476
9502 0.4510198032
9535 0.4238012679
9602 0.3757327108
9764 0.3836591317
10139 0.3570477412
10224 0.3216064383
10482 0.3009095014
10755 0.3028273196
10798 0.2912765054
10852 0.2867280831
10906 0.2685965487
11022 0.2755254675
11129 0.2620232107
11287 0.2547892351
11334 0.2591326210
11379 0.2426309353
11434 0.2343835794
11719 0.2305205705
11758 0.2376690314
11827 0.2300223722
11843 0.2272916778
12059 0.2195224583
12077 0.2149256346
12173 0.2154921119
12408 0.2092512060
12422 0.1977080248
12629 0.1922768906
12966 0.1922830712
13066 0.1828118253
13132 0.1841203525
13226 0.1822285919
13240 0.1782617346
13410 0.1765301873
13737 0.1763301593
13768 0.1762534649
13775 0.1758059078
13848 0.1742635025
13861 0.1723382352
14137 0.1681563643
14450 0.1662063071
14516 0.1643242601
14643 0.1633881413
14701 0.1636068419
14859 0.1632891589
14869 0.1619515592
15160 0.1608842138
15205 0.1600072079
15321 0.1578615174
15441 0.1577571793
15462 0.1564562456
15565 0.1558559468
15636 0.1551848071
16124 0.1537487019
16332 0.1525097180
16439 0.1517186600
16802 0.1507584940
16931 0.1503860226
16993 0.1497484399
17444 0.1493985177
17501 0.1491106169
17505 0.1490150452
17540 0.1488235296
17608 0.1485146682
17900 0.1480892723
18004 0.1474899634
18234 0.1471903954
18240 0.1461336017
18962 0.1459645011
19021 0.1454840968
19408 0.1454435800
19701 0.1453142755
19757 0.1452132868
19990 0.1451213645
20011 0.1450048520
20079 0.1449060679
20118 0.1446632366
20320 0.1444517478
20454 0.1444480367
20470 0.1443764467
20642 0.1442567674
20852 0.1441791307
20886 0.1438929376
21023 0.1436741281
21372 0.1435537684
21453 0.1434899754
21497 0.1433586243
21499 0.1432609815
21613 0.1432452488
21728 0.1431918462
21743 0.1431155061
21788 0.1430024156
21903 0.1429832048
21977 0.1428855092
22014 0.1428693686
22098 0.1428228675
22177 0.1428144601
22198 0.1427542859
22326 0.1427493182
22387 0.1427308981
22416 0.1427234187
22465 0.1426534341
22612 0.1426142501
22663 0.1426135305
22750 0.1425591123
22842 0.1425056796
22932 0.1424966707
22941 0.1424660430
22955 0.1424516741
22959 0.1424331854
23173 0.1424259221
23465 0.1423981946
23664 0.1423858603
23724 0.1423861964
23797 0.1423880201
23855 0.1423716205
23883 0.1423722136
24004 0.1423719347
24009 0.1423706074
24138 0.1423643631
24153 0.1423595485
24264 0.1423522550
24509 0.1423531432
24513 0.1423511022
24557 0.1423455523
24675 0.1423474713
24692 0.1423435259
24771 0.1423407195
24870 0.1423337162
24919 0.1423297467
25183 0.1423299099
25276 0.1423293180
25278 0.1423290528
25315 0.1423268409
25396 0.1423267229
25562 0.1423275748
25597 0.1423247204
25605 0.1423244704
25691 0.1423225326
25837 0.1423216091
26015 0.1423205190
26070 0.1423212387
26168 0.1423204819
26321 0.1423196188
26324 0.1423189287
26405 0.1423182327
26406 0.1423203398
26414 0.1423188094
26475 0.1423185951
26522 0.1423193015
26585 0.1423192849
26692 0.1423174143
26885 0.1423165982
26949 0.1423167377
26971 0.1423176389
26983 0.1423177446
27034 0.1423163413
27072 0.1423169602
27107 0.1423165978
27128 0.1423164675
27251 0.1423163072
27252 0.1423163568
27300 0.1423165517
27345 0.1423160896
27779 0.1423162830
28207 0.1423159552
28253 0.1423158674
28397 0.1423159464
28442 0.1423157189
28485 0.1423159212
28596 0.1423157798
28642 0.1423155832
28728 0.1423159800
28809 0.1423160233
28998 0.1423160287
29001 0.1423159575
29041 0.1423157953
29078 0.1423158201
29090 0.1423158622
29112 0.1423158017
29195 0.1423158377
29298 0.1423157805
29302 0.1423157615
29352 0.1423158550
29380 0.1423157709
29472 0.1423158085
29511 0.1423157926
29516 0.1423158393
29640 0.1423157984
29697 0.1423158065
29753 0.1423158708
29789 0.1423158358
29794 0.1423158056
29817 0.1423158333
29873 0.1423157884
30053 0.1423158141
30108 0.1423157956
30171 0.1423157881
30235 0.1423158180
30509 0.1423157809
30535 0.1423158060
30565 0.1423157994
30612 0.1423158130
30942 0.1423158171
30970 0.1423158040
31242 0.1423158026
31274 0.1423158120
31296 0.1423158200
31301 0.1423158145
31392 0.1423158097
31475 0.1423158054
31539 0.1423158044
31629 0.1423158037
31782 0.1423158099
31848 0.1423158081
31870 0.1423158063
31970 0.1423158045
32051 0.1423158083
32073 0.1423158080
32127 0.1423158072
32171 0.1423158072
32228 0.1423158078
32310 0.1423158085
32332 0.1423158068
32338 0.1423158086
32353 0.1423158081
32465 0.1423158081
32490 0.1423158075
32517 0.1423158070
32583 0.1423158067
32598 0.1423158082
32606 0.1423158078
32654 0.1423158080
32748 0.1423158087
32810 0.1423158074
32842 0.1423158078
32912 0.1423158082
33090 0.1423158077
33206 0.1423158082
33207 0.1423158080
33321 0.1423158082
33443 0.1423158076
33713 0.1423158082
34268 0.1423158082
35292 0.1423158081
evaluations raw_y
1 69.1458905708
4 60.0724201505
33 56.4842981566
39 49.9450554765
41 35.5562500266
499 31.9262396757
1108 32.7889047909
1179 31.0743803902
1892 22.5755662155
2639 21.3885815977
2680 18.4891479136
2789 15.2607010182
2973 12.9653089739
3010 10.4171297555
3089 10.6309643503
3345 9.2410202478
3468 7.5307258594
3554 8.0584251249
3771 5.5916091745
4433 3.9408163932
4508 3.8108879749
4516 3.6787001693
4621 2.6660119443
4775 2.0027298419
4970 1.7570983927
5108 1.8384801672
5260 1.4568380315
5300 1.4076673895
5528 1.4042349705
5607 1.2691296498
5714 1.0192587145
5750 0.9505678001
5822 0.6350417785
6274 0.7424551120
6466 0.6615871583
6656 0.6487466863
6657 0.4824414947
7410 0.4561384027
7509 0.4578501244
7517 0.3972682013
7524 0.4447347471
7705 0.2794209658
7828 0.2794078780
7831 0.2776582154
7918 0.2891279496
8069 0.2310282753
8710 0.2861911486
8811 0.2428225067
9204 0.2651179346
9291 0.2263613771
9508 0.2194996460
9650 0.1725693435
9857 0.1937881907
9937 0.1849129254
10059 0.1833621421
10150 0.1577213345
10293 0.1614603102
10316 0.1404241209
10415 0.1478445608
10437 0.1414108972
10978 0.1203606653
11097 0.1352025304
11119 0.1289468885
11152 0.1318463389
11165 0.1391393436
11360 0.1123027483
11426 0.0966701814
11517 0.0990619016
11676 0.1002615173
12091 0.1049047046
12315 0.0987558572
12390 0.0996537380
12461 0.0965492965
12564 0.0960327926
12738 0.0934302846
12884 0.0947359853
13013 0.0934119364
13113 0.0924185348
13266 0.0903757650
13488 0.0886413191
13574 0.0857826947
13795 0.0848518220
13901 0.0840520106
13903 0.0849073597
13910 0.0805306121
14201 0.0807286027
14286 0.0802270950
14287 0.0777411065
14391 0.0766145128
14618 0.0757406469
14742 0.0752066654
14762 0.0748853863
15021 0.0742220317
15109 0.0727627440
15288 0.0718839100
15405 0.0719384404
15440 0.0707840334
15443 0.0705381565
15452 0.0705054833
15533 0.0695769978
15616 0.0692659918
15757 0.0692284121
15822 0.0683026240
16010 0.0680815678
16033 0.0680452245
16070 0.0672032683
16165 0.0661661890
16321 0.0655145502
16363 0.0653195039
16441 0.0648924401
16448 0.0653696768
16455 0.0648618979
16471 0.0645841763
16623 0.0647060382
16646 0.0642180728
16792 0.0634921040
16987 0.0634639659
16998 0.0634626204
17086 0.0632134449
17168 0.0630042248
17300 0.0631222096
17327 0.0626371138
17339 0.0626693538
17431 0.0622573832
17650 0.0622426807
17667 0.0622958598
17683 0.0618207130
17756 0.0616774512
17959 0.0615133980
18007 0.0613455817
18157 0.0613425051
18164 0.0613459030
18182 0.0610832214
18334 0.0609030418
18445 0.0607987598
18567 0.0606129339
18644 0.0606182235
18793 0.0606465608
18805 0.0605761901
18815 0.0605093457
18899 0.0603389763
19097 0.0603044263
19116 0.0602744613
19138 0.0602377101
19144 0.0602353883
19325 0.0602481741
19354 0.0602234174
19435 0.0601852686
19491 0.0600463682
19694 0.0600260914
19744 0.0599983828
19777 0.0599832328
19789 0.0598742554
20024 0.0598598039
20052 0.0598434937
20079 0.0598317583
20087 0.0598052767
20246 0.0597704714
20282 0.0596937684
20393 0.0597000946
20480 0.0596369471
20712 0.0595978745
21047 0.0595425434
21245 0.0595235276
21392 0.0594866329
21617 0.0594909556
21664 0.0594838162
21722 0.0594856465
21783 0.0594744410
21839 0.0594645687
21914 0.0594601222
21916 0.0594523215
22072 0.0594519066
22129 0.0594420598
22208 0.0594378847
22233 0.0594366595
22242 0.0594415603
22300 0.0594369407
22490 0.0594340815
22597 0.0594292144
22612 0.0594296869
22816 0.0594285995
22966 0.0594278980
23034 0.0594281211
23043 0.0594274640
23086 0.0594277756
23089 0.0594275903
23106 0.0594282127
23143 0.0594280880
23144 0.0594262612
23153 0.0594269200
23193 0.0594273069
23196 0.0594260811
23211 0.0594270166
23241 0.0594264503
23291 0.0594265833
23332 0.0594262966
23338 0.0594271050
23410 0.0594265399
23651 0.0594264315
23654 0.0594263102
23708 0.0594262828
23747 0.0594263532
23795 0.0594263418
23853 0.0594261362
24011 0.0594263280
24070 0.0594263498
24164 0.0594262690
24252 0.0594263691
24264 0.0594262013
24382 0.0594261445
24417 0.0594260840
24460 0.0594261529
24506 0.0594262512
24509 0.0594262064
24627 0.0594262322
24833 0.0594261956
24838 0.0594261966
24918 0.0594262345
24969 0.0594261813
25123 0.0594262327
25241 0.0594261981
25350 0.0594261923
25443 0.0594261942
25446 0.0594261687
25568 0.0594262134
25576 0.0594261904
25630 0.0594262191
25790 0.0594261748
25822 0.0594262046
25856 0.0594262167
25916 0.0594262004
25955 0.0594261831
26109 0.0594261911
26157 0.0594261945
26243 0.0594262021
26287 0.0594261905
26451 0.0594262076
26462 0.0594261967
26546 0.0594262011
26598 0.0594262002
26671 0.0594262005
26883 0.0594262015
26895 0.0594261977
27054 0.0594261961
27142 0.0594261996
27148 0.0594261945
27164 0.0594261963
27204 0.0594261962
27285 0.0594261961
27331 0.0594261953
27400 0.0594261953
27469 0.0594261943
27512 0.0594261965
27527 0.0594261970
27567 0.0594261952
27572 0.0594261932
27594 0.0594261963
27604 0.0594261968
27657 0.0594261942
27759 0.0594261962
27849 0.0594261949
27855 0.0594261947
27863 0.0594261976
27908 0.0594261956
27916 0.0594261972
27920 0.0594261952
27950 0.0594261972
28050 0.0594261962
28115 0.0594261962
28188 0.0594261969
28279 0.0594261968
28386 0.0594261965
28391 0.0594261967
28413 0.0594261964
28472 0.0594261965
28633 0.0594261967
28858 0.0594261967
28894 0.0594261970
28910 0.0594261968
28984 0.0594261966
29098 0.0594261967
29215 0.0594261967
29267 0.0594261966
29421 0.0594261967
29824 0.0594261967
30393 0.0594261968
30639 0.0594261968
evaluations raw_y
1 111.0510956696
2 107.8611765985
3 98.3872136011
5 91.6299374165
6 58.3724912983
10 38.1035013289
69 39.7068500637
184 36.3852829772
496 34.3503701722
1514 29.1104410572
2010 27.4434497618
2027 26.1155658153
3866 16.3668237792
4073 18.7497036645
4097 16.7648285374
4195 10.1551025768
5166 10.2413818987
5276 8.1487612499
5541 5.1880154373
5779 5.8116496019
5865 6.2772640881
5989 5.3008948543
6308 3.9661345023
6883 3.8095551754
7000 3.0312354778
7228 2.9357773831
7346 2.8012678326
7356 2.9125059969
7611 2.7530529072
7651 2.6969388728
7663 2.6250682981
7712 2.0498815807
8008 1.8856388019
8017 1.7947689364
8145 1.7728091235
8169 1.7199733668
8302 2.0090823110
8558 1.5790499992
8980 1.4121908405
9183 1.3438125093
9244 1.5946920260
9358 1.2735876218
9576 1.3298566392
9701 1.2768609637
9809 1.1861970445
9913 1.1546347829
10285 1.1532631876
10301 1.0545451956
10767 1.0338655573
10867 1.0326605630
10957 1.0692142145
11146 0.9608038601
11180 0.8741512318
11881 0.8303805026
12022 0.8455989429
12121 0.8250260515
12126 0.8280684074
12244 0.7898944402
12274 0.7923508501
12333 0.7862105265
12487 0.7512718662
12754 0.7716053133
12978 0.7861452557
13178 0.7612194463
13182 0.7309787095
13584 0.7294956503
13677 0.6961439440
13799 0.6831451224
14059 0.6677292181
14330 0.6704739208
14373 0.6863627299
14428 0.6549541636
14651 0.6574758480
14670 0.6579225941
14705 0.6350993760
14806 0.6314856467
14966 0.6196208802
15243 0.6263706612
15252 0.6185648862
15363 0.6182690410
15417 0.6196021032
15465 0.6046887654
15516 0.6033140163
15604 0.6037748702
15615 0.5987728897
15633 0.5980436566
15700 0.5928517992
15788 0.5931532791
15793 0.5873492456
16122 0.5877093381
16134 0.5794155677
16259 0.5820799296
16347 0.5789020246
16511 0.5765842286
16514 0.5752778600
16756 0.5753146108
16766 0.5729112778
16872 0.5748810920
16878 0.5718700867
16898 0.5698975937
16956 0.5702531041
16971 0.5661157308
17023 0.5671611088
17053 0.5651334177
17178 0.5642773151
17273 0.5645078595
17284 0.5634406488
17350 0.5603721020
17404 0.5579185276
17425 0.5552202315
17466 0.5534055294
17699 0.5530446146
17821 0.5532147091
17838 0.5515833980
17876 0.5511263889
17888 0.5493377438
17986 0.5480162838
18071 0.5479666381
18095 0.5464679322
18201 0.5447807933
18384 0.5446223234
18413 0.5440268880
18457 0.5411688928
18794 0.5411547185
18801 0.5396015040
18860 0.5388716941
19442 0.5388442772
19470 0.5377756352
19556 0.5375909003
19659 0.5371773823
19680 0.5364644555
19861 0.5364133746
19990 0.5364583513
19993 0.5356834113
20193 0.5355277213
20403 0.5353157605
20439 0.5352348931
20451 0.5348999018
20490 0.5347440461
20516 0.5347351057
20545 0.5341722207
20573 0.5340524172
20860 0.5340012428
20895 0.5340236884
20903 0.5338563898
20916 0.5337023995
21068 0.5335792545
21151 0.5335275443
21160 0.5333546059
21246 0.5333123012
21312 0.5332920867
21356 0.5332612990
21457 0.5332429495
21572 0.5331376834
21674 0.5331218147
21698 0.5330690510
21852 0.5330446987
22085 0.5330257669
22160 0.5330398497
22209 0.5330070319
22327 0.5329810537
22513 0.5329754272
22555 0.5329562681
22624 0.5329567837
22650 0.5329561411
22703 0.5329389783
22827 0.5329388402
22942 0.5329381802
22957 0.5329350588
22998 0.5329300501
23095 0.5329317151
23100 0.5329321240
23136 0.5329314395
23165 0.5329292313
23277 0.5329287995
23305 0.5329252330
23436 0.5329231870
23446 0.5329233255
23497 0.5329242367
23550 0.5329238291
23751 0.5329228212
23758 0.5329232514
23868 0.5329219480
23872 0.5329220592
23908 0.5329227425
24090 0.5329216448
24105 0.5329217683
24127 0.5329211074
24227 0.5329221344
24277 0.5329209750
24315 0.5329215152
24346 0.5329207520
24515 0.5329214844
24610 0.5329210949
24612 0.5329204218
24634 0.5329201443
24660 0.5329210240
24687 0.5329208548
24818 0.5329210443
24868 0.5329206577
24945 0.5329204654
24946 0.5329203776
25036 0.5329203645
25123 0.5329207129
25145 0.5329205389
25162 0.5329206601
25174 0.5329205406
25245 0.5329205376
25331 0.5329204802
25361 0.5329205569
25369 0.5329204909
25443 0.5329204992
25557 0.5329204410
25564 0.5329204462
25739 0.5329205217
25873 0.5329204395
25919 0.5329204988
25951 0.5329205884
25992 0.5329204752
25993 0.5329205113
26031 0.5329205373
26093 0.5329204575
26097 0.5329204864
26182 0.5329204765
26206 0.5329204931
26236 0.5329204431
26257 0.5329205089
26260 0.5329204639
26350 0.5329204952
26362 0.5329205165
26392 0.5329205044
26446 0.5329204595
26794 0.5329204761
26881 0.5329204735
26921 0.5329204805
27168 0.5329204555
27222 0.5329204630
27331 0.5329204641
27352 0.5329204652
27463 0.5329204685
27508 0.5329204696
27657 0.5329204647
27683 0.5329204673
27708 0.5329204617
27725 0.5329204703
27792 0.5329204650
27799 0.5329204645
27858 0.5329204658
27908 0.5329204654
27922 0.5329204657
28025 0.5329204727
28126 0.5329204672
28168 0.5329204677
28229 0.5329204674
28253 0.5329204725
28282 0.5329204657
28309 0.5329204675
28378 0.5329204676
28413 0.5329204664
28506 0.5329204681
28524 0.5329204679
28533 0.5329204688
28646 0.5329204687
28804 0.5329204659
28832 0.5329204693
28864 0.5329204679
28865 0.5329204673
28920 0.5329204690
28954 0.5329204681
28967 0.5329204670
29070 0.5329204681
29151 0.5329204681
29155 0.5329204675
29226 0.5329204674
29268 0.5329204686
29281 0.5329204679
29292 0.5329204679
29335 0.5329204685
29367 0.5329204678
29426 0.5329204682
29469 0.5329204685
29718 0.5329204679
29745 0.5329204681
29782 0.5329204682
29812 0.5329204682
29995 0.5329204682
30003 0.5329204681
30024 0.5329204682
30036 0.5329204683
30165 0.5329204683
30222 0.5329204684
30282 0.5329204683
30369 0.5329204681
30384 0.5329204682
30554 0.5329204683
30640 0.5329204683
30716 0.5329204682
30739 0.5329204683
30818 0.5329204683
30939 0.5329204682
31349 0.5329204682
31388 0.5329204682
31966 0.5329204682
32002 0.5329204682
32796 0.5329204681
33866 0.5329204682
evaluations raw_y
1 63.1717239338
2 60.3859635240
9 58.5380052256
11 55.5245958881
28 44.0680361156
47 37.4068119905
92 35.1902429528
411 35.6676497005
714 31.5272429394
1397 28.5621083288
1592 28.9382360507
1723 23.8399327542
1896 22.7528695749
2160 23.2907996194
2178 22.7019636952
2384 21.7495956929
2495 21.4262974985
2519 19.9431705599
2554 16.0449980924
2617 15.2811323217
2756 15.0592953770
2820 14.4699071805
2854 12.2153751632
2870 11.3109575772
2896 8.4923660436
3197 7.7461559882
3246 7.2367454543
3255 6.5087878355
3280 6.6583613233
3281 6.4611542271
3357 5.9486806836
3523 5.6477714022
3525 5.2894707774
3565 4.9353427143
3575 4.7206897374
3597 4.3320087897
3639 3.0760062230
3979 2.8852056004
3986 2.4066514904
4154 2.2349552144
4164 2.2984820265
4167 2.0115071047
4301 1.6152527560
4660 1.4747389152
4816 1.2341726840
4939 0.9778867751
5015 0.9540794754
5072 0.9217733035
5121 0.9448472428
5213 0.9600326601
5221 0.8076280681
5322 0.6563263714
5552 0.5733149101
5744 0.5797586460
5818 0.5864517131
5855 0.5749839614
5885 0.5367468469
6181 0.4061102580
6506 0.3729672909
7022 0.3187319636
7064 0.2776708154
7171 0.2869841335
7195 0.2963193177
7226 0.2667629941
7236 0.2853826105
7247 0.2549519129
7340 0.2564374645
7381 0.2622295749
7387 0.2371733642
7722 0.2373230858
7832 0.2146434751
7976 0.2207244659
8132 0.2163610203
8215 0.1668043218
8513 0.1682965007
8525 0.1752503908
8605 0.1644166213
8691 0.1804156826
8692 0.1754684438
8732 0.1686613308
8894 0.1715545375
9022 0.1489336403
9317 0.1517393040
9363 0.1364797720
9375 0.1459748038
9428 0.1444300134
9429 0.1402902501
9453 0.1261593020
9457 0.1247092575
9539 0.1207462306
9646 0.1197442478
9800 0.1188511399
9956 0.1118927294
10088 0.1106928013
10110 0.1121293191
10126 0.1073112868
10189 0.1077316997
10250 0.1066246642
10313 0.1061116529
10378 0.1006439846
10393 0.1047138157
10451 0.0991771395
10549 0.0969298553
10607 0.0960504886
10647 0.0857592176
11069 0.0805163016
11481 0.0776507710
11503 0.0791885924
11656 0.0753012374
11782 0.0724838404
11904 0.0732305336
11966 0.0703943015
12160 0.0700804240
12214 0.0705389583
12291 0.0690781018
12293 0.0679192273
12381 0.0669302741
12698 0.0650729700
12769 0.0648814378
13017 0.0639630067
13051 0.0644103596
13138 0.0639480839
13192 0.0634736771
13306 0.0634527163
13381 0.0619863302
13461 0.0619758399
13497 0.0611929132
13628 0.0600776631
13679 0.0594203723
13892 0.0598076498
13913 0.0593028934
14056 0.0583340643
14105 0.0576145083
14479 0.0575478526
14485 0.0562473371
14690 0.0557712156
14718 0.0559093165
14768 0.0556542296
14807 0.0551606017
14839 0.0539930579
15419 0.0535011105
15639 0.0534001096
15721 0.0525060462
16277 0.0522046993
16284 0.0522394874
16342 0.0521221480
16471 0.0517774269
16589 0.0514019550
16736 0.0513143243
16984 0.0512439806
17038 0.0512201349
17043 0.0510705306
17143 0.0510073170
17318 0.0509947526
17355 0.0509136813
17406 0.0507242749
17514 0.0506354736
17592 0.0505897323
17704 0.0505246691
17779 0.0504953737
17812 0.0504453333
17875 0.0504488299
17931 0.0503262343
17944 0.0501560402
17959 0.0501460098
18003 0.0500990725
18223 0.0498970516
18288 0.0498348664
18324 0.0498287492
18348 0.0498059508
18469 0.0497496287
18876 0.0496836455
18890 0.0496882184
18911 0.0496805057
18979 0.0496151336
19079 0.0495824601
19129 0.0495641462
19165 0.0495491213
19224 0.0495150021
19245 0.0495065759
19290 0.0494761602
19370 0.0494703906
19393 0.0494505571
19413 0.0494398431
19492 0.0494027911
19542 0.0493945394
19746 0.0493688087
19826 0.0493564674
19829 0.0493188371
20268 0.0493081598
20434 0.0493055752
20461 0.0492990650
20478 0.0492897129
20555 0.0492860392
20579 0.0492821295
20602 0.0492805635
20614 0.0492809722
20642 0.0492730556
20738 0.0492740606
20750 0.0492722835
20759 0.0492657183
20815 0.0492626533
20898 0.0492638261
20960 0.0492611638
20992 0.0492579627
21064 0.0492555888
21134 0.0492540228
21186 0.0492501497
21394 0.0492500238
21466 0.0492490991
21502 0.0492468191
21705 0.0492465236
21737 0.0492465377
21765 0.0492465573
21929 0.0492457972
21938 0.0492453244
21959 0.0492450172
22021 0.0492448539
22105 0.0492447488
22292 0.0492449659
22328 0.0492447947
22359 0.0492446013
22556 0.0492445535
22582 0.0492446617
22589 0.0492442456
22604 0.0492443655
22684 0.0492440967
22706 0.0492442181
22738 0.0492439853
22786 0.0492439462
22964 0.0492439187
23113 0.0492441440
23344 0.0492438599
23394 0.0492441510
23413 0.0492439729
23610 0.0492439668
23630 0.0492438485
23707 0.0492439570
23757 0.0492439211
23780 0.0492439294
23829 0.0492438725
23919 0.0492438743
23950 0.0492438467
24003 0.0492438904
24027 0.0492439196
24085 0.0492438871
24096 0.0492439066
24182 0.0492439532
24233 0.0492439521
24237 0.0492438823
24242 0.0492439518
24247 0.0492439220
24275 0.0492439134
24409 0.0492439101
24588 0.0492439237
24599 0.0492438799
24634 0.0492439342
24661 0.0492439276
24671 0.0492439399
24677 0.0492439257
24743 0.0492439250
24758 0.0492439303
25028 0.0492439119
25132 0.0492439110
25171 0.0492439005
25248 0.0492439081
25370 0.0492439062
25459 0.0492439024
25465 0.0492438980
25470 0.0492439214
25479 0.0492439040
25517 0.0492439091
25576 0.0492438974
25744 0.0492439050
25749 0.0492439066
25769 0.0492439108
25898 0.0492439017
25899 0.0492439071
25910 0.0492439073
25969 0.0492439041
25980 0.0492439151
26065 0.0492439091
26088 0.0492439074
26090 0.0492439067
26104 0.0492439083
26110 0.0492439059
26193 0.0492439091
26215 0.0492439045
26286 0.0492439078
26381 0.0492439053
26383 0.0492439068
26549 0.0492439083
26615 0.0492439087
26623 0.0492439034
26654 0.0492439067
26735 0.0492439062
26749 0.0492439077
26884 0.0492439074
26893 0.0492439061
26931 0.0492439083
27051 0.0492439058
27109 0.0492439085
27216 0.0492439076
27337 0.0492439074
27498 0.0492439076
27569 0.0492439078
27645 0.0492439080
27675 0.0492439077
27685 0.0492439076
27812 0.0492439071
27814 0.0492439079
27864 0.0492439076
27909 0.0492439072
28038 0.0492439075
28100 0.0492439075
28116 0.0492439075
28154 0.0492439072
28358 0.0492439073
28384 0.0492439074
28420 0.0492439073
28515 0.0492439073
28609 0.0492439074
28616 0.0492439073
28619 0.0492439075
28687 0.0492439075
28738 0.0492439074
28782 0.0492439076
28817 0.0492439076
28855 0.0492439075
28894 0.0492439076
28919 0.0492439074
29046 0.0492439075
29094 0.0492439075
29132 0.0492439075
29208 0.0492439075
29325 0.0492439075
29328 0.0492439075
29425 0.0492439075
29500 0.0492439075
29665 0.0492439075
29905 0.0492439075
30234 0.0492439075
32987 0.0492439075
33686 0.0492439075
evaluations raw_y
1 65.1768245620
2 71.9338286442
4 60.7654339472
6 48.0820620293
12 47.2519294261
75 38.2113089706
172 35.1223006817
201 28.8987290401
1414 30.9855066482
2399 27.0399565068
2529 25.8054933706
2581 25.7994017847
2624 18.9524430942
2665 18.3992579770
3284 12.8258571079
3523 9.7283129497
3570 9.4705513920
3903 8.1359628395
4140 7.3512493520
4281 6.5438790797
4327 6.1364888245
4448 4.4461305958
4613 4.0202521005
4752 2.4499993300
5525 2.2551719362
5673 2.2313421878
5705 2.1751203542
5725 2.1545717273
5790 2.2243026188
5950 2.0253768692
5988 1.5916198638
5995 1.6163811659
6283 1.0595501631
6623 1.0937689186
6681 0.6316239808
7424 0.6605895554
7603 0.5949229400
7683 0.4362865048
7861 0.4341230014
7929 0.3810819564
7976 0.3577575210
8027 0.3716937313
8104 0.3582979119
8244 0.3417872812
8250 0.3251693584
8301 0.3454597559
8552 0.2911111698
8691 0.3398946619
8724 0.2862556405
8885 0.3076374595
8904 0.2866626895
8923 0.2953622576
8956 0.2801740984
8971 0.2295386574
9143 0.2467877132
9165 0.2371044683
9369 0.1578516917
10258 0.1387630999
10344 0.1134839867
10602 0.1229394109
10664 0.1040144321
10665 0.0951928575
10803 0.0985738738
10844 0.0938493508
10855 0.0875542421
10938 0.0732585874
11946 0.0687292533
11953 0.0629663839
11981 0.0634685562
11984 0.0664568344
11996 0.0631690149
12050 0.0588486193
12359 0.0583839535
12519 0.0546956026
12586 0.0556055746
12653 0.0489654111
13147 0.0479620590
13272 0.0462457753
13322 0.0445738239
13385 0.0447260475
13515 0.0452382736
13803 0.0426543853
14126 0.0437559182
14200 0.0410796900
14339 0.0404931942
14359 0.0407211849
14564 0.0396307616
14753 0.0387717360
14863 0.0385079419
14921 0.0384147074
14956 0.0382678890
15110 0.0376916812
15183 0.0373308701
15265 0.0370102416
15312 0.0371810289
15404 0.0364682737
15553 0.0356978175
15932 0.0355468937
15956 0.0351045166
16053 0.0348068353
16298 0.0340646366
16338 0.0339975130
16460 0.0337197477
16721 0.0333134161
17015 0.0332161301
17203 0.0329739696
17308 0.0326736145
17678 0.0326226164
17794 0.0326176828
17881 0.0325063541
17899 0.0324104959
18011 0.0322367117
18081 0.0321055145
18466 0.0319218124
18788 0.0318928728
18957 0.0318903437
19023 0.0317153695
19193 0.0316284790
19215 0.0316182896
19512 0.0314264197
20131 0.0314101022
20324 0.0314009954
20352 0.0313858182
20449 0.0313377862
20478 0.0313143931
20482 0.0312758819
20978 0.0312592147
21118 0.0312594023
21156 0.0312249516
21248 0.0311997108
21312 0.0311813661
21315 0.0311793835
21318 0.0311738478
21422 0.0311549424
21604 0.0311526948
21915 0.0311277743
22024 0.0311233709
22070 0.0311197820
22072 0.0311135115
22139 0.0311118750
22150 0.0311009472
22308 0.0311002220
22367 0.0310989645
22455 0.0310972320
22518 0.0310906315
22673 0.0310894762
22693 0.0310868032
22708 0.0310858990
22784 0.0310838812
23125 0.0310828867
23141 0.0310833563
23162 0.0310831032
23202 0.0310833729
23227 0.0310820177
23294 0.0310815081
23367 0.0310812840
23394 0.0310806771
23474 0.0310813324
23487 0.0310803974
23497 0.0310806197
23520 0.0310800577
23714 0.0310798217
23738 0.0310795563
23812 0.0310797983
23846 0.0310793952
23871 0.0310796995
23894 0.0310794413
24006 0.0310797368
24018 0.0310797521
24033 0.0310794967
24059 0.0310792839
24176 0.0310792396
24241 0.0310793567
24572 0.0310793026
24588 0.0310792763
24630 0.0310792381
24723 0.0310792098
24741 0.0310792358
24757 0.0310790891
24802 0.0310791468
24854 0.0310792082
24913 0.0310791511
24937 0.0310791695
25098 0.0310792370
25103 0.0310791965
25179 0.0310791949
25290 0.0310792053
25432 0.0310791733
25450 0.0310792357
25469 0.0310792081
25503 0.0310791447
25678 0.0310791254
25753 0.0310791772
25797 0.0310791740
25934 0.0310791591
25962 0.0310791736
26085 0.0310791949
26110 0.0310791591
26129 0.0310791712
26134 0.0310791568
26150 0.0310791659
26155 0.0310791587
26166 0.0310791496
26305 0.0310791629
26591 0.0310791438
26609 0.0310791527
26708 0.0310791558
26822 0.0310791504
26841 0.0310791488
26849 0.0310791472
26979 0.0310791433
27053 0.0310791469
27170 0.0310791509
27180 0.0310791518
27321 0.0310791496
27383 0.0310791482
27415 0.0310791475
27417 0.0310791496
27419 0.0310791478
27472 0.0310791491
27484 0.0310791505
27630 0.0310791501
27719 0.0310791506
27762 0.0310791506
28112 0.0310791510
28129 0.0310791507
28328 0.0310791497
28384 0.0310791506
28385 0.0310791507
28431 0.0310791512
28432 0.0310791501
28607 0.0310791505
28654 0.0310791505
28676 0.0310791510
28703 0.0310791506
28751 0.0310791508
28839 0.0310791507
28896 0.0310791504
28974 0.0310791509
29062 0.0310791506
29082 0.0310791506
29206 0.0310791508
29288 0.0310791508
29299 0.0310791507
29430 0.0310791505
29432 0.0310791505
29445 0.0310791506
29446 0.0310791505
29491 0.0310791505
29548 0.0310791503
29607 0.0310791503
29641 0.0310791505
29669 0.0310791505
29777 0.0310791504
29787 0.0310791503
29919 0.0310791503
29987 0.0310791503
30030 0.0310791504
30082 0.0310791502
30171 0.0310791505
30258 0.0310791503
30333 0.0310791503
30359 0.0310791503
30415 0.0310791505
30646 0.0310791504
30723 0.0310791504
30856 0.0310791504
31357 0.0310791504
31591 0.0310791504
evaluations raw_y
1 95.3898068214
2 50.5110609362
7 44.0358625050
34 43.2883654599
116 35.7163523636
310 31.3966990822
539 28.9003397384
1212 34.0497414442
1265 33.3929821758
1436 31.5410525215
1505 30.6505428646
1535 26.1527753946
1563 24.3845746653
1656 24.7383396694
1872 23.0350195655
2067 18.9029922027
2181 13.6733074330
2544 11.1242851327
2877 10.5628125451
2925 9.5858163818
2961 7.1574953586
3069 6.9280850467
3085 6.9264222563
3377 5.7582880281
3517 5.7009186036
3758 5.2804151151
4002 3.5532923192
4027 3.5007683058
4030 3.8341085518
4063 3.0781388183
4270 2.0846566992
4620 2.7693556223
4648 2.4932657301
4759 1.6978120989
4866 1.7739799684
5131 1.4171416269
5251 0.9499886148
5410 1.1078047008
5440 0.7236267385
5590 0.8027879471
5917 0.6597457704
5919 0.5888443838
5969 0.5457214292
6713 0.3063624517
6725 0.3485140043
6909 0.3076302391
6966 0.3245241792
7071 0.2959498531
7082 0.1994294479
7601 0.4233177755
7811 0.3553557863
7935 0.3088581836
8064 0.3506034564
8084 0.2434257025
8435 0.4476266826
8472 0.3968874544
8526 0.3733328574
8732 0.3894524961
8760 0.3119084362
8933 0.3527746681
8937 0.2439694410
9111 0.3171145002
9155 0.3512103361
9219 0.2589093572
9626 0.3735808940
9663 0.2815471320
9692 0.3318735821
9880 0.2538860351
10034 0.3111474790
10088 0.2600230288
10091 0.3038559757
10269 0.2857829213
10435 0.3380362948
10779 0.3642276059
11014 0.2374321508
11033 0.2665984675
11124 0.3359702415
11276 0.2921264794
11371 0.2570456989
11528 0.2280448458
11564 0.2508284971
11585 0.2063718539
11599 0.2934592416
11668 0.2576053028
11733 0.1917798564
11843 0.1942874678
11897 0.1900483301
12061 0.2211722460
12454 0.1921686216
12604 0.1601118455
12627 0.1862922308
12702 0.1705954406
12824 0.1706751331
12957 0.1626921153
12997 0.1452080382
13036 0.1418600520
13468 0.1394485224
13487 0.1476379327
13620 0.1375465851
13640 0.1280943543
13956 0.1305785210
13962 0.1353021731
14288 0.1298307699
14489 0.1166089124
14517 0.1141650028
14796 0.1095479784
14979 0.1030538929
15042 0.1043920342
15167 0.1016444471
15820 0.1016162721
16136 0.1004181665
16350 0.1029940560
16396 0.0990945743
16745 0.0933033803
16945 0.0933978494
17174 0.0926845379
17260 0.0922581915
17294 0.0907422728
17311 0.0901649608
17356 0.0894587116
17513 0.0874868996
17823 0.0870223531
17907 0.0867200779
18028 0.0859557623
18106 0.0856169465
18224 0.0854624541
18231 0.0856720590
18307 0.0838653532
18461 0.0845379682
18651 0.0830082516
18832 0.0830204517
18837 0.0829312901
18922 0.0826927824
18944 0.0827079316
19004 0.0827003103
19044 0.0823534907
19063 0.0821232457
19146 0.0820402688
19156 0.0820724563
19181 0.0818947590
19202 0.0817943562
19234 0.0817716286
19241 0.0814509241
19267 0.0810617769
19327 0.0808719972
19686 0.0809126372
19705 0.0802225744
19910 0.0800603558
20126 0.0797219077
20262 0.0796759228
20283 0.0796896339
20389 0.0795312345
20398 0.0793687511
20538 0.0793580771
20553 0.0793346256
20643 0.0790257334
20665 0.0787822956
20666 0.0788102498
20693 0.0787697713
20722 0.0787175123
20771 0.0787785410
20833 0.0787087699
20849 0.0786033928
20952 0.0786223162
20965 0.0785857133
21011 0.0784380625
21015 0.0783584588
21094 0.0781794079
21214 0.0781228163
21320 0.0780512213
21409 0.0779495110
21479 0.0778044492
21614 0.0777714616
21662 0.0776539642
21858 0.0776343889
21921 0.0776080809
21981 0.0775892227
22044 0.0775626256
22076 0.0775620337
22135 0.0775502093
22193 0.0775247395
22245 0.0775166327
22258 0.0774709567
22353 0.0774641168
22368 0.0774559853
22372 0.0774606252
22396 0.0774432249
22501 0.0774292050
22580 0.0774219918
22614 0.0774081288
22621 0.0773990145
22690 0.0773970017
23022 0.0773857118
23152 0.0773834802
23181 0.0773805950
23300 0.0773778802
23330 0.0773759712
23370 0.0773722278
23434 0.0773733011
23515 0.0773717395
23605 0.0773701951
23607 0.0773688990
23709 0.0773696686
23816 0.0773692281
23822 0.0773688464
23880 0.0773683166
23899 0.0773687343
23958 0.0773686845
23967 0.0773674864
23994 0.0773671354
24193 0.0773672652
24260 0.0773665391
24341 0.0773668439
24342 0.0773662070
24354 0.0773667352
24356 0.0773670407
24461 0.0773670877
24503 0.0773665291
24653 0.0773664536
25006 0.0773665349
25018 0.0773660571
25084 0.0773660491
25217 0.0773662910
25226 0.0773661849
25298 0.0773659168
25318 0.0773660689
25408 0.0773662048
25465 0.0773660892
25493 0.0773660044
25590 0.0773660281
25664 0.0773659789
25727 0.0773659841
25824 0.0773660409
25895 0.0773660900
26073 0.0773660258
26108 0.0773660375
26140 0.0773659851
26153 0.0773660262
26186 0.0773660740
26217 0.0773659919
26245 0.0773660183
26291 0.0773659839
26335 0.0773660190
26426 0.0773660157
26453 0.0773660029
26459 0.0773660006
26567 0.0773660499
26649 0.0773660002
26699 0.0773660236
26751 0.0773659757
26763 0.0773660235
26826 0.0773659946
26843 0.0773660236
26967 0.0773660191
26978 0.0773659925
26988 0.0773659988
27054 0.0773660313
27065 0.0773660340
27079 0.0773660112
27094 0.0773660190
27162 0.0773660068
27277 0.0773660216
27280 0.0773660255
27348 0.0773660247
27398 0.0773660170
27449 0.0773660245
27481 0.0773660194
27508 0.0773660137
27530 0.0773660139
27581 0.0773660151
27639 0.0773660128
27656 0.0773660207
27658 0.0773660107
27703 0.0773660119
27849 0.0773660184
27862 0.0773660190
27925 0.0773660142
27983 0.0773660141
28145 0.0773660139
28181 0.0773660143
28231 0.0773660185
28266 0.0773660179
28368 0.0773660153
28435 0.0773660144
28440 0.0773660194
28449 0.0773660210
28462 0.0773660151
28504 0.0773660193
28508 0.0773660186
28603 0.0773660168
28638 0.0773660149
28664 0.0773660185
28811 0.0773660166
28861 0.0773660193
28930 0.0773660166
28942 0.0773660167
28953 0.0773660182
28987 0.0773660169
29174 0.0773660171
29175 0.0773660184
29200 0.0773660187
29203 0.0773660181
29216 0.0773660177
29311 0.0773660178
29382 0.0773660166
29398 0.0773660177
29505 0.0773660182
29525 0.0773660177
29578 0.0773660173
29643 0.0773660176
29686 0.0773660177
29713 0.0773660174
29724 0.0773660174
29764 0.0773660177
29771 0.0773660174
29943 0.0773660175
30126 0.0773660176
30244 0.0773660175
30344 0.0773660175
30369 0.0773660176
30431 0.0773660175
30573 0.0773660174
30830 0.0773660174
31154 0.0773660175
31998 0.0773660175
32527 0.0773660175
evaluations raw_y
1 83.6669622255
2 72.5105948895
7 43.3963963851
114 24.4157209409
1340 24.1624022578
1736 22.5491683491
1803 21.0681610960
1852 19.4941041843
2090 18.5052393369
2547 17.6663112069
2568 17.4712369066
2794 16.7499617358
2798 15.6220874600
2849 14.8296499506
2899 13.5680289003
2907 11.7842533024
3021 11.2414945642
3036 10.2923366415
3065 10.2240651767
3224 6.5101684226
3629 6.1290855944
3631 5.3725478844
3632 5.0801986079
3686 4.2109600420
4092 3.6921131251
4127 3.3460768744
4270 2.9026911182
4555 2.7548523031
4621 2.3176344225
4815 2.2223329391
4860 1.9126117191
5154 1.8213675790
5163 1.7723340839
5201 1.5379642530
5211 1.3324581784
5270 1.2477020862
5509 0.9173345143
6065 0.7528096947
6128 0.7083780359
6257 0.6917692139
6427 0.5567343329
6475 0.5578795347
6631 0.5083337437
7009 0.4927596793
7068 0.4337871599
7291 0.3866623882
7389 0.3796173500
7536 0.3446546409
7546 0.2901664413
7568 0.2801316727
7738 0.2071699518
7920 0.2098069128
8123 0.1868073086
8157 0.2124239556
8202 0.1976369906
8293 0.2018783197
8324 0.1485048697
8333 0.1549551696
8357 0.1507305666
8447 0.1312585580
8582 0.1156919851
8645 0.1136264987
8784 0.1012217597
8883 0.0969698103
9009 0.0885597629
9095 0.0778102482
9105 0.0789462749
9194 0.0648602338
9259 0.0569933738
9558 0.0568510495
9865 0.0572203005
9967 0.0483020284
10015 0.0446309054
10414 0.0405686139
10430 0.0368152977
10532 0.0350578309
10545 0.0373853287
10561 0.0329993971
10612 0.0324794625
10635 0.0319519429
10719 0.0306729686
10764 0.0301215520
10866 0.0306289962
10897 0.0288684644
10939 0.0265070546
11060 0.0270549988
11153 0.0247399102
11158 0.0240659949
11207 0.0250474422
11209 0.0256452598
11212 0.0219492341
11343 0.0218937148
11463 0.0185756185
11989 0.0172311139
12030 0.0177154653
12191 0.0171573738
12295 0.0174919435
12389 0.0168940448
12407 0.0173558739
12413 0.0162690819
12431 0.0159887405
12506 0.0152270322
12586 0.0149097698
12782 0.0141507430
13025 0.0142021993
13297 0.0139947605
13336 0.0138268375
13757 0.0133619626
13862 0.0126905283
13989 0.0126169396
14031 0.0118017125
14433 0.0120196155
14611 0.0119572191
14620 0.0118777990
14674 0.0118439152
14762 0.0117140459
14772 0.0113883990
14816 0.0111035729
15208 0.0109669918
15222 0.0109643454
15297 0.0109255492
15304 0.0108729131
15306 0.0107646361
15365 0.0108082079
15407 0.0106490374
15950 0.0104072502
16106 0.0103900331
16179 0.0102542277
16291 0.0102592596
16386 0.0101934737
16438 0.0101596866
16502 0.0100983620
16591 0.0100998621
16624 0.0100607686
16695 0.0099977900
16875 0.0100127049
16890 0.0099503822
16918 0.0099265368
16919 0.0098649440
16997 0.0098175306
17154 0.0097710949
17254 0.0097561589
17273 0.0096933856
17467 0.0096992482
17524 0.0096761008
17556 0.0096720957
17659 0.0096338781
17664 0.0096324973
17705 0.0095999985
17742 0.0095724429
17789 0.0095611185
17917 0.0095502139
18014 0.0095472304
18042 0.0095264443
18205 0.0095197914
18212 0.0094968532
18259 0.0094970276
18308 0.0094942195
18327 0.0094497685
18529 0.0094322765
18709 0.0094308162
18934 0.0094164069
19121 0.0094119274
19270 0.0094065046
19316 0.0094070777
19321 0.0094056853
19349 0.0094030123
19364 0.0094025562
19402 0.0094002053
19540 0.0093983110
19860 0.0093983289
19871 0.0093969547
19956 0.0093964368
20093 0.0093961451
20110 0.0093962948
20152 0.0093960099
20157 0.0093955843
20160 0.0093957326
20195 0.0093944609
20304 0.0093944250
20467 0.0093946354
20469 0.0093943650
20523 0.0093937480
20764 0.0093939539
20898 0.0093936146
20914 0.0093936163
21083 0.0093935301
21435 0.0093934810
21525 0.0093934590
21537 0.0093934098
21566 0.0093934166
21658 0.0093933629
21771 0.0093933679
21816 0.0093933720
21886 0.0093933567
21976 0.0093933916
22045 0.0093933571
22163 0.0093934034
22184 0.0093933690
22185 0.0093933357
22266 0.0093933622
22273 0.0093933584
22303 0.0093933782
22353 0.0093933515
22563 0.0093933469
22597 0.0093933563
22715 0.0093933522
22907 0.0093933423
22975 0.0093933522
23136 0.0093933529
23163 0.0093933383
23248 0.0093933528
23255 0.0093933476
23295 0.0093933520
23350 0.0093933518
23381 0.0093933524
23435 0.0093933475
23473 0.0093933483
23496 0.0093933552
23552 0.0093933513
23577 0.0093933532
23694 0.0093933496
23703 0.0093933505
23722 0.0093933476
23749 0.0093933460
23776 0.0093933488
23782 0.0093933524
23994 0.0093933505
24040 0.0093933502
24053 0.0093933502
24283 0.0093933505
24356 0.0093933524
24395 0.0093933506
24429 0.0093933496
24466 0.0093933507
24512 0.0093933509
24533 0.0093933499
24539 0.0093933497
24581 0.0093933512
24660 0.0093933499
24725 0.0093933505
24812 0.0093933512
24839 0.0093933505
24850 0.0093933502
24911 0.0093933504
25012 0.0093933500
25027 0.0093933509
25145 0.0093933503
25203 0.0093933510
25221 0.0093933511
25402 0.0093933509
25408 0.0093933511
25428 0.0093933506
25492 0.0093933511
25505 0.0093933511
25530 0.0093933507
25598 0.0093933507
25629 0.0093933508
25701 0.0093933507
25758 0.0093933509
26036 0.0093933511
26063 0.0093933509
26257 0.0093933509
26311 0.0093933509
26415 0.0093933510
26464 0.0093933510
26536 0.0093933510
26597 0.0093933509
26634 0.0093933510
26667 0.0093933510
26676 0.0093933510
26715 0.0093933510
26770 0.0093933510
26885 0.0093933509
26958 0.0093933510
26967 0.0093933510
27016 0.0093933510
27076 0.0093933510
27088 0.0093933509
27093 0.0093933509
27128 0.0093933509
27159 0.0093933509
27238 0.0093933510
27287 0.0093933510
27585 0.0093933510
27715 0.0093933510
28877 0.0093933510
evaluations raw_y
1 69.1557485718
3 68.4627579366
4 57.7292532415
9 54.9320848595
22 45.5676896644
34 31.4678860316
317 27.6539159429
1142 23.3301675176
1861 23.0077473751
2017 18.8133426825
2073 16.0095077465
2383 15.1049898484
2490 15.0612493874
2503 14.9607532562
2552 14.2894768657
2572 13.6594252357
2585 10.5881944197
2599 8.8412182663
3096 7.5423596670
3257 6.6861678985
3388 5.5331970746
3456 5.4016909987
3602 5.1927090695
3758 4.8804406041
3799 4.7400858244
3934 3.7849109752
4279 3.7596638174
4284 2.8659957324
4370 2.4833780713
4568 2.3773262329
4652 2.3292019492
4774 2.0174255518
4875 1.6317027394
5092 1.3938509806
5097 1.2580439315
5154 1.0771836701
5206 0.9240370892
5387 0.8712898141
5775 0.7269029686
5825 0.6561049682
5901 0.6367932220
5922 0.5076683629
6131 0.4241389610
6288 0.4140005188
6349 0.2852292996
6662 0.2091188283
6772 0.1877769614
6855 0.1572602765
7244 0.1421054777
7436 0.1162102123
7744 0.1162906983
7869 0.1065320002
7914 0.1057414203
8045 0.0768825805
8141 0.0831828614
8339 0.0675822608
8477 0.0764258569
8753 0.0671703324
8894 0.0568366891
9255 0.0542335218
9299 0.0559015681
9408 0.0494720158
9493 0.0414745442
9614 0.0407246636
9662 0.0433443171
9717 0.0380658475
9819 0.0265676803
10205 0.0305532518
10257 0.0290206040
10440 0.0287090540
10536 0.0263374448
10730 0.0217641134
10942 0.0231493572
10992 0.0205121469
11106 0.0212683926
11587 0.0206365022
11602 0.0193692107
11879 0.0187893266
11925 0.0168732109
12025 0.0176997174
12042 0.0168260196
12211 0.0129144369
12775 0.0128835304
12836 0.0123563559
12844 0.0128305958
12930 0.0121692083
13071 0.0117838823
13201 0.0118345036
13221 0.0121281934
13345 0.0116878388
13487 0.0097532005
13789 0.0094094074
13906 0.0091865226
13991 0.0091256502
14250 0.0090706844
14360 0.0086411350
14499 0.0087043195
14523 0.0084307181
14585 0.0085185909
14660 0.0078706682
15193 0.0078277382
15369 0.0077614470
15384 0.0075269195
15388 0.0076467274
15503 0.0075108379
15586 0.0072295215
15871 0.0071225056
15950 0.0070587589
16406 0.0072106647
16510 0.0070252695
16663 0.0070017532
16693 0.0068850955
16739 0.0067495012
17061 0.0067411448
17083 0.0066617232
17101 0.0066001113
17163 0.0065981381
17462 0.0066051753
17715 0.0065585089
17782 0.0065315282
17878 0.0064562353
17894 0.0064456763
17921 0.0064643989
17959 0.0064481169
17969 0.0063932998
18000 0.0063549431
18066 0.0061030715
18764 0.0060798267
18801 0.0060723644
18899 0.0059773021
18996 0.0059845703
19030 0.0059303919
19381 0.0058933701
19385 0.0058990513
19482 0.0058750903
19556 0.0058054121
19725 0.0057967576
19926 0.0057856779
19932 0.0057320317
20454 0.0057190281
20501 0.0057248848
20506 0.0057059355
20511 0.0057000136
20637 0.0056763866
20750 0.0056530728
20997 0.0056465513
21214 0.0056483752
21245 0.0056382329
21294 0.0056408336
21319 0.0056344074
21343 0.0056288446
21368 0.0056248542
21402 0.0056198955
21418 0.0056168489
21455 0.0056059187
21766 0.0056044792
21823 0.0056034589
21889 0.0056024387
21967 0.0056021906
21968 0.0055973995
22160 0.0055968776
22242 0.0055946272
22295 0.0055951002
22429 0.0055954038
22452 0.0055942945
22512 0.0055950587
22531 0.0055942977
22579 0.0055939781
22606 0.0055941957
22652 0.0055940310
22680 0.0055934725
22766 0.0055937029
22826 0.0055931915
22828 0.0055935056
22855 0.0055930644
23116 0.0055929461
23120 0.0055930124
23271 0.0055928216
23318 0.0055929558
23321 0.0055928271
23501 0.0055929153
23663 0.0055928709
23712 0.0055927244
23779 0.0055926478
23834 0.0055927699
23899 0.0055926859
23917 0.0055926929
23956 0.0055928844
23985 0.0055927141
24245 0.0055927006
24308 0.0055927307
24442 0.0055926296
24499 0.0055926833
24535 0.0055926789
24704 0.0055926651
24779 0.0055927032
24792 0.0055926608
24873 0.0055926703
24940 0.0055926917
24944 0.0055926778
25216 0.0055927005
25438 0.0055926864
25444 0.0055926912
25458 0.0055926939
25518 0.0055926897
25525 0.0055926915
25547 0.0055926870
25611 0.0055926798
25630 0.0055926988
25659 0.0055926771
25660 0.0055926875
25723 0.0055926886
25751 0.0055926856
25805 0.0055926844
25867 0.0055926800
25902 0.0055926827
26057 0.0055926893
26076 0.0055926905
26119 0.0055926908
26125 0.0055926840
26147 0.0055926903
26329 0.0055926862
26334 0.0055926890
26349 0.0055926884
26387 0.0055926884
26421 0.0055926894
26580 0.0055926849
26635 0.0055926891
26638 0.0055926905
26717 0.0055926860
26741 0.0055926874
27070 0.0055926891
27199 0.0055926888
27229 0.0055926879
27258 0.0055926873
27374 0.0055926874
27398 0.0055926883
27399 0.0055926865
27406 0.0055926881
27410 0.0055926878
27412 0.0055926876
27442 0.0055926875
27626 0.0055926883
27807 0.0055926878
27964 0.0055926881
28026 0.0055926875
28059 0.0055926874
28082 0.0055926884
28115 0.0055926881
28266 0.0055926880
28306 0.0055926879
28360 0.0055926879
28633 0.0055926879
28724 0.0055926881
28779 0.0055926879
29239 0.0055926879
30046 0.0055926879
evaluations raw_y
1 109.8121300958
2 93.1993787843
4 95.6885546576
5 57.5019753749
6 58.5351673994
15 39.5576934756
199 33.6322060406
273 26.4554000380
2018 25.9230906317
2843 19.2294843055
3068 18.4277793378
3466 17.4204720745
3693 13.8838969713
3786 11.9958479275
4095 11.8205554411
4216 10.2939453474
4402 8.7190724231
4607 6.6495877179
4737 5.6534847313
5032 5.7405374969
5058 4.5401890141
5546 3.8435542201
5632 2.8037964203
6273 2.0301774787
6343 1.9086951442
6693 2.1845963611
6696 1.5460082363
7016 1.4663345785
7268 1.2827756571
7318 1.4204932597
7419 1.3594409057
7573 1.3113081098
7623 1.2416863473
7790 1.1829999680
7825 0.9574226701
7893 1.0121883537
7930 0.9572165355
8160 0.8836545710
8359 0.8447893667
8379 0.7287921439
8435 0.7727526431
8558 0.7389432338
8699 0.6836551966
8950 0.5776068851
9005 0.6056217858
9010 0.5997640365
9033 0.5249109901
9069 0.5697639992
9113 0.4601874438
9627 0.4349191594
9797 0.4431189290
9801 0.4148202322
9939 0.4045004102
10132 0.4016042247
10313 0.3993046229
10325 0.3829218389
10375 0.3888187736
10489 0.3661005096
10648 0.3652262625
10739 0.3328796280
11339 0.3292253760
11341 0.3231730167
11351 0.3305739413
11358 0.3375335928
11360 0.3114513862
11485 0.3150925790
11695 0.3137883884
11841 0.2909499319
11997 0.2824437314
12123 0.2785497329
12369 0.2751766932
12373 0.2632943869
12387 0.2753533787
12516 0.2613585553
12703 0.2569663658
12736 0.2391059292
13335 0.2392122780
13365 0.2366505771
13452 0.2318389997
13556 0.2295693677
13630 0.2266680833
13659 0.2265373137
13803 0.2254813090
14130 0.2250861640
14175 0.2242625233
14180 0.2196602698
14348 0.2193056113
14452 0.2166549108
14475 0.2158379478
14507 0.2146138503
14596 0.2118090070
14864 0.2095468153
14932 0.2102906013
15035 0.2084153219
15050 0.2081292088
15053 0.2060248687
15089 0.2056287859
15117 0.2045046723
15235 0.2039848544
15365 0.2032039027
15407 0.2021263032
15419 0.2027341341
15445 0.2016832297
15551 0.2002595439
15810 0.1998008508
15823 0.1994048018
15829 0.1990458219
15891 0.1987413562
15917 0.1983285216
15931 0.1986768460
16385 0.1975812729
16454 0.1967926671
16524 0.1967314902
16537 0.1965093538
16732 0.1959904583
16837 0.1956515349
16878 0.1947149734
17547 0.1948086821
17556 0.1945596573
17643 0.1945259020
17684 0.1940824915
17940 0.1939494577
18066 0.1937290978
18089 0.1937218894
18130 0.1936338508
18220 0.1930125929
18233 0.1927983762
18449 0.1927190516
18605 0.1923311835
18769 0.1918425212
18858 0.1916595108
18942 0.1914143305
19183 0.1914250151
19190 0.1906626676
19695 0.1906107722
19699 0.1905166404
19813 0.1903734572
19915 0.1901919224
19993 0.1900085945
20316 0.1898831496
20366 0.1898609485
20378 0.1897896451
20514 0.1897894062
20619 0.1896509467
20838 0.1895473950
21134 0.1895514304
21165 0.1894902354
21181 0.1894755278
21226 0.1893904520
21366 0.1893677249
21459 0.1892936780
21802 0.1892776190
21971 0.1892753547
22020 0.1892502966
22093 0.1892379248
22132 0.1892379286
22173 0.1892204762
22174 0.1891999136
22236 0.1892048906
22240 0.1892036938
22250 0.1891896465
22266 0.1891592410
22384 0.1890941039
22440 0.1890844978
22567 0.1890877644
22653 0.1890716442
22701 0.1890503972
23223 0.1890415226
23240 0.1890428568
23249 0.1890355328
23416 0.1890427872
23447 0.1889688550
23884 0.1889578193
23907 0.1889468863
24167 0.1889416072
24173 0.1889321333
24294 0.1889293308
24412 0.1889309548
24464 0.1889256148
24727 0.1889238246
24731 0.1889230851
24770 0.1889218785
24795 0.1889186600
24815 0.1889175067
24987 0.1889173346
25165 0.1889161534
25275 0.1889167707
25291 0.1889160876
25325 0.1889172422
25373 0.1889165381
25408 0.1889156279
25443 0.1889150846
25519 0.1889158872
25587 0.1889148518
25604 0.1889156255
25692 0.1889148026
25950 0.1889140310
25954 0.1889138009
26016 0.1889147311
26047 0.1889137157
26140 0.1889143612
26284 0.1889140154
26311 0.1889134408
26528 0.1889132673
26591 0.1889132985
26610 0.1889126936
26749 0.1889125934
26767 0.1889141549
26937 0.1889133359
27037 0.1889130007
27091 0.1889131599
27298 0.1889133241
27415 0.1889129904
27440 0.1889131841
27447 0.1889132661
27560 0.1889129793
27656 0.1889129441
27668 0.1889123373
27754 0.1889125692
27812 0.1889130082
27844 0.1889128548
28274 0.1889130652
28349 0.1889133918
28405 0.1889131966
28544 0.1889132732
28571 0.1889130238
28619 0.1889128562
28756 0.1889134491
28781 0.1889131075
28787 0.1889128109
28875 0.1889130036
28985 0.1889127903
28998 0.1889132893
29038 0.1889130099
29058 0.1889128864
29140 0.1889130478
29305 0.1889130634
29306 0.1889129371
29307 0.1889129876
29447 0.1889130609
29487 0.1889129994
29627 0.1889129163
29675 0.1889129435
29887 0.1889129484
30108 0.1889128823
30118 0.1889128887
30234 0.1889129176
30393 0.1889128979
30419 0.1889129142
30455 0.1889128689
30535 0.1889128751
30603 0.1889128932
30644 0.1889129454
30665 0.1889129147
30806 0.1889129061
30811 0.1889129184
30855 0.1889129202
30871 0.1889128995
30900 0.1889129049
30970 0.1889128802
31013 0.1889129195
31144 0.1889128952
31171 0.1889129012
31183 0.1889129000
31277 0.1889129065
31282 0.1889129014
31298 0.1889129110
31330 0.1889128957
31439 0.1889128964
31501 0.1889128980
31837 0.1889128846
31849 0.1889128959
31965 0.1889128900
32007 0.1889128961
32160 0.1889128977
32280 0.1889128993
32361 0.1889128945
32362 0.1889128991
32368 0.1889128942
32375 0.1889129000
32395 0.1889129013
32464 0.1889128964
32545 0.1889128993
32605 0.1889128980
32680 0.1889128996
32912 0.1889128987
33003 0.1889128985
33031 0.1889128986
33034 0.1889128977
33094 0.1889128992
33095 0.1889128983
33132 0.1889128990
33377 0.1889128988
33411 0.1889128984
33412 0.1889128996
33478 0.1889128980
33524 0.1889128988
33528 0.1889128987
33682 0.1889128990
33741 0.1889128991
33867 0.1889128986
33911 0.1889128985
34052 0.1889128988
34227 0.1889128987
34298 0.1889128991
34655 0.1889128988
35421 0.1889128988
evaluations raw_y
1 90.3324839991
2 47.6919476837
3 39.7696012481
9 41.7175375471
122 36.7740860233
183 33.1330105867
1553 30.8808336816
1754 31.6345929506
1910 27.8266927031
1914 26.0164709856
1946 25.0013889764
2717 22.1345449210
2723 22.4232957726
2884 18.9257640180
3122 16.4214146886
3353 12.5710029489
3476 12.7800817396
3565 10.6050402080
3857 7.2751115735
4046 7.4740450752
4266 6.3559616557
4539 5.7383577542
4612 4.4429348183
4807 4.1711112097
4830 4.0752781207
4957 4.1061259994
4973 4.0741144414
5042 3.3977226142
5256 2.6830455058
5347 2.3989865742
5547 2.2984581909
5714 1.8325816538
6153 1.4536991534
6597 1.3064003165
6738 1.1794176959
6869 1.0904032277
7002 1.0772085211
7178 0.9817796848
7250 0.8440403777
7614 0.7080915440
8018 0.6488528811
8146 0.6282963662
8308 0.6361882856
8356 0.6652450933
8469 0.6110577202
8498 0.6437316400
8594 0.5688730454
8693 0.6094167318
8748 0.5857051623
8863 0.5276952718
9139 0.5250710723
9327 0.4739734590
9352 0.5014577669
9393 0.4778301603
9460 0.4509063479
9465 0.4351854586
9482 0.4187147388
9875 0.4258060569
9940 0.4266156762
9978 0.3796935964
10077 0.3591195091
10120 0.3786202644
10167 0.3791551993
10176 0.3888125909
10221 0.3621383872
10285 0.3489652331
10321 0.3126402872
10569 0.3227001139
10692 0.2813177845
10942 0.2776628651
11158 0.2815438626
11169 0.2766955746
11304 0.2764585133
11365 0.2676116191
11422 0.2670223716
11494 0.2565386699
11503 0.2586490775
11543 0.2492198911
11622 0.2529528154
11789 0.2440048669
11873 0.2419235025
12112 0.2222945267
12405 0.2168832175
12592 0.2165293569
12711 0.2170826732
12743 0.2124883704
12758 0.2090028328
13052 0.2074108881
13206 0.1999682877
13330 0.2007861635
13391 0.1927133620
13923 0.1916805231
13963 0.1902731170
13997 0.1904838679
14014 0.1892636082
14143 0.1882178713
14187 0.1881289760
14311 0.1882892313
14314 0.1867707405
14365 0.1857592843
14386 0.1845700726
14408 0.1850785383
14555 0.1830297097
14857 0.1791615845
15504 0.1785065378
15650 0.1778416661
15818 0.1776554762
15983 0.1773284206
16083 0.1767287507
16146 0.1768336280
16156 0.1767745324
16164 0.1764497235
16215 0.1758944348
16254 0.1753328136
17026 0.1750075655
17108 0.1749094220
17110 0.1748190026
17208 0.1742725404
17410 0.1738206278
17416 0.1738110648
17418 0.1735285315
17788 0.1730257269
17808 0.1727832769
17857 0.1723890621
18432 0.1722685616
18503 0.1721192417
18785 0.1718076777
18805 0.1716309948
18853 0.1712942816
18973 0.1709746476
19044 0.1707550409
19353 0.1707278722
19356 0.1706345578
19429 0.1705968743
19465 0.1706088342
19472 0.1703976049
19558 0.1703161135
19580 0.1700267654
19840 0.1700257043
19912 0.1699996259
19931 0.1696801160
20261 0.1695416097
20298 0.1694585003
20315 0.1693253106
20366 0.1691646758
20742 0.1690457586
21068 0.1689576640
21285 0.1689215605
21622 0.1688820593
21759 0.1688711127
21788 0.1688654081
21798 0.1687950140
21865 0.1687841444
21888 0.1687589305
21918 0.1687604435
21967 0.1687519652
21994 0.1687508360
22005 0.1686939983
22129 0.1686751982
22182 0.1686680663
22195 0.1686698794
22245 0.1686327102
22334 0.1686324545
22448 0.1686125131
22453 0.1686008314
22568 0.1686010719
22641 0.1685860247
22829 0.1685834485
22835 0.1685829886
22892 0.1685727328
22914 0.1685655993
22952 0.1685645555
23087 0.1685654262
23211 0.1685628918
23330 0.1685554534
23510 0.1685548959
23699 0.1685513255
23796 0.1685465788
23883 0.1685428179
23937 0.1685453863
23980 0.1685444611
24038 0.1685359555
24094 0.1685344170
24241 0.1685351139
24267 0.1685230518
24284 0.1685237363
24594 0.1685232465
24747 0.1685206100
24810 0.1685135798
24988 0.1685182796
25121 0.1685081960
25181 0.1685029453
25291 0.1685025505
25386 0.1685013356
25405 0.1684959169
25526 0.1684961400
25571 0.1684962980
25584 0.1684939855
25588 0.1684918569
25626 0.1684795989
25685 0.1684797533
25700 0.1684775247
25771 0.1684606958
25806 0.1684540444
25824 0.1684550279
25830 0.1684437183
25834 0.1684186448
25882 0.1684153840
25886 0.1684154474
25894 0.1684142825
25907 0.1683922829
26274 0.1683983830
26614 0.1683416462
26922 0.1682991752
27110 0.1682809294
27121 0.1682691526
27147 0.1682620502
27304 0.1682446224
27341 0.1682284368
27381 0.1682226440
27455 0.1682191475
27468 0.1681997785
27552 0.1681935089
27594 0.1681898618
27606 0.1681842900
27623 0.1681882622
27650 0.1681846471
27731 0.1681733400
27765 0.1681682153
27835 0.1681652075
27857 0.1681620381
27936 0.1681668282
27986 0.1681636079
28037 0.1681610070
28047 0.1681559922
28174 0.1681564326
28240 0.1681529619
28252 0.1681490267
28470 0.1681477766
28485 0.1681462916
28531 0.1681456436
28540 0.1681448416
28574 0.1681444812
28691 0.1681452964
28697 0.1681442735
28853 0.1681432750
28939 0.1681432716
29025 0.1681432530
29243 0.1681419757
29415 0.1681423380
29417 0.1681421184
29541 0.1681422623
29587 0.1681423138
29613 0.1681420722
29650 0.1681422214
29673 0.1681420598
29688 0.1681420678
29793 0.1681417968
29806 0.1681419596
29855 0.1681419637
29859 0.1681419376
29912 0.1681418796
29953 0.1681418672
30108 0.1681419267
30124 0.1681418322
30319 0.1681417676
30465 0.1681418680
30512 0.1681418797
30563 0.1681418841
30612 0.1681417552
30627 0.1681418129
30762 0.1681418156
30804 0.1681418355
30805 0.1681417830
30831 0.1681418773
30841 0.1681418389
30940 0.1681418359
30989 0.1681417954
31171 0.1681417931
31244 0.1681418139
31269 0.1681418255
31337 0.1681417917
31346 0.1681418008
31350 0.1681417930
31385 0.1681417893
31462 0.1681418014
31499 0.1681417893
31574 0.1681417957
31667 0.1681418057
31700 0.1681417889
31712 0.1681417720
31713 0.1681417988
31834 0.1681418027
31907 0.1681417896
31964 0.1681417945
31976 0.1681417952
31978 0.1681418017
32318 0.1681417951
32373 0.1681418032
32392 0.1681417960
32393 0.1681417878
32533 0.1681417990
32582 0.1681417943
32762 0.1681417931
33071 0.1681417928
33095 0.1681417929
33169 0.1681417949
33177 0.1681417944
33258 0.1681417931
33321 0.1681417935
33372 0.1681417936
33507 0.1681417931
33544 0.1681417941
33552 0.1681417930
33612 0.1681417939
33638 0.1681417928
33677 0.1681417934
33771 0.1681417934
33849 0.1681417919
33968 0.1681417931
34010 0.1681417930
34051 0.1681417926
34138 0.1681417928
34204 0.1681417930
34238 0.1681417931
34277 0.1681417932
34323 0.1681417930
34425 0.1681417930
34467 0.1681417934
34555 0.1681417926
34664 0.1681417929
34666 0.1681417928
34683 0.1681417932
34694 0.1681417931
34710 0.1681417930
34722 0.1681417928
34726 0.1681417926
34795 0.1681417929
34798 0.1681417926
34879 0.1681417928
35043 0.1681417929
35071 0.1681417929
35160 0.1681417929
35264 0.1681417929
35265 0.1681417927
35378 0.1681417928
35422 0.1681417928
35586 0.1681417928
35767 0.1681417929
35939 0.1681417929
36139 0.1681417928
36635 0.1681417929
37971 0.1681417929
64542 0.1681417929
evaluations raw_y
1 71.2429963201
2 45.5996403868
14 40.8702382235
59 29.1487459717
735 33.2441221085
982 29.1324955750
1068 26.2349557548
1699 16.3408815105
1971 15.4376151587
2217 11.5902546133
2572 7.7942545827
2763 7.6664195395
3177 6.1048646459
3881 4.6015406773
3981 3.8891428642
4204 4.0855768213
4336 3.3002263711
4407 3.1326013033
4832 3.3235051651
4870 2.6541601470
4960 2.4949855618
4970 2.4348921400
5157 2.3872916456
5230 2.1181197697
5436 1.8218325554
5633 1.4223214873
5891 1.2488699000
6270 1.0189051656
6420 1.2470400926
6435 1.1037985247
6448 0.9710772188
6690 0.8327947137
6698 0.9126833405
6779 0.8986735026
6843 0.7252874036
6857 0.5799695132
7816 0.5476008410
8035 0.5162047716
8042 0.4783077782
8089 0.4483032452
8115 0.4799584960
8719 0.4296444347
8738 0.4283257770
8752 0.3933281690
9011 0.3654994686
9048 0.3393876019
9106 0.3448465746
9375 0.3707002861
9451 0.2905081181
9661 0.3117080987
9693 0.2948270687
9696 0.2875686352
9721 0.2811154894
9722 0.2728535006
9834 0.2671246273
9893 0.2400409547
9982 0.2246453915
10394 0.2130756021
10602 0.2307531450
10690 0.2025533560
10740 0.1897091756
10811 0.1852257147
11112 0.1791298539
11173 0.1644665239
11233 0.1651383913
11277 0.1612262101
11328 0.1571705926
11495 0.1548408404
11733 0.1444994767
11886 0.1382348819
11900 0.1427191239
11985 0.1429565370
12206 0.1461464597
12334 0.1471646547
12394 0.1435901482
12524 0.1358758528
12526 0.1345127211
12824 0.1325047554
12854 0.1299780912
12886 0.1299140521
12909 0.1283576475
12927 0.1321241798
13048 0.1268437797
13070 0.1254909271
13206 0.1243022626
13292 0.1261951606
13309 0.1251505759
13312 0.1261582788
13314 0.1216172258
13404 0.1183827740
13578 0.1164231169
13674 0.1142960307
13701 0.1129367205
13766 0.1133420392
13909 0.1124723256
13918 0.1111577588
14111 0.1113010481
14162 0.1104645593
14240 0.1092778779
14635 0.1093311163
14763 0.1080960843
14936 0.1072030393
15133 0.1074180195
15190 0.1071633417
15211 0.1065172183
15402 0.1055261907
15468 0.1048668881
15507 0.1045819404
15919 0.1040953829
15985 0.1039096948
15992 0.1031165752
16078 0.1025368701
16131 0.1024955273
16150 0.1024234815
16191 0.1016552759
16243 0.1017225363
16276 0.1017888494
16312 0.1013685565
16408 0.1013432740
16513 0.1002498537
16700 0.0994625633
16867 0.0988987239
17186 0.0989515841
17199 0.0989193876
17222 0.0985413205
17239 0.0987708561
17365 0.0982383348
17505 0.0979411358
17777 0.0976413606
17937 0.0973245743
17952 0.0971718588
18126 0.0969857323
18268 0.0968148332
18377 0.0967636496
18454 0.0967041640
18716 0.0967088145
18741 0.0966306295
18800 0.0965189900
18813 0.0965050499
18874 0.0964533688
18884 0.0963972890
18894 0.0962243742
18897 0.0961424297
19034 0.0961186057
19130 0.0960603930
19183 0.0960013037
19229 0.0959618761
19286 0.0959510155
19298 0.0959049950
19329 0.0959061488
19343 0.0958760888
19369 0.0958134304
19373 0.0957919019
19426 0.0955932099
19605 0.0955808907
19688 0.0955377828
19782 0.0954645314
19908 0.0953918062
20111 0.0953662123
20183 0.0953629914
20276 0.0953576970
20284 0.0953424907
20298 0.0953227741
20424 0.0953203998
20521 0.0953093567
20633 0.0952952971
20649 0.0952952228
20802 0.0952941938
20882 0.0952839391
20940 0.0952768811
20994 0.0952773758
21028 0.0952756448
21051 0.0952710355
21205 0.0952709765
21259 0.0952696430
21290 0.0952681862
21336 0.0952691552
21437 0.0952673495
21537 0.0952660905
21707 0.0952641939
21830 0.0952643021
21855 0.0952650750
21898 0.0952635922
21905 0.0952641515
21927 0.0952632966
21959 0.0952640689
21980 0.0952636222
22043 0.0952623836
22049 0.0952624277
22303 0.0952628427
22456 0.0952623179
22471 0.0952621299
22723 0.0952623675
22755 0.0952620255
22788 0.0952620934
22808 0.0952618406
22820 0.0952619654
22894 0.0952618525
22899 0.0952618816
22939 0.0952619101
23082 0.0952620363
23216 0.0952618320
23219 0.0952619131
23412 0.0952619327
23435 0.0952618073
23515 0.0952618332
23608 0.0952618192
23620 0.0952617382
23823 0.0952617411
23876 0.0952617994
23942 0.0952617662
23951 0.0952617827
23968 0.0952618269
23984 0.0952618027
24201 0.0952617931
24211 0.0952617733
24241 0.0952617911
24314 0.0952617923
24319 0.0952617899
24438 0.0952618255
24548 0.0952618087
24558 0.0952617979
24668 0.0952617971
24704 0.0952617914
24767 0.0952618051
24896 0.0952617858
24903 0.0952617998
24970 0.0952617822
25085 0.0952617953
25101 0.0952617969
25104 0.0952617963
25116 0.0952618025
25125 0.0952617942
25254 0.0952618057
25426 0.0952618025
25476 0.0952618015
25597 0.0952617984
25622 0.0952617980
25679 0.0952617982
25798 0.0952617995
25850 0.0952618020
26005 0.0952618005
26099 0.0952617977
26218 0.0952617994
26311 0.0952618012
26398 0.0952617985
26481 0.0952617997
26529 0.0952617990
26575 0.0952618014
26595 0.0952617991
26625 0.0952618000
26636 0.0952617998
26638 0.0952617990
26663 0.0952617997
26688 0.0952617996
26771 0.0952618002
26797 0.0952618003
26878 0.0952618001
26904 0.0952618001
27050 0.0952618003
27133 0.0952617996
27250 0.0952618002
27279 0.0952617997
27363 0.0952617996
27693 0.0952617996
28199 0.0952617997
28274 0.0952618000
evaluations raw_y
1 42.1099037878
51 40.0229256545
210 33.6222423550
311 31.5430814633
597 23.7495023933
1378 23.4793185065
1612 24.0028675312
1644 19.2371672522
1793 15.4953202265
1806 13.4979752190
1988 13.7659949334
2085 12.5102803089
2104 12.7236191392
2120 9.3084446838
2228 8.9184568341
2383 8.0672445734
2392 7.2587386885
2416 7.4736621944
2860 6.8577532181
2971 4.9679473751
3131 4.1371825700
3195 4.1847427358
3271 3.9271361523
3618 2.9327751121
4150 2.4602049866
4378 2.3742673972
4546 1.3866582090
4887 1.1193726096
4993 0.9975054836
5378 1.0111200276
5469 0.4832721317
5871 0.4814448105
6453 0.4633765283
6792 0.3833359505
6803 0.3991310740
6917 0.4111345693
6980 0.3636683384
6992 0.2587274730
7057 0.2196581363
7298 0.1742427197
7340 0.2197281648
7468 0.1578744065
7718 0.1445867556
7866 0.1411833499
8059 0.0985124418
8238 0.0809592345
8317 0.0680133262
8701 0.1099392266
9000 0.0767026000
9003 0.0832106750
9149 0.0700158304
9203 0.0408273727
9990 0.0404804625
10054 0.0304216911
10332 0.0221883639
10378 0.0267524377
10705 0.0207694948
10831 0.0315231704
10833 0.0239297785
10940 0.0259354458
10989 0.0199382752
11018 0.0181419670
11061 0.0193216738
11211 0.0165045355
11376 0.0145750255
11562 0.0151769740
11866 0.0126042094
12070 0.0118717813
12193 0.0123047225
12255 0.0111014550
12542 0.0119768284
12768 0.0115657451
12771 0.0105059109
12877 0.0101799960
13092 0.0113067352
13097 0.0101064617
13238 0.0102735422
13329 0.0094724307
13444 0.0089961309
13572 0.0097931870
13613 0.0090962161
14020 0.0088460928
14100 0.0088903747
14121 0.0083047489
14226 0.0089825666
14384 0.0087043800
14466 0.0084077101
14487 0.0083514418
14489 0.0084211086
14506 0.0080352740
14670 0.0077811935
14926 0.0078039320
14958 0.0078339214
15212 0.0078809214
15223 0.0077490852
15460 0.0075938416
15532 0.0076302081
15582 0.0076417702
15592 0.0076593539
15653 0.0075467654
15667 0.0075851393
15743 0.0074823952
15759 0.0076614869
15820 0.0075234811
15821 0.0074490627
16086 0.0075409782
16089 0.0074510746
16095 0.0073760489
16318 0.0071590620
16431 0.0070565087
16593 0.0069818330
16637 0.0068702788
16655 0.0068663482
16712 0.0068444972
16814 0.0067359823
17060 0.0066880746
17222 0.0067319545
17246 0.0066707827
17368 0.0066701815
17454 0.0066504903
17522 0.0065743827
17549 0.0065836457
17607 0.0065633870
17649 0.0065482707
17803 0.0065261892
17868 0.0065034693
17915 0.0064848483
18025 0.0064593681
18180 0.0064240740
18302 0.0063965832
18355 0.0064036737
18410 0.0063766330
18519 0.0063632966
18522 0.0063582728
18604 0.0063498576
18611 0.0063326082
18629 0.0063150651
18781 0.0063038892
18794 0.0063050985
18897 0.0062907288
18979 0.0062814007
19034 0.0062726651
19124 0.0062765444
19134 0.0062493628
19233 0.0062285939
19502 0.0062152951
19576 0.0062022440
19650 0.0062001092
20104 0.0061946499
20121 0.0061975770
20126 0.0061942351
20179 0.0061953235
20241 0.0061922001
20265 0.0061908792
20317 0.0061901750
20367 0.0061864658
20383 0.0061874565
20417 0.0061823546
20465 0.0061810338
20515 0.0061798351
20604 0.0061784579
20760 0.0061764392
20786 0.0061763551
20845 0.0061777789
20862 0.0061771364
20873 0.0061740105
20875 0.0061738793
20922 0.0061712961
20934 0.0061722897
21169 0.0061712070
21298 0.0061716733
21413 0.0061719072
21479 0.0061715004
21507 0.0061710656
21523 0.0061711739
21546 0.0061702989
21557 0.0061704723
21688 0.0061707300
21840 0.0061699934
21853 0.0061697286
21897 0.0061699191
21906 0.0061696420
21935 0.0061696859
21936 0.0061700817
22164 0.0061693516
22267 0.0061697093
22309 0.0061696485
22352 0.0061695075
22384 0.0061694294
22443 0.0061695851
22529 0.0061694676
22649 0.0061693791
22658 0.0061695690
22694 0.0061694415
22980 0.0061694016
23020 0.0061693906
23045 0.0061693304
23047 0.0061694811
23059 0.0061694165
23068 0.0061694180
23112 0.0061692999
23175 0.0061693817
23279 0.0061693735
23391 0.0061693841
23415 0.0061693376
23448 0.0061693758
23465 0.0061693067
23586 0.0061693288
23606 0.0061693383
23616 0.0061693227
23669 0.0061693087
23717 0.0061693922
23782 0.0061693398
23994 0.0061693333
24185 0.0061693288
24278 0.0061693633
24295 0.0061693288
24424 0.0061693014
24440 0.0061693383
24559 0.0061693347
24564 0.0061693239
24772 0.0061693386
24819 0.0061693500
24838 0.0061693248
24925 0.0061693353
24929 0.0061693349
24936 0.0061693306
24966 0.0061693296
25053 0.0061693344
25111 0.0061693403
25115 0.0061693314
25176 0.0061693300
25201 0.0061693359
25241 0.0061693352
25307 0.0061693330
25333 0.0061693392
25334 0.0061693321
25431 0.0061693320
25476 0.0061693278
25535 0.0061693328
25542 0.0061693339
25630 0.0061693347
25674 0.0061693329
25736 0.0061693311
25785 0.0061693343
25981 0.0061693318
26109 0.0061693326
26121 0.0061693316
26149 0.0061693314
26163 0.0061693308
26192 0.0061693328
26253 0.0061693319
26309 0.0061693308
26536 0.0061693299
26550 0.0061693312
26576 0.0061693323
26600 0.0061693312
26610 0.0061693314
26644 0.0061693312
26706 0.0061693309
26782 0.0061693306
26791 0.0061693318
26855 0.0061693317
26985 0.0061693309
27087 0.0061693319
27353 0.0061693319
27381 0.0061693320
27413 0.0061693315
27526 0.0061693315
27532 0.0061693316
27818 0.0061693313
27858 0.0061693315
27926 0.0061693314
28169 0.0061693314
28281 0.0061693314
28498 0.0061693315
29009 0.0061693315
29187 0.0061693315
