evaluations raw_y
1 92.4328054974
2 90.2559945601
4 87.2339857906
5 85.9804774951
16 85.3726967947
21 83.1158124891
52 80.3216831059
75 78.4927278560
109 77.5734105871
146 73.4495289962
169 69.9406770688
219 69.1099322652
397 67.4555710523
850 66.8881791778
855 64.5004379689
899 60.5585372536
1012 55.9635423058
1022 52.2910889167
1140 50.7090569213
1148 29.1505771509
1256 26.4882162355
1311 24.1013235038
1524 19.4333786388
1759 18.4040791437
1828 15.9819857928
1835 15.5004685975
1962 14.8988543300
2014 14.8073249337
2104 13.1608647532
2395 13.0224260751
2404 12.9691955636
2414 12.6157383393
2475 12.1471342219
2575 12.0722306747
2692 11.8887955025
2706 11.8200514394
2762 11.8067023148
2767 11.6627152462
2961 11.5771543934
3019 11.5738051874
3111 11.4839417922
3185 11.4775038998
3187 11.4018671789
3229 11.3669504542
3296 11.3359292235
3327 11.3289099261
3357 11.3255767013
3431 11.3125988570
3455 11.2862902335
3462 11.2816827616
3515 11.2037030721
3635 11.1977393863
3722 11.1898770652
3762 11.1852163776
3794 11.1665763547
3934 11.1607557730
3991 11.1596303885
4150 11.1454807272
4249 11.1449997664
4293 11.1416142199
4373 11.1343776330
4457 11.1338395943
4598 11.1335770560
4614 11.1334137252
4620 11.1330544310
4688 11.1326667816
4699 11.1326619764
4721 11.1323305101
4726 11.1312551550
4763 11.1311365514
4779 11.1308146582
4868 11.1303442098
4890 11.1296603332
4942 11.1293556931
4962 11.1285572214
5033 11.1284975720
5053 11.1279609171
5182 11.1279382959
5184 11.1272271340
5260 11.1268096422
5323 11.1267495741
5384 11.1266141414
5404 11.1265408778
5524 11.1265122750
5542 11.1263628061
5652 11.1262330033
5691 11.1261304009
5707 11.1260543851
5744 11.1260317393
5822 11.1260001906
5864 11.1259380827
5922 11.1259058531
5992 11.1258948025
6013 11.1258693514
6015 11.1258539788
6016 11.1257873227
6076 11.1257676464
6242 11.1257368463
6366 11.1257363517
6372 11.1256938718
6394 11.1256853122
6537 11.1256753467
6577 11.1256720391
6588 11.1256708368
6629 11.1256707429
6650 11.1256631190
6696 11.1256567711
6706 11.1256528569
6714 11.1256462724
6838 11.1256457970
6853 11.1256418229
6959 11.1256364169
7010 11.1256349147
7045 11.1256344276
7057 11.1256314913
7188 11.1256292502
7217 11.1256275169
7268 11.1256270207
7295 11.1256245011
7431 11.1256223390
7653 11.1256216050
7709 11.1256215398
7724 11.1256206109
8008 11.1256203482
8036 11.1256202368
8234 11.1256197496
8299 11.1256197420
8302 11.1256194702
8360 11.1256191990
8378 11.1256191873
8548 11.1256190630
8642 11.1256190010
8672 11.1256189964
8716 11.1256188469
8783 11.1256187968
8882 11.1256186976
8939 11.1256186896
8966 11.1256186020
9151 11.1256185993
9188 11.1256185602
9236 11.1256185426
9275 11.1256185401
9317 11.1256185310
9352 11.1256185085
9432 11.1256185023
9542 11.1256184950
9548 11.1256184908
9707 11.1256184893
9714 11.1256184864
9760 11.1256184803
9775 11.1256184720
9914 11.1256184705
9975 11.1256184656
10018 11.1256184622
10203 11.1256184604
10245 11.1256184600
10246 11.1256184570
10281 11.1256184563
10375 11.1256184559
10391 11.1256184558
10420 11.1256184550
10421 11.1256184545
10602 11.1256184540
10706 11.1256184539
10726 11.1256184538
10727 11.1256184524
10854 11.1256184524
10951 11.1256184523
10986 11.1256184516
11040 11.1256184516
11113 11.1256184515
11129 11.1256184512
11214 11.1256184512
11220 11.1256184511
11324 11.1256184510
11349 11.1256184510
11419 11.1256184509
11471 11.1256184507
11639 11.1256184507
11662 11.1256184506
11751 11.1256184506
11900 11.1256184506
11901 11.1256184506
11903 11.1256184505
11915 11.1256184505
12001 11.1256184505
12132 11.1256184505
12152 11.1256184505
12203 11.1256184505
12211 11.1256184505
12250 11.1256184505
12437 11.1256184504
12543 11.1256184504
12610 11.1256184504
12691 11.1256184504
12717 11.1256184504
12723 11.1256184504
12899 11.1256184504
12921 11.1256184504
12936 11.1256184504
13040 11.1256184504
13165 11.1256184504
13227 11.1256184504
13247 11.1256184504
13275 11.1256184504
13321 11.1256184504
13472 11.1256184504
13620 11.1256184504
13810 11.1256184504
13890 11.1256184504
13939 11.1256184504
13968 11.1256184504
14040 11.1256184504
14088 11.1256184504
14094 11.1256184504
14171 11.1256184504
14188 11.1256184504
14228 11.1256184504
14267 11.1256184504
14282 11.1256184504
14288 11.1256184504
14412 11.1256184504
14436 11.1256184504
14460 11.1256184504
14505 11.1256184504
14637 11.1256184504
14644 11.1256184504
14688 11.1256184504
14732 11.1256184504
14865 11.1256184504
14992 11.1256184504
15046 11.1256184504
15150 11.1256184504
15229 11.1256184504
15264 11.1256184504
15354 11.1256184504
15467 11.1256184504
15601 11.1256184504
15676 11.1256184504
16080 11.1256184504
16619 11.1256184504
17559 11.1256184504
evaluations raw_y
1 97.3529430460
2 86.4896473063
7 86.2948037518
11 85.4922851571
15 85.3752746297
27 85.3003172320
34 85.0903469150
53 84.6063116258
87 84.5918734408
90 83.0292317572
106 81.2523261641
141 80.0475421708
165 79.3612461203
180 78.7177301403
200 78.2560698052
205 77.1339319864
222 75.4711216549
258 74.3192712321
322 71.3123344387
790 70.7944922607
851 70.4085015145
867 63.9340471417
1066 59.6054188114
1162 50.6750276858
1281 48.3829469635
1453 48.3264751505
1454 42.2475308235
1505 39.2445255867
1515 37.5350198348
1591 37.3671579579
1618 32.4144194306
1692 30.1647060498
1868 29.7392902442
1925 29.7184321099
1927 28.9809168358
1948 27.7450878770
1975 25.9868409809
2099 24.9498874593
2214 24.6504009306
2292 24.6499051368
2302 24.2439647311
2383 23.9096330159
2434 23.3790947572
2444 23.2124757883
2541 23.1284049879
2587 22.9873701758
2690 22.5171912805
2757 22.4679698224
2776 22.3042964570
2951 22.2946805401
3010 22.2656480385
3048 22.1058767741
3074 22.0383826856
3283 22.0008531528
3371 21.9943241345
3385 21.9798852529
3410 21.9557627537
3485 21.9539916864
3506 21.9127814057
3543 21.9083518783
3545 21.8443099079
3750 21.8350695546
3860 21.8320908210
3869 21.8293762381
4009 21.8260092386
4030 21.8242184520
4053 21.8227035657
4077 21.8158206067
4132 21.8086571956
4219 21.8054181598
4262 21.8016116296
4342 21.7905612144
4376 21.7900010267
4536 21.7893018908
4568 21.7882089361
4596 21.7865000327
4683 21.7863592038
4720 21.7861087531
4724 21.7846362687
4752 21.7833961007
4867 21.7824431759
4989 21.7824220617
5055 21.7823610938
5056 21.7821538792
5077 21.7818534130
5115 21.7816827473
5125 21.7811983099
5306 21.7811677695
5314 21.7809869547
5346 21.7800657999
5687 21.7800285758
5732 21.7799226199
5813 21.7797978327
5843 21.7797503751
5965 21.7797465059
5996 21.7797444239
5999 21.7796797809
6053 21.7796698829
6075 21.7796473028
6176 21.7795901721
6295 21.7795568006
6465 21.7795397754
6577 21.7795190637
6657 21.7795068090
6822 21.7795020195
6832 21.7795013368
6837 21.7794907414
6981 21.7794855906
6985 21.7794824311
7142 21.7794751126
7150 21.7794746991
7161 21.7794743990
7257 21.7794742290
7288 21.7794720485
7309 21.7794701953
7522 21.7794694089
7598 21.7794668307
7643 21.7794655846
7873 21.7794650658
7907 21.7794650319
7947 21.7794649107
7958 21.7794639598
8017 21.7794638329
8025 21.7794634250
8177 21.7794631024
8372 21.7794630830
8411 21.7794628107
8559 21.7794625944
8646 21.7794625631
8663 21.7794625125
8776 21.7794624851
8777 21.7794624745
8778 21.7794621831
9145 21.7794621815
9156 21.7794621577
9159 21.7794621563
9169 21.7794621313
9234 21.7794621290
9253 21.7794621212
9305 21.7794620837
9311 21.7794620653
9608 21.7794620622
9619 21.7794620531
9693 21.7794620493
9725 21.7794620440
9746 21.7794620315
9764 21.7794620220
9903 21.7794620190
9943 21.7794620132
9958 21.7794620110
10192 21.7794620091
10261 21.7794620066
10336 21.7794620058
10355 21.7794620036
10404 21.7794620028
10409 21.7794620010
10543 21.7794620010
10550 21.7794620007
10633 21.7794619993
10767 21.7794619984
10974 21.7794619980
11059 21.7794619980
11074 21.7794619979
11082 21.7794619978
11102 21.7794619976
11120 21.7794619975
11214 21.7794619973
11242 21.7794619972
11278 21.7794619972
11325 21.7794619971
11449 21.7794619970
11474 21.7794619970
11479 21.7794619970
11498 21.7794619968
11716 21.7794619968
11721 21.7794619968
11736 21.7794619968
11749 21.7794619968
11798 21.7794619967
11800 21.7794619967
11901 21.7794619967
11904 21.7794619966
11924 21.7794619966
12098 21.7794619966
12185 21.7794619966
12272 21.7794619966
12274 21.7794619965
12295 21.7794619965
12362 21.7794619965
12370 21.7794619965
12536 21.7794619965
12571 21.7794619965
12677 21.7794619965
12731 21.7794619965
12803 21.7794619965
12904 21.7794619965
12924 21.7794619965
12941 21.7794619965
13071 21.7794619965
13257 21.7794619965
13276 21.7794619965
13289 21.7794619965
13347 21.7794619965
13383 21.7794619965
13421 21.7794619965
13428 21.7794619965
13556 21.7794619965
13666 21.7794619965
13755 21.7794619965
13758 21.7794619965
13841 21.7794619965
13912 21.7794619965
13957 21.7794619965
14019 21.7794619965
14089 21.7794619965
14166 21.7794619965
14191 21.7794619965
14226 21.7794619965
14317 21.7794619965
14371 21.7794619965
14477 21.7794619965
14498 21.7794619965
14527 21.7794619965
14533 21.7794619965
14602 21.7794619965
14624 21.7794619965
14653 21.7794619965
14701 21.7794619965
14860 21.7794619965
14897 21.7794619965
14943 21.7794619965
15091 21.7794619965
15136 21.7794619965
15199 21.7794619965
15227 21.7794619965
15568 21.7794619965
15611 21.7794619965
15938 21.7794619965
16046 21.7794619965
16660 21.7794619965
evaluations raw_y
1 86.9011299712
5 86.5767589685
7 86.2802238321
10 85.5615638528
13 83.9204127848
93 83.4662165907
97 82.4989087789
144 75.0516026350
312 73.4529247050
812 73.2448277512
827 72.0544204290
842 71.7887750500
858 71.4575588772
957 66.6489390005
1012 61.2500417245
1105 59.5969037839
1134 33.9418642396
1454 33.7774152632
1645 30.1913466508
1714 25.7796972001
1730 25.3676716644
1830 24.8931022701
1885 19.2620210984
1918 18.8856494513
2021 18.4894722448
2071 16.8689299788
2074 10.3305810746
2219 9.0339248836
2255 8.1468002805
2263 7.8712376305
2298 6.4032088315
2414 4.7075461817
2544 4.1275558103
2635 3.3839130955
2665 3.2946168678
2697 3.0952503852
2710 2.7810629250
2785 2.6085050693
2855 2.4590416120
2904 2.4186556182
2919 2.3908544669
2921 2.3464316720
2934 2.3379176711
2947 2.2966660954
2949 2.2768627345
2955 2.2173773606
2967 2.2037117423
2970 2.1999630529
2972 2.1549495548
3075 2.1191249046
3095 2.1078989469
3138 2.0731696503
3158 2.0242775123
3391 2.0183370714
3400 1.9970475950
3593 1.9930149264
3656 1.9895245723
3684 1.9757514928
4068 1.9737561096
4081 1.9734580968
4083 1.9719635867
4189 1.9689910545
4299 1.9682281750
4313 1.9654295158
4376 1.9637740996
4446 1.9637091901
4449 1.9636863802
4469 1.9629055444
4492 1.9627410481
4503 1.9613176491
4505 1.9611091282
4692 1.9610956109
4708 1.9608516033
4712 1.9603610070
4739 1.9596123908
4787 1.9587183627
4816 1.9586819695
4829 1.9585076088
4901 1.9580110256
4904 1.9579965574
4913 1.9577758489
5019 1.9577388157
5033 1.9567212503
5083 1.9566533094
5192 1.9565052973
5224 1.9565049940
5248 1.9560892150
5360 1.9560421448
5372 1.9559126846
5380 1.9559109526
5427 1.9557485184
5540 1.9556600946
5543 1.9554783794
5700 1.9554463148
5751 1.9553342277
5942 1.9552929990
5958 1.9552220669
6156 1.9551884869
6222 1.9551167216
6233 1.9551088255
6362 1.9551017679
6462 1.9550916103
6483 1.9550642418
6544 1.9550428753
6740 1.9550355487
6839 1.9550222857
6860 1.9550195446
6990 1.9550194668
7070 1.9550152417
7148 1.9550145970
7156 1.9550114196
7206 1.9550070813
7440 1.9550044354
7558 1.9550040868
7602 1.9550035288
7624 1.9550033632
7668 1.9550021301
7857 1.9550020174
7911 1.9550014495
7935 1.9550013699
7989 1.9550008799
8083 1.9550004799
8148 1.9550004548
8196 1.9550004282
8251 1.9549999815
8265 1.9549997028
8374 1.9549996031
8404 1.9549996013
8414 1.9549995692
8439 1.9549993777
8613 1.9549992508
8735 1.9549992485
8760 1.9549992112
8814 1.9549992043
8846 1.9549991875
8856 1.9549991813
8904 1.9549991392
8911 1.9549991136
8954 1.9549990784
8964 1.9549990282
9005 1.9549990140
9111 1.9549990118
9148 1.9549989816
9154 1.9549989705
9173 1.9549989669
9315 1.9549989181
9552 1.9549989145
9568 1.9549989117
9622 1.9549989103
9624 1.9549989058
9659 1.9549988927
9673 1.9549988924
9761 1.9549988840
9969 1.9549988825
10000 1.9549988815
10020 1.9549988788
10060 1.9549988755
10075 1.9549988735
10116 1.9549988730
10135 1.9549988694
10318 1.9549988684
10321 1.9549988684
10370 1.9549988677
10382 1.9549988657
10566 1.9549988644
10594 1.9549988632
10794 1.9549988626
10797 1.9549988623
10798 1.9549988620
10846 1.9549988617
10910 1.9549988608
11088 1.9549988605
11177 1.9549988602
11199 1.9549988601
11381 1.9549988600
11436 1.9549988599
11563 1.9549988599
11594 1.9549988598
11734 1.9549988597
11943 1.9549988597
11959 1.9549988597
11968 1.9549988596
12047 1.9549988596
12055 1.9549988596
12352 1.9549988596
12404 1.9549988596
12406 1.9549988596
12564 1.9549988596
12573 1.9549988596
12596 1.9549988596
12624 1.9549988596
12670 1.9549988595
12741 1.9549988595
12775 1.9549988595
12864 1.9549988595
13010 1.9549988595
13060 1.9549988595
13229 1.9549988595
13261 1.9549988595
13266 1.9549988595
13268 1.9549988595
13282 1.9549988595
13345 1.9549988595
13560 1.9549988595
13600 1.9549988595
13778 1.9549988595
13797 1.9549988595
13866 1.9549988595
13976 1.9549988595
14016 1.9549988595
14134 1.9549988595
14135 1.9549988595
14151 1.9549988595
14391 1.9549988595
14563 1.9549988595
14899 1.9549988595
15506 1.9549988595
evaluations raw_y
1 90.1220595349
3 86.8193743490
18 86.3044441450
41 86.1376626597
99 86.0245226479
133 86.0203356800
143 86.0073497755
149 84.4170414473
218 78.9043193879
514 77.4176363814
836 75.2054692141
935 74.9110365353
1007 74.5366168237
1041 72.0380090680
1073 68.7884689607
1097 56.2499050670
1365 51.9946544088
1367 45.0766384121
1515 32.7869179825
1516 25.5050025140
1778 17.1270958429
1885 15.5589831446
1948 15.5041999801
1962 12.3319045852
2095 9.7937053775
2101 8.5724176312
2113 8.2233577377
2169 8.0472356247
2286 7.6306606693
2303 7.2398449556
2393 6.6518048595
2468 6.1270740812
2521 5.8762955177
2672 3.9947820047
2945 3.8576872446
2992 3.4790244484
3043 3.4557898430
3074 3.1784415975
3261 3.1357460134
3276 2.9410613894
3369 2.8679561125
3409 2.8113330154
3479 2.7982459196
3556 2.7853133909
3562 2.7508228244
3622 2.7370536652
3640 2.7368287862
3727 2.7096509246
3811 2.6786405227
3903 2.6656710688
3970 2.6597378401
3982 2.6541683587
4055 2.6487942597
4093 2.6334046613
4244 2.6267575780
4282 2.6224967339
4420 2.6223265219
4456 2.6171899757
4463 2.6141990517
4530 2.6117416930
4582 2.6083623357
4617 2.6080916214
4619 2.6038010734
4694 2.6015994976
4880 2.6004161797
4915 2.5994790190
4932 2.5987639800
4941 2.5947439864
5064 2.5933045121
5404 2.5931988764
5418 2.5926864144
5513 2.5920939225
5597 2.5920044800
5610 2.5918259875
5615 2.5915426796
5652 2.5914270832
5797 2.5912567193
5958 2.5910828360
6005 2.5910404930
6020 2.5910335518
6062 2.5908307618
6312 2.5907772879
6313 2.5907450962
6387 2.5906955582
6477 2.5906884483
6536 2.5906375706
6645 2.5906295125
6746 2.5906283553
6838 2.5906001866
6946 2.5905870275
7049 2.5905837088
7132 2.5905786281
7217 2.5905775236
7235 2.5905687522
7261 2.5905641335
7539 2.5905609600
7605 2.5905582745
7714 2.5905579131
7718 2.5905566051
7764 2.5905548463
7796 2.5905540166
7826 2.5905537262
7884 2.5905529807
7893 2.5905526959
7919 2.5905526742
7979 2.5905505504
8124 2.5905503524
8196 2.5905503021
8202 2.5905501925
8364 2.5905499714
8393 2.5905495746
8432 2.5905489022
8614 2.5905488777
8643 2.5905487320
8733 2.5905485278
8783 2.5905484640
8835 2.5905482568
8909 2.5905482130
8913 2.5905481805
8998 2.5905481286
9105 2.5905480226
9158 2.5905479858
9250 2.5905479810
9335 2.5905479798
9372 2.5905479195
9387 2.5905479032
9404 2.5905478856
9449 2.5905478838
9489 2.5905478720
9556 2.5905478366
9629 2.5905478335
9675 2.5905478329
9688 2.5905478148
9735 2.5905478142
9777 2.5905478069
9835 2.5905478045
9844 2.5905477994
9854 2.5905477919
9860 2.5905477755
9895 2.5905477672
10022 2.5905477653
10054 2.5905477580
10126 2.5905477563
10133 2.5905477551
10251 2.5905477504
10271 2.5905477501
10320 2.5905477468
10364 2.5905477443
10456 2.5905477408
10561 2.5905477387
10701 2.5905477380
10809 2.5905477370
10821 2.5905477360
10873 2.5905477344
10974 2.5905477342
10989 2.5905477330
11032 2.5905477324
11160 2.5905477322
11199 2.5905477317
11251 2.5905477314
11339 2.5905477314
11548 2.5905477313
11549 2.5905477312
11606 2.5905477311
11624 2.5905477310
11629 2.5905477308
11677 2.5905477307
11717 2.5905477306
11835 2.5905477304
12031 2.5905477303
12162 2.5905477303
12258 2.5905477302
12376 2.5905477302
12443 2.5905477302
12570 2.5905477302
12605 2.5905477302
12645 2.5905477302
12650 2.5905477302
12678 2.5905477302
12711 2.5905477301
12772 2.5905477301
12838 2.5905477301
12923 2.5905477301
12954 2.5905477301
13074 2.5905477301
13088 2.5905477301
13211 2.5905477301
13253 2.5905477301
13330 2.5905477301
13372 2.5905477301
13430 2.5905477301
13465 2.5905477301
13495 2.5905477301
13609 2.5905477301
13620 2.5905477301
13732 2.5905477301
13754 2.5905477301
13816 2.5905477301
13908 2.5905477301
14096 2.5905477301
14136 2.5905477301
14186 2.5905477301
14275 2.5905477301
14340 2.5905477301
14399 2.5905477301
14493 2.5905477301
14555 2.5905477301
14729 2.5905477301
14780 2.5905477301
14907 2.5905477301
14975 2.5905477301
15154 2.5905477301
15160 2.5905477301
15259 2.5905477301
15346 2.5905477301
15406 2.5905477301
15439 2.5905477301
15540 2.5905477301
16002 2.5905477301
16265 2.5905477301
16462 2.5905477301
17146 2.5905477301
evaluations raw_y
1 96.1019812182
3 93.6317133193
10 88.3351879432
15 87.6567840823
29 85.5702195705
87 84.5278579680
101 83.3658199984
123 82.2109140952
149 80.6376272773
213 72.0791814403
932 66.0692847648
1129 63.4320338797
1184 60.7791643524
1345 56.4345656902
1353 38.0882186697
1848 33.2788623301
1866 32.2943357754
1873 31.7934138405
1938 28.8063902394
2085 27.0563450829
2166 23.7553584430
2594 23.6819394346
2682 23.6533470941
2752 23.4575540772
2755 23.3124918690
2802 22.4556962090
3189 22.3667136787
3221 22.3304049628
3280 22.2340785420
3315 22.2167449039
3324 22.1443896803
3444 22.0726168854
3573 22.0544679488
3619 22.0495349845
3630 22.0482615653
3672 22.0113160144
3680 21.9580646238
3810 21.9579859455
3839 21.8732125981
4056 21.8516147310
4083 21.8359000093
4299 21.8337654097
4362 21.8121441731
4435 21.8072533500
4502 21.8068877836
4610 21.8024713870
4616 21.8005270440
4639 21.8005214212
4667 21.7953206251
4901 21.7951333415
4927 21.7893205694
4964 21.7851355615
5215 21.7844624701
5219 21.7839977777
5372 21.7838680720
5436 21.7835632623
5453 21.7829771541
5458 21.7827487816
5473 21.7827320075
5564 21.7806253623
5987 21.7805622799
6023 21.7801648893
6160 21.7801600936
6225 21.7800941951
6230 21.7800659624
6257 21.7799763890
6260 21.7799532566
6419 21.7799391504
6443 21.7799374705
6514 21.7799023051
6551 21.7798366363
6619 21.7797763660
6649 21.7796830911
6671 21.7796514294
6794 21.7796501045
6851 21.7796271191
6865 21.7796105543
6913 21.7796018483
6979 21.7795748441
7047 21.7795313410
7257 21.7795228367
7284 21.7795222544
7374 21.7795040334
7419 21.7795036518
7548 21.7794949792
7617 21.7794883930
7621 21.7794883373
7684 21.7794864907
7779 21.7794849705
7828 21.7794773484
7909 21.7794752945
7950 21.7794748030
8030 21.7794742420
8053 21.7794729622
8059 21.7794726717
8062 21.7794723553
8149 21.7794681706
8294 21.7794674285
8328 21.7794660806
8405 21.7794659380
8424 21.7794653450
8510 21.7794643724
8719 21.7794638075
8810 21.7794632931
8947 21.7794632907
8953 21.7794630875
9035 21.7794629010
9118 21.7794626713
9218 21.7794626011
9294 21.7794626003
9323 21.7794622641
9509 21.7794622547
9539 21.7794621964
9570 21.7794621858
9695 21.7794621551
9740 21.7794621468
9824 21.7794621466
9880 21.7794621003
9884 21.7794620854
9979 21.7794620725
10166 21.7794620722
10214 21.7794620457
10363 21.7794620449
10391 21.7794620347
10396 21.7794620332
10417 21.7794620167
10635 21.7794620140
10758 21.7794620094
10861 21.7794620068
11002 21.7794620060
11011 21.7794620045
11131 21.7794620044
11153 21.7794620040
11181 21.7794620028
11241 21.7794620025
11275 21.7794620021
11304 21.7794620021
11308 21.7794619998
11368 21.7794619994
11389 21.7794619990
11395 21.7794619988
11474 21.7794619987
11567 21.7794619984
11638 21.7794619973
11881 21.7794619973
11925 21.7794619970
12050 21.7794619970
12099 21.7794619967
12133 21.7794619967
12434 21.7794619966
12453 21.7794619966
12529 21.7794619966
12549 21.7794619966
12558 21.7794619966
12563 21.7794619966
12641 21.7794619966
12704 21.7794619965
12829 21.7794619965
13042 21.7794619965
13048 21.7794619965
13123 21.7794619965
13152 21.7794619965
13165 21.7794619965
13181 21.7794619965
13213 21.7794619965
13219 21.7794619965
13224 21.7794619965
13238 21.7794619965
13325 21.7794619965
13348 21.7794619965
13450 21.7794619965
13509 21.7794619965
13510 21.7794619965
13634 21.7794619965
13725 21.7794619965
13758 21.7794619965
13932 21.7794619965
13937 21.7794619965
14030 21.7794619965
14075 21.7794619965
14258 21.7794619965
14388 21.7794619965
14506 21.7794619965
14530 21.7794619965
14543 21.7794619965
14548 21.7794619965
14549 21.7794619965
14622 21.7794619965
14635 21.7794619965
14703 21.7794619965
14860 21.7794619965
14896 21.7794619965
14940 21.7794619965
15031 21.7794619965
15074 21.7794619965
15078 21.7794619965
15164 21.7794619965
15189 21.7794619965
15217 21.7794619965
15232 21.7794619965
15235 21.7794619965
15252 21.7794619965
15298 21.7794619965
15666 21.7794619965
15766 21.7794619965
16000 21.7794619965
16135 21.7794619965
16393 21.7794619965
16701 21.7794619965
17346 21.7794619965
evaluations raw_y
1 86.1946378279
10 85.5041258993
15 83.2532520167
52 82.2786117642
85 82.0167295859
109 81.7290395811
110 80.0419513192
120 79.4307870687
168 78.4409636677
175 78.3547064162
191 77.3445155338
288 73.5267179913
422 72.4700904088
765 69.6271523014
832 68.2005074899
862 67.1678548315
952 64.1639172443
1093 62.6907710236
1116 61.3735291325
1122 59.9096384642
1132 59.1258500803
1136 52.6439874244
1310 50.3462786933
1316 49.4765901049
1379 43.8441498483
1462 40.0020752051
1514 38.7658065533
1599 37.1422550152
1711 32.2557828588
1899 31.3726482136
1959 30.7565035544
2102 30.6968241273
2103 29.6577204253
2201 29.4474584640
2259 29.0851792260
2340 28.9236024738
2391 28.8566132275
2393 28.5114163189
2404 28.2189541669
2454 27.8419456191
2465 26.9292490264
2616 26.8826237487
2702 26.8336715140
2706 26.6085679125
2729 26.2700691949
2786 26.1769531109
2959 25.9638872984
2987 25.9637213602
3034 25.8628811252
3053 25.8206947355
3125 25.8199503685
3139 25.7907933576
3186 25.7630035499
3297 25.7628763722
3312 25.7484121417
3343 25.7202115018
3424 25.7087727796
3435 25.6976347291
3487 25.6769174900
3518 25.6645520737
3520 25.6451290102
3567 25.6360477528
3579 25.5854501165
3694 25.5770234912
3787 25.5399611395
3885 25.5370666643
3920 25.5363969749
3981 25.5158744334
4153 25.4988047401
4296 25.4979119120
4372 25.4978022857
4414 25.4970178927
4473 25.4948551048
4500 25.4946344033
4527 25.4920015306
4652 25.4919926411
4656 25.4908124525
4660 25.4863634281
4810 25.4834832366
4950 25.4830398206
4964 25.4830310166
4994 25.4827830041
4996 25.4813820903
5041 25.4811440390
5054 25.4807744567
5203 25.4807158949
5214 25.4801354583
5270 25.4791588203
5451 25.4790505482
5493 25.4783030173
5581 25.4782082673
5609 25.4781880479
5641 25.4779041073
5741 25.4775866569
5953 25.4774418648
5994 25.4773803551
6114 25.4772511173
6171 25.4771888229
6313 25.4771515005
6409 25.4771272634
6500 25.4771127231
6678 25.4770425994
6883 25.4770135142
6971 25.4770033465
7049 25.4770003070
7178 25.4769810031
7406 25.4769791716
7411 25.4769662993
7596 25.4769632075
7628 25.4769620777
7709 25.4769605331
7775 25.4769590217
7873 25.4769588376
7881 25.4769585074
7883 25.4769577939
7892 25.4769569260
7908 25.4769567163
7947 25.4769566509
7956 25.4769550351
8040 25.4769539804
8266 25.4769532748
8307 25.4769530727
8310 25.4769526200
8514 25.4769523695
8549 25.4769523397
8568 25.4769515526
8673 25.4769514575
8701 25.4769512996
8924 25.4769512663
8987 25.4769512068
9195 25.4769511578
9217 25.4769511154
9259 25.4769510390
9291 25.4769510138
9326 25.4769509811
9442 25.4769509625
9485 25.4769509295
9548 25.4769509284
9569 25.4769509239
9651 25.4769509112
9652 25.4769508770
9698 25.4769508712
9728 25.4769508558
9782 25.4769508494
9850 25.4769508424
9858 25.4769508418
9868 25.4769508400
9933 25.4769508335
10074 25.4769508262
10082 25.4769508153
10243 25.4769508106
10346 25.4769508097
10420 25.4769508095
10426 25.4769508094
10445 25.4769508065
10510 25.4769508038
10609 25.4769508025
10676 25.4769508000
10801 25.4769507987
10892 25.4769507977
10962 25.4769507965
11060 25.4769507962
11077 25.4769507956
11220 25.4769507951
11377 25.4769507944
11451 25.4769507944
11468 25.4769507941
11548 25.4769507940
11688 25.4769507937
11739 25.4769507937
11795 25.4769507935
12017 25.4769507935
12032 25.4769507934
12060 25.4769507934
12141 25.4769507934
12251 25.4769507934
12268 25.4769507933
12444 25.4769507933
12538 25.4769507933
12553 25.4769507933
12572 25.4769507933
12573 25.4769507932
12768 25.4769507932
12781 25.4769507932
12803 25.4769507932
12857 25.4769507932
12903 25.4769507932
12914 25.4769507932
13033 25.4769507932
13043 25.4769507932
13143 25.4769507932
13161 25.4769507932
13163 25.4769507932
13247 25.4769507932
13305 25.4769507932
13320 25.4769507932
13327 25.4769507932
13333 25.4769507932
13446 25.4769507932
13512 25.4769507932
13559 25.4769507932
13565 25.4769507932
13574 25.4769507932
13620 25.4769507932
13705 25.4769507932
13764 25.4769507932
13829 25.4769507932
13923 25.4769507932
14023 25.4769507932
14102 25.4769507932
14140 25.4769507932
14160 25.4769507932
14288 25.4769507932
14325 25.4769507932
14546 25.4769507932
14585 25.4769507932
14738 25.4769507932
14796 25.4769507932
14808 25.4769507932
14896 25.4769507932
14970 25.4769507932
15049 25.4769507932
15433 25.4769507932
15927 25.4769507932
16554 25.4769507932
evaluations raw_y
1 103.1967893505
4 87.0446271190
11 86.8981730070
14 86.3214426187
18 85.8859408575
42 85.0543428600
73 85.0245952969
94 84.1780316813
102 81.1935348674
164 80.6497552370
180 80.2992597635
273 78.5458491230
598 75.9077612498
713 70.5254800639
963 69.5141012036
973 69.4781287632
980 68.7377938529
1015 64.3967624420
1038 62.7867025884
1153 60.7704302062
1182 55.9800591315
1257 49.0278031568
1397 35.4837959408
1473 32.5645011414
1564 28.1890379659
1658 26.8329044589
1715 15.2060114302
1815 9.6330530200
1955 9.4838552622
2028 8.4396517292
2094 7.5999513246
2107 6.7013123249
2243 6.3801751968
2286 3.5110934085
2320 3.4299489348
2417 3.1665618092
2425 2.9450909079
2426 2.5693439361
2467 2.0440326688
2536 1.9618562695
2562 1.9496665023
2730 1.9289913251
2755 1.6168758258
2950 1.4946538619
3039 1.3259400897
3079 1.3254161749
3088 1.2450989677
3102 1.1859657367
3221 1.1072994903
3226 0.9933087774
3330 0.9897013741
3334 0.9276042880
3485 0.8345829465
3578 0.8340882920
3653 0.8328887763
3658 0.8269683400
3707 0.7602344146
3791 0.7507712809
3841 0.7423808680
3946 0.7400382474
3950 0.7350442259
4023 0.7278451480
4028 0.7262227008
4069 0.7242027548
4128 0.7233910126
4136 0.7227820828
4149 0.7123851519
4309 0.7092422607
4348 0.7088552592
4412 0.7035571444
4616 0.7031430697
4627 0.7015969635
4666 0.7001831422
4693 0.6999465442
4778 0.6959342098
4876 0.6951421254
4927 0.6948464230
4951 0.6947986529
4991 0.6938279048
5140 0.6936396702
5294 0.6933464534
5346 0.6931220946
5486 0.6930057315
5495 0.6929234474
5545 0.6927892859
5630 0.6927229931
5642 0.6926919148
5660 0.6925088483
5665 0.6925035362
5722 0.6924727202
5744 0.6924058212
5771 0.6923396162
5791 0.6922897989
5840 0.6922263101
5903 0.6921548927
5961 0.6920415789
6150 0.6920230294
6210 0.6919693741
6433 0.6919595896
6462 0.6919575219
6531 0.6919317585
6615 0.6919300182
6636 0.6919091622
6723 0.6919014447
6804 0.6918884685
6976 0.6918814869
6991 0.6918785213
7193 0.6918706087
7196 0.6918697613
7279 0.6918678393
7416 0.6918664091
7431 0.6918634458
7442 0.6918603353
7899 0.6918603155
7902 0.6918596125
7973 0.6918590621
7977 0.6918583213
8223 0.6918580477
8242 0.6918579749
8286 0.6918577220
8326 0.6918577213
8338 0.6918576827
8390 0.6918576620
8441 0.6918575384
8529 0.6918575123
8598 0.6918575002
8611 0.6918574664
8618 0.6918573021
8681 0.6918572231
8761 0.6918571778
8825 0.6918571727
8928 0.6918570935
9098 0.6918570892
9128 0.6918570824
9152 0.6918570791
9175 0.6918570730
9217 0.6918570597
9219 0.6918570221
9387 0.6918569825
9461 0.6918569619
9735 0.6918569543
9840 0.6918569528
9841 0.6918569457
9865 0.6918569453
9870 0.6918569333
9968 0.6918569325
10032 0.6918569313
10113 0.6918569291
10130 0.6918569278
10151 0.6918569224
10261 0.6918569207
10299 0.6918569197
10368 0.6918569186
10415 0.6918569168
10529 0.6918569160
10690 0.6918569160
10706 0.6918569159
10752 0.6918569149
10768 0.6918569140
10800 0.6918569132
10981 0.6918569129
11130 0.6918569128
11156 0.6918569126
11211 0.6918569125
11266 0.6918569123
11290 0.6918569120
11336 0.6918569118
11453 0.6918569116
11481 0.6918569116
11620 0.6918569114
11876 0.6918569114
11918 0.6918569114
11942 0.6918569114
11957 0.6918569114
11979 0.6918569114
11990 0.6918569113
12098 0.6918569113
12134 0.6918569113
12157 0.6918569113
12190 0.6918569113
12240 0.6918569113
12270 0.6918569112
12472 0.6918569112
12507 0.6918569112
12575 0.6918569112
12749 0.6918569112
12767 0.6918569112
12854 0.6918569112
13054 0.6918569112
13168 0.6918569112
13334 0.6918569112
13400 0.6918569112
13426 0.6918569112
13454 0.6918569112
13479 0.6918569112
13485 0.6918569112
13617 0.6918569112
13649 0.6918569112
13733 0.6918569112
13738 0.6918569112
13767 0.6918569112
14066 0.6918569112
14357 0.6918569112
14567 0.6918569112
14702 0.6918569112
14891 0.6918569112
14956 0.6918569112
15153 0.6918569112
15507 0.6918569112
16160 0.6918569112
evaluations raw_y
1 96.9490598464
4 90.1860409104
7 90.0718167590
8 86.7078128902
35 86.0387342437
40 84.7872980907
44 84.6718709017
98 81.6847997339
158 79.8456148191
171 77.1368088161
253 76.9342740530
339 68.7721598695
1305 64.9995633374
1474 49.5243945940
1794 46.2693322986
1805 44.7808305775
1822 43.9951531713
1869 34.2567169262
1994 27.8291607821
2173 23.0204015858
2272 22.4734550175
2335 21.4197729872
2352 18.3512406390
2439 15.8780269737
2605 15.5634330009
2607 14.0816079289
2620 14.0619211053
2637 12.9730750580
2666 11.2037903993
2924 10.9465225389
2964 10.5935631904
2991 10.2808699473
3024 10.0091053529
3048 9.8464528094
3057 9.7113735191
3165 9.6487974307
3170 9.4393609257
3229 9.2499926138
3261 9.2071516089
3287 9.1841132887
3416 9.1399218009
3506 9.1326120184
3535 9.0583641258
3607 9.0444568982
3644 9.0011272709
3662 8.9836039722
3681 8.8414217321
4022 8.8377427171
4039 8.8109586872
4096 8.8035509204
4216 8.8024413281
4277 8.7992237492
4341 8.7869332379
4448 8.7855821529
4509 8.7841795312
4518 8.7710274639
4564 8.7652713562
4624 8.7651371757
4711 8.7618793025
4731 8.7582917276
4809 8.7575861502
4873 8.7527263694
5102 8.7523538047
5117 8.7513064447
5132 8.7503285874
5192 8.7495451299
5279 8.7488157977
5404 8.7476103431
5457 8.7461846239
5671 8.7459875111
5694 8.7448884135
5800 8.7446324646
5868 8.7444710217
6004 8.7442854233
6040 8.7439655033
6152 8.7436537755
6283 8.7436141619
6371 8.7432880489
6447 8.7431265967
6639 8.7430112171
6758 8.7429963818
6870 8.7429689044
6952 8.7429400079
6991 8.7429380316
7050 8.7429338465
7090 8.7428960249
7135 8.7428913460
7143 8.7428863132
7163 8.7428837673
7216 8.7428579146
7221 8.7428244875
7341 8.7428169989
7396 8.7428111060
7452 8.7428026361
7545 8.7427907926
7603 8.7427824990
7823 8.7427739191
7828 8.7427736851
7839 8.7427664865
7961 8.7427652250
7984 8.7427646646
8021 8.7427636963
8068 8.7427622133
8205 8.7427580240
8294 8.7427575690
8408 8.7427564756
8429 8.7427558332
8461 8.7427543198
8560 8.7427537945
8638 8.7427530675
8681 8.7427527056
8843 8.7427521321
8896 8.7427516752
8951 8.7427515856
9079 8.7427514708
9141 8.7427512483
9188 8.7427512084
9234 8.7427510729
9286 8.7427510523
9474 8.7427508718
9635 8.7427508359
9644 8.7427508093
9707 8.7427507821
9745 8.7427507068
9876 8.7427506975
9902 8.7427506524
10027 8.7427506369
10036 8.7427506352
10128 8.7427506090
10186 8.7427506059
10270 8.7427505955
10282 8.7427505951
10290 8.7427505944
10319 8.7427505914
10378 8.7427505879
10379 8.7427505714
10430 8.7427505673
10483 8.7427505649
10587 8.7427505584
10626 8.7427505583
10689 8.7427505559
10773 8.7427505532
10860 8.7427505486
10976 8.7427505448
11006 8.7427505437
11049 8.7427505435
11057 8.7427505423
11108 8.7427505405
11130 8.7427505395
11167 8.7427505388
11184 8.7427505386
11285 8.7427505386
11302 8.7427505377
11311 8.7427505374
11316 8.7427505369
11412 8.7427505364
11473 8.7427505355
11558 8.7427505346
11641 8.7427505346
11701 8.7427505345
11704 8.7427505339
11782 8.7427505334
11799 8.7427505334
11956 8.7427505334
11964 8.7427505331
12086 8.7427505329
12111 8.7427505329
12186 8.7427505328
12198 8.7427505328
12265 8.7427505326
12306 8.7427505326
12319 8.7427505326
12375 8.7427505325
12427 8.7427505325
12468 8.7427505323
12590 8.7427505322
12597 8.7427505322
12970 8.7427505322
13176 8.7427505321
13251 8.7427505321
13320 8.7427505321
13351 8.7427505321
13359 8.7427505321
13456 8.7427505321
13547 8.7427505321
13615 8.7427505321
13675 8.7427505321
13709 8.7427505321
13766 8.7427505321
13769 8.7427505321
13779 8.7427505321
13838 8.7427505321
13999 8.7427505321
14038 8.7427505321
14048 8.7427505321
14068 8.7427505321
14129 8.7427505321
14157 8.7427505321
14193 8.7427505321
14237 8.7427505321
14264 8.7427505321
14422 8.7427505321
14443 8.7427505321
14517 8.7427505321
14582 8.7427505321
14800 8.7427505321
14854 8.7427505321
14950 8.7427505321
15037 8.7427505321
15069 8.7427505321
15123 8.7427505321
15127 8.7427505321
15300 8.7427505321
15319 8.7427505321
15527 8.7427505321
15583 8.7427505321
15593 8.7427505321
15774 8.7427505321
15844 8.7427505321
15955 8.7427505321
16005 8.7427505321
16030 8.7427505321
16047 8.7427505321
16100 8.7427505321
16228 8.7427505321
16520 8.7427505321
16545 8.7427505321
16637 8.7427505321
16796 8.7427505321
17174 8.7427505321
17361 8.7427505321
evaluations raw_y
1 112.2748029383
2 102.1017915702
3 92.6044224167
8 87.9143555624
21 87.7308915011
51 87.0399457193
76 86.8822344940
79 85.6963829549
122 85.2257962398
165 83.0285959762
326 80.3663864534
355 79.9920208885
392 79.3881777089
421 78.4699894880
623 76.5016191013
861 76.2612258635
901 72.7621585733
1258 65.8183264474
1397 63.7995875400
1482 53.8463484946
1521 53.0848925122
1606 47.9632260477
1789 46.8732976708
1826 41.3011687867
1921 40.2543279708
1933 40.0306969663
2058 34.9219029494
2096 24.3590534010
2256 23.8932170828
2415 22.3190887756
2458 22.3105071002
2476 20.1276742992
2831 18.6419142786
2945 16.8890219466
3000 15.2918684055
3180 14.2092526362
3194 13.7453720374
3348 12.0587063299
3412 11.7667329811
3669 11.6612509002
3677 11.6046764810
3719 10.6595176595
3825 10.1378514452
3857 9.5710979199
4123 9.5399642870
4384 9.2670995901
4545 9.2390729367
4714 9.1333906530
4732 9.0806150939
4859 9.0168952415
4986 8.9878362358
5149 8.9659640253
5189 8.9251264629
5243 8.8990386585
5386 8.8691178727
5609 8.8593011299
5701 8.8475580074
5759 8.8409130510
5832 8.7891336360
6490 8.7808983847
6560 8.7650054252
6879 8.7633698151
6888 8.7608002392
6897 8.7556413380
6998 8.7532159569
7301 8.7523074806
7372 8.7505500782
7583 8.7495737957
7653 8.7493372303
7656 8.7491698930
7687 8.7480676669
7763 8.7469369103
7808 8.7468796055
7936 8.7465295506
8131 8.7465264401
8182 8.7463388218
8248 8.7462224333
8309 8.7459274755
8385 8.7456113974
8386 8.7446711892
8672 8.7445669802
8882 8.7440387036
9166 8.7431221480
10078 8.7430780103
10119 8.7430776646
10144 8.7430286967
10173 8.7429774250
10258 8.7429488303
10638 8.7429485568
10706 8.7429068877
10734 8.7428858471
10921 8.7428840106
11018 8.7428623074
11036 8.7428575224
11111 8.7428344364
11171 8.7428322873
11218 8.7428108904
11272 8.7428073793
11350 8.7427884921
11675 8.7427717917
12113 8.7427673590
12149 8.7427664777
12274 8.7427662004
12286 8.7427650132
12311 8.7427649351
12322 8.7427637193
12435 8.7427620145
12463 8.7427619524
12493 8.7427612411
12496 8.7427599543
12498 8.7427576808
12629 8.7427567117
12661 8.7427561694
12679 8.7427548758
12687 8.7427542330
12916 8.7427531638
12950 8.7427529444
13153 8.7427524079
13207 8.7427522240
13261 8.7427519301
13352 8.7427518783
13387 8.7427517360
13509 8.7427516674
13584 8.7427514380
13691 8.7427514189
13697 8.7427510414
13892 8.7427509790
13909 8.7427509733
13948 8.7427509362
13972 8.7427508752
14008 8.7427508721
14069 8.7427508588
14087 8.7427508240
14142 8.7427507040
14257 8.7427506668
14387 8.7427506402
14556 8.7427505924
14769 8.7427505874
14858 8.7427505797
15042 8.7427505650
15179 8.7427505648
15238 8.7427505554
15338 8.7427505514
15359 8.7427505506
15675 8.7427505469
15835 8.7427505463
15880 8.7427505444
16006 8.7427505419
16060 8.7427505397
16077 8.7427505392
16106 8.7427505386
16117 8.7427505381
16228 8.7427505373
16365 8.7427505369
16378 8.7427505368
16455 8.7427505348
16616 8.7427505346
16693 8.7427505343
16698 8.7427505341
16890 8.7427505339
16931 8.7427505338
16951 8.7427505337
16990 8.7427505336
17061 8.7427505335
17111 8.7427505334
17151 8.7427505334
17230 8.7427505329
17267 8.7427505328
17337 8.7427505328
17352 8.7427505327
17419 8.7427505325
17540 8.7427505325
17552 8.7427505325
17640 8.7427505323
17920 8.7427505323
17994 8.7427505323
18051 8.7427505323
18081 8.7427505323
18098 8.7427505323
18099 8.7427505322
18180 8.7427505322
18244 8.7427505322
18272 8.7427505322
18312 8.7427505322
18345 8.7427505322
18394 8.7427505322
18458 8.7427505321
18650 8.7427505321
18684 8.7427505321
18774 8.7427505321
18933 8.7427505321
19016 8.7427505321
19171 8.7427505321
19389 8.7427505321
19498 8.7427505321
19561 8.7427505321
19691 8.7427505321
19789 8.7427505321
19900 8.7427505321
20054 8.7427505321
20100 8.7427505321
20322 8.7427505321
20409 8.7427505321
20439 8.7427505321
20449 8.7427505321
20469 8.7427505321
20554 8.7427505321
20648 8.7427505321
20791 8.7427505321
20824 8.7427505321
21180 8.7427505321
21377 8.7427505321
21956 8.7427505321
22698 8.7427505321
evaluations raw_y
1 98.6859620365
2 90.8763127422
3 86.0702651014
18 85.8164044572
37 85.5238766519
48 85.2110136795
64 85.1683628457
75 84.5320274155
85 83.5834473129
92 80.1720305180
127 78.1150075738
157 76.8761137333
202 74.4026546515
210 69.0708966449
343 68.2373571754
378 68.0918112849
476 68.0031465432
859 57.7455542965
927 53.6579960831
1252 52.3903017487
1255 48.8820183599
1282 48.7820228883
1304 42.3024348176
1394 41.3741672894
1467 27.4046987762
1649 27.2993717482
1679 25.4820190954
1700 23.9646071116
1806 18.4292405545
1997 13.0155890141
2284 11.3876588467
2360 10.9135750471
2563 9.6801803190
2686 8.2127658393
2936 8.1841949880
3019 8.1245144888
3030 7.9827633277
3103 7.8798079599
3193 7.8206177656
3247 7.7527159676
3346 7.6866051416
3405 7.6784827282
3415 7.5867707935
3495 7.5739448645
3534 7.4715224892
3737 7.4510862564
3750 7.4068167360
4023 7.3925757438
4056 7.3737290502
4217 7.3732886238
4241 7.3668243448
4298 7.3618919578
4305 7.3455370320
4405 7.3084256005
4803 7.2971869555
4953 7.2948827704
5016 7.2904625315
5059 7.2879901680
5133 7.2842736619
5254 7.2834470399
5316 7.2805192176
5380 7.2790325619
5410 7.2789512841
5459 7.2787228493
5469 7.2772862273
5500 7.2769092282
5610 7.2763909321
5619 7.2750922962
5753 7.2742932683
5916 7.2734251062
5999 7.2731315800
6115 7.2727860594
6146 7.2724570928
6437 7.2724089487
6560 7.2723477979
6577 7.2722400837
6599 7.2720398433
6685 7.2719733435
6843 7.2719698404
6911 7.2719472831
6968 7.2719035281
6995 7.2718752755
7058 7.2717918591
7093 7.2717733090
7450 7.2717590369
7541 7.2717369867
7590 7.2717241708
7775 7.2717138491
7777 7.2717019096
7789 7.2716974791
7877 7.2716949656
7953 7.2716942689
7992 7.2716830044
8085 7.2716775836
8194 7.2716699340
8221 7.2716585343
8288 7.2716566008
8297 7.2716536185
8318 7.2716484384
8467 7.2716396489
8660 7.2716366775
8832 7.2716356869
8908 7.2716355926
8988 7.2716355241
8992 7.2716353415
9000 7.2716345588
9032 7.2716340300
9099 7.2716338964
9208 7.2716332197
9266 7.2716328665
9279 7.2716323427
9287 7.2716322598
9335 7.2716309351
9338 7.2716307846
9524 7.2716305622
9593 7.2716303872
9759 7.2716302641
9779 7.2716298370
9808 7.2716298188
9900 7.2716297772
10035 7.2716297421
10116 7.2716296020
10177 7.2716295259
10226 7.2716295197
10264 7.2716294820
10283 7.2716294580
10352 7.2716294243
10416 7.2716293784
10600 7.2716293709
10685 7.2716293424
10692 7.2716293401
10693 7.2716293100
10764 7.2716292812
10898 7.2716292768
10914 7.2716292643
10952 7.2716292432
11136 7.2716292382
11248 7.2716292364
11296 7.2716292281
11401 7.2716292249
11416 7.2716292091
11663 7.2716292068
11667 7.2716292065
11773 7.2716292030
11815 7.2716292017
12042 7.2716292011
12077 7.2716292007
12083 7.2716291991
12100 7.2716291990
12230 7.2716291979
12249 7.2716291975
12297 7.2716291973
12348 7.2716291963
12527 7.2716291961
12564 7.2716291961
12648 7.2716291958
12670 7.2716291956
12709 7.2716291951
12787 7.2716291948
12836 7.2716291947
12882 7.2716291944
13032 7.2716291944
13048 7.2716291944
13076 7.2716291943
13091 7.2716291942
13171 7.2716291941
13238 7.2716291940
13301 7.2716291940
13378 7.2716291940
13395 7.2716291939
13445 7.2716291939
13483 7.2716291938
13693 7.2716291937
13834 7.2716291937
13992 7.2716291937
14190 7.2716291937
14191 7.2716291937
14215 7.2716291937
14337 7.2716291937
14391 7.2716291936
14596 7.2716291936
14668 7.2716291936
14678 7.2716291936
14685 7.2716291936
14789 7.2716291936
14797 7.2716291936
14914 7.2716291936
14915 7.2716291936
14972 7.2716291936
14985 7.2716291936
15100 7.2716291936
15117 7.2716291936
15253 7.2716291936
15261 7.2716291936
15269 7.2716291936
15272 7.2716291936
15294 7.2716291936
15300 7.2716291936
15336 7.2716291936
15388 7.2716291936
15390 7.2716291936
15747 7.2716291936
15761 7.2716291936
15842 7.2716291936
15883 7.2716291936
16009 7.2716291936
16048 7.2716291936
16166 7.2716291936
16253 7.2716291936
16288 7.2716291936
16301 7.2716291936
16497 7.2716291936
16540 7.2716291936
16570 7.2716291936
16684 7.2716291936
16720 7.2716291936
16813 7.2716291936
17149 7.2716291936
17407 7.2716291936
18301 7.2716291936
evaluations raw_y
1 86.2521238643
7 85.0028685131
22 84.2498621537
40 82.3020522981
80 82.0264015884
93 79.8133368491
103 76.7936627944
178 76.6032539136
200 70.3987307838
246 65.9576191797
572 65.2935664085
589 62.6836332984
773 57.8866915587
830 55.6318414726
865 55.0879587550
911 51.9028673121
949 34.8816257544
1169 32.9693580942
1170 30.6819204252
1424 30.0167666728
1460 27.9296378945
1463 27.2438719226
1484 25.3528925395
1492 22.9630498931
1538 20.4349469190
1551 19.9316061715
1629 16.3425924722
1711 15.9160745887
1780 15.2416680994
1929 15.1191466498
2180 15.1110600861
2212 13.7714077302
2252 12.9384099663
2535 12.4265697887
2538 12.2271339244
2736 11.6752821962
2983 11.6735504727
3009 11.6074762532
3064 11.5649493073
3250 11.4960423185
3290 11.4827886347
3354 11.3522824313
3418 11.3519858338
3430 11.3350352423
3574 11.2826572460
3633 11.2773332408
3689 11.2704630261
3696 11.2508329544
3721 11.2502021152
3769 11.2269704332
3811 11.2117437034
3919 11.1929037610
4082 11.1908954134
4093 11.1849993796
4142 11.1826686049
4154 11.1719893324
4243 11.1718269740
4301 11.1705555545
4310 11.1678084814
4337 11.1633523316
4447 11.1614643050
4473 11.1597370651
4524 11.1588127585
4539 11.1528918322
4619 11.1451249108
4670 11.1446389346
4762 11.1420988695
4785 11.1406814398
4865 11.1383526603
4919 11.1361448821
4929 11.1356409219
4969 11.1354263275
5021 11.1353485096
5067 11.1334683967
5119 11.1329514702
5133 11.1320757092
5233 11.1310838688
5332 11.1308886537
5348 11.1296988163
5375 11.1295482222
5424 11.1282696890
5547 11.1280768449
5673 11.1269289693
5747 11.1265131074
6052 11.1264914659
6214 11.1261949241
6310 11.1261604996
6422 11.1261137538
6519 11.1260776994
6541 11.1259203993
6583 11.1259035205
6823 11.1258671800
6876 11.1258069847
7021 11.1257680608
7030 11.1257624983
7079 11.1257294942
7223 11.1257198845
7253 11.1256801917
7415 11.1256659146
7440 11.1256636829
7446 11.1256607902
7471 11.1256598490
7532 11.1256568420
7639 11.1256486229
7775 11.1256473666
7789 11.1256431300
7793 11.1256413416
7912 11.1256333503
8066 11.1256316815
8191 11.1256270842
8335 11.1256245625
8365 11.1256230365
8588 11.1256227028
8669 11.1256219288
8672 11.1256216715
8679 11.1256205287
8849 11.1256200786
9133 11.1256194834
9282 11.1256194018
9298 11.1256193450
9336 11.1256191884
9394 11.1256191049
9496 11.1256190105
9538 11.1256189814
9591 11.1256189695
9605 11.1256188879
9668 11.1256187695
9758 11.1256187517
9804 11.1256187350
9877 11.1256186737
9925 11.1256186508
9956 11.1256186265
9965 11.1256186192
10106 11.1256185892
10122 11.1256185400
10261 11.1256185116
10522 11.1256185054
10566 11.1256185015
10612 11.1256185005
10619 11.1256184982
10625 11.1256184912
10779 11.1256184886
10801 11.1256184875
10813 11.1256184822
10913 11.1256184668
11079 11.1256184660
11080 11.1256184632
11134 11.1256184617
11197 11.1256184611
11275 11.1256184581
11294 11.1256184577
11298 11.1256184574
11304 11.1256184573
11311 11.1256184572
11431 11.1256184567
11454 11.1256184566
11506 11.1256184557
11550 11.1256184553
11559 11.1256184541
11767 11.1256184539
11815 11.1256184539
11851 11.1256184524
11959 11.1256184523
11994 11.1256184522
11998 11.1256184521
12028 11.1256184519
12031 11.1256184514
12110 11.1256184513
12151 11.1256184512
12297 11.1256184512
12419 11.1256184511
12481 11.1256184510
12497 11.1256184509
12537 11.1256184508
12675 11.1256184507
12729 11.1256184507
12750 11.1256184506
12838 11.1256184506
12890 11.1256184506
12956 11.1256184506
12969 11.1256184506
13086 11.1256184506
13112 11.1256184505
13148 11.1256184505
13162 11.1256184505
13292 11.1256184505
13421 11.1256184504
13732 11.1256184504
13811 11.1256184504
13857 11.1256184504
13917 11.1256184504
13926 11.1256184504
14023 11.1256184504
14024 11.1256184504
14256 11.1256184504
14266 11.1256184504
14290 11.1256184504
14366 11.1256184504
14448 11.1256184504
14461 11.1256184504
14525 11.1256184504
14574 11.1256184504
14617 11.1256184504
14651 11.1256184504
14673 11.1256184504
14696 11.1256184504
14745 11.1256184504
14772 11.1256184504
14800 11.1256184504
14819 11.1256184504
14951 11.1256184504
14986 11.1256184504
14996 11.1256184504
15001 11.1256184504
15044 11.1256184504
15153 11.1256184504
15344 11.1256184504
15382 11.1256184504
15443 11.1256184504
15546 11.1256184504
15630 11.1256184504
15661 11.1256184504
15745 11.1256184504
15756 11.1256184504
15854 11.1256184504
16092 11.1256184504
16196 11.1256184504
16378 11.1256184504
16489 11.1256184504
16759 11.1256184504
17448 11.1256184504
evaluations raw_y
1 124.2031161051
2 87.9329861006
9 86.1156754337
13 85.3668604924
77 83.6537354051
91 81.4377283231
93 78.4615742673
217 76.8305871176
225 74.6284521464
264 72.1612521649
331 69.1789341623
713 65.0570950516
1085 52.5388146767
1131 52.2340196259
1317 48.0859020950
1357 46.3807552730
1404 44.0383022562
1436 43.1623739765
1457 33.9858288598
1504 32.0499918745
1536 29.4290823007
1537 23.6162626867
1711 22.9724723740
1742 17.6131423505
2260 14.1767630539
2458 13.0285669244
2522 12.4555662703
2620 11.5502991858
2628 10.4947443111
2814 10.2745308287
2838 9.7173244522
2889 9.0316192007
3060 8.5055008914
3154 8.4336938614
3218 8.3739576900
3274 8.0728260638
3421 8.0378728058
3436 7.8997052738
3460 7.7237681196
3709 7.7167946851
3747 7.6971023567
3852 7.5941865402
3940 7.5783192392
3970 7.4782206905
4233 7.4258300438
4401 7.3979521728
4448 7.3954675177
4604 7.3749808900
4618 7.3709611371
4660 7.3467636162
4671 7.3428426531
4769 7.3409313532
4829 7.3230477116
4968 7.3224885138
5109 7.3133998655
5111 7.3111694482
5151 7.3096903952
5164 7.3048666348
5326 7.2954023703
5609 7.2942860544
5646 7.2885819748
5768 7.2871919111
5769 7.2817051595
5881 7.2816345191
5977 7.2808101989
5986 7.2763696202
6337 7.2742251201
6455 7.2739198210
6595 7.2735392001
6636 7.2727905568
6972 7.2727431509
6985 7.2727359094
7000 7.2725840841
7098 7.2724865079
7105 7.2722597011
7154 7.2721229018
7345 7.2720911626
7585 7.2720013941
7675 7.2719793365
7738 7.2719364741
7752 7.2719200360
7780 7.2718338070
7835 7.2718149621
7849 7.2717526964
7890 7.2717264843
8296 7.2717031790
8297 7.2717011528
8359 7.2716766322
8525 7.2716680857
8633 7.2716602845
8672 7.2716602619
8746 7.2716567988
8808 7.2716530087
8821 7.2716491952
8888 7.2716488058
8958 7.2716456679
9015 7.2716448985
9059 7.2716410437
9108 7.2716405685
9238 7.2716388007
9247 7.2716381853
9390 7.2716359646
9442 7.2716344876
9578 7.2716325936
9866 7.2716325418
9949 7.2716321564
10142 7.2716317892
10148 7.2716317639
10223 7.2716316699
10236 7.2716309175
10403 7.2716308590
10435 7.2716308101
10471 7.2716308013
10474 7.2716305581
10549 7.2716304000
10596 7.2716302453
10671 7.2716301005
10797 7.2716300418
10802 7.2716300009
10887 7.2716298862
10906 7.2716298637
10940 7.2716298139
10974 7.2716297384
11091 7.2716297294
11101 7.2716297002
11135 7.2716296370
11199 7.2716294252
11482 7.2716294143
11573 7.2716293872
11670 7.2716293362
11700 7.2716293137
11818 7.2716293117
11902 7.2716292727
12060 7.2716292631
12144 7.2716292490
12214 7.2716292303
12440 7.2716292161
12757 7.2716292151
12823 7.2716292122
12872 7.2716292115
12892 7.2716292062
13018 7.2716292042
13101 7.2716292029
13160 7.2716292008
13292 7.2716292001
13311 7.2716291996
13369 7.2716291985
13423 7.2716291976
13475 7.2716291975
13627 7.2716291973
13649 7.2716291972
13670 7.2716291969
13673 7.2716291967
13709 7.2716291959
13710 7.2716291955
13808 7.2716291953
13838 7.2716291951
13953 7.2716291950
14020 7.2716291949
14079 7.2716291946
14094 7.2716291945
14213 7.2716291944
14325 7.2716291944
14334 7.2716291942
14346 7.2716291942
14396 7.2716291942
14433 7.2716291941
14490 7.2716291940
14569 7.2716291940
14577 7.2716291939
14712 7.2716291939
14716 7.2716291939
14750 7.2716291939
14771 7.2716291938
14789 7.2716291938
14840 7.2716291938
15028 7.2716291938
15091 7.2716291937
15232 7.2716291937
15247 7.2716291937
15268 7.2716291937
15394 7.2716291937
15440 7.2716291937
15474 7.2716291937
15582 7.2716291937
15629 7.2716291937
15636 7.2716291937
15642 7.2716291937
15783 7.2716291937
15796 7.2716291937
15802 7.2716291937
15966 7.2716291937
15980 7.2716291936
16012 7.2716291936
16068 7.2716291936
16164 7.2716291936
16200 7.2716291936
16471 7.2716291936
16551 7.2716291936
16605 7.2716291936
16645 7.2716291936
16653 7.2716291936
16714 7.2716291936
16746 7.2716291936
16811 7.2716291936
17094 7.2716291936
17097 7.2716291936
17282 7.2716291936
17355 7.2716291936
17440 7.2716291936
17462 7.2716291936
17517 7.2716291936
17578 7.2716291936
17626 7.2716291936
17894 7.2716291936
18005 7.2716291936
18056 7.2716291936
18116 7.2716291936
18145 7.2716291936
18206 7.2716291936
18256 7.2716291936
18264 7.2716291936
18318 7.2716291936
18590 7.2716291936
18596 7.2716291936
18680 7.2716291936
18791 7.2716291936
19026 7.2716291936
19255 7.2716291936
19656 7.2716291936
19843 7.2716291936
20487 7.2716291936
evaluations raw_y
1 93.0680018841
2 87.4893207845
5 87.3932345380
10 86.9300339435
20 86.8474136307
29 86.3925155342
30 85.8970603561
45 85.7595081818
69 84.6827016329
72 84.3344165790
96 78.3109616252
290 77.5376917042
336 75.7755565772
497 74.8874275032
811 71.0795350874
1082 68.5156977168
1541 67.2374106250
1667 66.7488804268
1682 61.0595174890
1685 58.8633711536
1750 56.5756053423
1751 55.7515899762
1758 54.9263914556
1772 53.8176061404
1812 49.9031227999
1840 45.5441659622
1871 43.6955697267
1884 28.9004582723
2063 28.1441249832
2201 26.8550125922
2254 23.4587382996
2369 20.7693664447
2406 20.1701027351
2442 17.6396908050
2465 17.0998265908
2651 14.9220098167
2804 14.1029616921
2933 13.5995285799
2978 13.4741291233
3029 12.5147936694
3053 11.8567294440
3460 11.8150138651
3466 11.7827983522
3495 11.7490863552
3516 11.5197614478
3597 11.5188691397
3660 11.3098347841
3987 11.2515531016
4278 11.2391450801
4295 11.2026077948
4319 11.2012547008
4358 11.1733417159
4464 11.1702234094
4512 11.1565838947
4754 11.1554721923
4818 11.1525782147
4859 11.1486456025
4862 11.1486376985
4865 11.1468966752
4893 11.1443299669
4922 11.1409177867
4990 11.1389918838
5033 11.1386294659
5034 11.1383718645
5049 11.1357465658
5072 11.1353788144
5131 11.1329018694
5255 11.1326359092
5305 11.1326099407
5335 11.1312426781
5442 11.1298288462
5544 11.1297820984
5546 11.1287723568
5644 11.1285225970
5696 11.1278087165
5762 11.1277228640
5766 11.1274235188
5846 11.1271065020
5915 11.1268768910
5990 11.1264374265
6088 11.1261789109
6345 11.1260993851
6387 11.1260925779
6407 11.1259973180
6479 11.1259486564
6518 11.1258855317
6568 11.1258671433
6609 11.1258372153
6762 11.1258241934
6809 11.1258024388
6813 11.1257883011
6868 11.1257623908
7004 11.1257166183
7050 11.1257116552
7096 11.1256985076
7109 11.1256960784
7116 11.1256834984
7201 11.1256758242
7325 11.1256646910
7410 11.1256439823
7507 11.1256416652
7517 11.1256414467
7654 11.1256365890
7689 11.1256360248
7759 11.1256346957
7764 11.1256325367
7810 11.1256261141
7922 11.1256247400
7992 11.1256244118
8013 11.1256241558
8255 11.1256235868
8286 11.1256222767
8343 11.1256222418
8354 11.1256221560
8362 11.1256210983
8534 11.1256208651
8581 11.1256207424
8584 11.1256204390
8702 11.1256203696
8721 11.1256203231
8744 11.1256202424
8787 11.1256195130
8891 11.1256193742
9031 11.1256191608
9095 11.1256187883
9291 11.1256187443
9300 11.1256187314
9363 11.1256186728
9418 11.1256186556
9565 11.1256186338
9602 11.1256186292
9715 11.1256186241
9821 11.1256185412
9901 11.1256185312
9955 11.1256184964
10118 11.1256184874
10178 11.1256184753
10541 11.1256184708
10573 11.1256184685
10587 11.1256184663
10616 11.1256184659
10661 11.1256184649
10710 11.1256184648
10748 11.1256184616
10858 11.1256184581
10869 11.1256184556
11089 11.1256184547
11298 11.1256184546
11303 11.1256184539
11329 11.1256184531
11408 11.1256184530
11449 11.1256184519
11591 11.1256184517
11767 11.1256184517
11769 11.1256184516
11786 11.1256184515
11824 11.1256184514
11849 11.1256184513
11950 11.1256184510
12027 11.1256184510
12123 11.1256184509
12137 11.1256184508
12161 11.1256184508
12193 11.1256184507
12244 11.1256184507
12333 11.1256184507
12419 11.1256184506
12471 11.1256184506
12476 11.1256184506
12508 11.1256184506
12513 11.1256184506
12519 11.1256184505
12569 11.1256184505
12606 11.1256184505
12673 11.1256184505
12773 11.1256184505
12799 11.1256184505
12901 11.1256184505
12929 11.1256184505
12944 11.1256184505
12972 11.1256184505
13008 11.1256184505
13103 11.1256184504
13164 11.1256184504
13220 11.1256184504
13411 11.1256184504
13433 11.1256184504
13445 11.1256184504
13498 11.1256184504
13522 11.1256184504
13527 11.1256184504
13599 11.1256184504
13601 11.1256184504
13877 11.1256184504
13891 11.1256184504
13942 11.1256184504
14101 11.1256184504
14306 11.1256184504
14505 11.1256184504
14774 11.1256184504
14818 11.1256184504
14872 11.1256184504
15264 11.1256184504
15788 11.1256184504
16307 11.1256184504
evaluations raw_y
1 103.0984779915
3 96.1370880942
4 94.3054739625
6 87.6744136143
8 87.5875086527
12 87.5158003517
16 86.5131764403
24 86.3011774735
46 86.2785627452
52 86.1568795522
68 85.3285728727
75 85.1478259161
121 84.8439213079
169 83.9941881535
176 83.1703203236
210 73.8995876715
1039 70.4423910958
1078 68.8025943555
1228 61.3530348041
1634 55.4583999110
1675 46.1297733995
1825 34.5290147635
1990 32.3263231562
2001 30.3424112317
2123 25.0882778806
2126 24.0363874946
2177 23.8738286622
2203 19.9946611099
2407 19.7930412963
2443 19.3465641195
2446 18.0361411400
2551 18.0216519829
2564 15.9364250296
2700 14.8781171289
2720 14.7838091885
2769 14.5658712380
2843 14.4005226425
2845 13.8704944321
2915 13.6994333203
2971 12.7980437361
3050 12.6308980962
3092 12.5460054561
3102 12.3166020154
3293 12.2529403611
3318 12.1443475896
3383 11.9065532357
3450 11.7529057485
3457 11.7443183443
3576 11.7226685021
3626 11.5567602960
3774 11.4668354674
3883 11.4658169471
3902 11.2999518980
4232 11.2908339095
4288 11.2695433736
4297 11.2095557013
4493 11.1955552808
4605 11.1932656366
4612 11.1811758721
4631 11.1811474782
4735 11.1807836838
4829 11.1712150085
4847 11.1626295040
4899 11.1614594506
4920 11.1508895749
4959 11.1481118328
4988 11.1452979585
5125 11.1434667489
5343 11.1404789497
5345 11.1384980946
5435 11.1366019247
5480 11.1337594886
5489 11.1332814266
5583 11.1305100961
5701 11.1303014783
5750 11.1300377515
5771 11.1299663253
5814 11.1288165800
5931 11.1282649919
5991 11.1279447024
6057 11.1273532533
6084 11.1272498067
6103 11.1270278711
6254 11.1269032523
6289 11.1268390800
6309 11.1265262034
6392 11.1262904990
6530 11.1261461956
6551 11.1261145907
6718 11.1261101441
6729 11.1260909434
6737 11.1260488412
6738 11.1259389613
6748 11.1258564569
6896 11.1257938730
6988 11.1257818021
6992 11.1257787209
7085 11.1257314127
7139 11.1257269457
7186 11.1257261131
7283 11.1257223444
7322 11.1257011842
7364 11.1256880701
7424 11.1256791423
7483 11.1256720120
7520 11.1256675513
7580 11.1256536587
7656 11.1256515221
7666 11.1256471078
7876 11.1256453896
7928 11.1256446227
7929 11.1256335998
8038 11.1256312858
8077 11.1256306098
8113 11.1256275508
8191 11.1256259913
8304 11.1256248512
8326 11.1256242375
8339 11.1256231117
8404 11.1256228196
8457 11.1256222890
8479 11.1256210128
8609 11.1256208701
8669 11.1256207258
8822 11.1256203640
8866 11.1256201058
8875 11.1256199505
8907 11.1256199466
8986 11.1256198508
8991 11.1256194810
9022 11.1256193222
9179 11.1256193084
9210 11.1256192265
9236 11.1256191051
9318 11.1256191018
9338 11.1256188390
9409 11.1256188088
9539 11.1256187024
9664 11.1256186361
9799 11.1256186233
9897 11.1256185993
9938 11.1256185867
9971 11.1256185861
9986 11.1256185686
10007 11.1256185678
10068 11.1256185405
10158 11.1256185233
10188 11.1256185230
10252 11.1256185171
10281 11.1256185099
10322 11.1256184926
10413 11.1256184869
10550 11.1256184860
10560 11.1256184860
10600 11.1256184824
10644 11.1256184809
10686 11.1256184756
10791 11.1256184730
10792 11.1256184702
10796 11.1256184696
10882 11.1256184675
10916 11.1256184641
10970 11.1256184640
10974 11.1256184636
11003 11.1256184615
11147 11.1256184602
11166 11.1256184571
11224 11.1256184552
11353 11.1256184552
11382 11.1256184550
11385 11.1256184549
11402 11.1256184548
11477 11.1256184541
11520 11.1256184532
11527 11.1256184527
11717 11.1256184524
11889 11.1256184521
11895 11.1256184519
11990 11.1256184518
12013 11.1256184517
12064 11.1256184516
12147 11.1256184515
12176 11.1256184514
12236 11.1256184509
12379 11.1256184509
12417 11.1256184508
12560 11.1256184507
12614 11.1256184506
12652 11.1256184506
12768 11.1256184506
12806 11.1256184506
12960 11.1256184505
12992 11.1256184505
13124 11.1256184505
13170 11.1256184505
13234 11.1256184505
13250 11.1256184505
13263 11.1256184505
13339 11.1256184505
13466 11.1256184505
13504 11.1256184504
13506 11.1256184504
13658 11.1256184504
13730 11.1256184504
13731 11.1256184504
13782 11.1256184504
13828 11.1256184504
13854 11.1256184504
13895 11.1256184504
14064 11.1256184504
14252 11.1256184504
14307 11.1256184504
14396 11.1256184504
14541 11.1256184504
14595 11.1256184504
14692 11.1256184504
14732 11.1256184504
14836 11.1256184504
14998 11.1256184504
15017 11.1256184504
15034 11.1256184504
15035 11.1256184504
15187 11.1256184504
15375 11.1256184504
15449 11.1256184504
15598 11.1256184504
15662 11.1256184504
15838 11.1256184504
16247 11.1256184504
16628 11.1256184504
16777 11.1256184504
evaluations raw_y
1 94.0810434377
3 92.1977812094
6 90.1735406842
10 88.2240362935
11 87.9302105277
13 86.2850489403
41 86.2403179570
43 86.0475106497
69 85.7374419517
95 82.4739193369
188 78.4008471530
288 74.4479700971
410 73.3795928461
798 71.3264074827
888 71.1732287750
910 69.2572136361
988 66.4448016324
1027 63.8881239149
1048 51.8181677578
1337 44.6858228583
1453 37.3234076173
1515 32.0789847122
1674 31.6524811277
1681 26.1841473745
1766 22.1150134137
1852 21.3188229860
1908 18.1447446872
1995 15.6178874568
2008 14.7676530441
2015 13.5911679783
2501 13.4379408532
2556 12.4130935850
2598 11.7803289767
2669 11.1134499744
2733 10.7476738979
3020 10.2656891821
3078 10.1547394727
3147 10.0177433450
3177 9.7167916699
3253 9.6238166607
3381 9.4582667165
3416 9.4580822653
3425 9.3358726789
3426 9.2956852895
3528 9.2434036026
3532 9.1589375293
3543 9.1246124092
3594 9.0992546144
3599 9.0282545420
3718 9.0120549339
3730 8.9871889690
3763 8.9563859439
3800 8.9124506719
3839 8.8840240372
3883 8.8756196127
4076 8.8745718868
4102 8.8558490215
4111 8.8433398608
4129 8.8360992299
4136 8.8356089291
4147 8.8300561847
4187 8.8189998803
4300 8.8008014604
4350 8.7936687246
4428 8.7793438361
4718 8.7723193418
4792 8.7662656378
4795 8.7523073240
5126 8.7501530347
5127 8.7484730115
5430 8.7459117049
5616 8.7458359318
5833 8.7455035913
5878 8.7447915007
5952 8.7447675727
6034 8.7440617230
6137 8.7436845811
6337 8.7433533483
6446 8.7430480668
6705 8.7429885617
6743 8.7429687983
6877 8.7429497592
6896 8.7429122942
6987 8.7428809585
7111 8.7428719519
7139 8.7428683545
7183 8.7428643623
7256 8.7428238178
7321 8.7428140026
7343 8.7428049012
7394 8.7427951394
7601 8.7427949791
7602 8.7427941417
7617 8.7427898318
7697 8.7427880874
7705 8.7427875107
7723 8.7427848667
7776 8.7427842968
7801 8.7427782625
7816 8.7427780575
7870 8.7427718896
7899 8.7427669365
7918 8.7427664892
7929 8.7427657339
8055 8.7427657132
8067 8.7427613845
8232 8.7427591070
8251 8.7427587394
8275 8.7427547763
8612 8.7427536347
8671 8.7427529824
8869 8.7427523375
8963 8.7427520614
9199 8.7427518454
9225 8.7427517053
9230 8.7427516238
9255 8.7427515264
9267 8.7427513060
9367 8.7427511786
9453 8.7427511766
9464 8.7427509546
9502 8.7427509351
9535 8.7427508744
9706 8.7427508545
9808 8.7427508391
9841 8.7427507671
9912 8.7427507624
9968 8.7427506801
10099 8.7427506726
10117 8.7427506309
10217 8.7427506301
10222 8.7427506148
10336 8.7427505945
10353 8.7427505943
10424 8.7427505858
10473 8.7427505772
10520 8.7427505727
10567 8.7427505705
10578 8.7427505613
10722 8.7427505524
10916 8.7427505518
10930 8.7427505501
10970 8.7427505486
11058 8.7427505459
11120 8.7427505454
11140 8.7427505434
11159 8.7427505421
11186 8.7427505412
11305 8.7427505410
11321 8.7427505397
11328 8.7427505392
11404 8.7427505389
11408 8.7427505378
11474 8.7427505367
11503 8.7427505360
11656 8.7427505355
11682 8.7427505347
11790 8.7427505343
11833 8.7427505343
11876 8.7427505337
12028 8.7427505336
12060 8.7427505333
12131 8.7427505332
12231 8.7427505331
12285 8.7427505328
12332 8.7427505328
12449 8.7427505328
12455 8.7427505328
12490 8.7427505327
12517 8.7427505325
12567 8.7427505325
12583 8.7427505325
12699 8.7427505324
12727 8.7427505324
12809 8.7427505324
12854 8.7427505324
12877 8.7427505323
12972 8.7427505323
12982 8.7427505322
13119 8.7427505322
13129 8.7427505322
13221 8.7427505322
13401 8.7427505322
13434 8.7427505322
13448 8.7427505321
13452 8.7427505321
13502 8.7427505321
13510 8.7427505321
13550 8.7427505321
13636 8.7427505321
13802 8.7427505321
13852 8.7427505321
13898 8.7427505321
13961 8.7427505321
13995 8.7427505321
14039 8.7427505321
14090 8.7427505321
14151 8.7427505321
14229 8.7427505321
14373 8.7427505321
14387 8.7427505321
14521 8.7427505321
14563 8.7427505321
14565 8.7427505321
14876 8.7427505321
15019 8.7427505321
15038 8.7427505321
15273 8.7427505321
15292 8.7427505321
15316 8.7427505321
15406 8.7427505321
15459 8.7427505321
15536 8.7427505321
15630 8.7427505321
15758 8.7427505321
15767 8.7427505321
15813 8.7427505321
15869 8.7427505321
15888 8.7427505321
15932 8.7427505321
16099 8.7427505321
16133 8.7427505321
16187 8.7427505321
16328 8.7427505321
16466 8.7427505321
16557 8.7427505321
16601 8.7427505321
16786 8.7427505321
16942 8.7427505321
17688 8.7427505321
