evaluations raw_y
1 594.8383254482
9 561.7414662562
16 447.9047152743
18 434.7765341796
19 367.1446196744
33 220.8766686181
107 211.9843253474
122 135.4395718509
158 117.5995135100
179 109.0109007242
200 105.9919725779
201 96.0485062273
208 94.1078747638
218 72.4508445061
226 68.5016288479
230 56.0578230115
241 51.3578174960
254 50.9405801260
262 41.9934768215
299 23.3872109948
341 21.2895755262
381 19.3151763497
390 14.7990938440
428 12.6334373069
509 12.3688876654
534 12.1163168980
543 12.0163570977
547 11.6711763348
567 11.3420861991
600 10.9991645051
636 10.9521943001
661 10.9165503753
662 10.8260130067
681 10.6639004280
686 10.5951278824
707 10.5760549872
745 10.5202529421
754 10.4475511601
782 10.4333411032
810 10.3920775897
817 10.3453965941
842 10.2972822010
873 10.2950715407
882 10.2923854955
883 10.2607842769
892 10.2391913958
898 10.2110612602
921 10.1885716899
925 10.1743829987
934 10.1263609060
936 10.1095213967
941 10.0558750717
946 10.0509945790
956 9.8481760186
961 9.7642335097
972 9.7203490718
977 9.5041022159
996 9.4019875780
998 9.2998723379
999 9.2088661039
1001 9.0869898663
1004 9.0839274308
1008 8.9429381550
1009 8.8316534717
1017 8.3852727578
1018 8.1965250877
1027 8.0987448128
1028 7.7701068234
1039 6.8848193358
1042 6.7804105957
1045 6.7242947121
1052 6.4171602677
1054 6.1214412569
1062 5.6627962193
1070 5.4118730093
1075 4.0548841448
1089 4.0409762657
1094 3.2418602029
1097 2.5775943744
1099 2.3816867297
1101 2.2304282132
1118 1.4424460752
1121 1.0068403367
1169 0.7294905694
1179 0.5496643200
1199 0.5002088542
1203 0.4698327479
1220 0.2122828644
1271 0.1835432787
1276 0.1576676372
1293 0.1117648507
1313 0.1042298683
1315 0.0702587428
1356 0.0364222940
1410 0.0281899513
1414 0.0264316668
1429 0.0248775970
1471 0.0202910168
1472 0.0191112654
1473 0.0173633687
1501 0.0154324980
1530 0.0142774607
1583 0.0110340634
1602 0.0108012907
1627 0.0102659480
1641 0.0102379435
1643 0.0087914302
1655 0.0075746073
1691 0.0072850391
1708 0.0067944507
1717 0.0064405057
1738 0.0061876908
1746 0.0045811053
1769 0.0041178327
1777 0.0040769161
1797 0.0026717618
1809 0.0010771547
1836 0.0007188497
1897 0.0006186403
1951 0.0001838848
2058 0.0001362426
2061 0.0001356710
2089 0.0001351977
2091 0.0001257811
2116 0.0000990502
2140 0.0000910833
2142 0.0000824942
2194 0.0000803325
2211 0.0000797885
2215 0.0000709526
2216 0.0000706537
2222 0.0000690674
2225 0.0000567731
2274 0.0000529512
2299 0.0000526577
2306 0.0000498582
2307 0.0000498572
2322 0.0000490544
2328 0.0000470346
2341 0.0000450176
2345 0.0000433488
2349 0.0000400341
2372 0.0000356475
2394 0.0000354251
2398 0.0000350919
2406 0.0000328367
2421 0.0000302331
2426 0.0000278057
2436 0.0000234446
2441 0.0000189273
2447 0.0000166677
2452 0.0000111245
2464 0.0000081070
2525 0.0000065792
2543 0.0000030280
2589 0.0000017429
2635 0.0000015497
2651 0.0000012344
2665 0.0000012308
2670 0.0000012209
2675 0.0000010197
2688 0.0000004333
2726 0.0000002670
2758 0.0000002148
2761 0.0000002112
2773 0.0000001176
2792 0.0000000638
2799 0.0000000621
2840 0.0000000382
2841 0.0000000347
2873 0.0000000310
2877 0.0000000225
2884 0.0000000184
2886 0.0000000152
2910 0.0000000150
2933 0.0000000030
2946 0.0000000029
3003 0.0000000029
3012 0.0000000022
3041 0.0000000021
3045 0.0000000014
3086 0.0000000013
3128 0.0000000013
3136 0.0000000011
3139 0.0000000010
3166 0.0000000010
3208 0.0000000009
3213 0.0000000009
3227 0.0000000009
3238 0.0000000009
3299 0.0000000008
3303 0.0000000008
3321 0.0000000008
3322 0.0000000008
3348 0.0000000008
3366 0.0000000008
3375 0.0000000008
3391 0.0000000008
3403 0.0000000008
3407 0.0000000008
3417 0.0000000008
3434 0.0000000008
3441 0.0000000008
3506 0.0000000008
3531 0.0000000008
3532 0.0000000008
3565 0.0000000008
3570 0.0000000008
3598 0.0000000008
23509 0.0000000005
23653 0.0000000003
23759 0.0000000002
23772 0.0000000002
23792 0.0000000002
23923 0.0000000001
24090 0.0000000001
24125 0.0000000001
24177 0.0000000001
24209 0.0000000001
24239 0.0000000001
24245 0.0000000000
24320 0.0000000000
24374 0.0000000000
24450 0.0000000000
24536 0.0000000000
24598 0.0000000000
24607 0.0000000000
24611 0.0000000000
24641 0.0000000000
24800 0.0000000000
24819 0.0000000000
24867 0.0000000000
24894 0.0000000000
24947 0.0000000000
25005 0.0000000000
25317 0.0000000000
25328 0.0000000000
25398 0.0000000000
25421 0.0000000000
25629 0.0000000000
50032 0.0000000004
evaluations raw_y
1 1454.1224376707
4 731.2505394235
26 552.3013538510
42 258.5764909618
67 210.8256213239
104 186.4135867677
116 163.7980329927
118 148.7226818222
126 120.3204826225
147 51.1305689721
218 48.2888135649
222 24.1873932522
304 22.0035326215
312 21.5097783949
325 19.1294754608
342 13.1408986758
361 9.7528978271
365 9.1059612821
373 3.9376792674
394 3.3442654769
403 2.9594681073
441 1.8188136994
449 1.6916938556
453 1.4440343298
489 1.2612713667
513 0.9994595686
514 0.4560525032
609 0.3976832120
635 0.3449766489
644 0.3380331439
653 0.3246543363
658 0.2821108157
692 0.2575903988
721 0.2575519633
770 0.2479941659
877 0.2475187020
904 0.2472653800
906 0.2465321591
951 0.2455798974
984 0.2452643283
997 0.2448540635
1037 0.2448400447
1038 0.2447232422
1052 0.2444870428
1109 0.2444794709
1146 0.2444507607
1153 0.2444494542
1162 0.2443709454
1215 0.2443665005
1239 0.2443591208
1243 0.2443531912
1251 0.2443512519
1254 0.2443481122
1257 0.2443446676
1271 0.2443365800
1311 0.2443341771
1359 0.2443320615
1370 0.2443315837
1373 0.2443311075
1379 0.2443304955
1381 0.2443290440
1391 0.2443290046
1426 0.2443267037
1457 0.2443244862
1458 0.2443229276
1469 0.2443227654
1473 0.2443214320
1493 0.2443211427
1498 0.2443187660
1510 0.2443166987
1516 0.2443164598
1539 0.2443161739
1544 0.2443152457
1549 0.2443137748
1551 0.2443123477
1577 0.2443100528
1580 0.2443072040
1589 0.2443060551
1595 0.2443059576
1597 0.2443052589
1602 0.2443039386
1612 0.2443024375
1622 0.2443008959
1624 0.2443006127
1626 0.2442958810
1635 0.2442903015
1643 0.2442860446
1649 0.2442851977
1652 0.2442828791
1660 0.2442822214
1662 0.2442788261
1663 0.2442757240
1677 0.2442698739
1680 0.2442633393
1682 0.2442438927
1691 0.2442217345
1700 0.2442210625
1706 0.2442000784
1708 0.2441804217
1715 0.2441481510
1734 0.2441046888
1738 0.2440082327
1746 0.2439664907
1753 0.2438173692
1764 0.2436814749
1770 0.2436083578
1776 0.2435301679
1781 0.2435194673
1785 0.2435125235
1788 0.2434173065
1791 0.2433347654
1795 0.2432737638
1803 0.2428883470
1810 0.2428332534
1811 0.2423989080
1816 0.2423481535
1819 0.2415459309
1820 0.2414069858
1825 0.2412732804
1827 0.2412128219
1829 0.2411028210
1830 0.2405025909
1832 0.2398937697
1839 0.2394439909
1841 0.2392331819
1842 0.2389315177
1843 0.2385871765
1852 0.2379729124
1854 0.2373161779
1855 0.2363758759
1857 0.2327609039
1861 0.2310877905
1865 0.2305035158
1866 0.2291899085
1868 0.2270186914
1873 0.2230732601
1874 0.2204360231
1881 0.2195387272
1885 0.2117681687
1896 0.2098007361
1898 0.1970340098
1905 0.1910912007
1912 0.1886385315
1916 0.1620224363
1921 0.1603372081
1922 0.1453503002
1933 0.1181664902
1938 0.0855511435
1945 0.0791491468
1993 0.0549904912
2010 0.0508544558
2015 0.0501741578
2022 0.0459966837
2032 0.0433712532
2038 0.0302684559
2047 0.0250916460
2063 0.0200831921
2085 0.0123673669
2095 0.0117208852
2117 0.0104225308
2132 0.0067699116
2140 0.0050244143
2149 0.0037566022
2167 0.0022229812
2177 0.0016546981
2211 0.0014354278
2214 0.0008014604
2217 0.0007510435
2280 0.0006529732
2292 0.0006453517
2293 0.0004914838
2304 0.0002768580
2318 0.0002743848
2325 0.0002740874
2344 0.0002440665
2348 0.0002392167
2356 0.0001834755
2372 0.0001090563
2410 0.0000977262
2417 0.0000847615
2431 0.0000817053
2448 0.0000606387
2463 0.0000593711
2466 0.0000467926
2473 0.0000386589
2482 0.0000214779
2519 0.0000172245
2589 0.0000151920
2633 0.0000146134
2635 0.0000140882
2641 0.0000136749
2653 0.0000136587
2657 0.0000130909
2713 0.0000126624
2723 0.0000125018
2724 0.0000123386
2772 0.0000123305
2776 0.0000123167
2796 0.0000122834
2802 0.0000122269
2808 0.0000121616
2828 0.0000121597
2829 0.0000121225
2858 0.0000121205
2863 0.0000121182
2867 0.0000120992
2879 0.0000120911
2885 0.0000120781
2897 0.0000120677
2930 0.0000120573
2956 0.0000120548
2962 0.0000120536
2983 0.0000120401
3002 0.0000120367
3011 0.0000120349
3034 0.0000120347
3041 0.0000120321
3049 0.0000120267
3079 0.0000120234
3083 0.0000120215
3085 0.0000120180
3089 0.0000120178
3090 0.0000120158
3101 0.0000120123
3106 0.0000120093
3115 0.0000120080
3117 0.0000120073
3121 0.0000120062
3123 0.0000120056
3128 0.0000120009
3147 0.0000119976
3161 0.0000119932
3174 0.0000119874
3183 0.0000119838
3192 0.0000119741
3196 0.0000119717
3205 0.0000119628
3212 0.0000119562
3219 0.0000119500
3221 0.0000119461
3226 0.0000119137
3233 0.0000119119
3235 0.0000118980
3251 0.0000118836
3257 0.0000118695
3263 0.0000118388
3271 0.0000118380
3279 0.0000118315
3287 0.0000118195
3293 0.0000117933
3301 0.0000117927
3308 0.0000117609
3309 0.0000117326
3310 0.0000117039
3314 0.0000116362
3321 0.0000115254
3340 0.0000114035
3348 0.0000113536
3351 0.0000111256
3355 0.0000110686
3359 0.0000109915
3372 0.0000104694
3379 0.0000102032
3384 0.0000099183
3387 0.0000090553
3393 0.0000082740
3408 0.0000075278
3413 0.0000074255
3418 0.0000071387
3422 0.0000055980
3431 0.0000055056
3436 0.0000053236
3443 0.0000041162
3452 0.0000037547
3453 0.0000035395
3460 0.0000018428
3468 0.0000015968
3491 0.0000010292
3548 0.0000008127
3563 0.0000004421
3579 0.0000003552
3607 0.0000003168
3609 0.0000002693
3639 0.0000001426
3651 0.0000001210
3691 0.0000000993
3701 0.0000000870
3711 0.0000000634
3731 0.0000000569
3758 0.0000000495
3765 0.0000000463
3768 0.0000000264
3788 0.0000000248
3807 0.0000000246
3811 0.0000000123
3840 0.0000000090
3869 0.0000000084
3874 0.0000000024
3940 0.0000000015
3974 0.0000000015
3997 0.0000000011
4010 0.0000000010
4016 0.0000000010
4025 0.0000000005
4029 0.0000000003
4110 0.0000000003
4113 0.0000000001
4187 0.0000000001
4227 0.0000000001
4240 0.0000000001
4245 0.0000000001
4267 0.0000000001
4277 0.0000000001
4299 0.0000000001
4325 0.0000000001
4354 0.0000000001
4361 0.0000000001
4363 0.0000000001
4369 0.0000000001
4379 0.0000000001
4407 0.0000000001
4413 0.0000000001
4430 0.0000000001
4455 0.0000000001
4458 0.0000000001
4480 0.0000000001
4483 0.0000000001
4502 0.0000000001
4531 0.0000000001
4545 0.0000000001
4560 0.0000000001
4575 0.0000000001
47523 0.0000000001
47861 0.0000000000
48115 0.0000000000
48145 0.0000000000
48321 0.0000000000
48395 0.0000000000
48722 0.0000000000
48772 0.0000000000
49132 0.0000000000
49245 0.0000000000
49415 0.0000000000
49763 0.0000000000
50024 0.0000000000
evaluations raw_y
1 885.5178705020
12 817.0349783669
21 814.0688200821
25 720.0699030688
35 699.9502795821
39 483.4447623517
53 410.4690625580
59 218.7188487020
98 161.1681589969
111 155.7363171071
125 109.4347117808
170 101.6027367672
179 89.9155010107
185 79.9586394491
186 54.9712315323
202 40.6652852407
208 38.5698237183
255 33.4800250735
266 32.4655129369
270 30.0809837268
275 28.6343326608
298 22.6060170499
311 14.3594734222
428 14.3219795618
434 13.8866027137
440 12.2697602071
477 12.1159483412
481 12.0471226705
484 11.7743999529
486 11.4566058527
487 11.1192611373
508 10.9927229299
544 10.9279074873
549 10.6536768800
551 10.6092930982
560 10.4675392192
579 10.4001027709
580 10.2168674001
587 10.0562134031
624 9.9066162754
676 9.8672951983
697 9.8119220221
702 9.7523048538
708 9.7496315727
721 9.6056412839
747 9.5412334633
755 9.4596398676
767 9.3379341582
770 9.2299138806
771 8.9929997884
805 8.7243434680
823 8.5986430963
825 8.3943642249
833 7.8478012784
844 7.7211540149
846 7.0660725738
852 6.9260875754
855 6.8719545724
861 4.7397899629
867 3.3244947565
909 2.7375230294
916 0.9818301736
978 0.7846842011
988 0.7641922922
1018 0.6744053693
1037 0.6431677460
1043 0.5666927114
1067 0.5490210705
1073 0.4106816643
1081 0.3352675659
1113 0.3318553530
1118 0.2767114963
1133 0.2489124274
1137 0.2131321611
1171 0.1894687598
1185 0.1863343657
1186 0.1602767380
1191 0.0979806163
1194 0.0616238116
1253 0.0574837733
1291 0.0568735374
1296 0.0480953984
1303 0.0326351552
1326 0.0312164519
1337 0.0299438680
1338 0.0296895118
1339 0.0209453949
1353 0.0174971329
1366 0.0171871503
1402 0.0158923283
1409 0.0151148511
1412 0.0139111527
1428 0.0133970289
1445 0.0123009995
1452 0.0119756989
1453 0.0109867404
1468 0.0100390344
1479 0.0094801322
1501 0.0094349220
1502 0.0091188920
1516 0.0091167332
1520 0.0084923082
1561 0.0083825075
1568 0.0081824324
1571 0.0081713049
1577 0.0077468309
1609 0.0077177954
1618 0.0076390032
1622 0.0074356660
1650 0.0073718009
1666 0.0073497361
1667 0.0073336931
1677 0.0073104646
1678 0.0073005383
1690 0.0072042663
1712 0.0071865842
1720 0.0071270630
1726 0.0071165367
1739 0.0071037646
1753 0.0070347774
1762 0.0069550483
1794 0.0069415799
1810 0.0069259177
1814 0.0068750328
1816 0.0068678972
1817 0.0066411743
1825 0.0064896387
1857 0.0064512275
1864 0.0063778950
1867 0.0062838607
1869 0.0062080110
1874 0.0061853734
1881 0.0061773046
1886 0.0061497664
1892 0.0061069182
1896 0.0060660873
1903 0.0060402507
1904 0.0058831219
1909 0.0058321777
1916 0.0055994473
1921 0.0055301362
1927 0.0051951372
1939 0.0050546492
1948 0.0049120488
1960 0.0047712415
1962 0.0046370625
1972 0.0044455473
1978 0.0039588838
1983 0.0038122257
1985 0.0036538712
1994 0.0033520126
2000 0.0029531388
2009 0.0022279275
2019 0.0019112705
2022 0.0016470017
2025 0.0013595564
2038 0.0007640271
2049 0.0007333389
2063 0.0002798046
2145 0.0002457252
2170 0.0002292647
2172 0.0001116773
2188 0.0000722593
2232 0.0000582011
2247 0.0000506678
2259 0.0000497833
2275 0.0000394225
2276 0.0000387490
2287 0.0000230245
2314 0.0000225786
2322 0.0000181824
2329 0.0000179790
2331 0.0000161278
2338 0.0000134106
2351 0.0000108755
2375 0.0000078256
2377 0.0000063861
2398 0.0000060415
2402 0.0000045497
2409 0.0000044848
2412 0.0000031574
2442 0.0000025845
2457 0.0000024384
2477 0.0000023983
2481 0.0000022015
2482 0.0000020383
2494 0.0000019969
2504 0.0000017467
2511 0.0000013733
2516 0.0000011965
2535 0.0000010392
2543 0.0000009760
2574 0.0000007360
2595 0.0000005881
2633 0.0000005857
2639 0.0000005733
2643 0.0000005581
2645 0.0000004829
2655 0.0000004522
2670 0.0000004163
2673 0.0000003016
2728 0.0000002787
2748 0.0000002299
2856 0.0000002274
2868 0.0000002254
2869 0.0000002240
2894 0.0000002230
2907 0.0000002212
2912 0.0000002115
2918 0.0000002105
2920 0.0000002088
2926 0.0000002071
2935 0.0000002048
2937 0.0000002001
2968 0.0000001994
2973 0.0000001989
2975 0.0000001953
2996 0.0000001926
3024 0.0000001918
3027 0.0000001913
3029 0.0000001903
3041 0.0000001863
3063 0.0000001848
3076 0.0000001828
3085 0.0000001814
3097 0.0000001796
3104 0.0000001730
3110 0.0000001708
3119 0.0000001631
3123 0.0000001533
3140 0.0000001466
3148 0.0000001458
3160 0.0000001296
3162 0.0000000862
3184 0.0000000818
3203 0.0000000806
3213 0.0000000799
3216 0.0000000699
3235 0.0000000484
3244 0.0000000458
3245 0.0000000359
3267 0.0000000332
3271 0.0000000211
3284 0.0000000187
3292 0.0000000178
3294 0.0000000170
3305 0.0000000141
3315 0.0000000128
3319 0.0000000067
3353 0.0000000062
3385 0.0000000041
3428 0.0000000030
3435 0.0000000023
3475 0.0000000022
3476 0.0000000022
3483 0.0000000020
3489 0.0000000018
3502 0.0000000015
3509 0.0000000014
3528 0.0000000013
3530 0.0000000013
3532 0.0000000010
3537 0.0000000008
3555 0.0000000007
3568 0.0000000005
3591 0.0000000004
3603 0.0000000004
3659 0.0000000003
3684 0.0000000003
3693 0.0000000003
3695 0.0000000003
3704 0.0000000003
3742 0.0000000003
3751 0.0000000003
3753 0.0000000003
3764 0.0000000003
3771 0.0000000003
3798 0.0000000003
3801 0.0000000003
3816 0.0000000003
3828 0.0000000003
3834 0.0000000003
3835 0.0000000003
3841 0.0000000003
3842 0.0000000003
3853 0.0000000002
3855 0.0000000002
3856 0.0000000002
3864 0.0000000002
3877 0.0000000002
3887 0.0000000002
3894 0.0000000002
3916 0.0000000002
3960 0.0000000002
3967 0.0000000002
3970 0.0000000002
3976 0.0000000002
3989 0.0000000002
4004 0.0000000002
4018 0.0000000002
4028 0.0000000002
4048 0.0000000002
4066 0.0000000002
4068 0.0000000002
4071 0.0000000002
10650 0.0000000002
10660 0.0000000002
10664 0.0000000001
10760 0.0000000001
10765 0.0000000001
10779 0.0000000000
10836 0.0000000000
10849 0.0000000000
11052 0.0000000000
11079 0.0000000000
11091 0.0000000000
11135 0.0000000000
11138 0.0000000000
11159 0.0000000000
11196 0.0000000000
11237 0.0000000000
11240 0.0000000000
11276 0.0000000000
50040 0.0000000003
evaluations raw_y
1 1481.2525239754
3 1475.2701930105
4 1184.3027406495
7 1046.2616352456
13 972.2776549152
14 578.6164559406
18 410.6603697105
24 363.3662597932
39 279.3970534652
41 215.1704318219
44 179.3124538627
106 162.4765735979
121 125.5980282906
134 114.0836784097
139 88.2250704288
151 78.2473071266
154 71.5828438222
198 64.1921681047
201 30.2025230070
258 27.4500514585
264 26.7529650699
283 22.2997571443
297 20.5578854599
319 19.6118274570
322 17.7654198031
325 17.1703678754
382 16.7774878826
402 16.6166183836
408 15.9369497598
417 15.7840034658
468 15.5078575988
490 15.2970244659
498 15.2858258980
502 14.7463071834
520 14.6726027730
590 14.5424497287
595 14.4985027170
600 14.4718444563
605 14.4406053926
623 14.3036616855
654 14.2929173420
682 14.2843346630
698 14.2797828274
710 14.2544357244
714 14.2227104242
718 14.2145083719
735 14.2100897465
737 14.1925704122
743 14.1741423971
747 14.1611178425
755 14.1607701258
757 14.1544309494
767 14.1185939545
775 14.1105439712
790 14.0633092333
793 14.0498461431
828 13.9868042358
839 13.9691371861
853 13.9636501394
875 13.9418575576
876 13.9227246683
894 13.9226316258
929 13.9089546817
934 13.8885053291
943 13.8593830308
954 13.8469107771
960 13.8374842283
962 13.8274052084
976 13.8220827530
986 13.7903716339
993 13.7883016964
998 13.7214583054
1001 13.6946473997
1011 13.6536774137
1014 13.6379945099
1020 13.5539873801
1025 13.3830551633
1037 13.3229229709
1043 13.2939302753
1051 13.1842982639
1056 13.1713559125
1057 13.0488448151
1061 12.9685033192
1065 12.6526601714
1073 12.5219384817
1075 12.3871245595
1077 12.3731498056
1082 11.8487689906
1089 11.5163163003
1091 11.1088977350
1104 10.8593761161
1109 10.8332998350
1110 10.4276673973
1114 10.0671938153
1124 9.2300145423
1132 7.9081442985
1141 5.6566301553
1150 5.5832263008
1153 4.3919596720
1162 4.3197975553
1170 4.2529813729
1176 3.8903994235
1180 3.4977122381
1182 1.7473825406
1198 1.4872736763
1208 1.3677695524
1226 0.5701148773
1280 0.5649489632
1290 0.3694319708
1291 0.3446882126
1327 0.2828069299
1364 0.2773465862
1369 0.2113421261
1377 0.1624400532
1379 0.1552473895
1397 0.0857661199
1425 0.0809981601
1433 0.0603784924
1452 0.0487780151
1460 0.0171579962
1534 0.0157123862
1538 0.0127006440
1548 0.0118966000
1554 0.0113139140
1557 0.0078668419
1562 0.0056293432
1581 0.0046935146
1590 0.0038772892
1598 0.0036533307
1610 0.0027936720
1612 0.0020710982
1659 0.0017797498
1732 0.0015228817
1734 0.0013724826
1736 0.0013704787
1761 0.0010358353
1805 0.0010327945
1831 0.0007831888
1843 0.0007465305
1887 0.0007255660
1917 0.0007139872
1923 0.0006982786
1932 0.0006783250
1965 0.0006706692
1995 0.0006587902
2023 0.0006559559
2035 0.0006509155
2042 0.0006428992
2054 0.0006332102
2063 0.0006311896
2072 0.0006305532
2087 0.0006284362
2089 0.0006281056
2092 0.0006262263
2097 0.0006246332
2121 0.0006217451
2124 0.0006197569
2137 0.0006170569
2139 0.0006133269
2163 0.0006124668
2173 0.0006082336
2186 0.0006054589
2218 0.0006020272
2225 0.0005955717
2238 0.0005885785
2242 0.0005860005
2271 0.0005831134
2275 0.0005752349
2276 0.0005709758
2288 0.0005626189
2290 0.0005575651
2303 0.0005571434
2308 0.0005459930
2318 0.0005421312
2319 0.0005301527
2321 0.0005285191
2332 0.0005206901
2335 0.0005180686
2336 0.0005026244
2337 0.0004981015
2339 0.0004833160
2347 0.0004787122
2359 0.0004576997
2361 0.0004237543
2367 0.0003631685
2376 0.0003540024
2378 0.0002739757
2390 0.0002703897
2391 0.0002592249
2401 0.0002346024
2406 0.0001818905
2415 0.0001625309
2438 0.0001558459
2441 0.0001546463
2470 0.0001394763
2476 0.0001360656
2478 0.0001357009
2481 0.0001287267
2493 0.0001079434
2499 0.0000888264
2506 0.0000764297
2507 0.0000518840
2549 0.0000496236
2555 0.0000327210
2577 0.0000293574
2579 0.0000190101
2610 0.0000160900
2622 0.0000092406
2662 0.0000080000
2671 0.0000072395
2691 0.0000072223
2693 0.0000054503
2716 0.0000038205
2721 0.0000028835
2740 0.0000014461
2770 0.0000012855
2779 0.0000008760
2807 0.0000007683
2822 0.0000007607
2853 0.0000005353
2854 0.0000003714
2864 0.0000002486
2916 0.0000001806
2926 0.0000000899
2995 0.0000000875
3017 0.0000000654
3024 0.0000000575
3025 0.0000000534
3026 0.0000000390
3071 0.0000000329
3072 0.0000000263
3077 0.0000000197
3098 0.0000000189
3121 0.0000000178
3133 0.0000000156
3141 0.0000000080
3163 0.0000000024
3244 0.0000000022
3255 0.0000000020
3262 0.0000000016
3265 0.0000000011
3269 0.0000000006
3341 0.0000000005
3342 0.0000000004
3361 0.0000000003
3379 0.0000000003
3401 0.0000000002
3409 0.0000000002
3415 0.0000000002
3435 0.0000000002
3459 0.0000000001
3468 0.0000000001
3474 0.0000000001
3491 0.0000000001
3493 0.0000000001
3500 0.0000000001
3501 0.0000000001
3530 0.0000000001
3554 0.0000000001
3561 0.0000000001
3594 0.0000000001
3611 0.0000000001
3613 0.0000000001
3617 0.0000000001
3623 0.0000000001
3648 0.0000000001
3649 0.0000000001
3674 0.0000000001
3682 0.0000000001
3693 0.0000000001
3705 0.0000000001
3773 0.0000000001
3777 0.0000000001
3801 0.0000000001
3806 0.0000000001
3809 0.0000000001
3850 0.0000000001
3866 0.0000000001
3873 0.0000000001
3883 0.0000000001
3895 0.0000000001
3926 0.0000000001
3959 0.0000000001
24965 0.0000000001
25214 0.0000000000
25251 0.0000000000
25272 0.0000000000
25280 0.0000000000
25308 0.0000000000
25317 0.0000000000
25387 0.0000000000
25394 0.0000000000
25497 0.0000000000
25565 0.0000000000
25576 0.0000000000
25578 0.0000000000
25626 0.0000000000
25683 0.0000000000
25696 0.0000000000
25797 0.0000000000
50032 0.0000000159
evaluations raw_y
1 754.7000063768
2 680.3373490508
4 638.8967269951
7 606.2817496919
11 519.1089169751
16 335.4052734709
20 265.0574445327
35 230.9768731524
40 217.1026716800
46 166.3772005983
56 100.6023911936
102 97.5167817953
116 89.8781718461
125 84.8513393738
131 84.3328553519
137 78.2687617056
140 76.4705035417
142 65.4242813764
146 63.4283648047
160 40.2639896122
189 38.3439447479
192 31.9025875048
233 27.4903289116
234 23.2326139748
235 19.6432044648
250 18.1705049445
309 16.0988769319
349 13.6176964405
353 9.3940437311
360 7.4974108028
380 6.9672426592
393 5.1254224212
409 3.7525739647
451 3.6041208109
467 3.3449589154
476 1.9285752908
538 1.7728022298
548 1.6692426208
555 1.5013583818
566 1.3721980630
574 1.0294627037
674 0.9506159931
681 0.8595643467
716 0.8108719508
731 0.8009758415
743 0.7996357201
748 0.7810509805
752 0.7804009174
762 0.7523537015
770 0.7413769038
773 0.7279357751
774 0.7103183622
778 0.6764894876
825 0.6497805821
835 0.5961203969
850 0.5869602489
860 0.5855531474
861 0.5746724780
865 0.5664609701
877 0.5534121763
887 0.4787623881
896 0.4520251710
922 0.4506259373
930 0.4390035157
937 0.4273611660
943 0.4059892601
946 0.3720293983
965 0.3048049277
970 0.3008117358
986 0.2964322714
993 0.2035360954
1012 0.1591311872
1023 0.1355189709
1038 0.1309094632
1051 0.1235174192
1062 0.1077293020
1066 0.0678710088
1092 0.0619024091
1101 0.0374414004
1131 0.0300695644
1144 0.0248959068
1151 0.0248359165
1156 0.0233146176
1157 0.0191340733
1179 0.0177166048
1182 0.0092031759
1230 0.0061349410
1263 0.0050968430
1276 0.0041360913
1280 0.0035740143
1284 0.0027468553
1310 0.0014968571
1315 0.0012067843
1343 0.0010988768
1359 0.0006239840
1457 0.0006124769
1494 0.0005755195
1504 0.0004381117
1525 0.0004345873
1554 0.0004259235
1555 0.0003729058
1571 0.0003363566
1635 0.0003359569
1640 0.0003348014
1648 0.0003270686
1651 0.0003241785
1661 0.0003215150
1669 0.0002993489
1725 0.0002886787
1731 0.0002826678
1764 0.0002804804
1774 0.0002740334
1779 0.0002739479
1796 0.0002729364
1809 0.0002654572
1821 0.0002541910
1830 0.0002531116
1834 0.0002483938
1845 0.0002348981
1874 0.0002269995
1877 0.0002244051
1878 0.0002214184
1897 0.0002126215
1917 0.0002120009
1918 0.0002109389
1930 0.0001943993
1942 0.0001869231
1955 0.0001817793
1960 0.0001775307
1968 0.0001620047
1972 0.0001417396
1977 0.0001377159
1982 0.0001312155
1986 0.0001261403
1988 0.0001167430
1998 0.0001046858
1999 0.0000777788
2002 0.0000711859
2013 0.0000646891
2020 0.0000561605
2026 0.0000538815
2028 0.0000437616
2065 0.0000420815
2069 0.0000375265
2073 0.0000374120
2076 0.0000289767
2080 0.0000285003
2086 0.0000234777
2108 0.0000204567
2114 0.0000197737
2121 0.0000130277
2154 0.0000124541
2161 0.0000102557
2166 0.0000092806
2171 0.0000071310
2175 0.0000068232
2187 0.0000065527
2188 0.0000056803
2201 0.0000056166
2202 0.0000045940
2208 0.0000035736
2223 0.0000032926
2228 0.0000019865
2251 0.0000019773
2258 0.0000018939
2260 0.0000016420
2289 0.0000011919
2298 0.0000009925
2299 0.0000007994
2303 0.0000006258
2328 0.0000003838
2339 0.0000003468
2383 0.0000002504
2403 0.0000002238
2413 0.0000001684
2458 0.0000001440
2473 0.0000001228
2498 0.0000001163
2501 0.0000001039
2506 0.0000000682
2569 0.0000000602
2582 0.0000000535
2600 0.0000000493
2634 0.0000000463
2639 0.0000000461
2644 0.0000000395
2656 0.0000000393
2702 0.0000000389
2720 0.0000000386
2725 0.0000000385
2727 0.0000000355
2747 0.0000000352
2794 0.0000000352
2796 0.0000000348
2799 0.0000000346
2827 0.0000000345
2835 0.0000000343
2852 0.0000000343
2873 0.0000000342
2874 0.0000000342
2875 0.0000000341
2901 0.0000000341
2905 0.0000000340
2962 0.0000000339
2986 0.0000000339
3019 0.0000000339
3039 0.0000000339
3043 0.0000000339
3063 0.0000000339
3064 0.0000000338
3067 0.0000000338
3079 0.0000000338
3080 0.0000000338
3093 0.0000000338
3119 0.0000000338
3142 0.0000000338
3159 0.0000000338
3166 0.0000000338
3172 0.0000000338
3177 0.0000000337
3226 0.0000000337
3231 0.0000000337
3236 0.0000000337
3250 0.0000000337
3253 0.0000000337
3262 0.0000000337
3265 0.0000000337
3275 0.0000000337
3283 0.0000000336
3290 0.0000000336
3298 0.0000000336
3320 0.0000000336
3324 0.0000000336
3328 0.0000000336
3331 0.0000000335
3333 0.0000000335
3339 0.0000000335
3341 0.0000000334
3345 0.0000000334
3347 0.0000000334
3363 0.0000000333
3370 0.0000000333
3372 0.0000000332
3379 0.0000000332
3383 0.0000000331
3385 0.0000000330
3392 0.0000000329
3394 0.0000000329
3400 0.0000000328
3401 0.0000000324
3413 0.0000000321
3418 0.0000000320
3432 0.0000000319
3434 0.0000000312
3438 0.0000000305
3444 0.0000000302
3452 0.0000000299
3453 0.0000000298
3458 0.0000000294
3464 0.0000000293
3465 0.0000000287
3468 0.0000000278
3473 0.0000000277
3479 0.0000000262
3481 0.0000000261
3484 0.0000000260
3486 0.0000000252
3490 0.0000000245
3501 0.0000000243
3503 0.0000000223
3506 0.0000000207
3508 0.0000000206
3513 0.0000000201
3516 0.0000000194
3518 0.0000000184
3520 0.0000000180
3522 0.0000000168
3523 0.0000000141
3527 0.0000000123
3532 0.0000000108
3533 0.0000000091
3537 0.0000000089
3539 0.0000000086
3546 0.0000000077
3558 0.0000000052
3568 0.0000000048
3570 0.0000000046
3578 0.0000000045
3583 0.0000000028
3587 0.0000000023
3626 0.0000000015
3659 0.0000000013
3677 0.0000000010
3685 0.0000000006
3705 0.0000000006
3723 0.0000000006
3733 0.0000000005
3746 0.0000000004
3763 0.0000000004
3764 0.0000000004
3767 0.0000000003
3802 0.0000000003
3809 0.0000000003
3818 0.0000000002
3824 0.0000000001
3845 0.0000000001
3878 0.0000000001
3887 0.0000000001
3896 0.0000000001
3903 0.0000000001
3910 0.0000000001
3936 0.0000000000
3949 0.0000000000
3965 0.0000000000
3970 0.0000000000
3977 0.0000000000
3985 0.0000000000
4001 0.0000000000
4048 0.0000000000
4049 0.0000000000
4055 0.0000000000
12166 0.0000000000
12243 0.0000000000
12271 0.0000000000
12286 0.0000000000
12355 0.0000000000
12370 0.0000000000
12395 0.0000000000
12399 0.0000000000
50000 0.0000000073
evaluations raw_y
1 2273.4195118066
2 2269.2361002701
5 1946.0021999374
7 1414.1926324364
11 906.3763654698
27 491.9705103900
41 460.2187437471
58 279.8322765827
83 137.2581013617
113 128.9367040778
144 94.6578479181
167 43.6556593477
188 24.5299851446
228 11.6878421866
266 9.8316809905
290 5.3544410438
367 4.5745698814
369 4.4302214616
374 3.1930807519
378 2.9667154051
418 2.0895294512
443 1.7486955656
459 1.3714652671
472 1.0920937931
499 0.9837964803
549 0.8039386651
558 0.7765187918
568 0.7200653828
574 0.6711173614
590 0.5921567586
700 0.5906888611
713 0.5848115214
729 0.5835500294
745 0.5812860948
758 0.5745405143
767 0.5723121018
797 0.5719224900
802 0.5719117201
845 0.5708490752
863 0.5708270560
866 0.5705173060
867 0.5702336205
870 0.5696210136
884 0.5695114536
895 0.5685604188
950 0.5683562136
965 0.5681447385
979 0.5681394086
1021 0.5680870098
1057 0.5679297847
1091 0.5679181216
1116 0.5678905863
1169 0.5678874141
1210 0.5678767027
1217 0.5678747782
1218 0.5678704475
1221 0.5678620626
1247 0.5678593255
1334 0.5678560093
1365 0.5678535568
1387 0.5678494278
1397 0.5678477770
1401 0.5678422691
1478 0.5678409905
1523 0.5678408477
1530 0.5678403493
1540 0.5678399073
1545 0.5678392133
1572 0.5678382448
1601 0.5678376043
1605 0.5678372389
1609 0.5678368128
1637 0.5678361542
1639 0.5678355495
1648 0.5678354749
1655 0.5678351126
1671 0.5678350228
1678 0.5678337558
1680 0.5678324725
1698 0.5678316962
1699 0.5678313618
1700 0.5678310880
1705 0.5678307340
1707 0.5678282462
1716 0.5678272004
1717 0.5678228753
1730 0.5678147021
1734 0.5678129122
1735 0.5678051040
1739 0.5678001697
1745 0.5677997519
1754 0.5677840640
1758 0.5677825422
1763 0.5677726601
1776 0.5677602306
1780 0.5677600500
1783 0.5677470316
1785 0.5677256826
1795 0.5677073389
1804 0.5676128211
1817 0.5676018933
1818 0.5675183268
1833 0.5674823845
1839 0.5674590271
1842 0.5673244308
1850 0.5671922476
1855 0.5671078202
1856 0.5670706049
1861 0.5668883280
1867 0.5668157670
1874 0.5663744845
1882 0.5661762107
1890 0.5658821044
1903 0.5650078863
1907 0.5645352516
1916 0.5640390569
1917 0.5638007739
1921 0.5612183349
1929 0.5601652468
1937 0.5596859272
1946 0.5569356813
1956 0.5514573909
1975 0.5493101467
1976 0.5441582593
1987 0.5156348318
2010 0.5011112970
2019 0.4996905853
2021 0.4917562107
2022 0.4889285240
2024 0.4874042405
2026 0.4704202156
2028 0.4495281416
2034 0.4350038617
2035 0.4343297428
2043 0.3803417970
2044 0.3595488258
2051 0.3134448418
2057 0.2389398553
2065 0.2351026658
2067 0.2023937700
2068 0.1852051831
2074 0.1533481316
2075 0.1433804032
2082 0.1026022059
2093 0.0982268810
2098 0.0957906406
2101 0.0834380456
2102 0.0742072830
2105 0.0444340226
2128 0.0301496301
2197 0.0259947588
2202 0.0149820457
2230 0.0107013033
2259 0.0088992505
2265 0.0065070122
2317 0.0050411995
2319 0.0050061166
2325 0.0041451704
2333 0.0037976774
2353 0.0036541981
2354 0.0032463821
2355 0.0026943491
2357 0.0012444383
2402 0.0012143856
2418 0.0011339818
2420 0.0011093574
2426 0.0010104624
2431 0.0009977125
2433 0.0008863789
2435 0.0004166987
2472 0.0003339531
2492 0.0002470113
2515 0.0002114913
2530 0.0001796508
2564 0.0001785645
2572 0.0001483029
2597 0.0001302940
2602 0.0001219281
2656 0.0001188094
2660 0.0000887509
2682 0.0000863342
2684 0.0000737059
2694 0.0000677400
2699 0.0000506349
2726 0.0000456450
2736 0.0000411455
2748 0.0000407662
2759 0.0000372147
2775 0.0000362831
2782 0.0000234017
2817 0.0000171178
2839 0.0000161182
2841 0.0000139529
2856 0.0000114763
2877 0.0000098460
2900 0.0000094286
2910 0.0000077629
2941 0.0000066651
2952 0.0000062465
2956 0.0000053954
2963 0.0000045000
2975 0.0000028419
3006 0.0000013092
3012 0.0000012723
3112 0.0000006855
3162 0.0000004758
3286 0.0000004537
3292 0.0000004215
3315 0.0000004117
3326 0.0000004091
3360 0.0000004020
3388 0.0000004019
3393 0.0000003997
3412 0.0000003982
3428 0.0000003976
3445 0.0000003966
3449 0.0000003962
3453 0.0000003959
3457 0.0000003943
3480 0.0000003941
3483 0.0000003938
3497 0.0000003928
3506 0.0000003926
3564 0.0000003926
3584 0.0000003924
3598 0.0000003923
3622 0.0000003923
3625 0.0000003923
3638 0.0000003923
3639 0.0000003922
3648 0.0000003921
3652 0.0000003921
3695 0.0000003921
3702 0.0000003921
3718 0.0000003919
3781 0.0000003919
3785 0.0000003919
3791 0.0000003919
3794 0.0000003919
3823 0.0000003918
3824 0.0000003918
3844 0.0000003918
3854 0.0000003918
3858 0.0000003918
3862 0.0000003917
3876 0.0000003917
3882 0.0000003917
3883 0.0000003917
3900 0.0000003916
3906 0.0000003916
3911 0.0000003915
3922 0.0000003915
3928 0.0000003914
3932 0.0000003913
3934 0.0000003913
3937 0.0000003913
3946 0.0000003912
3951 0.0000003911
3953 0.0000003909
3964 0.0000003908
3968 0.0000003908
3978 0.0000003905
3979 0.0000003904
3992 0.0000003902
3996 0.0000003901
3998 0.0000003897
4002 0.0000003888
4010 0.0000003887
4011 0.0000003883
4015 0.0000003881
4026 0.0000003874
4034 0.0000003867
4041 0.0000003850
4057 0.0000003845
4061 0.0000003835
4063 0.0000003831
4065 0.0000003827
4069 0.0000003806
4073 0.0000003793
4076 0.0000003764
4079 0.0000003735
4083 0.0000003698
4092 0.0000003639
4095 0.0000003617
4106 0.0000003483
4107 0.0000003418
4114 0.0000003168
4125 0.0000003124
4128 0.0000002851
4129 0.0000002823
4132 0.0000002778
4138 0.0000002590
4142 0.0000002335
4149 0.0000002306
4151 0.0000002238
4152 0.0000002161
4153 0.0000001600
4200 0.0000001447
4220 0.0000001426
4221 0.0000001115
4230 0.0000001007
4236 0.0000000964
4237 0.0000000604
4264 0.0000000478
4267 0.0000000417
4272 0.0000000330
4335 0.0000000297
4371 0.0000000225
4405 0.0000000179
4412 0.0000000148
4422 0.0000000119
4468 0.0000000092
4473 0.0000000083
4494 0.0000000083
4498 0.0000000079
4500 0.0000000040
4511 0.0000000039
4524 0.0000000036
4540 0.0000000030
4544 0.0000000026
4557 0.0000000025
4559 0.0000000024
4561 0.0000000020
4566 0.0000000013
4606 0.0000000011
4610 0.0000000011
4620 0.0000000009
4624 0.0000000009
4625 0.0000000007
4626 0.0000000006
4665 0.0000000005
4707 0.0000000003
4758 0.0000000003
4769 0.0000000002
4840 0.0000000002
4842 0.0000000002
4868 0.0000000002
4880 0.0000000002
4898 0.0000000002
4905 0.0000000002
4934 0.0000000002
4943 0.0000000002
4952 0.0000000002
4962 0.0000000002
4968 0.0000000002
4969 0.0000000002
4980 0.0000000002
4985 0.0000000002
5002 0.0000000002
5025 0.0000000002
5035 0.0000000002
5050 0.0000000002
5057 0.0000000002
5058 0.0000000002
5101 0.0000000002
5110 0.0000000002
5129 0.0000000002
5130 0.0000000002
5134 0.0000000002
5143 0.0000000002
5151 0.0000000002
5152 0.0000000002
5161 0.0000000002
5165 0.0000000002
5166 0.0000000002
5172 0.0000000002
5179 0.0000000002
5190 0.0000000002
5191 0.0000000002
5198 0.0000000002
5203 0.0000000002
5205 0.0000000002
5215 0.0000000002
5228 0.0000000002
5233 0.0000000002
11715 0.0000000001
11754 0.0000000001
11779 0.0000000001
11797 0.0000000000
11904 0.0000000000
11910 0.0000000000
11949 0.0000000000
12004 0.0000000000
12018 0.0000000000
12064 0.0000000000
12091 0.0000000000
12105 0.0000000000
12110 0.0000000000
12158 0.0000000000
12170 0.0000000000
12194 0.0000000000
12196 0.0000000000
12251 0.0000000000
12256 0.0000000000
12363 0.0000000000
12365 0.0000000000
12366 0.0000000000
12379 0.0000000000
12444 0.0000000000
50008 0.0000000024
evaluations raw_y
1 1394.2283847340
2 544.9933687757
23 319.3667570470
37 232.5831805732
98 225.2281266857
100 206.8033914730
109 184.2464530349
158 173.8494102968
165 168.4480386749
175 146.1388312570
186 143.4366702343
189 142.4722828634
198 126.0000255399
211 112.2021634385
253 111.8968964256
259 110.3266468126
265 107.7653739279
270 103.5089835064
287 100.1110078254
289 96.5137840778
306 94.4740790506
326 91.9723162566
354 91.4120542893
359 88.1309113227
372 86.9411061302
403 85.0361842968
433 84.8817314378
447 83.6001837299
448 81.7626114731
467 81.6290569375
473 80.6476060904
504 78.1016244240
507 77.3193016891
508 73.6943726874
537 72.7950222073
538 72.5433544006
546 69.0576873469
547 64.9986324382
555 62.3410756182
568 61.0287510556
569 57.4824119831
583 48.2270898131
594 44.4140930497
601 35.6773359521
612 34.5478806781
614 33.6342547769
618 27.6476732380
631 19.6043755907
683 19.3432925743
706 18.9617751078
708 14.5649135075
719 11.4863291319
738 7.2198431525
770 5.5403077426
773 3.2797309546
808 2.5317891674
821 2.0822989501
824 1.2908949472
853 1.0616077500
895 0.7042531837
916 0.6092742091
925 0.3581523317
965 0.3247506224
974 0.2132148678
1031 0.1722451840
1050 0.0931762124
1119 0.0916110750
1123 0.0808396950
1142 0.0805740605
1148 0.0790082051
1149 0.0714589145
1155 0.0693013184
1166 0.0646639568
1173 0.0549094597
1203 0.0540025468
1218 0.0519987418
1230 0.0506658309
1238 0.0500900038
1268 0.0482734854
1277 0.0482557536
1281 0.0466149990
1320 0.0458314386
1356 0.0455332176
1378 0.0454188426
1385 0.0449999500
1430 0.0447177233
1453 0.0446861708
1458 0.0445223445
1492 0.0444467536
1501 0.0443429388
1540 0.0442086775
1562 0.0441515419
1566 0.0440569239
1584 0.0439456729
1587 0.0439177721
1596 0.0437996378
1599 0.0437713426
1607 0.0437285740
1608 0.0436250626
1609 0.0436044837
1615 0.0434886547
1619 0.0430039208
1643 0.0426608115
1649 0.0426595760
1651 0.0417205611
1661 0.0416948428
1665 0.0409844865
1673 0.0394387534
1680 0.0394312278
1684 0.0392004484
1689 0.0381111534
1691 0.0378528261
1692 0.0353919677
1703 0.0314403467
1713 0.0300268988
1721 0.0292823333
1723 0.0292084159
1725 0.0283263024
1737 0.0189597795
1745 0.0184235855
1748 0.0172076630
1754 0.0141077630
1765 0.0102446179
1770 0.0058117562
1838 0.0053664474
1842 0.0045428636
1847 0.0029628873
1861 0.0029184414
1874 0.0027752960
1877 0.0027462560
1879 0.0018528446
1906 0.0017581491
1909 0.0015268512
1917 0.0010894738
1924 0.0008062551
1938 0.0005924170
1955 0.0005214659
2000 0.0005198651
2018 0.0003403354
2027 0.0002540394
2038 0.0001818703
2059 0.0001437621
2062 0.0001159793
2085 0.0000684950
2118 0.0000561984
2155 0.0000205734
2199 0.0000146158
2242 0.0000128167
2258 0.0000117860
2269 0.0000108291
2271 0.0000090548
2283 0.0000090485
2285 0.0000081568
2286 0.0000073314
2290 0.0000037941
2331 0.0000020866
2357 0.0000017900
2380 0.0000015562
2397 0.0000012686
2441 0.0000010075
2462 0.0000009611
2467 0.0000009425
2474 0.0000008937
2486 0.0000008441
2493 0.0000007163
2503 0.0000006261
2522 0.0000005998
2541 0.0000005784
2553 0.0000005483
2554 0.0000004776
2566 0.0000004340
2597 0.0000003990
2637 0.0000003927
2717 0.0000003919
2739 0.0000003654
2795 0.0000003634
2796 0.0000003627
2826 0.0000003589
2845 0.0000003537
2950 0.0000003533
2985 0.0000003530
3004 0.0000003529
3010 0.0000003527
3052 0.0000003525
3075 0.0000003525
3076 0.0000003524
3084 0.0000003524
3112 0.0000003524
3115 0.0000003523
3129 0.0000003523
3139 0.0000003523
3141 0.0000003523
3180 0.0000003523
3204 0.0000003522
3250 0.0000003522
3260 0.0000003522
3262 0.0000003522
3280 0.0000003522
3300 0.0000003522
3314 0.0000003522
3317 0.0000003522
3330 0.0000003522
3332 0.0000003522
3375 0.0000003522
3378 0.0000003522
3396 0.0000003522
3405 0.0000003522
3477 0.0000003522
3488 0.0000003522
3497 0.0000003522
3523 0.0000003522
3569 0.0000003522
3584 0.0000003522
3594 0.0000003522
3598 0.0000003522
3599 0.0000003522
3608 0.0000003522
3619 0.0000003522
3626 0.0000003522
3648 0.0000003522
3649 0.0000003522
3679 0.0000003522
3698 0.0000003522
3702 0.0000003522
3711 0.0000003522
3733 0.0000003522
3746 0.0000003522
3748 0.0000003522
3755 0.0000003522
3761 0.0000003522
3762 0.0000003522
3770 0.0000003522
3777 0.0000003522
3778 0.0000003522
3793 0.0000003522
3796 0.0000003522
3804 0.0000003522
3806 0.0000003522
3810 0.0000003522
3812 0.0000003522
3819 0.0000003522
3825 0.0000003522
3828 0.0000003522
3829 0.0000003522
3835 0.0000003521
3846 0.0000003521
3849 0.0000003521
3850 0.0000003521
3855 0.0000003521
3856 0.0000003521
3859 0.0000003521
3863 0.0000003521
3867 0.0000003521
3868 0.0000003521
3875 0.0000003520
3885 0.0000003520
3886 0.0000003520
3896 0.0000003519
3900 0.0000003518
3905 0.0000003518
3907 0.0000003518
3913 0.0000003517
3914 0.0000003516
3921 0.0000003516
3924 0.0000003514
3929 0.0000003514
3933 0.0000003513
3937 0.0000003513
3940 0.0000003510
3947 0.0000003508
3953 0.0000003501
3963 0.0000003498
3964 0.0000003497
3968 0.0000003497
3969 0.0000003495
3973 0.0000003487
3977 0.0000003486
3979 0.0000003481
3986 0.0000003481
3987 0.0000003466
3990 0.0000003460
3993 0.0000003453
3994 0.0000003452
3999 0.0000003437
4003 0.0000003407
4010 0.0000003382
4015 0.0000003371
4017 0.0000003336
4028 0.0000003270
4031 0.0000003205
4033 0.0000003200
4036 0.0000003149
4039 0.0000003118
4041 0.0000003072
4048 0.0000002973
4049 0.0000002945
4056 0.0000002944
4058 0.0000002686
4062 0.0000002663
4065 0.0000002516
4067 0.0000002370
4077 0.0000002310
4079 0.0000002228
4082 0.0000002105
4083 0.0000001857
4089 0.0000001390
4099 0.0000001293
4105 0.0000001168
4113 0.0000001130
4117 0.0000001093
4129 0.0000001090
4133 0.0000001047
4136 0.0000000963
4137 0.0000000895
4140 0.0000000869
4142 0.0000000663
4152 0.0000000614
4157 0.0000000476
4175 0.0000000198
4258 0.0000000189
4271 0.0000000088
4277 0.0000000087
4278 0.0000000059
4354 0.0000000051
4355 0.0000000049
4371 0.0000000035
4372 0.0000000032
4414 0.0000000028
4419 0.0000000024
4436 0.0000000021
4445 0.0000000020
4451 0.0000000018
4458 0.0000000016
4473 0.0000000013
4474 0.0000000009
4508 0.0000000008
4513 0.0000000008
4519 0.0000000007
4525 0.0000000005
4527 0.0000000003
4568 0.0000000003
4573 0.0000000003
4593 0.0000000002
4643 0.0000000001
4667 0.0000000001
4692 0.0000000001
4698 0.0000000001
4711 0.0000000001
4733 0.0000000001
4740 0.0000000001
4742 0.0000000001
4759 0.0000000001
4769 0.0000000001
4777 0.0000000001
4778 0.0000000001
4790 0.0000000001
4832 0.0000000001
4838 0.0000000001
4855 0.0000000001
4934 0.0000000001
4938 0.0000000001
25553 0.0000000001
25672 0.0000000001
25684 0.0000000001
25747 0.0000000000
25774 0.0000000000
25913 0.0000000000
25928 0.0000000000
25957 0.0000000000
26005 0.0000000000
26074 0.0000000000
26235 0.0000000000
26605 0.0000000000
26633 0.0000000000
26674 0.0000000000
26730 0.0000000000
26790 0.0000000000
26800 0.0000000000
26881 0.0000000000
26891 0.0000000000
26941 0.0000000000
26953 0.0000000000
27003 0.0000000000
27014 0.0000000000
50032 0.0000000355
evaluations raw_y
1 1874.6187051863
2 1122.0408547236
4 850.2516696809
13 631.5871319720
22 551.8826236565
26 338.1688064456
35 185.5248805251
46 161.7678056409
117 108.7782105053
202 100.0423885959
205 76.5774089160
224 72.4569429982
236 68.3805157045
240 67.5637902471
244 48.3760173035
278 44.9333039427
283 39.5276545501
306 35.6326552186
322 35.2024386576
336 28.0493070119
395 24.6766148881
411 24.3268162594
426 23.5050051411
445 22.8470618430
489 22.8087097381
490 22.5240916474
504 19.9345087553
530 19.7319577913
540 19.3081869102
559 18.2099287871
562 17.6491001760
582 17.2891604409
583 15.0576812879
597 14.6237794503
620 13.7080611801
622 13.0386558353
633 11.8926723237
656 8.6152057777
673 7.4537989994
682 6.8685459194
692 6.3271431868
698 5.8217563669
705 5.0263280268
722 4.7202057391
732 3.9891953902
738 3.4318305764
745 2.8524509081
764 1.5092618002
825 1.4905344020
826 0.8010722546
869 0.6311238463
876 0.4059618050
883 0.2328890613
975 0.2165418216
980 0.2040569195
989 0.1986639303
992 0.1179419769
1000 0.1052688420
1026 0.0861585439
1045 0.0818150478
1053 0.0791041308
1058 0.0492220855
1073 0.0476231271
1077 0.0319237147
1097 0.0183123479
1153 0.0035005327
1278 0.0033358129
1284 0.0020920272
1310 0.0013538149
1324 0.0011959836
1374 0.0011807236
1378 0.0007328957
1392 0.0005014405
1393 0.0004533772
1464 0.0004195684
1468 0.0003742319
1502 0.0003734316
1510 0.0003356996
1534 0.0003277241
1535 0.0003175969
1559 0.0002992267
1563 0.0002954806
1570 0.0002890106
1573 0.0002880619
1581 0.0002838777
1601 0.0002780291
1608 0.0002760570
1611 0.0002727571
1628 0.0002689128
1656 0.0002670954
1659 0.0002661042
1662 0.0002653102
1667 0.0002621763
1693 0.0002619117
1699 0.0002602846
1709 0.0002598207
1731 0.0002595007
1738 0.0002592069
1739 0.0002589827
1751 0.0002588559
1775 0.0002587830
1798 0.0002582367
1846 0.0002578962
1869 0.0002577035
1870 0.0002575246
1945 0.0002574450
1974 0.0002573441
1995 0.0002573356
1999 0.0002572948
2001 0.0002572037
2034 0.0002572028
2055 0.0002571322
2063 0.0002571248
2089 0.0002570090
2098 0.0002569443
2127 0.0002569274
2131 0.0002569103
2140 0.0002567379
2169 0.0002567125
2172 0.0002566339
2177 0.0002566062
2178 0.0002564246
2189 0.0002562524
2199 0.0002562427
2205 0.0002561439
2211 0.0002560135
2218 0.0002559498
2239 0.0002556582
2246 0.0002556310
2248 0.0002554165
2257 0.0002551988
2258 0.0002547100
2265 0.0002546430
2270 0.0002544354
2275 0.0002541519
2285 0.0002537561
2290 0.0002532880
2291 0.0002522308
2298 0.0002519764
2306 0.0002511050
2315 0.0002483812
2322 0.0002457982
2333 0.0002453976
2334 0.0002424535
2338 0.0002390184
2339 0.0002372220
2347 0.0002367162
2353 0.0002337120
2363 0.0002313000
2372 0.0002310329
2373 0.0002234978
2377 0.0002006623
2385 0.0001992735
2386 0.0001972522
2387 0.0001870248
2400 0.0001826321
2403 0.0001823019
2411 0.0001587531
2420 0.0001567520
2427 0.0001363367
2434 0.0001291728
2437 0.0001151516
2438 0.0001079276
2454 0.0000682381
2458 0.0000354006
2498 0.0000338142
2511 0.0000327463
2517 0.0000251004
2522 0.0000179035
2543 0.0000145064
2549 0.0000134087
2558 0.0000083838
2576 0.0000082683
2583 0.0000051140
2595 0.0000043174
2605 0.0000035634
2607 0.0000034878
2632 0.0000034465
2637 0.0000028827
2638 0.0000027414
2645 0.0000027204
2654 0.0000022353
2657 0.0000012315
2681 0.0000010167
2698 0.0000009134
2732 0.0000007989
2747 0.0000006044
2768 0.0000005456
2773 0.0000003314
2785 0.0000002911
2842 0.0000002452
2851 0.0000001838
2859 0.0000001299
2872 0.0000000807
2974 0.0000000799
2977 0.0000000566
2986 0.0000000428
2990 0.0000000185
3071 0.0000000144
3113 0.0000000142
3120 0.0000000124
3132 0.0000000094
3139 0.0000000089
3157 0.0000000086
3171 0.0000000083
3173 0.0000000081
3175 0.0000000081
3179 0.0000000076
3189 0.0000000069
3195 0.0000000064
3223 0.0000000061
3247 0.0000000056
3281 0.0000000054
3284 0.0000000049
3325 0.0000000047
3347 0.0000000047
3359 0.0000000047
3364 0.0000000044
3369 0.0000000041
3377 0.0000000037
3401 0.0000000032
3440 0.0000000020
3475 0.0000000020
3481 0.0000000017
3488 0.0000000017
3514 0.0000000013
3518 0.0000000012
3533 0.0000000012
3539 0.0000000011
3561 0.0000000006
3593 0.0000000005
3595 0.0000000004
3603 0.0000000004
3627 0.0000000003
3638 0.0000000003
3665 0.0000000003
3666 0.0000000002
3670 0.0000000002
3674 0.0000000002
3686 0.0000000002
3687 0.0000000001
3729 0.0000000001
3743 0.0000000001
3769 0.0000000001
3779 0.0000000001
3782 0.0000000001
3801 0.0000000000
3882 0.0000000000
3884 0.0000000000
3911 0.0000000000
3928 0.0000000000
3950 0.0000000000
3984 0.0000000000
3990 0.0000000000
3999 0.0000000000
4027 0.0000000000
4034 0.0000000000
4068 0.0000000000
4153 0.0000000000
4165 0.0000000000
4166 0.0000000000
4222 0.0000000000
4229 0.0000000000
4234 0.0000000000
4251 0.0000000000
4285 0.0000000000
4308 0.0000000000
4320 0.0000000000
4321 0.0000000000
11806 0.0000000000
11903 0.0000000000
11916 0.0000000000
11922 0.0000000000
11935 0.0000000000
24701 0.0000000000
24803 0.0000000000
24910 0.0000000000
25101 0.0000000000
25250 0.0000000000
25262 0.0000000000
25314 0.0000000000
25373 0.0000000000
25474 0.0000000000
25590 0.0000000000
25609 0.0000000000
25689 0.0000000000
25737 0.0000000000
25817 0.0000000000
26251 0.0000000000
50056 0.0000000034
evaluations raw_y
1 561.7034040241
2 540.5845339882
7 509.8677886791
8 371.4894811482
13 294.1616622976
54 265.2655340370
64 195.8268291310
83 165.4380041083
125 146.6622473115
136 116.2269125496
145 110.5308451197
155 97.4941668774
192 85.4835224514
213 74.2269219109
220 59.2974539563
254 33.6440776883
273 24.7557909610
287 22.9515897879
297 18.6334266834
360 13.8607855621
377 7.2178229425
387 6.8371725430
397 5.6734944148
417 4.2584011613
434 3.0886686537
442 2.0059341431
477 1.9222537938
481 1.2682566057
502 1.0921258559
525 0.7091742661
539 0.6007167553
570 0.4665387968
626 0.4210354213
633 0.3447691311
644 0.2654812196
679 0.2441856492
697 0.2128987063
709 0.2103027493
717 0.2011884794
721 0.1785431902
737 0.1783207336
740 0.1578535987
761 0.1437867907
782 0.1432818614
792 0.1289165856
801 0.1268624946
802 0.1113975501
860 0.1092244413
878 0.1083746152
885 0.1075169758
889 0.1042701913
895 0.1037609209
906 0.1034218611
929 0.1021219313
935 0.1007898604
937 0.0996999978
1008 0.0988284594
1021 0.0966425656
1033 0.0964132386
1047 0.0953536513
1049 0.0947789889
1060 0.0931612224
1068 0.0929425070
1073 0.0898364631
1076 0.0892854126
1082 0.0888289785
1088 0.0880014352
1093 0.0858200881
1094 0.0836399406
1110 0.0833522338
1116 0.0788583095
1123 0.0771674234
1129 0.0762420673
1136 0.0683140629
1137 0.0681585585
1143 0.0675062572
1152 0.0667824349
1160 0.0635065103
1164 0.0551117759
1170 0.0422250385
1181 0.0341132432
1199 0.0274779158
1201 0.0218953695
1206 0.0197356947
1221 0.0191572758
1227 0.0169426847
1230 0.0099759328
1259 0.0098672814
1268 0.0051183809
1286 0.0051018920
1296 0.0039513692
1298 0.0037335544
1310 0.0031542032
1313 0.0028540436
1317 0.0017059033
1381 0.0014920999
1385 0.0012965739
1392 0.0007302593
1400 0.0006479206
1411 0.0005644445
1452 0.0005506955
1453 0.0004162564
1461 0.0001508655
1492 0.0001461082
1520 0.0001151619
1536 0.0000775422
1553 0.0000771246
1567 0.0000327099
1607 0.0000298866
1615 0.0000224289
1626 0.0000212076
1637 0.0000081058
1668 0.0000060597
1674 0.0000044174
1682 0.0000039736
1703 0.0000025816
1711 0.0000025546
1731 0.0000024846
1735 0.0000022011
1743 0.0000018909
1746 0.0000017215
1762 0.0000012694
1792 0.0000007714
1835 0.0000005567
1884 0.0000005359
1903 0.0000005106
1922 0.0000004516
1944 0.0000004404
1969 0.0000004200
1991 0.0000004191
2009 0.0000004142
2013 0.0000004051
2014 0.0000004000
2019 0.0000003980
2024 0.0000003823
2047 0.0000003782
2109 0.0000003758
2114 0.0000003750
2119 0.0000003736
2123 0.0000003727
2131 0.0000003649
2155 0.0000003628
2183 0.0000003608
2204 0.0000003602
2242 0.0000003601
2261 0.0000003596
2296 0.0000003595
2299 0.0000003594
2339 0.0000003594
2346 0.0000003593
2356 0.0000003592
2413 0.0000003591
2415 0.0000003591
2416 0.0000003590
2441 0.0000003590
2456 0.0000003589
2505 0.0000003589
2516 0.0000003589
2518 0.0000003588
2540 0.0000003588
2591 0.0000003588
2601 0.0000003588
2617 0.0000003588
2619 0.0000003588
2621 0.0000003588
2626 0.0000003587
2635 0.0000003587
2657 0.0000003587
2672 0.0000003587
2675 0.0000003587
2691 0.0000003587
2697 0.0000003587
2707 0.0000003587
2710 0.0000003587
2726 0.0000003587
2727 0.0000003587
2730 0.0000003587
2762 0.0000003587
2774 0.0000003587
2778 0.0000003586
2799 0.0000003586
2810 0.0000003586
2815 0.0000003586
2817 0.0000003586
2823 0.0000003586
2838 0.0000003585
2842 0.0000003585
2854 0.0000003585
2857 0.0000003584
2865 0.0000003584
2873 0.0000003584
2874 0.0000003583
2878 0.0000003583
2882 0.0000003582
2885 0.0000003582
2892 0.0000003581
2903 0.0000003580
2905 0.0000003577
2913 0.0000003576
2914 0.0000003575
2918 0.0000003572
2936 0.0000003571
2942 0.0000003570
2943 0.0000003570
2954 0.0000003569
2955 0.0000003568
2958 0.0000003564
2962 0.0000003555
2969 0.0000003537
2980 0.0000003521
2986 0.0000003514
2998 0.0000003508
3003 0.0000003498
3006 0.0000003459
3010 0.0000003444
3015 0.0000003442
3019 0.0000003376
3025 0.0000003375
3026 0.0000003347
3035 0.0000003341
3044 0.0000003316
3050 0.0000003252
3057 0.0000003196
3058 0.0000003172
3062 0.0000003120
3070 0.0000003113
3071 0.0000003105
3074 0.0000003022
3078 0.0000002966
3079 0.0000002933
3080 0.0000002873
3084 0.0000002727
3090 0.0000002608
3093 0.0000002516
3097 0.0000002248
3099 0.0000001948
3111 0.0000001831
3115 0.0000001724
3116 0.0000001682
3120 0.0000001286
3138 0.0000001168
3152 0.0000000943
3166 0.0000000868
3178 0.0000000656
3195 0.0000000442
3196 0.0000000404
3207 0.0000000393
3215 0.0000000364
3217 0.0000000252
3222 0.0000000195
3258 0.0000000172
3261 0.0000000168
3263 0.0000000165
3264 0.0000000151
3265 0.0000000098
3292 0.0000000066
3300 0.0000000059
3302 0.0000000046
3313 0.0000000036
3355 0.0000000027
3395 0.0000000017
3426 0.0000000017
3439 0.0000000012
3462 0.0000000010
3466 0.0000000008
3468 0.0000000006
3492 0.0000000005
3534 0.0000000005
3536 0.0000000003
3539 0.0000000003
3559 0.0000000002
3611 0.0000000002
3620 0.0000000002
3621 0.0000000001
3676 0.0000000001
3681 0.0000000001
3713 0.0000000001
3735 0.0000000001
3737 0.0000000000
3801 0.0000000000
3808 0.0000000000
3819 0.0000000000
3820 0.0000000000
3852 0.0000000000
3857 0.0000000000
3872 0.0000000000
3874 0.0000000000
3890 0.0000000000
3915 0.0000000000
3971 0.0000000000
3982 0.0000000000
10325 0.0000000000
22086 0.0000000000
22090 0.0000000000
22117 0.0000000000
22451 0.0000000000
22684 0.0000000000
49342 0.0000000000
49590 0.0000000000
49597 0.0000000000
49701 0.0000000000
50080 2308.5023168054
evaluations raw_y
1 1790.7848197463
13 1476.8617031193
15 1404.0801778750
23 1084.7023745354
29 982.7566736283
33 928.7713608939
43 675.2827567236
57 451.3500046075
82 402.4019415084
87 319.8650247784
94 269.8441854594
108 195.4960268412
121 176.8058289704
132 143.8660220465
158 99.5240776282
245 90.9930395972
259 84.6395601393
266 50.5680613911
290 43.7850547107
298 37.5083544834
316 20.7014380805
322 19.9728104679
329 19.4138677722
341 13.2822337436
420 12.9288564944
427 12.4647898758
429 11.6989116482
440 9.9008225112
466 9.4710868756
469 8.3225023514
474 7.2431552632
492 6.0031191505
544 5.7502724256
630 5.6792093187
633 5.2934702854
634 5.1766955564
648 5.0844814967
669 4.9548117735
674 4.7861962680
698 4.4984182219
712 4.4102455248
726 4.3575503124
744 4.3449340206
761 4.3007349618
770 4.2591043660
809 4.2126549870
814 4.1864552333
821 4.1703051365
824 4.1350866253
839 4.1218102245
842 4.0683904443
850 3.9869883395
857 3.9600072562
869 3.9310968761
873 3.8714124969
889 3.8277042030
913 3.7077241829
937 3.4128719984
949 3.3296718786
953 3.2511627409
963 3.1418887219
976 3.0558151488
984 2.9027557813
985 2.6441349406
995 2.4319783486
1003 2.0302077070
1012 1.7986514381
1014 1.6978934652
1018 1.3696774747
1022 1.0243542595
1062 1.0186412486
1063 1.0069767569
1072 0.9514845723
1074 0.8811351404
1083 0.6108106847
1093 0.5148717395
1119 0.4075376474
1130 0.3149870216
1160 0.3002472217
1168 0.2353207037
1180 0.2037808904
1186 0.1809285915
1194 0.1529644184
1221 0.0943167750
1231 0.0768671566
1250 0.0672445563
1261 0.0648371310
1263 0.0471581025
1275 0.0372991350
1279 0.0332520817
1281 0.0198259188
1319 0.0100356684
1344 0.0078064902
1364 0.0076563256
1375 0.0074511448
1379 0.0072367317
1381 0.0066539958
1388 0.0065626315
1393 0.0039148947
1402 0.0011374263
1537 0.0009835288
1553 0.0009516775
1566 0.0008157465
1588 0.0008046563
1589 0.0007989343
1594 0.0006743169
1603 0.0006453041
1609 0.0006290717
1615 0.0006101663
1620 0.0005643159
1630 0.0005638202
1641 0.0005569808
1661 0.0005524141
1681 0.0004965219
1704 0.0004675170
1723 0.0004485676
1732 0.0004451777
1755 0.0004323799
1761 0.0004303585
1810 0.0004262400
1821 0.0004230539
1825 0.0004175787
1839 0.0004094356
1854 0.0003978587
1907 0.0003929588
1928 0.0003918984
1943 0.0003905033
1947 0.0003878413
1951 0.0003840510
1957 0.0003828276
1962 0.0003765694
1968 0.0003738395
1988 0.0003680431
2008 0.0003666214
2010 0.0003618383
2016 0.0003604372
2019 0.0003597004
2026 0.0003547680
2036 0.0003524443
2042 0.0003464984
2051 0.0003459342
2052 0.0003455573
2066 0.0003408488
2077 0.0003238609
2092 0.0003173025
2102 0.0003149862
2106 0.0002770958
2120 0.0002719777
2122 0.0002455749
2129 0.0002245616
2137 0.0002071810
2147 0.0001867208
2149 0.0001844411
2153 0.0001194209
2173 0.0001186107
2178 0.0000693078
2202 0.0000200086
2273 0.0000182342
2285 0.0000115352
2305 0.0000088685
2314 0.0000075698
2315 0.0000053163
2367 0.0000035147
2373 0.0000027051
2403 0.0000021892
2418 0.0000020739
2427 0.0000020702
2430 0.0000017058
2443 0.0000007429
2481 0.0000006832
2484 0.0000005738
2488 0.0000003351
2562 0.0000002907
2574 0.0000002338
2575 0.0000001518
2605 0.0000001398
2620 0.0000001389
2631 0.0000001225
2654 0.0000001199
2655 0.0000001135
2656 0.0000001098
2660 0.0000000969
2665 0.0000000845
2669 0.0000000724
2683 0.0000000717
2693 0.0000000711
2700 0.0000000626
2729 0.0000000482
2745 0.0000000438
2758 0.0000000432
2785 0.0000000432
2792 0.0000000410
2799 0.0000000395
2822 0.0000000382
2851 0.0000000371
2860 0.0000000355
2877 0.0000000350
2927 0.0000000349
2931 0.0000000349
2940 0.0000000346
2961 0.0000000345
2967 0.0000000338
2974 0.0000000335
3055 0.0000000334
3064 0.0000000334
3068 0.0000000331
3094 0.0000000331
3135 0.0000000331
3146 0.0000000331
3155 0.0000000331
3168 0.0000000331
3173 0.0000000331
3187 0.0000000331
3194 0.0000000331
3200 0.0000000331
3256 0.0000000331
3273 0.0000000331
3282 0.0000000330
3311 0.0000000330
3317 0.0000000330
3319 0.0000000330
3354 0.0000000330
3381 0.0000000330
3386 0.0000000330
3396 0.0000000330
3400 0.0000000330
3402 0.0000000330
3420 0.0000000330
3426 0.0000000330
3428 0.0000000330
3434 0.0000000330
3442 0.0000000330
3446 0.0000000330
3454 0.0000000330
3457 0.0000000329
3475 0.0000000329
3478 0.0000000329
3484 0.0000000329
3495 0.0000000328
3497 0.0000000328
3504 0.0000000328
3511 0.0000000328
3514 0.0000000328
3518 0.0000000327
3524 0.0000000326
3535 0.0000000325
3539 0.0000000322
3545 0.0000000322
3546 0.0000000321
3553 0.0000000320
3554 0.0000000319
3558 0.0000000317
3561 0.0000000312
3570 0.0000000305
3574 0.0000000303
3579 0.0000000299
3581 0.0000000298
3586 0.0000000287
3599 0.0000000279
3605 0.0000000267
3610 0.0000000259
3618 0.0000000251
3619 0.0000000238
3627 0.0000000236
3629 0.0000000203
3633 0.0000000178
3638 0.0000000160
3643 0.0000000133
3650 0.0000000103
3660 0.0000000057
3665 0.0000000049
3679 0.0000000036
3704 0.0000000016
3743 0.0000000013
3790 0.0000000010
3801 0.0000000010
3806 0.0000000004
3849 0.0000000003
3853 0.0000000003
3883 0.0000000002
3885 0.0000000002
3890 0.0000000002
3892 0.0000000002
3913 0.0000000002
3921 0.0000000001
3926 0.0000000001
3954 0.0000000000
4010 0.0000000000
4018 0.0000000000
4022 0.0000000000
4023 0.0000000000
4060 0.0000000000
4065 0.0000000000
4096 0.0000000000
4111 0.0000000000
4144 0.0000000000
4157 0.0000000000
4177 0.0000000000
4211 0.0000000000
4225 0.0000000000
4238 0.0000000000
4249 0.0000000000
4250 0.0000000000
4262 0.0000000000
4263 0.0000000000
4274 0.0000000000
4310 0.0000000000
4356 0.0000000000
4361 0.0000000000
4383 0.0000000000
4409 0.0000000000
4425 0.0000000000
4493 0.0000000000
4497 0.0000000000
4874 0.0000000000
4961 0.0000000000
50024 0.0000046408
evaluations raw_y
1 2017.8201098480
2 1750.2711364670
11 1640.2634163509
12 1471.3854049464
16 1321.3389200532
35 1208.3351839427
39 1072.6794918576
40 1061.6485434024
51 882.2600255593
52 778.2986477167
57 679.3038664775
71 507.3251545807
145 155.9816244123
220 108.3545439421
228 100.1192949796
243 59.6768959659
253 46.0250552177
282 35.5302854294
291 10.6898118131
408 7.7020370564
426 4.4058792847
433 4.3274766709
452 3.6146042480
453 1.7664788338
499 1.7538395142
501 1.2705692263
556 1.1839086668
569 1.1546043004
584 1.0981321571
595 0.9356934957
603 0.5541497219
646 0.4935198455
649 0.3726631339
672 0.3619161399
675 0.3582008797
687 0.3246673673
697 0.2711810981
705 0.2262483461
715 0.2067707640
765 0.1712817268
778 0.1646005111
787 0.1430221946
802 0.1179545329
824 0.0928595630
849 0.0920329503
858 0.0882717912
867 0.0848408961
871 0.0790452131
876 0.0722667061
975 0.0712163151
978 0.0698810542
979 0.0698786695
995 0.0682627320
1015 0.0677867959
1020 0.0672995455
1089 0.0666804954
1101 0.0666475290
1105 0.0666352146
1109 0.0665512578
1120 0.0665464522
1141 0.0665377883
1142 0.0664044252
1147 0.0661398583
1162 0.0660103106
1186 0.0657589056
1199 0.0655485458
1236 0.0654567711
1249 0.0653933983
1271 0.0653766412
1285 0.0653543230
1307 0.0653266115
1318 0.0653129084
1333 0.0653127747
1340 0.0652879872
1359 0.0652746803
1385 0.0652693718
1388 0.0652658472
1390 0.0652564966
1412 0.0652555760
1428 0.0652549939
1439 0.0652548340
1440 0.0652533641
1441 0.0652421374
1504 0.0652414336
1516 0.0652410934
1527 0.0652409334
1531 0.0652398138
1555 0.0652396433
1559 0.0652393977
1570 0.0652384649
1575 0.0652384315
1595 0.0652382490
1601 0.0652380330
1602 0.0652373226
1660 0.0652371162
1677 0.0652370104
1693 0.0652367250
1711 0.0652366720
1715 0.0652365297
1762 0.0652365195
1781 0.0652364917
1799 0.0652364691
1803 0.0652364010
1833 0.0652363918
1848 0.0652363656
1853 0.0652363650
1863 0.0652363574
1873 0.0652363382
1889 0.0652362827
1908 0.0652362539
1911 0.0652362489
1913 0.0652362195
1915 0.0652361940
1918 0.0652361926
1923 0.0652361650
1929 0.0652361349
1931 0.0652360359
1940 0.0652360298
1946 0.0652358914
1953 0.0652357111
1964 0.0652356361
1971 0.0652356146
1980 0.0652355938
1981 0.0652355083
1982 0.0652353988
1993 0.0652352905
1999 0.0652350457
2005 0.0652346944
2007 0.0652346873
2020 0.0652346164
2030 0.0652340954
2031 0.0652337562
2035 0.0652326859
2044 0.0652326305
2047 0.0652320309
2061 0.0652317898
2069 0.0652313893
2073 0.0652293937
2082 0.0652280833
2100 0.0652260362
2104 0.0652234991
2107 0.0652226367
2110 0.0652220592
2116 0.0652141296
2125 0.0652098406
2131 0.0652055569
2140 0.0651979465
2141 0.0651905757
2142 0.0651825223
2147 0.0651726563
2154 0.0651500962
2156 0.0651445026
2163 0.0651123165
2172 0.0650625109
2177 0.0650339938
2178 0.0650197445
2183 0.0649746246
2185 0.0649074222
2194 0.0646950436
2201 0.0646134994
2208 0.0644659042
2211 0.0642630181
2212 0.0642155501
2217 0.0640439810
2221 0.0639432010
2223 0.0638388580
2225 0.0629078751
2235 0.0628222112
2249 0.0622535223
2253 0.0608593454
2258 0.0600617078
2265 0.0575731182
2277 0.0551374078
2287 0.0534316916
2294 0.0533281864
2299 0.0494585348
2305 0.0485809072
2308 0.0471118796
2313 0.0457681345
2316 0.0452362289
2319 0.0401328832
2324 0.0385394229
2325 0.0351774921
2329 0.0273100256
2337 0.0241886507
2341 0.0239507110
2342 0.0210733350
2349 0.0174964297
2355 0.0155162239
2356 0.0132856796
2360 0.0118327150
2363 0.0111721706
2381 0.0100053383
2392 0.0064982743
2394 0.0049986601
2477 0.0046330709
2485 0.0043997045
2489 0.0041681914
2505 0.0040678120
2514 0.0025441334
2521 0.0024602827
2525 0.0016217232
2558 0.0015245832
2572 0.0014710278
2585 0.0013437957
2588 0.0011265820
2591 0.0008828080
2600 0.0006672275
2608 0.0005337335
2617 0.0002937710
2656 0.0002659280
2684 0.0002469372
2691 0.0001855804
2697 0.0001733869
2699 0.0001214498
2739 0.0001137855
2742 0.0000702476
2794 0.0000595495
2796 0.0000551213
2806 0.0000338507
2821 0.0000230826
2844 0.0000143383
2896 0.0000130373
2899 0.0000123107
2911 0.0000099010
2928 0.0000085812
2934 0.0000071837
2958 0.0000061282
2989 0.0000056618
2990 0.0000045117
3041 0.0000038816
3076 0.0000038810
3108 0.0000033362
3143 0.0000032887
3191 0.0000032653
3197 0.0000032447
3199 0.0000031856
3228 0.0000031545
3234 0.0000031236
3248 0.0000030942
3261 0.0000030845
3265 0.0000030700
3268 0.0000030556
3293 0.0000030544
3299 0.0000030441
3302 0.0000030367
3329 0.0000030317
3360 0.0000030238
3446 0.0000030238
3448 0.0000030219
3476 0.0000030215
3488 0.0000030207
3493 0.0000030201
3501 0.0000030194
3503 0.0000030192
3528 0.0000030186
3542 0.0000030182
3560 0.0000030181
3563 0.0000030179
3569 0.0000030177
3581 0.0000030176
3606 0.0000030176
3613 0.0000030173
3659 0.0000030173
3676 0.0000030172
3677 0.0000030172
3684 0.0000030172
3692 0.0000030171
3741 0.0000030171
3744 0.0000030171
3753 0.0000030171
3764 0.0000030170
3785 0.0000030170
3805 0.0000030170
3828 0.0000030170
3832 0.0000030170
3838 0.0000030170
3839 0.0000030170
3849 0.0000030170
3874 0.0000030170
3875 0.0000030170
3885 0.0000030170
3893 0.0000030169
3925 0.0000030169
3926 0.0000030169
3940 0.0000030169
3959 0.0000030169
3960 0.0000030168
3970 0.0000030168
3974 0.0000030168
3975 0.0000030168
3976 0.0000030168
3979 0.0000030167
3993 0.0000030166
4005 0.0000030166
4010 0.0000030165
4013 0.0000030165
4017 0.0000030164
4022 0.0000030163
4023 0.0000030163
4029 0.0000030162
4030 0.0000030161
4034 0.0000030160
4036 0.0000030159
4037 0.0000030158
4046 0.0000030157
4064 0.0000030155
4070 0.0000030154
4078 0.0000030153
4080 0.0000030149
4081 0.0000030148
4086 0.0000030143
4090 0.0000030140
4102 0.0000030134
4106 0.0000030128
4114 0.0000030120
4122 0.0000030111
4135 0.0000030101
4136 0.0000030088
4137 0.0000030077
4139 0.0000030054
4140 0.0000030053
4146 0.0000030022
4148 0.0000029998
4153 0.0000029934
4163 0.0000029894
4168 0.0000029884
4170 0.0000029835
4178 0.0000029792
4179 0.0000029729
4181 0.0000029650
4196 0.0000029642
4197 0.0000029568
4206 0.0000029470
4213 0.0000029391
4220 0.0000029286
4222 0.0000029178
4226 0.0000029120
4228 0.0000029067
4233 0.0000028540
4246 0.0000028458
4249 0.0000028448
4250 0.0000028446
4251 0.0000027976
4258 0.0000027940
4261 0.0000027939
4262 0.0000027862
4267 0.0000027471
4274 0.0000026995
4278 0.0000026895
4283 0.0000026785
4288 0.0000026228
4292 0.0000025309
4297 0.0000024773
4298 0.0000023985
4318 0.0000023060
4323 0.0000020674
4329 0.0000020186
4333 0.0000019338
4338 0.0000018949
4339 0.0000018928
4341 0.0000017949
4343 0.0000016276
4346 0.0000014797
4347 0.0000013586
4356 0.0000010617
4362 0.0000009504
4366 0.0000009148
4375 0.0000008890
4377 0.0000008348
4391 0.0000007435
4412 0.0000005972
4415 0.0000005830
4421 0.0000005745
4423 0.0000003614
4426 0.0000003316
4466 0.0000002727
4473 0.0000002707
4475 0.0000001405
4505 0.0000000627
4583 0.0000000515
4590 0.0000000384
4595 0.0000000356
4603 0.0000000290
4638 0.0000000232
4650 0.0000000178
4668 0.0000000161
4683 0.0000000116
4707 0.0000000038
4758 0.0000000033
4764 0.0000000031
4781 0.0000000026
4801 0.0000000026
4804 0.0000000024
4815 0.0000000017
4825 0.0000000015
4847 0.0000000011
4857 0.0000000009
4874 0.0000000009
4889 0.0000000007
4890 0.0000000005
4930 0.0000000005
4955 0.0000000005
4958 0.0000000004
4967 0.0000000004
4977 0.0000000003
4990 0.0000000003
5014 0.0000000003
5017 0.0000000002
5020 0.0000000002
5029 0.0000000002
5045 0.0000000002
5062 0.0000000002
5075 0.0000000002
5084 0.0000000002
5101 0.0000000001
5102 0.0000000001
5110 0.0000000001
5120 0.0000000001
5131 0.0000000001
5183 0.0000000001
5209 0.0000000001
5252 0.0000000001
5273 0.0000000001
5302 0.0000000001
5306 0.0000000001
5312 0.0000000001
5327 0.0000000001
5337 0.0000000001
5340 0.0000000001
5350 0.0000000001
5356 0.0000000001
5380 0.0000000001
5386 0.0000000001
5398 0.0000000001
5422 0.0000000001
5425 0.0000000001
5429 0.0000000001
5490 0.0000000001
5529 0.0000000001
5535 0.0000000001
5545 0.0000000001
5554 0.0000000001
5555 0.0000000001
5570 0.0000000001
5584 0.0000000001
5596 0.0000000001
5609 0.0000000001
5643 0.0000000001
5690 0.0000000001
5734 0.0000000001
5737 0.0000000001
5770 0.0000000001
13160 0.0000000001
13176 0.0000000001
13183 0.0000000001
13203 0.0000000001
13206 0.0000000001
13225 0.0000000001
13242 0.0000000000
13261 0.0000000000
13284 0.0000000000
48059 0.0000000000
48298 0.0000000000
48660 0.0000000000
49235 0.0000000000
49257 0.0000000000
49447 0.0000000000
49539 0.0000000000
49645 0.0000000000
49727 0.0000000000
50024 0.0000000000
evaluations raw_y
1 1031.3978990260
3 601.9118143977
8 331.4409817903
14 176.6835773635
76 108.7992765073
103 101.8326874468
109 55.9193477866
148 48.0613663968
161 45.0163328237
162 40.8429775741
174 40.7002460117
218 36.8488731684
232 32.5875452636
233 24.9747492952
277 16.0087638886
315 9.9315370377
415 9.6270716939
422 9.4655650736
430 9.3925547730
437 8.5301498316
438 7.9523765454
455 7.2772882046
476 6.2764619023
537 6.2093666283
544 6.1782657376
545 5.6525694354
553 5.6385964324
558 5.5098156482
602 5.4808389813
609 5.3797280156
627 5.1838813415
634 5.1087730922
640 4.9245433892
651 4.8716247009
656 4.6981583086
660 4.4985535236
666 4.4496478393
683 4.0646448743
687 3.9621661040
692 3.8087830174
698 3.6316580374
706 3.4577816360
719 3.2402135848
724 3.1418147361
730 2.5236736614
750 2.5147296043
757 1.8330492579
770 1.4351444939
780 1.1353164156
788 0.5528373671
875 0.2338012504
908 0.1808849075
939 0.1480095046
951 0.1080581080
985 0.1060216311
1011 0.0853605656
1018 0.0736524377
1033 0.0577620651
1064 0.0573176796
1071 0.0374891714
1088 0.0362021149
1096 0.0345162315
1140 0.0317333719
1145 0.0287386440
1185 0.0286691435
1189 0.0286307899
1193 0.0261777077
1200 0.0254952786
1201 0.0223451079
1207 0.0184981331
1255 0.0176030128
1275 0.0168095016
1293 0.0155440949
1297 0.0152651448
1305 0.0150522069
1317 0.0144708639
1324 0.0141200089
1329 0.0140676125
1344 0.0138553026
1358 0.0137602581
1364 0.0132013742
1379 0.0131688648
1386 0.0127910413
1390 0.0126314086
1414 0.0124839483
1415 0.0120882770
1422 0.0110015993
1461 0.0095385786
1475 0.0093036357
1477 0.0092802671
1484 0.0088966488
1485 0.0078945294
1496 0.0065007227
1512 0.0061652805
1522 0.0059539599
1528 0.0045847478
1553 0.0038700049
1558 0.0038582229
1563 0.0031743170
1580 0.0022518838
1593 0.0019145256
1613 0.0018702636
1618 0.0014051092
1631 0.0010837348
1633 0.0010343962
1642 0.0009691086
1690 0.0005559513
1714 0.0005515437
1715 0.0003877215
1728 0.0001399410
1824 0.0001390628
1839 0.0000865186
1840 0.0000697943
1876 0.0000619293
1887 0.0000357976
1931 0.0000236652
1965 0.0000211202
1974 0.0000129352
2002 0.0000062453
2082 0.0000052313
2103 0.0000049127
2112 0.0000018651
2134 0.0000016537
2154 0.0000014226
2168 0.0000008154
2210 0.0000006576
2306 0.0000006005
2314 0.0000005546
2349 0.0000004889
2353 0.0000004465
2374 0.0000004316
2378 0.0000003700
2385 0.0000003309
2401 0.0000002985
2412 0.0000002916
2420 0.0000002876
2423 0.0000002543
2443 0.0000002378
2490 0.0000002372
2491 0.0000002095
2532 0.0000002046
2571 0.0000002035
2581 0.0000002004
2588 0.0000001990
2597 0.0000001987
2604 0.0000001955
2624 0.0000001935
2638 0.0000001924
2645 0.0000001886
2653 0.0000001882
2676 0.0000001820
2696 0.0000001819
2697 0.0000001795
2723 0.0000001769
2731 0.0000001712
2744 0.0000001618
2752 0.0000001587
2753 0.0000001494
2778 0.0000001415
2788 0.0000001247
2794 0.0000001180
2797 0.0000001171
2805 0.0000001109
2812 0.0000000754
2814 0.0000000622
2824 0.0000000607
2876 0.0000000540
2877 0.0000000333
2899 0.0000000272
2907 0.0000000231
2945 0.0000000194
2948 0.0000000147
2974 0.0000000145
2986 0.0000000139
2991 0.0000000129
2994 0.0000000100
3005 0.0000000094
3016 0.0000000090
3023 0.0000000085
3026 0.0000000082
3048 0.0000000070
3069 0.0000000052
3077 0.0000000038
3091 0.0000000023
3121 0.0000000022
3128 0.0000000021
3136 0.0000000015
3150 0.0000000012
3160 0.0000000006
3196 0.0000000005
3221 0.0000000004
3253 0.0000000004
3258 0.0000000003
3264 0.0000000003
3268 0.0000000003
3269 0.0000000002
3295 0.0000000001
3349 0.0000000001
3359 0.0000000001
3362 0.0000000000
3394 0.0000000000
3419 0.0000000000
3459 0.0000000000
3467 0.0000000000
3504 0.0000000000
3507 0.0000000000
3527 0.0000000000
3528 0.0000000000
3546 0.0000000000
3552 0.0000000000
3562 0.0000000000
3604 0.0000000000
3626 0.0000000000
3664 0.0000000000
3743 0.0000000000
3751 0.0000000000
3779 0.0000000000
3793 0.0000000000
3831 0.0000000000
26239 0.0000000000
26312 0.0000000000
26361 0.0000000000
26403 0.0000000000
26427 0.0000000000
26438 0.0000000000
26454 0.0000000000
26471 0.0000000000
50040 0.0000000014
evaluations raw_y
1 3495.0580815989
2 3267.9353080451
4 2393.0272467022
5 1926.8299402747
13 1914.6760654932
16 1686.4384237283
17 1170.5258384530
28 1097.2259601661
29 921.6435485974
36 919.8786219682
39 667.5202570304
42 239.1822633519
50 215.8148010785
81 147.4518311424
125 134.1165751972
127 106.3573057658
233 98.8966113349
237 93.1111514638
241 69.8105617572
254 63.0412022307
257 60.2946319272
264 57.9951740732
269 33.3408368380
295 28.1472860441
323 26.9989382286
347 22.8703788275
352 19.5823958095
354 17.5698396963
357 15.7868816093
363 11.8096568463
425 11.3366679194
466 11.2791262629
495 11.0306114775
515 10.3457442246
523 10.0891515174
526 9.4598263224
619 9.3942898468
624 9.3850398470
642 9.3635005902
651 9.3037870177
654 9.2586702098
661 9.1011757260
673 9.0873256331
688 8.8997015165
701 8.8922252789
722 8.8361401329
740 8.7603106561
750 8.7549438916
762 8.6453013802
778 8.5715713455
780 8.4752904730
789 8.3985094328
830 8.3662246426
836 8.3275570752
843 8.2438347392
848 8.0961735034
849 7.9843938045
864 7.8078100232
867 7.7376023173
873 7.4528639616
875 7.2522232890
891 6.9079653425
910 6.6101171068
917 6.5331938655
926 6.4888913151
927 6.3399037911
929 5.3245153435
938 5.3125152434
942 5.1617035690
947 4.6826883281
956 4.3784469770
958 4.2027122858
960 3.7625036060
972 3.3201326863
979 2.3047949008
985 1.1477861336
1060 1.0979335696
1069 0.4531926316
1077 0.3138640198
1111 0.2345458930
1153 0.1781725844
1161 0.1034882677
1197 0.0824838511
1238 0.0774169341
1241 0.0708916358
1246 0.0468384230
1254 0.0424060372
1267 0.0234645117
1306 0.0188222836
1374 0.0149582240
1418 0.0145877276
1431 0.0142688185
1433 0.0111844496
1465 0.0109753137
1478 0.0105558160
1487 0.0103841691
1513 0.0103695125
1519 0.0102675555
1520 0.0100028162
1548 0.0098649778
1552 0.0097833958
1557 0.0096463948
1562 0.0096457548
1566 0.0095891179
1579 0.0095702046
1591 0.0094839216
1624 0.0093430462
1636 0.0093171961
1653 0.0092485280
1654 0.0092242384
1657 0.0091975908
1658 0.0090391172
1665 0.0089725214
1679 0.0089467475
1682 0.0087677347
1712 0.0086302216
1716 0.0086093808
1718 0.0085406898
1724 0.0084594557
1730 0.0082913162
1744 0.0080437206
1750 0.0080315609
1758 0.0076369846
1762 0.0074156689
1769 0.0071795165
1782 0.0069717407
1793 0.0063966062
1798 0.0063618262
1801 0.0059535337
1802 0.0054325482
1820 0.0053134450
1822 0.0051770081
1826 0.0043100746
1839 0.0040725223
1846 0.0035837418
1857 0.0032096695
1859 0.0026016699
1864 0.0023366382
1875 0.0019083623
1894 0.0017322129
1900 0.0016455423
1907 0.0008891351
1948 0.0006837129
1951 0.0006456626
2001 0.0004428535
2007 0.0002924756
2010 0.0002092968
2043 0.0001354092
2064 0.0001119196
2112 0.0001098465
2114 0.0000337257
2136 0.0000201004
2222 0.0000086902
2318 0.0000073084
2332 0.0000061020
2348 0.0000052240
2353 0.0000045099
2359 0.0000037471
2405 0.0000031754
2413 0.0000029843
2434 0.0000024201
2443 0.0000016250
2464 0.0000015881
2472 0.0000014333
2486 0.0000011659
2494 0.0000009674
2547 0.0000009487
2549 0.0000007791
2555 0.0000007521
2564 0.0000007373
2572 0.0000007248
2598 0.0000006886
2601 0.0000006406
2626 0.0000005877
2633 0.0000005536
2657 0.0000005413
2706 0.0000005342
2708 0.0000004993
2724 0.0000004900
2744 0.0000004846
2750 0.0000004717
2759 0.0000004595
2775 0.0000004578
2792 0.0000004176
2815 0.0000004117
2819 0.0000004076
2820 0.0000004044
2822 0.0000003918
2835 0.0000003775
2856 0.0000003565
2861 0.0000003522
2867 0.0000003434
2869 0.0000003368
2874 0.0000003354
2876 0.0000002929
2891 0.0000002571
2897 0.0000002442
2905 0.0000002315
2910 0.0000002283
2915 0.0000002115
2917 0.0000001402
2939 0.0000001372
2955 0.0000000836
2982 0.0000000579
3001 0.0000000559
3005 0.0000000530
3008 0.0000000482
3011 0.0000000383
3017 0.0000000283
3026 0.0000000277
3032 0.0000000217
3061 0.0000000129
3075 0.0000000114
3080 0.0000000081
3089 0.0000000063
3110 0.0000000060
3117 0.0000000059
3120 0.0000000057
3158 0.0000000047
3164 0.0000000046
3166 0.0000000021
3212 0.0000000018
3231 0.0000000016
3251 0.0000000014
3261 0.0000000013
3274 0.0000000012
3276 0.0000000011
3277 0.0000000009
3283 0.0000000008
3293 0.0000000008
3300 0.0000000006
3306 0.0000000006
3309 0.0000000005
3339 0.0000000004
3357 0.0000000003
3367 0.0000000002
3387 0.0000000002
3400 0.0000000001
3419 0.0000000001
3432 0.0000000001
3433 0.0000000001
3442 0.0000000001
3446 0.0000000001
3475 0.0000000001
3483 0.0000000001
3510 0.0000000001
3516 0.0000000001
3527 0.0000000001
3548 0.0000000001
3568 0.0000000001
3584 0.0000000001
3588 0.0000000001
3612 0.0000000001
3616 0.0000000001
3632 0.0000000001
3667 0.0000000001
3672 0.0000000001
3686 0.0000000001
3732 0.0000000001
3748 0.0000000001
3752 0.0000000001
3760 0.0000000001
3764 0.0000000001
3800 0.0000000001
3807 0.0000000001
3812 0.0000000001
3823 0.0000000001
3855 0.0000000001
3870 0.0000000001
4009 0.0000000001
4133 0.0000000001
10708 0.0000000000
10798 0.0000000000
10799 0.0000000000
10825 0.0000000000
10833 0.0000000000
10975 0.0000000000
10976 0.0000000000
10994 0.0000000000
11008 0.0000000000
11029 0.0000000000
11036 0.0000000000
11071 0.0000000000
11100 0.0000000000
11170 0.0000000000
11283 0.0000000000
11313 0.0000000000
11363 0.0000000000
11394 0.0000000000
11452 0.0000000000
11471 0.0000000000
11527 0.0000000000
11566 0.0000000000
12038 0.0000000000
14293 0.0000000000
15225 0.0000000000
50016 0.0000047540
evaluations raw_y
1 2470.9351008338
2 1627.6890314686
5 841.7403240196
17 722.0908609280
21 636.6244853048
25 600.0219897892
32 481.0240605978
42 458.8419515542
69 427.3017101475
73 279.7022458476
88 200.1833032853
117 187.2339804747
122 147.9223001456
132 135.4429281848
138 115.8552941217
156 107.2987957212
161 98.3012815983
164 76.6928968537
170 70.1842088901
179 63.5414632116
187 38.9812430754
264 29.3332425971
275 24.6025533405
317 22.7966930602
326 22.1987057017
347 21.9450439080
360 21.5099254712
361 19.0679691268
382 18.4622048191
424 17.9003619063
427 17.3288707308
440 16.8856109330
475 16.5282464241
481 16.2366863199
516 16.2325787168
529 16.0520563061
551 16.0366604062
566 15.9670954200
602 15.9465584639
610 15.9173075792
621 15.8534606370
678 15.8496867127
694 15.8296972995
718 15.8203162226
738 15.8198943665
755 15.8194834321
771 15.8187822619
774 15.8171983444
809 15.8162080779
815 15.8145660900
828 15.8142207823
836 15.8141064682
839 15.8138230202
841 15.8128981065
876 15.8123230703
882 15.8121728169
895 15.8117621377
904 15.8115618237
908 15.8114305068
923 15.8114171784
928 15.8111716425
951 15.8106181459
987 15.8105366734
998 15.8101086775
1016 15.8099535332
1026 15.8098106269
1041 15.8096027012
1047 15.8095937997
1051 15.8095630372
1056 15.8094721536
1067 15.8093356987
1071 15.8086759651
1082 15.8080832166
1089 15.8073247704
1117 15.8070272731
1118 15.8061936894
1122 15.8056810988
1124 15.8050743184
1131 15.8035786480
1137 15.8023432628
1141 15.8012849068
1143 15.8005976863
1154 15.8003681367
1155 15.7994163720
1166 15.7984029475
1168 15.7950885699
1169 15.7928350559
1175 15.7919200228
1181 15.7859285508
1185 15.7836688723
1187 15.7812367540
1198 15.7810129242
1203 15.7761812048
1205 15.7730662001
1206 15.7592733093
1217 15.7472730761
1223 15.7435489997
1226 15.7366710387
1229 15.7288542429
1235 15.7235369154
1243 15.7043429601
1246 15.6866247621
1253 15.6443714395
1273 15.5448474959
1289 15.5285852756
1291 15.4887511219
1292 15.4790990396
1299 15.3597447926
1311 15.3449317907
1317 15.2126249856
1322 15.1630448359
1330 14.9527817404
1338 14.8665060293
1351 14.7362851195
1357 14.2625446576
1370 14.0448043314
1375 13.9474321695
1377 13.5261301698
1387 12.9991782315
1391 12.8987858937
1393 12.4319741153
1404 12.0231551730
1405 9.9672942357
1412 9.8766269445
1418 9.4899987576
1423 8.0219554023
1427 5.7846572572
1434 4.2024513648
1437 3.9905448982
1441 3.9035477187
1442 3.5523346709
1445 1.9614656221
1452 1.6614195909
1455 1.4187606308
1461 1.1483096164
1466 1.1436370972
1505 0.5333228050
1553 0.3183671401
1573 0.2603272041
1588 0.2115317103
1593 0.1797146265
1625 0.1158961891
1668 0.0606382375
1723 0.0306223452
1759 0.0273197120
1768 0.0189747926
1799 0.0189619359
1802 0.0035474238
1906 0.0024736952
1911 0.0018985276
1946 0.0013129224
2013 0.0009596234
2018 0.0008226696
2019 0.0007175706
2029 0.0007144623
2056 0.0006961392
2057 0.0005119292
2073 0.0003431102
2089 0.0002873374
2095 0.0002547456
2100 0.0001757899
2138 0.0001099739
2145 0.0000640822
2198 0.0000275343
2271 0.0000222329
2276 0.0000071160
2351 0.0000057254
2352 0.0000047074
2435 0.0000039740
2447 0.0000033973
2466 0.0000028038
2490 0.0000018684
2527 0.0000017224
2536 0.0000012268
2575 0.0000011410
2576 0.0000010775
2587 0.0000010226
2590 0.0000010128
2593 0.0000008752
2611 0.0000007967
2664 0.0000007917
2665 0.0000007841
2674 0.0000007766
2698 0.0000007607
2707 0.0000007558
2731 0.0000007537
2737 0.0000007497
2746 0.0000007473
2748 0.0000007470
2757 0.0000007375
2770 0.0000007373
2788 0.0000007370
2799 0.0000007343
2805 0.0000007335
2840 0.0000007334
2847 0.0000007328
2868 0.0000007321
2896 0.0000007320
2897 0.0000007315
2910 0.0000007312
2938 0.0000007310
2988 0.0000007309
3114 0.0000007309
3120 0.0000007309
3122 0.0000007309
3142 0.0000007309
3146 0.0000007309
3167 0.0000007309
3175 0.0000007309
3197 0.0000007309
3230 0.0000007309
3240 0.0000007309
3245 0.0000007309
3246 0.0000007309
3256 0.0000007309
3266 0.0000007309
3267 0.0000007309
3321 0.0000007309
7939 0.0000006160
7978 0.0000005463
7987 0.0000002045
8200 0.0000000715
8322 0.0000000572
8328 0.0000000425
8351 0.0000000175
8485 0.0000000166
8554 0.0000000109
8591 0.0000000093
8677 0.0000000063
8714 0.0000000053
8760 0.0000000043
8772 0.0000000032
8840 0.0000000024
8892 0.0000000023
8902 0.0000000018
8972 0.0000000018
9011 0.0000000017
9053 0.0000000016
9066 0.0000000016
9099 0.0000000015
9146 0.0000000015
9162 0.0000000014
9195 0.0000000014
9211 0.0000000014
9276 0.0000000014
9294 0.0000000013
9421 0.0000000013
9523 0.0000000013
9580 0.0000000013
9581 0.0000000013
9644 0.0000000012
9683 0.0000000012
9690 0.0000000012
9703 0.0000000012
9715 0.0000000011
9735 0.0000000010
9757 0.0000000009
9781 0.0000000008
9819 0.0000000008
9845 0.0000000007
9881 0.0000000006
9907 0.0000000004
9981 0.0000000004
9986 0.0000000003
9995 0.0000000003
10032 0.0000000003
10034 0.0000000001
10133 0.0000000001
10148 0.0000000001
10156 0.0000000001
10187 0.0000000001
10188 0.0000000001
10194 0.0000000001
10243 0.0000000001
10252 0.0000000001
10257 0.0000000001
10271 0.0000000001
10286 0.0000000000
10309 0.0000000000
10451 0.0000000000
10452 0.0000000000
10513 0.0000000000
10547 0.0000000000
10578 0.0000000000
10652 0.0000000000
10683 0.0000000000
10716 0.0000000000
27331 0.0000000000
27363 0.0000000000
27501 0.0000000000
27525 0.0000000000
50016 0.0000000171
evaluations raw_y
1 1954.4897874498
2 1728.0944143540
7 1410.5709576078
13 1179.5689421057
15 1166.6835241072
18 1136.5089656214
23 993.3078516329
25 958.0199671457
27 733.5759752471
35 720.6949816404
36 714.8226399014
42 673.2334370826
44 540.5171950214
47 485.6185011574
49 481.5309358324
63 464.6720693352
65 415.5911170222
76 381.7672670081
82 305.4726521349
91 288.7225821768
129 241.6231490903
149 211.3874583771
156 151.9134463749
185 110.8815298743
194 104.7652450794
220 69.9286716779
229 65.4553707467
275 53.7410587071
283 42.5754291728
284 41.6855677510
312 41.6516025389
324 40.1249477672
326 35.4313481422
343 29.0850399427
347 18.6711327848
381 15.0966499236
385 11.5530152434
430 10.6797169891
434 7.2947286066
471 5.7946382870
473 2.9797597922
508 2.5517251986
525 1.9354279881
547 1.7174202654
579 1.6855691748
587 1.3188659407
588 0.8919781491
623 0.8587462683
651 0.8110037913
658 0.6987802378
667 0.5926120002
718 0.5907381677
720 0.5799998552
729 0.5477679677
741 0.5349135186
744 0.5247340290
774 0.5110885774
786 0.4401903978
808 0.4349106609
819 0.4053563561
857 0.3748646361
900 0.3475749665
964 0.3408998004
980 0.3380845822
985 0.3250300534
1003 0.3176879581
1025 0.3167980683
1037 0.3152736825
1043 0.3128334447
1060 0.3081807864
1073 0.3065952105
1087 0.3050488206
1091 0.3028875018
1095 0.3014755346
1098 0.3005920091
1107 0.3005281182
1114 0.2989145443
1122 0.2904136874
1132 0.2856504014
1141 0.2814804711
1147 0.2810591957
1152 0.2623435793
1160 0.2495605135
1182 0.2234044517
1199 0.2086287674
1208 0.2023893551
1219 0.1882625634
1231 0.1851576875
1241 0.1441388621
1251 0.1411143058
1253 0.1100950474
1274 0.1024806180
1280 0.0623571108
1291 0.0530293456
1294 0.0500782324
1295 0.0486424015
1297 0.0410294771
1339 0.0284504399
1361 0.0281470925
1380 0.0257263579
1384 0.0220060821
1389 0.0071872519
1396 0.0042891510
1488 0.0038493190
1492 0.0033734222
1497 0.0025303891
1502 0.0023078096
1538 0.0019402529
1547 0.0016833950
1556 0.0015476171
1563 0.0014456609
1570 0.0013279974
1576 0.0011722683
1580 0.0007650682
1586 0.0007564487
1595 0.0003528113
1603 0.0003201592
1625 0.0001458849
1687 0.0000802800
1725 0.0000265021
1817 0.0000197596
1835 0.0000103986
1876 0.0000082893
1886 0.0000041617
1930 0.0000039816
1948 0.0000039710
1969 0.0000038748
1986 0.0000027552
1987 0.0000025519
2050 0.0000020202
2051 0.0000014763
2079 0.0000013145
2092 0.0000011018
2093 0.0000010835
2097 0.0000008543
2144 0.0000006905
2145 0.0000002766
2210 0.0000002333
2248 0.0000001827
2303 0.0000001640
2324 0.0000001622
2340 0.0000001604
2345 0.0000001599
2349 0.0000001580
2365 0.0000001497
2379 0.0000001468
2385 0.0000001449
2413 0.0000001444
2421 0.0000001434
2437 0.0000001426
2439 0.0000001424
2458 0.0000001422
2463 0.0000001420
2472 0.0000001412
2492 0.0000001398
2523 0.0000001396
2524 0.0000001394
2537 0.0000001388
2650 0.0000001388
2658 0.0000001388
2665 0.0000001387
2670 0.0000001387
2698 0.0000001387
2759 0.0000001387
2829 0.0000001387
2859 0.0000001387
2865 0.0000001387
2871 0.0000001387
2923 0.0000001387
2948 0.0000001387
2950 0.0000001387
2971 0.0000001387
2987 0.0000001387
3009 0.0000001387
7616 0.0000001143
7617 0.0000001014
7628 0.0000000908
7636 0.0000000667
7645 0.0000000652
7723 0.0000000627
7735 0.0000000487
7740 0.0000000275
7777 0.0000000231
7809 0.0000000180
7882 0.0000000102
7920 0.0000000083
7936 0.0000000069
8013 0.0000000069
8028 0.0000000053
8031 0.0000000022
8125 0.0000000021
8137 0.0000000020
8145 0.0000000016
8181 0.0000000016
8187 0.0000000013
8205 0.0000000009
8234 0.0000000004
8253 0.0000000003
8308 0.0000000002
8394 0.0000000002
8429 0.0000000001
8548 0.0000000001
8620 0.0000000001
8668 0.0000000001
8679 0.0000000001
8681 0.0000000000
8731 0.0000000000
8774 0.0000000000
8785 0.0000000000
8803 0.0000000000
8815 0.0000000000
8828 0.0000000000
8837 0.0000000000
8852 0.0000000000
8906 0.0000000000
8932 0.0000000000
8935 0.0000000000
8989 0.0000000000
9057 0.0000000000
9195 0.0000000000
9249 0.0000000000
9281 0.0000000000
9288 0.0000000000
9325 0.0000000000
9346 0.0000000000
9374 0.0000000000
9378 0.0000000000
9412 0.0000000000
9455 0.0000000000
9467 0.0000000000
9479 0.0000000000
9720 0.0000000000
10118 0.0000000000
10707 0.0000000000
11025 0.0000000000
11744 0.0000000000
11993 0.0000000000
12337 0.0000000000
12496 0.0000000000
12512 0.0000000000
12604 0.0000000000
12660 0.0000000000
12935 0.0000000000
12993 0.0000000000
13111 0.0000000000
13145 0.0000000000
13159 0.0000000000
13162 0.0000000000
13225 0.0000000000
13256 0.0000000000
13260 0.0000000000
13301 0.0000000000
13317 0.0000000000
13341 0.0000000000
13348 0.0000000000
13373 0.0000000000
13374 0.0000000000
13392 0.0000000000
13393 0.0000000000
13421 0.0000000000
13433 0.0000000000
13435 0.0000000000
13454 0.0000000000
13465 0.0000000000
13473 0.0000000000
25332 0.0000000000
25370 0.0000000000
25421 0.0000000000
25503 0.0000000000
25515 0.0000000000
25668 0.0000000000
25731 0.0000000000
25774 0.0000000000
25890 0.0000000000
25914 0.0000000000
25969 0.0000000000
25986 0.0000000000
26001 0.0000000000
26030 0.0000000000
26218 0.0000000000
26338 0.0000000000
26340 0.0000000000
26432 0.0000000000
26470 0.0000000000
26531 0.0000000000
26614 0.0000000000
26792 0.0000000000
26834 0.0000000000
26862 0.0000000000
26957 0.0000000000
26974 0.0000000000
27139 0.0000000000
50056 0.0000000007
