evaluations raw_y
1 705.2839210863
2 561.9846230172
9 492.0902930673
10 388.4860811449
20 213.0349044037
51 174.3287808685
78 141.6923793623
109 116.3254349474
128 111.5213890575
157 86.0295018378
178 73.7500961496
195 70.4052101487
200 65.9357193636
212 62.5300757930
214 50.1114076831
226 38.9738453149
233 20.7698360428
244 18.4401932448
245 8.4702264855
278 7.9503048518
294 6.5122664161
297 5.6303024109
304 0.5470262042
374 0.3718720430
394 0.2849384540
437 0.0757177361
489 0.0730003383
494 0.0469388670
496 0.0419346302
564 0.0406527838
565 0.0384484435
582 0.0347958466
653 0.0324458424
678 0.0318742604
693 0.0301763504
725 0.0298661951
732 0.0292568164
736 0.0287579750
743 0.0279196238
760 0.0278531093
762 0.0264015848
768 0.0262949417
774 0.0259620275
779 0.0250183680
786 0.0231374997
789 0.0223018743
792 0.0205218696
801 0.0185060698
803 0.0182790119
809 0.0161815287
813 0.0149169184
816 0.0099686539
827 0.0078596605
833 0.0055966340
835 0.0051279146
836 0.0044041203
840 0.0025580579
848 0.0015565093
864 0.0008912137
882 0.0002330802
968 0.0001938058
969 0.0001253714
979 0.0000855541
989 0.0000550460
1011 0.0000318219
1044 0.0000287855
1049 0.0000286735
1051 0.0000261808
1058 0.0000103726
1075 0.0000101369
1081 0.0000056463
1117 0.0000047140
1119 0.0000031070
1131 0.0000030330
1171 0.0000027178
1188 0.0000023094
1204 0.0000022497
1224 0.0000022345
1238 0.0000021799
1266 0.0000021641
1304 0.0000021559
1312 0.0000021539
1315 0.0000021527
1324 0.0000021504
1332 0.0000021501
1342 0.0000021459
1345 0.0000021448
1353 0.0000021369
1361 0.0000021344
1373 0.0000021258
1399 0.0000021198
1410 0.0000021194
1417 0.0000021189
1422 0.0000021099
1430 0.0000020969
1438 0.0000020911
1450 0.0000020835
1454 0.0000020665
1456 0.0000020538
1467 0.0000020087
1471 0.0000020081
1477 0.0000020047
1480 0.0000019943
1484 0.0000019237
1490 0.0000018845
1496 0.0000018581
1501 0.0000018495
1503 0.0000018174
1512 0.0000014917
1514 0.0000014836
1517 0.0000014142
1520 0.0000012724
1529 0.0000012397
1535 0.0000010980
1536 0.0000010618
1544 0.0000009959
1545 0.0000007591
1550 0.0000006581
1555 0.0000003931
1588 0.0000001262
1599 0.0000001159
1626 0.0000000853
1636 0.0000000420
1645 0.0000000214
1681 0.0000000155
1691 0.0000000093
1727 0.0000000090
1729 0.0000000018
1759 0.0000000014
1777 0.0000000011
1801 0.0000000006
1842 0.0000000005
1865 0.0000000005
1879 0.0000000005
1898 0.0000000005
1901 0.0000000004
1927 0.0000000004
1962 0.0000000004
1965 0.0000000004
1972 0.0000000004
1982 0.0000000004
1992 0.0000000004
1999 0.0000000004
2009 0.0000000004
2040 0.0000000004
2044 0.0000000004
2060 0.0000000004
2076 0.0000000004
2090 0.0000000004
2129 0.0000000004
2138 0.0000000004
2144 0.0000000004
2149 0.0000000004
2158 0.0000000004
2165 0.0000000004
2167 0.0000000004
2182 0.0000000004
2184 0.0000000004
2197 0.0000000004
2199 0.0000000004
2206 0.0000000004
2211 0.0000000004
2218 0.0000000004
2221 0.0000000004
2234 0.0000000004
2236 0.0000000004
2241 0.0000000004
2256 0.0000000004
2259 0.0000000004
2263 0.0000000004
2269 0.0000000004
2271 0.0000000003
2273 0.0000000003
2279 0.0000000003
6071 0.0000000002
6101 0.0000000001
6128 0.0000000000
6258 0.0000000000
6279 0.0000000000
6311 0.0000000000
6345 0.0000000000
6362 0.0000000000
6523 0.0000000000
6609 0.0000000000
6613 0.0000000000
6624 0.0000000000
6630 0.0000000000
6633 0.0000000000
6656 0.0000000000
13956 0.0000000000
13989 0.0000000000
14163 0.0000000000
14218 0.0000000000
14242 0.0000000000
14322 0.0000000000
14366 0.0000000000
30044 0.0000000000
evaluations raw_y
1 760.9935742605
2 335.0901477593
4 100.6555801405
47 87.8867931744
51 49.9258778732
68 44.5100966142
81 43.4806586678
82 27.2679042631
85 25.2997673375
111 15.4866635062
140 9.1129967288
157 8.4731491771
176 8.2568375787
177 7.0638696372
191 6.5793357255
232 6.2175037999
237 6.2090356502
267 6.1075973134
268 6.0444250936
275 6.0109950473
290 5.7556334719
296 5.6515740446
300 5.6478377932
330 5.5594686396
368 5.5284835690
388 5.4829524344
394 5.3985157029
409 5.3870872243
413 5.3602749587
416 5.2976786864
426 5.2959877585
427 5.2723305541
428 5.2234283217
429 5.1665235578
435 5.1532054753
444 5.0254395003
451 4.6706440927
463 4.6022639054
475 4.5134437826
481 3.9263331003
484 3.7216321411
495 3.5537618528
497 3.2550937163
500 2.8152962935
505 2.7294066966
508 2.6230857857
515 2.3287786495
518 1.8742705154
524 1.3213090583
529 0.7738923801
530 0.2943514233
569 0.1739286068
598 0.1063806541
611 0.0817036967
623 0.0489670060
636 0.0273702321
671 0.0262110880
675 0.0193192233
676 0.0158331452
691 0.0142674113
695 0.0018388560
757 0.0015224568
782 0.0014618761
793 0.0011859167
806 0.0007714018
841 0.0007509267
854 0.0004658057
861 0.0004147920
876 0.0004012720
890 0.0002751577
916 0.0002740661
922 0.0002726690
933 0.0002568450
936 0.0002305030
940 0.0002119558
946 0.0001813188
959 0.0001805494
961 0.0001702909
964 0.0001668275
980 0.0001457881
1045 0.0001420250
1053 0.0001386402
1056 0.0001355682
1079 0.0001313397
1107 0.0001275195
1114 0.0001247176
1125 0.0001245394
1129 0.0001243196
1135 0.0001170367
1172 0.0001155985
1173 0.0001115654
1179 0.0001104423
1189 0.0001094932
1190 0.0001034020
1193 0.0001008014
1199 0.0000902234
1212 0.0000853313
1215 0.0000839838
1220 0.0000813850
1221 0.0000715980
1229 0.0000656995
1230 0.0000647028
1232 0.0000597292
1246 0.0000582490
1249 0.0000569613
1250 0.0000407140
1253 0.0000311085
1255 0.0000306324
1256 0.0000246201
1263 0.0000167434
1269 0.0000159725
1271 0.0000084073
1314 0.0000059249
1318 0.0000039970
1324 0.0000016341
1389 0.0000015702
1390 0.0000015236
1392 0.0000011627
1398 0.0000010578
1409 0.0000008554
1417 0.0000005068
1448 0.0000001993
1463 0.0000001862
1475 0.0000000947
1507 0.0000000705
1515 0.0000000302
1538 0.0000000049
1635 0.0000000028
1667 0.0000000007
1731 0.0000000004
1752 0.0000000003
1799 0.0000000003
1805 0.0000000003
1814 0.0000000003
1826 0.0000000003
1834 0.0000000003
1842 0.0000000003
1847 0.0000000003
1858 0.0000000003
1875 0.0000000003
1879 0.0000000003
1881 0.0000000003
1900 0.0000000003
1917 0.0000000003
1926 0.0000000003
1927 0.0000000003
1961 0.0000000003
1965 0.0000000003
2035 0.0000000003
2043 0.0000000003
2056 0.0000000003
2062 0.0000000003
2072 0.0000000003
2079 0.0000000003
2088 0.0000000003
2108 0.0000000003
2109 0.0000000003
2110 0.0000000003
2123 0.0000000003
2147 0.0000000003
2161 0.0000000003
2164 0.0000000003
2176 0.0000000003
2178 0.0000000003
2183 0.0000000003
2190 0.0000000003
2193 0.0000000003
2198 0.0000000003
2201 0.0000000003
2208 0.0000000002
2211 0.0000000002
2218 0.0000000002
2223 0.0000000002
2227 0.0000000002
2228 0.0000000002
2232 0.0000000002
5548 0.0000000001
5635 0.0000000001
5638 0.0000000001
5657 0.0000000001
5663 0.0000000000
5717 0.0000000000
5722 0.0000000000
5736 0.0000000000
5740 0.0000000000
5770 0.0000000000
5774 0.0000000000
5845 0.0000000000
5875 0.0000000000
5910 0.0000000000
5998 0.0000000000
6012 0.0000000000
6071 0.0000000000
6083 0.0000000000
6118 0.0000000000
6144 0.0000000000
13263 0.0000000000
28857 0.0000000000
30107 504.1065307920
evaluations raw_y
1 1917.2958978682
2 1911.5779123903
3 1759.4147049545
5 1488.3398961198
12 1286.4663972261
29 1219.8765917055
30 1209.1335694909
37 1180.0525779921
39 1129.4944978922
44 915.9907201856
51 619.6197406643
60 285.3006984841
70 108.1241017584
229 102.5318538860
233 99.0790287759
244 88.5627548155
264 87.3212881878
278 84.0181704149
313 83.5391930178
325 82.7072644364
397 82.6166620111
401 82.5562437747
412 82.5310616537
434 82.4938386002
437 82.4037755509
439 82.3931864098
440 82.3880804478
447 82.3797948594
448 82.3218279617
457 82.3029171503
458 82.1819723054
481 82.1710046761
482 82.1479553359
486 82.1386437574
490 82.1111845892
494 81.8867479387
498 81.8184981579
500 81.7363069445
508 81.5397524980
512 81.1946411429
517 80.7878213846
521 80.6236376404
525 80.5490899813
526 79.7524997109
527 79.3723017524
537 77.1155556388
541 76.5298934159
549 76.4328956801
553 75.4861232905
555 70.5708990771
557 69.1584867756
561 68.2177169847
573 57.7726968627
579 55.8021960017
590 54.5456532570
593 46.2862978878
597 35.6534388637
610 29.5046961434
621 19.8876667871
626 15.0318679000
640 13.4152450984
653 10.1536075690
661 9.9233115847
674 9.1904104659
687 6.2823277480
695 3.9651229879
697 3.7378796210
716 2.8247135402
753 2.8071466747
754 2.0910749842
764 1.6601470949
767 0.9401894462
782 0.6440969118
785 0.3160563469
796 0.1955050320
823 0.0909500227
869 0.0851509018
871 0.0639584049
872 0.0146740542
888 0.0134528473
890 0.0027498221
974 0.0021619800
1016 0.0014081785
1051 0.0012068508
1081 0.0011359064
1120 0.0011357677
1134 0.0010911487
1136 0.0010665750
1148 0.0009917268
1172 0.0009683034
1184 0.0009441009
1210 0.0009211858
1223 0.0008800041
1237 0.0008604688
1245 0.0008395280
1270 0.0008153090
1272 0.0007857160
1276 0.0007503653
1299 0.0007482483
1306 0.0007375718
1310 0.0006876199
1315 0.0006643488
1317 0.0006356507
1326 0.0006290927
1330 0.0005639161
1335 0.0004756142
1346 0.0004500522
1355 0.0003935151
1356 0.0003645062
1371 0.0003570086
1376 0.0001956968
1384 0.0001797511
1393 0.0001368369
1394 0.0001161191
1408 0.0000748743
1410 0.0000739290
1423 0.0000359891
1460 0.0000354778
1463 0.0000242646
1471 0.0000160683
1500 0.0000155943
1502 0.0000066287
1519 0.0000051828
1529 0.0000038877
1534 0.0000021160
1540 0.0000011129
1598 0.0000007062
1608 0.0000004546
1637 0.0000003248
1644 0.0000000747
1726 0.0000000630
1738 0.0000000575
1743 0.0000000511
1746 0.0000000415
1757 0.0000000377
1763 0.0000000297
1783 0.0000000292
1786 0.0000000239
1818 0.0000000210
1834 0.0000000175
1850 0.0000000172
1856 0.0000000166
1859 0.0000000140
1862 0.0000000118
1864 0.0000000102
1882 0.0000000093
1896 0.0000000092
1912 0.0000000079
1923 0.0000000073
1925 0.0000000064
1936 0.0000000052
1938 0.0000000048
1939 0.0000000048
1943 0.0000000029
1988 0.0000000026
1992 0.0000000024
1995 0.0000000023
1996 0.0000000013
2028 0.0000000012
2031 0.0000000011
2042 0.0000000009
2077 0.0000000009
2079 0.0000000008
2084 0.0000000007
2092 0.0000000007
2109 0.0000000006
2156 0.0000000006
2163 0.0000000006
2173 0.0000000006
2177 0.0000000005
2213 0.0000000005
2223 0.0000000005
2230 0.0000000005
2234 0.0000000005
2240 0.0000000005
2244 0.0000000005
2246 0.0000000005
2252 0.0000000005
2253 0.0000000005
2255 0.0000000005
2277 0.0000000005
2284 0.0000000005
2287 0.0000000005
2294 0.0000000004
2305 0.0000000004
2311 0.0000000004
2314 0.0000000003
2327 0.0000000003
2339 0.0000000002
2355 0.0000000002
2363 0.0000000002
2378 0.0000000002
2387 0.0000000002
5943 0.0000000001
5951 0.0000000001
5959 0.0000000001
5973 0.0000000000
6060 0.0000000000
6087 0.0000000000
6095 0.0000000000
6100 0.0000000000
6196 0.0000000000
6215 0.0000000000
6231 0.0000000000
6364 0.0000000000
28724 0.0000000000
30065 262.6594878035
evaluations raw_y
1 2710.5778043978
2 2348.6055322015
3 694.5942686899
13 638.9038786566
15 630.3780304689
16 318.8146955798
34 254.3428532647
37 142.7222079244
68 123.1351331624
78 110.8681797712
97 96.2061629713
99 64.2656739061
110 50.4578834721
113 43.3977370551
125 21.7961732694
133 14.1449234822
172 8.9892877461
200 7.9865289646
217 7.6397988581
223 7.0827337496
225 6.3275714339
238 5.8061450752
248 5.7973825859
251 5.3769015964
256 5.3302087130
278 4.9742704261
314 4.9622942150
317 4.8248591744
333 4.7556954707
352 4.7259229976
355 4.6125573186
363 4.5308133153
369 4.5066322937
376 4.4108856486
479 4.4080252275
490 4.4078477291
500 4.3964821797
519 4.3928187661
536 4.3830330460
540 4.3738610035
570 4.3616793796
578 4.3598805707
579 4.3566214202
580 4.3554359227
582 4.3459121073
584 4.3397954586
590 4.3301022285
596 4.3045500215
604 4.2919024538
614 4.2796143408
615 4.2633018152
617 4.1159760952
627 4.0451004187
633 3.8840014995
641 3.7558907056
643 3.6613467888
644 3.6067875445
649 3.2341459673
656 2.8765677846
659 2.8092826796
663 2.6536512568
665 2.6351866113
666 2.6154537846
667 2.2038237175
671 2.1913465279
676 1.1331827630
680 1.0255098679
692 0.8298860393
696 0.6955707244
711 0.5752699677
721 0.5434863563
726 0.3108605175
757 0.2601839665
758 0.2400617472
761 0.2176172141
766 0.1170891290
773 0.1078863595
787 0.0992776295
794 0.0437712090
821 0.0290859717
841 0.0191511991
845 0.0055801925
891 0.0043218173
894 0.0036910478
896 0.0011436839
944 0.0002929513
1006 0.0000805712
1037 0.0000778279
1048 0.0000453054
1067 0.0000436280
1073 0.0000229799
1101 0.0000129044
1124 0.0000118714
1130 0.0000038192
1142 0.0000037553
1215 0.0000032247
1223 0.0000026796
1234 0.0000024931
1243 0.0000022767
1248 0.0000022337
1251 0.0000020994
1253 0.0000020575
1370 0.0000020283
1405 0.0000020221
1441 0.0000020137
1465 0.0000020091
1478 0.0000020061
1487 0.0000020055
1501 0.0000020048
1504 0.0000020039
1507 0.0000020032
1533 0.0000020028
1538 0.0000020027
1546 0.0000020023
1549 0.0000020008
1705 0.0000020008
1720 0.0000020007
1721 0.0000020007
1736 0.0000020007
1759 0.0000020007
1775 0.0000020007
1828 0.0000020007
1835 0.0000020007
1840 0.0000020007
1847 0.0000020007
1864 0.0000020007
1870 0.0000020007
1882 0.0000020007
1885 0.0000020007
1901 0.0000020007
1905 0.0000020007
1920 0.0000020007
1938 0.0000020007
1941 0.0000020006
1950 0.0000020006
1956 0.0000020006
1967 0.0000020006
1971 0.0000020006
1972 0.0000020006
1975 0.0000020006
1982 0.0000020006
1985 0.0000020006
1994 0.0000020006
1995 0.0000020006
1998 0.0000020006
1999 0.0000020006
2004 0.0000020006
2011 0.0000020006
2020 0.0000020005
2025 0.0000020005
2027 0.0000020005
2031 0.0000020005
2032 0.0000020005
2034 0.0000020004
2040 0.0000020004
2043 0.0000020004
2044 0.0000020004
2045 0.0000020003
2055 0.0000020003
2059 0.0000020001
2067 0.0000020000
2069 0.0000019999
2077 0.0000019999
2081 0.0000019997
2085 0.0000019997
2090 0.0000019993
2092 0.0000019992
2094 0.0000019990
2104 0.0000019989
2107 0.0000019989
2108 0.0000019983
2113 0.0000019980
2115 0.0000019980
2118 0.0000019979
2121 0.0000019969
2122 0.0000019968
2127 0.0000019967
2129 0.0000019963
2135 0.0000019960
2136 0.0000019954
2142 0.0000019952
2148 0.0000019946
2149 0.0000019943
2154 0.0000019925
2160 0.0000019918
2166 0.0000019904
2172 0.0000019865
2176 0.0000019860
2178 0.0000019739
2190 0.0000019691
2192 0.0000019649
2194 0.0000019600
2195 0.0000019515
2199 0.0000019304
2206 0.0000018976
2213 0.0000018832
2215 0.0000018584
2221 0.0000018409
2224 0.0000018308
2225 0.0000018241
2227 0.0000017047
2235 0.0000016035
2242 0.0000015220
2243 0.0000013506
2248 0.0000012807
2249 0.0000012391
2255 0.0000012232
2256 0.0000011439
2259 0.0000010816
2262 0.0000007872
2268 0.0000007484
2271 0.0000007387
2286 0.0000007185
2288 0.0000007058
2291 0.0000006969
2292 0.0000005938
2325 0.0000005673
2335 0.0000005027
2339 0.0000004658
2341 0.0000003913
2349 0.0000002901
2354 0.0000002088
2360 0.0000001846
2365 0.0000001713
2375 0.0000001335
2395 0.0000000930
2420 0.0000000897
2427 0.0000000875
2433 0.0000000768
2435 0.0000000692
2436 0.0000000274
2484 0.0000000137
2508 0.0000000061
2542 0.0000000029
2543 0.0000000011
2609 0.0000000011
2612 0.0000000009
2637 0.0000000009
2638 0.0000000007
2639 0.0000000005
2641 0.0000000005
2646 0.0000000004
2660 0.0000000004
2661 0.0000000002
2676 0.0000000001
2684 0.0000000001
2767 0.0000000001
2769 0.0000000000
2794 0.0000000000
2829 0.0000000000
2849 0.0000000000
2859 0.0000000000
2864 0.0000000000
2886 0.0000000000
2921 0.0000000000
2928 0.0000000000
2933 0.0000000000
13565 0.0000000000
30002 0.0000000000
evaluations raw_y
1 1824.4514148951
2 1296.1951082075
3 1259.1693214710
4 915.8338948648
6 539.2180447501
9 463.3364672260
15 260.5157556556
31 156.0353540951
43 83.2204563899
44 76.9696318879
76 19.8678359111
115 19.3980477075
165 11.9157536358
170 2.7162699045
227 0.7169315342
277 0.4072325431
284 0.3972225603
345 0.3229199744
361 0.2924340973
369 0.2900274831
372 0.2860669717
373 0.2671784718
409 0.2607824213
411 0.2591900065
422 0.2573115359
434 0.2531357345
450 0.2523382520
451 0.2523123950
457 0.2487565788
476 0.2481178920
484 0.2480444169
505 0.2474345456
557 0.2473574843
558 0.2472845355
610 0.2472529577
621 0.2472162299
632 0.2472050187
635 0.2472041441
636 0.2471948660
642 0.2471901496
644 0.2471640303
649 0.2471503384
664 0.2470739202
704 0.2469972842
710 0.2469579296
717 0.2468898447
727 0.2468552031
730 0.2467029276
733 0.2466679478
734 0.2465985490
750 0.2465876960
751 0.2464796767
752 0.2460818604
757 0.2460620145
759 0.2460308393
766 0.2457634278
769 0.2455373534
772 0.2451009509
776 0.2447612005
779 0.2443362700
782 0.2434588968
793 0.2424024365
800 0.2398710377
806 0.2396401976
809 0.2389859089
813 0.2388340864
814 0.2379175858
816 0.2346984445
817 0.2335572020
822 0.2289688662
827 0.2119446997
835 0.2064948566
843 0.2033072164
846 0.1964934619
854 0.1903203588
857 0.1790316846
858 0.1659498826
859 0.1564040488
873 0.1473930547
874 0.1074454834
876 0.0685498032
881 0.0610884124
885 0.0528388480
888 0.0511587125
900 0.0200441179
901 0.0118853838
940 0.0067163347
993 0.0040275449
994 0.0029241414
998 0.0017140514
1037 0.0012096654
1042 0.0010972893
1048 0.0009734064
1049 0.0004326847
1059 0.0003590521
1068 0.0002443222
1096 0.0002121417
1103 0.0001565835
1105 0.0001546076
1123 0.0001037330
1146 0.0000848369
1163 0.0000533650
1175 0.0000513348
1196 0.0000506170
1203 0.0000245374
1242 0.0000153824
1286 0.0000151898
1297 0.0000148399
1300 0.0000148120
1313 0.0000134039
1319 0.0000128131
1339 0.0000123195
1365 0.0000121689
1371 0.0000119211
1376 0.0000118224
1382 0.0000118099
1387 0.0000117598
1425 0.0000117027
1432 0.0000116978
1435 0.0000116553
1634 0.0000116440
1644 0.0000116413
1655 0.0000116390
1663 0.0000116244
1672 0.0000116037
1674 0.0000115992
1675 0.0000115652
1682 0.0000115529
1691 0.0000115515
1692 0.0000114812
1696 0.0000113856
1710 0.0000113456
1713 0.0000113246
1716 0.0000113233
1721 0.0000113094
1722 0.0000112711
1723 0.0000110983
1731 0.0000110280
1740 0.0000109633
1742 0.0000109272
1744 0.0000103123
1751 0.0000100001
1763 0.0000099078
1765 0.0000098350
1768 0.0000098193
1769 0.0000088128
1777 0.0000085031
1778 0.0000082177
1780 0.0000081576
1782 0.0000077325
1786 0.0000076082
1787 0.0000074724
1796 0.0000058490
1800 0.0000053328
1809 0.0000051887
1810 0.0000038650
1816 0.0000024418
1818 0.0000023013
1823 0.0000021989
1829 0.0000017921
1840 0.0000007850
1847 0.0000003767
1900 0.0000003758
1918 0.0000001912
1923 0.0000001833
1930 0.0000001539
1941 0.0000001169
1956 0.0000000888
1961 0.0000000570
1974 0.0000000551
1981 0.0000000146
2009 0.0000000135
2050 0.0000000068
2069 0.0000000058
2074 0.0000000043
2086 0.0000000042
2088 0.0000000021
2104 0.0000000019
2107 0.0000000008
2124 0.0000000002
2194 0.0000000002
2226 0.0000000001
2234 0.0000000001
2242 0.0000000000
2311 0.0000000000
2312 0.0000000000
2350 0.0000000000
2366 0.0000000000
2387 0.0000000000
2390 0.0000000000
2393 0.0000000000
2414 0.0000000000
2421 0.0000000000
2431 0.0000000000
2442 0.0000000000
2444 0.0000000000
2450 0.0000000000
2462 0.0000000000
2491 0.0000000000
2543 0.0000000000
2554 0.0000000000
2571 0.0000000000
2578 0.0000000000
2590 0.0000000000
2608 0.0000000000
2612 0.0000000000
2613 0.0000000000
2632 0.0000000000
2635 0.0000000000
2642 0.0000000000
2652 0.0000000000
2668 0.0000000000
2672 0.0000000000
6298 0.0000000000
6331 0.0000000000
6410 0.0000000000
6453 0.0000000000
6502 0.0000000000
6607 0.0000000000
6653 0.0000000000
6671 0.0000000000
6694 0.0000000000
6809 0.0000000000
30044 0.0000000000
evaluations raw_y
1 1601.2600861501
2 1035.7500351149
3 703.0903731996
8 664.1307807247
13 432.7413498551
15 374.2007022887
43 336.1981294918
50 134.2265981161
67 128.8713786863
70 89.3318310510
89 57.8830271918
98 31.5829193148
101 25.4646348543
114 23.6655616972
130 19.6045347469
145 7.9135918124
157 5.2993983367
170 2.1545986553
198 1.3831645085
249 1.3016765858
273 1.2133419789
276 0.8956298092
311 0.8572850940
345 0.7329253190
368 0.7260264405
397 0.6905689902
407 0.6099234920
426 0.5797898322
434 0.5387336861
450 0.4797650793
459 0.4772438869
466 0.4235349973
508 0.3664297342
515 0.3084966323
521 0.3064612656
529 0.2926628800
533 0.1629828361
547 0.1383503423
559 0.1158022737
573 0.0364321205
607 0.0307208112
614 0.0092208601
670 0.0033833958
701 0.0026393567
739 0.0010384580
781 0.0008507397
797 0.0003548226
800 0.0002517725
824 0.0002195584
827 0.0001983432
853 0.0001732385
867 0.0001478522
886 0.0001446696
910 0.0001327825
917 0.0001088707
960 0.0001020222
962 0.0000964725
1083 0.0000955242
1091 0.0000948840
1095 0.0000937237
1101 0.0000931682
1106 0.0000893678
1124 0.0000874750
1128 0.0000806869
1135 0.0000785710
1143 0.0000762558
1145 0.0000719171
1153 0.0000653881
1163 0.0000516984
1168 0.0000508372
1175 0.0000489845
1176 0.0000238417
1194 0.0000140878
1198 0.0000127505
1202 0.0000061968
1235 0.0000045966
1236 0.0000032533
1237 0.0000015777
1254 0.0000011343
1288 0.0000005816
1315 0.0000004155
1325 0.0000003756
1336 0.0000002806
1342 0.0000002523
1348 0.0000002172
1352 0.0000002056
1356 0.0000001467
1358 0.0000000962
1375 0.0000000872
1386 0.0000000491
1401 0.0000000482
1419 0.0000000457
1429 0.0000000453
1432 0.0000000389
1440 0.0000000357
1445 0.0000000343
1469 0.0000000313
1488 0.0000000275
1499 0.0000000267
1508 0.0000000218
1515 0.0000000209
1525 0.0000000203
1528 0.0000000196
1535 0.0000000162
1559 0.0000000136
1592 0.0000000128
1602 0.0000000120
1618 0.0000000107
1622 0.0000000096
1672 0.0000000095
1695 0.0000000094
1700 0.0000000093
1703 0.0000000093
1709 0.0000000093
1711 0.0000000093
1717 0.0000000092
1723 0.0000000092
1728 0.0000000092
1740 0.0000000091
1745 0.0000000091
1773 0.0000000091
1792 0.0000000091
1800 0.0000000091
1803 0.0000000090
1812 0.0000000090
1823 0.0000000090
1825 0.0000000090
1829 0.0000000089
1831 0.0000000088
1845 0.0000000088
1852 0.0000000087
1858 0.0000000087
1860 0.0000000085
1863 0.0000000084
1866 0.0000000082
1871 0.0000000081
1877 0.0000000081
1881 0.0000000076
1884 0.0000000074
1885 0.0000000071
1897 0.0000000065
1899 0.0000000060
1904 0.0000000059
1907 0.0000000051
1913 0.0000000049
1920 0.0000000033
1924 0.0000000030
1927 0.0000000015
1945 0.0000000014
1948 0.0000000008
1954 0.0000000007
2004 0.0000000006
2006 0.0000000005
2020 0.0000000003
2038 0.0000000003
2052 0.0000000002
2061 0.0000000002
2076 0.0000000001
2082 0.0000000001
2099 0.0000000001
2100 0.0000000001
2117 0.0000000001
2124 0.0000000000
2137 0.0000000000
2154 0.0000000000
2180 0.0000000000
2183 0.0000000000
2215 0.0000000000
2216 0.0000000000
2251 0.0000000000
2273 0.0000000000
2281 0.0000000000
2292 0.0000000000
2297 0.0000000000
2313 0.0000000000
2329 0.0000000000
2334 0.0000000000
2341 0.0000000000
6201 0.0000000000
6205 0.0000000000
12554 0.0000000000
12881 0.0000000000
30093 142.4003163741
evaluations raw_y
1 693.1746475375
7 652.0740724241
9 626.9565886470
16 439.3264024643
19 381.6273356024
28 371.3311435004
32 125.1660000294
56 75.1535008588
68 41.7431399758
87 11.5491735353
133 9.0708563331
181 7.9723201599
195 4.0214500226
222 3.3935507937
227 1.5020504596
248 1.2927467600
262 1.1648080002
271 1.1639620874
276 0.5710260470
313 0.4191210896
333 0.3422479557
348 0.2243616069
397 0.1720254231
495 0.1680508738
509 0.1652005918
535 0.1624014882
549 0.1557244239
554 0.1554714653
557 0.1535813388
559 0.1500110997
573 0.1460461903
587 0.1403746247
590 0.1392919360
614 0.1350459048
621 0.1326843282
625 0.1318969136
633 0.1312076494
635 0.1300076093
638 0.1266728101
653 0.1137257238
659 0.1108025082
666 0.1095092023
683 0.1034730119
685 0.1029289037
686 0.0981936873
688 0.0978742866
693 0.0797175838
702 0.0753095147
710 0.0648833847
729 0.0590853649
736 0.0518497575
742 0.0468077598
743 0.0426014203
746 0.0364579601
752 0.0268977690
763 0.0144937958
769 0.0143512757
801 0.0087778427
809 0.0056515572
828 0.0047629628
835 0.0044724794
839 0.0032891047
854 0.0009502650
892 0.0002359234
903 0.0001558392
977 0.0001084532
993 0.0000850966
995 0.0000737623
1024 0.0000562064
1032 0.0000452566
1036 0.0000436819
1040 0.0000324003
1069 0.0000241164
1098 0.0000180216
1100 0.0000173933
1116 0.0000135499
1161 0.0000082834
1194 0.0000067996
1197 0.0000065363
1202 0.0000037625
1216 0.0000017583
1241 0.0000010780
1271 0.0000010042
1277 0.0000007376
1308 0.0000004217
1316 0.0000003971
1352 0.0000003665
1354 0.0000003095
1360 0.0000002824
1363 0.0000002764
1373 0.0000002577
1382 0.0000002503
1385 0.0000002259
1407 0.0000002047
1409 0.0000001955
1412 0.0000001847
1442 0.0000001781
1446 0.0000001763
1449 0.0000001634
1460 0.0000001263
1488 0.0000001164
1493 0.0000001006
1509 0.0000000763
1526 0.0000000757
1541 0.0000000740
1542 0.0000000641
1550 0.0000000482
1570 0.0000000393
1574 0.0000000310
1577 0.0000000304
1586 0.0000000188
1592 0.0000000151
1624 0.0000000095
1628 0.0000000030
1689 0.0000000018
1711 0.0000000008
1727 0.0000000008
1740 0.0000000005
1772 0.0000000004
1784 0.0000000004
1804 0.0000000004
1821 0.0000000003
1841 0.0000000003
1849 0.0000000002
1856 0.0000000002
1862 0.0000000002
1887 0.0000000002
1897 0.0000000002
1900 0.0000000002
1923 0.0000000002
1928 0.0000000002
1941 0.0000000002
1946 0.0000000002
1947 0.0000000001
1963 0.0000000001
1970 0.0000000001
1977 0.0000000001
1986 0.0000000001
1996 0.0000000001
2006 0.0000000001
2011 0.0000000001
2033 0.0000000001
2035 0.0000000001
2042 0.0000000001
2044 0.0000000001
2046 0.0000000001
2057 0.0000000000
2059 0.0000000000
2072 0.0000000000
2093 0.0000000000
5797 0.0000000000
5857 0.0000000000
5918 0.0000000000
13661 0.0000000000
13860 0.0000000000
13986 0.0000000000
14062 0.0000000000
14100 0.0000000000
14150 0.0000000000
14173 0.0000000000
14186 0.0000000000
14438 0.0000000000
30030 0.0000000000
evaluations raw_y
1 1296.3548326539
2 823.2319516133
3 42.8663829782
43 12.7680115958
128 7.0311948468
165 5.5466983299
166 4.5043143244
188 2.6137158712
190 2.1901083002
253 2.0165893522
254 1.8558949353
271 1.6481660039
288 1.5732553829
319 1.5083310793
330 1.4481995356
339 1.3972590817
359 1.3418666354
367 1.3400884724
370 1.3390948393
378 1.3359612868
386 1.2618556247
401 1.2086999966
411 1.1998308144
418 1.1708717969
430 1.0997299304
445 1.0816818347
451 1.0742246654
459 1.0019650434
465 0.9214477466
475 0.8214854975
478 0.7995715299
481 0.7671543065
485 0.7485616569
491 0.6198804877
503 0.5142173127
513 0.3862004907
520 0.3526076440
526 0.3416820253
529 0.2305786083
530 0.2230373598
535 0.1766323007
562 0.1167215051
570 0.0704388774
590 0.0696484609
596 0.0465307132
605 0.0456442612
609 0.0414688603
614 0.0388431096
623 0.0242015935
627 0.0224635358
687 0.0155848445
709 0.0035625349
734 0.0026664136
791 0.0024562480
821 0.0021515358
825 0.0018350060
830 0.0011513033
845 0.0010031397
857 0.0003103921
883 0.0002992629
920 0.0002264688
927 0.0002062122
954 0.0001278631
975 0.0000632604
1023 0.0000534015
1046 0.0000362667
1109 0.0000323716
1123 0.0000322897
1127 0.0000250709
1151 0.0000216252
1187 0.0000208846
1199 0.0000197340
1202 0.0000190647
1206 0.0000190286
1209 0.0000181113
1212 0.0000152532
1218 0.0000147888
1240 0.0000100767
1269 0.0000076082
1281 0.0000069137
1285 0.0000059568
1290 0.0000050744
1316 0.0000033914
1323 0.0000027011
1360 0.0000022317
1367 0.0000020171
1383 0.0000015936
1387 0.0000009590
1397 0.0000004537
1417 0.0000003876
1490 0.0000003037
1503 0.0000002856
1504 0.0000002188
1519 0.0000002080
1526 0.0000001487
1572 0.0000001280
1577 0.0000001190
1584 0.0000001008
1592 0.0000000535
1605 0.0000000323
1645 0.0000000186
1672 0.0000000062
1686 0.0000000059
1699 0.0000000059
1706 0.0000000024
1720 0.0000000014
1765 0.0000000013
1782 0.0000000001
1836 0.0000000001
1854 0.0000000001
1872 0.0000000000
1964 0.0000000000
2033 0.0000000000
2064 0.0000000000
2106 0.0000000000
2151 0.0000000000
5406 0.0000000000
5445 0.0000000000
5504 0.0000000000
5571 0.0000000000
5594 0.0000000000
5615 0.0000000000
5641 0.0000000000
5647 0.0000000000
5714 0.0000000000
5757 0.0000000000
5779 0.0000000000
5857 0.0000000000
5859 0.0000000000
12287 0.0000000000
30100 184.5174986446
evaluations raw_y
1 294.3046385357
7 99.3709740367
48 95.0076658425
62 79.0642203978
71 33.4138537500
83 9.2278874889
185 5.8536794629
219 4.2330320300
223 2.9534343631
248 0.6930234949
331 0.6201478214
337 0.5677611566
344 0.5438198109
349 0.3160246260
363 0.2050008991
398 0.1686589605
403 0.0241098082
470 0.0192489374
490 0.0191652064
495 0.0150358715
503 0.0114674556
536 0.0067241444
538 0.0063149148
546 0.0023968156
573 0.0021503463
574 0.0020234852
585 0.0019763869
589 0.0015805621
609 0.0009779840
611 0.0005315974
668 0.0005039799
688 0.0003303392
727 0.0003005854
756 0.0002905692
760 0.0002879198
764 0.0002730843
769 0.0002634448
771 0.0002617409
779 0.0002613787
783 0.0002468049
787 0.0002446775
793 0.0002436659
805 0.0002428778
822 0.0002398913
879 0.0002398895
894 0.0002398582
905 0.0002396923
917 0.0002396703
942 0.0002391168
956 0.0002389997
972 0.0002389899
974 0.0002389804
983 0.0002388067
1003 0.0002387965
1009 0.0002386933
1011 0.0002384816
1019 0.0002383808
1039 0.0002383415
1044 0.0002381818
1057 0.0002380531
1065 0.0002377250
1077 0.0002376395
1080 0.0002376040
1081 0.0002375088
1085 0.0002373399
1086 0.0002368743
1093 0.0002365415
1101 0.0002357301
1102 0.0002353391
1109 0.0002346486
1118 0.0002344294
1123 0.0002335197
1128 0.0002288675
1143 0.0002280613
1145 0.0002243358
1147 0.0002226583
1151 0.0002209509
1164 0.0002162018
1166 0.0002144774
1178 0.0002049413
1188 0.0001891135
1192 0.0001817878
1198 0.0001739125
1199 0.0001703661
1200 0.0001687889
1205 0.0001659414
1207 0.0001573351
1208 0.0001259787
1210 0.0001113480
1212 0.0000839278
1222 0.0000661665
1224 0.0000585219
1226 0.0000231503
1233 0.0000101503
1290 0.0000095288
1291 0.0000070213
1298 0.0000053606
1318 0.0000045472
1337 0.0000032638
1339 0.0000014281
1359 0.0000012470
1373 0.0000007515
1382 0.0000005954
1406 0.0000004083
1419 0.0000002083
1468 0.0000001631
1481 0.0000001560
1488 0.0000001335
1498 0.0000000409
1534 0.0000000267
1543 0.0000000192
1586 0.0000000090
1607 0.0000000090
1609 0.0000000069
1610 0.0000000062
1623 0.0000000059
1640 0.0000000058
1647 0.0000000017
1712 0.0000000007
1717 0.0000000005
1771 0.0000000005
1777 0.0000000005
1784 0.0000000003
1831 0.0000000003
1842 0.0000000003
1851 0.0000000003
1913 0.0000000003
1935 0.0000000003
1966 0.0000000002
1984 0.0000000002
2004 0.0000000002
2032 0.0000000002
2046 0.0000000002
2062 0.0000000002
2067 0.0000000002
2073 0.0000000002
2140 0.0000000002
2162 0.0000000002
2170 0.0000000002
2188 0.0000000002
2194 0.0000000002
2204 0.0000000002
2226 0.0000000002
2227 0.0000000002
2236 0.0000000002
2253 0.0000000002
2256 0.0000000002
2265 0.0000000002
2269 0.0000000002
2280 0.0000000002
2283 0.0000000002
2295 0.0000000002
5592 0.0000000001
5594 0.0000000000
5730 0.0000000000
5753 0.0000000000
5755 0.0000000000
5776 0.0000000000
5788 0.0000000000
5817 0.0000000000
5859 0.0000000000
5864 0.0000000000
5878 0.0000000000
5902 0.0000000000
5958 0.0000000000
5982 0.0000000000
6004 0.0000000000
6038 0.0000000000
6064 0.0000000000
6070 0.0000000000
6097 0.0000000000
6129 0.0000000000
6145 0.0000000000
6149 0.0000000000
6152 0.0000000000
6169 0.0000000000
12507 0.0000000000
12517 0.0000000000
12906 0.0000000000
13010 0.0000000000
13112 0.0000000000
13151 0.0000000000
13281 0.0000000000
13287 0.0000000000
30002 408.9741674616
evaluations raw_y
1 1065.5660081313
7 752.9189388679
8 137.6631722518
31 127.7464150037
48 57.2361128033
63 34.0466540730
76 23.1885865666
79 21.0489512951
98 20.6121217823
102 17.7100178983
107 12.4115480674
115 9.2994591079
127 6.4271792929
131 4.7470025204
141 3.7022269291
160 3.0511089922
162 1.3545846530
193 1.0713869968
197 1.0123600496
214 0.7088084394
264 0.6183928944
273 0.6148804981
325 0.5340524222
364 0.5181136030
369 0.5005368449
372 0.4991097254
373 0.4989204895
376 0.4830575862
381 0.4212349972
385 0.3958735188
386 0.3237674140
397 0.2287127413
403 0.2041046871
438 0.1961363073
440 0.1917138190
444 0.1514113970
457 0.0993180152
468 0.0726743914
496 0.0347463054
527 0.0250371385
542 0.0216242673
613 0.0211393974
622 0.0194464214
625 0.0190659896
626 0.0162523544
638 0.0140135990
653 0.0105598560
665 0.0073875647
670 0.0052863076
676 0.0036192408
685 0.0036045430
705 0.0029588642
718 0.0016272989
745 0.0014324814
766 0.0012901549
779 0.0007897081
795 0.0007098681
805 0.0004522052
806 0.0002811306
815 0.0001890908
821 0.0001475270
862 0.0001309262
869 0.0001109722
872 0.0000948267
890 0.0000530902
908 0.0000306785
912 0.0000273740
913 0.0000192047
971 0.0000138572
984 0.0000135578
990 0.0000073350
1011 0.0000054430
1037 0.0000053575
1046 0.0000051459
1051 0.0000050836
1060 0.0000042599
1066 0.0000030810
1162 0.0000030081
1188 0.0000027910
1196 0.0000027004
1213 0.0000025003
1250 0.0000023988
1263 0.0000022590
1269 0.0000021872
1279 0.0000020178
1290 0.0000019036
1291 0.0000018482
1294 0.0000014056
1296 0.0000012284
1301 0.0000011970
1310 0.0000008294
1317 0.0000004625
1342 0.0000003956
1348 0.0000003453
1351 0.0000002704
1369 0.0000000367
1412 0.0000000353
1451 0.0000000346
1452 0.0000000178
1469 0.0000000148
1480 0.0000000076
1492 0.0000000068
1495 0.0000000032
1504 0.0000000030
1535 0.0000000017
1559 0.0000000010
1586 0.0000000009
1597 0.0000000007
1627 0.0000000006
1658 0.0000000005
1666 0.0000000005
1678 0.0000000005
1683 0.0000000004
1696 0.0000000004
1730 0.0000000004
1760 0.0000000004
1778 0.0000000004
1781 0.0000000004
1805 0.0000000004
1806 0.0000000004
1810 0.0000000004
1850 0.0000000004
1857 0.0000000004
1858 0.0000000004
1860 0.0000000004
1878 0.0000000004
1879 0.0000000004
1897 0.0000000004
1920 0.0000000004
1953 0.0000000004
4923 0.0000000003
4973 0.0000000003
4982 0.0000000003
4986 0.0000000002
4988 0.0000000001
4997 0.0000000000
5031 0.0000000000
5108 0.0000000000
5153 0.0000000000
5194 0.0000000000
5196 0.0000000000
5205 0.0000000000
5231 0.0000000000
5259 0.0000000000
5281 0.0000000000
5292 0.0000000000
5309 0.0000000000
5313 0.0000000000
5320 0.0000000000
5337 0.0000000000
5346 0.0000000000
5473 0.0000000000
5519 0.0000000000
13244 0.0000000000
13292 0.0000000000
13595 0.0000000000
30065 577.3104625019
evaluations raw_y
1 1547.3794677317
2 1319.1689137956
3 967.5778007842
9 887.9586289120
10 786.6031185692
15 748.8480106316
19 721.1271679481
22 720.1367835852
23 672.1877834582
24 637.4494183381
33 581.0006235021
39 240.0212300167
48 212.2950027404
53 196.8148484306
56 113.5375720797
59 83.9784477600
81 63.3301643092
87 39.0719756096
93 22.8823129784
108 19.7462345195
158 13.6229093031
183 12.6422552329
217 11.4533337725
223 11.1936066377
231 10.6983026899
241 9.1478175227
263 9.0043992750
272 8.6155615000
277 7.9179856962
289 7.0608694319
298 6.9910435672
320 6.7418885826
326 5.9617460869
341 5.4585869440
342 5.1839796349
354 4.9914224173
370 4.6411839621
371 4.4309093137
372 3.9588768081
389 3.2030126884
390 2.6624159447
400 2.3632612275
406 0.8831134034
422 0.7112341511
427 0.5969169236
436 0.5465489740
443 0.3324294202
457 0.2831683174
463 0.2354241003
468 0.0928694937
489 0.0662324633
493 0.0444741181
501 0.0350948776
533 0.0334037195
542 0.0233965254
544 0.0225142346
548 0.0212041126
556 0.0152729454
558 0.0119740113
578 0.0098111508
586 0.0089443337
592 0.0063191174
619 0.0053859145
627 0.0047964707
631 0.0046841804
632 0.0040470452
667 0.0036390569
670 0.0034344944
718 0.0033411479
781 0.0033266401
791 0.0033118517
817 0.0033027327
829 0.0032979850
840 0.0032830965
849 0.0032818192
863 0.0032746982
897 0.0032626940
904 0.0032608360
906 0.0032200988
916 0.0032184472
920 0.0031727372
926 0.0031123167
940 0.0031120119
941 0.0030573719
947 0.0029844358
953 0.0029199616
955 0.0029023079
964 0.0028199775
966 0.0027939134
967 0.0027381478
980 0.0026742249
982 0.0026210977
991 0.0024139029
996 0.0021477372
1006 0.0021330495
1009 0.0019499800
1020 0.0018324003
1021 0.0016101941
1023 0.0015608968
1024 0.0014031431
1027 0.0010416892
1038 0.0007730792
1039 0.0004620515
1045 0.0004516654
1052 0.0003376325
1056 0.0003250040
1061 0.0001903399
1106 0.0001609720
1107 0.0001419304
1120 0.0001242681
1125 0.0000998158
1130 0.0000952029
1145 0.0000827512
1151 0.0000485680
1183 0.0000168693
1208 0.0000133855
1214 0.0000131354
1222 0.0000096676
1228 0.0000081133
1248 0.0000077886
1259 0.0000065444
1266 0.0000054546
1273 0.0000051309
1275 0.0000043318
1289 0.0000038843
1290 0.0000021923
1299 0.0000015667
1319 0.0000014957
1345 0.0000013640
1365 0.0000011632
1376 0.0000008104
1421 0.0000007007
1442 0.0000006748
1450 0.0000006522
1466 0.0000006143
1470 0.0000005763
1487 0.0000005516
1514 0.0000005312
1528 0.0000005187
1557 0.0000005157
1579 0.0000005100
1583 0.0000005082
1600 0.0000005052
1605 0.0000005005
1617 0.0000004991
1620 0.0000004970
1626 0.0000004946
1627 0.0000004933
1633 0.0000004736
1640 0.0000004578
1646 0.0000004550
1652 0.0000004371
1664 0.0000003939
1677 0.0000003686
1683 0.0000003596
1684 0.0000002367
1691 0.0000002022
1725 0.0000001424
1732 0.0000000300
1792 0.0000000255
1793 0.0000000144
1839 0.0000000105
1840 0.0000000104
1846 0.0000000065
1847 0.0000000042
1858 0.0000000016
1914 0.0000000005
1927 0.0000000004
1933 0.0000000004
1939 0.0000000003
1984 0.0000000003
1992 0.0000000002
2014 0.0000000002
2021 0.0000000002
2025 0.0000000002
2034 0.0000000001
2040 0.0000000001
2043 0.0000000001
2044 0.0000000001
2073 0.0000000001
2090 0.0000000001
2108 0.0000000001
2122 0.0000000001
2127 0.0000000000
2146 0.0000000000
2150 0.0000000000
2195 0.0000000000
2196 0.0000000000
2223 0.0000000000
2234 0.0000000000
2257 0.0000000000
2269 0.0000000000
2288 0.0000000000
2291 0.0000000000
2308 0.0000000000
2313 0.0000000000
2316 0.0000000000
2358 0.0000000000
2362 0.0000000000
2369 0.0000000000
2377 0.0000000000
2395 0.0000000000
2400 0.0000000000
2403 0.0000000000
2413 0.0000000000
2415 0.0000000000
2419 0.0000000000
2437 0.0000000000
2438 0.0000000000
2440 0.0000000000
2441 0.0000000000
2448 0.0000000000
2469 0.0000000000
2479 0.0000000000
5749 0.0000000000
5843 0.0000000000
5948 0.0000000000
5975 0.0000000000
6005 0.0000000000
6013 0.0000000000
6016 0.0000000000
6187 0.0000000000
6196 0.0000000000
6218 0.0000000000
6305 0.0000000000
6306 0.0000000000
6324 0.0000000000
6329 0.0000000000
13477 0.0000000000
13621 0.0000000000
13639 0.0000000000
30051 373.5556742391
evaluations raw_y
1 1533.4345930018
2 956.6772045146
8 875.2263996629
9 807.3857689968
19 794.2721139550
22 628.7443195638
24 504.4293234526
43 500.9711084720
44 308.8032555599
50 282.4897622313
53 197.3810306301
55 100.7059674973
65 77.7569139724
97 71.6758273464
119 48.2126879200
123 20.0907272328
151 18.3358700556
169 16.9587528197
174 15.3552425206
176 12.5038302772
180 4.7852032031
191 4.3438284768
200 3.0775299337
229 2.9969536825
234 2.5807305716
239 1.2425993056
259 0.8682831632
271 0.4731034162
289 0.2641222424
322 0.2428914394
365 0.1858948808
466 0.1848871379
478 0.1843764322
490 0.1834725461
523 0.1834130638
527 0.1833242299
528 0.1829101947
549 0.1828030880
558 0.1823717624
568 0.1819613510
573 0.1819140084
600 0.1817834052
615 0.1816504192
630 0.1815788402
650 0.1814018873
684 0.1813548832
704 0.1813109120
710 0.1813007141
731 0.1812990921
736 0.1812532389
747 0.1812305369
764 0.1811790778
777 0.1811236657
779 0.1810046434
790 0.1809059729
794 0.1808863792
806 0.1804859698
810 0.1804602868
819 0.1802684680
823 0.1799619263
824 0.1794979912
838 0.1788351432
851 0.1778821509
856 0.1764380798
862 0.1739600348
870 0.1709256330
876 0.1707373913
879 0.1696587701
880 0.1688004489
884 0.1685697632
887 0.1666172846
891 0.1656262392
899 0.1570389226
902 0.1544892186
904 0.1482244557
905 0.1453890571
906 0.1453248423
916 0.1292812073
918 0.1093663880
925 0.1021410904
926 0.0762834005
935 0.0702923264
936 0.0542302746
938 0.0536523143
941 0.0526689134
949 0.0159344222
958 0.0128620683
997 0.0112535612
1006 0.0092206531
1008 0.0042992381
1031 0.0020111015
1044 0.0010712955
1056 0.0007041524
1074 0.0006687375
1103 0.0005308112
1121 0.0001669234
1151 0.0000536707
1180 0.0000380339
1205 0.0000353396
1227 0.0000302568
1254 0.0000288020
1255 0.0000178443
1275 0.0000159948
1277 0.0000123366
1353 0.0000120181
1360 0.0000112443
1366 0.0000107721
1367 0.0000099478
1371 0.0000095775
1376 0.0000071570
1378 0.0000069395
1407 0.0000065961
1423 0.0000055689
1435 0.0000045779
1451 0.0000045096
1468 0.0000039523
1505 0.0000037140
1524 0.0000037080
1525 0.0000036299
1529 0.0000035858
1549 0.0000034594
1563 0.0000033745
1582 0.0000033671
1592 0.0000032469
1597 0.0000031766
1614 0.0000031661
1618 0.0000031469
1625 0.0000031467
1635 0.0000031201
1640 0.0000030116
1647 0.0000030000
1660 0.0000029826
1664 0.0000029710
1668 0.0000029636
1675 0.0000029453
1682 0.0000028488
1694 0.0000028466
1697 0.0000028229
1705 0.0000027416
1712 0.0000026591
1714 0.0000025228
1718 0.0000023475
1722 0.0000022273
1729 0.0000017210
1730 0.0000010689
1785 0.0000005502
1798 0.0000004767
1801 0.0000001726
1826 0.0000001468
1844 0.0000001008
1850 0.0000000979
1859 0.0000000752
1864 0.0000000210
1910 0.0000000120
1961 0.0000000076
1975 0.0000000069
1978 0.0000000058
1984 0.0000000023
2184 0.0000000022
2191 0.0000000020
2195 0.0000000018
2204 0.0000000017
2206 0.0000000014
2221 0.0000000011
2223 0.0000000010
2224 0.0000000010
2227 0.0000000006
2248 0.0000000003
2266 0.0000000002
2272 0.0000000002
2281 0.0000000001
2293 0.0000000000
2305 0.0000000000
2346 0.0000000000
2350 0.0000000000
2355 0.0000000000
2372 0.0000000000
2394 0.0000000000
2399 0.0000000000
2447 0.0000000000
2467 0.0000000000
2503 0.0000000000
2541 0.0000000000
29187 0.0000000000
29389 0.0000000000
29676 0.0000000000
30037 1363.9253195464
evaluations raw_y
1 742.1796059433
3 672.7125060956
9 372.6896976611
15 294.3060530767
20 198.3701736510
24 41.4017203912
65 36.4163625931
90 26.0190292109
92 18.4200871103
125 16.1163609774
168 7.3339520374
212 5.9089013412
229 5.4085366330
231 4.4205690575
234 4.0726936601
240 3.9463011202
261 3.4694708073
270 2.6098606028
274 1.9795835762
285 1.8082764133
310 1.6853581172
338 1.4717278132
344 1.2389345544
349 1.2387127429
351 1.1355222068
371 1.1191696385
407 1.0814882297
442 1.0757265222
456 1.0245864104
463 1.0206071874
482 0.9673731283
506 0.9301954963
508 0.9273582569
530 0.9245742977
535 0.9025973117
549 0.9019441034
557 0.8812036225
570 0.8529619795
575 0.8209991567
589 0.7821315082
599 0.7786738591
601 0.7763579270
606 0.7633967967
609 0.7401749148
610 0.7235964184
611 0.7154797674
615 0.6871661506
619 0.5804867161
620 0.5716795879
622 0.5663779179
631 0.4436997977
648 0.2613585935
655 0.0850038779
689 0.0711117352
709 0.0527790033
721 0.0146581766
731 0.0112691243
740 0.0051043819
782 0.0023077428
807 0.0022912960
823 0.0015508538
838 0.0012893590
871 0.0011346406
876 0.0006788395
888 0.0005949649
894 0.0004926489
902 0.0004258066
903 0.0003231029
913 0.0002789546
924 0.0002134268
981 0.0001702968
1002 0.0001668659
1007 0.0001398721
1019 0.0001366468
1021 0.0001342389
1022 0.0001098144
1034 0.0000842246
1080 0.0000672189
1104 0.0000653894
1108 0.0000582126
1127 0.0000379839
1148 0.0000312769
1178 0.0000288754
1186 0.0000128908
1226 0.0000063909
1235 0.0000030724
1252 0.0000012183
1282 0.0000009470
1308 0.0000008198
1309 0.0000004505
1372 0.0000003326
1376 0.0000001488
1444 0.0000000883
1499 0.0000000579
1544 0.0000000545
1547 0.0000000457
1575 0.0000000453
1577 0.0000000352
1585 0.0000000269
1598 0.0000000219
1624 0.0000000079
1626 0.0000000067
1712 0.0000000058
1726 0.0000000053
1735 0.0000000048
1815 0.0000000048
1837 0.0000000047
1841 0.0000000046
1842 0.0000000046
1849 0.0000000045
1851 0.0000000045
1855 0.0000000045
1857 0.0000000043
1873 0.0000000041
1874 0.0000000040
1890 0.0000000039
1892 0.0000000038
1897 0.0000000037
1898 0.0000000036
1899 0.0000000031
1910 0.0000000026
1915 0.0000000025
1916 0.0000000023
1919 0.0000000022
1922 0.0000000018
1928 0.0000000018
1933 0.0000000010
1942 0.0000000006
1951 0.0000000003
1979 0.0000000003
1987 0.0000000001
2001 0.0000000001
2005 0.0000000001
2013 0.0000000001
2023 0.0000000000
2101 0.0000000000
2169 0.0000000000
2177 0.0000000000
2185 0.0000000000
2197 0.0000000000
2243 0.0000000000
2253 0.0000000000
2281 0.0000000000
2282 0.0000000000
12868 0.0000000000
30030 350.3131677747
evaluations raw_y
1 625.3176899349
4 456.6399688217
7 364.2818882841
14 108.0332054097
23 92.7509389228
27 39.2420501670
109 36.9012389542
110 23.5826224372
150 21.4467791852
166 19.4474044045
172 16.8578061611
179 7.8472887045
187 6.7053478148
201 4.2984671394
208 3.1659650242
222 2.9284601947
228 2.1495668831
241 0.6700724786
305 0.0900869586
348 0.0896034062
379 0.0364672775
397 0.0263142911
428 0.0095038037
473 0.0008105496
585 0.0002382820
674 0.0002378080
686 0.0001880402
688 0.0001488845
692 0.0000968120
721 0.0000933195
724 0.0000902704
740 0.0000832546
744 0.0000675399
762 0.0000632950
774 0.0000599521
777 0.0000537243
786 0.0000536937
795 0.0000519859
806 0.0000519038
812 0.0000500202
848 0.0000491762
849 0.0000489134
964 0.0000489010
974 0.0000488752
995 0.0000488693
997 0.0000488538
1037 0.0000488489
1049 0.0000488364
1071 0.0000488316
1096 0.0000488292
1133 0.0000488273
1157 0.0000488268
1164 0.0000488239
1170 0.0000488229
1193 0.0000488214
1227 0.0000488214
1230 0.0000488213
1233 0.0000488206
1249 0.0000488203
1274 0.0000488202
1276 0.0000488201
1279 0.0000488199
1291 0.0000488196
1294 0.0000488196
1298 0.0000488192
1305 0.0000488192
1306 0.0000488191
1310 0.0000488190
1312 0.0000488190
1314 0.0000488183
1321 0.0000488180
1325 0.0000488178
1333 0.0000488170
1340 0.0000488162
1342 0.0000488162
1346 0.0000488157
1347 0.0000488150
1348 0.0000488147
1355 0.0000488088
1362 0.0000488081
1376 0.0000488054
1381 0.0000488047
1385 0.0000487990
1392 0.0000487984
1395 0.0000487945
1396 0.0000487943
1398 0.0000487894
1401 0.0000487875
1404 0.0000487676
1409 0.0000487509
1416 0.0000487496
1418 0.0000487382
1422 0.0000487291
1431 0.0000486982
1438 0.0000486770
1442 0.0000486152
1461 0.0000485149
1465 0.0000485060
1467 0.0000484380
1471 0.0000482151
1480 0.0000481691
1483 0.0000480694
1486 0.0000480577
1488 0.0000479016
1491 0.0000477452
1492 0.0000477280
1498 0.0000474673
1500 0.0000468320
1509 0.0000463360
1513 0.0000460704
1514 0.0000457512
1515 0.0000451353
1521 0.0000441150
1530 0.0000439294
1531 0.0000435827
1534 0.0000406041
1535 0.0000398312
1540 0.0000387355
1541 0.0000381525
1542 0.0000356676
1548 0.0000317749
1557 0.0000309426
1558 0.0000291962
1565 0.0000291641
1566 0.0000284347
1569 0.0000223967
1572 0.0000210929
1573 0.0000202566
1577 0.0000141745
1578 0.0000125021
1589 0.0000102120
1593 0.0000087890
1599 0.0000067074
1605 0.0000027713
1613 0.0000015030
1662 0.0000014312
1663 0.0000005126
1681 0.0000003647
1711 0.0000002315
1718 0.0000001055
1782 0.0000000685
1804 0.0000000563
1809 0.0000000294
1816 0.0000000069
1877 0.0000000063
1902 0.0000000054
1910 0.0000000051
1913 0.0000000046
1939 0.0000000033
1941 0.0000000005
1984 0.0000000004
1989 0.0000000004
1990 0.0000000001
2044 0.0000000000
2090 0.0000000000
2098 0.0000000000
2102 0.0000000000
2108 0.0000000000
2144 0.0000000000
2152 0.0000000000
2160 0.0000000000
2185 0.0000000000
2193 0.0000000000
2200 0.0000000000
2239 0.0000000000
2250 0.0000000000
2276 0.0000000000
2278 0.0000000000
2297 0.0000000000
2330 0.0000000000
2339 0.0000000000
2371 0.0000000000
2390 0.0000000000
2397 0.0000000000
2417 0.0000000000
2449 0.0000000000
2452 0.0000000000
2479 0.0000000000
6419 0.0000000000
6420 0.0000000000
6469 0.0000000000
6535 0.0000000000
30044 0.0000000000
evaluations raw_y
1 948.5496784292
2 639.6053429066
4 536.2278643056
13 434.6005268662
16 212.7244659982
31 100.5416616007
57 91.8483118438
61 48.4590408029
87 28.7444128778
105 5.6886240398
198 5.6181290809
217 5.1395728995
232 5.0452081394
233 4.7110740032
243 4.5197820927
252 4.3777837902
269 4.0722564085
279 3.9265783611
304 3.8692513544
334 3.8266414131
339 3.8037424184
340 3.7689494046
346 3.7485782914
366 3.7171774161
383 3.7126941626
384 3.7003565873
393 3.6948300609
400 3.6714916674
422 3.6596854311
424 3.6587322161
433 3.6544520650
436 3.6443511740
446 3.6378699696
451 3.6224075393
472 3.6049959594
477 3.6049941731
490 3.5842913090
493 3.5787221662
499 3.5542858673
513 3.5536468788
519 3.5523928399
521 3.5483502719
522 3.5457352451
525 3.5328065277
531 3.5211551435
532 3.4924658357
535 3.4879544894
539 3.4585269682
543 3.4570547213
547 3.3928707003
552 3.3380123739
554 3.1136608286
562 3.0992781944
565 3.0622613645
570 2.9435434627
580 2.7405301634
581 2.7159774614
586 2.5518405105
587 2.3234457510
590 1.9401755421
600 1.3953317857
607 1.3240675963
608 1.1013093210
618 0.8993770589
620 0.5917978382
624 0.4235750832
628 0.4067833392
646 0.1814724255
672 0.1665257593
680 0.0913759459
724 0.0851000438
733 0.0803598415
744 0.0705921403
745 0.0346791965
764 0.0158278453
805 0.0074205409
831 0.0055798760
913 0.0043449794
924 0.0023652870
929 0.0021699087
936 0.0020566016
959 0.0017397406
963 0.0013387262
964 0.0003636753
972 0.0002765999
997 0.0001268498
1078 0.0001234738
1126 0.0000976950
1156 0.0000925757
1171 0.0000906963
1177 0.0000825910
1178 0.0000805067
1186 0.0000778383
1190 0.0000714767
1201 0.0000707698
1206 0.0000693186
1209 0.0000677967
1214 0.0000667003
1224 0.0000625665
1233 0.0000587395
1247 0.0000578021
1251 0.0000575998
1254 0.0000550080
1255 0.0000536299
1272 0.0000529667
1275 0.0000492494
1301 0.0000461072
1311 0.0000425750
1327 0.0000328198
1348 0.0000266425
1358 0.0000266088
1360 0.0000244993
1364 0.0000205078
1368 0.0000176213
1371 0.0000076354
1378 0.0000076254
1383 0.0000048843
1413 0.0000046048
1425 0.0000015257
1459 0.0000010582
1487 0.0000005751
1504 0.0000004105
1526 0.0000003176
1546 0.0000002537
1548 0.0000001866
1565 0.0000000663
1631 0.0000000646
1632 0.0000000625
1634 0.0000000546
1646 0.0000000496
1657 0.0000000471
1670 0.0000000366
1677 0.0000000327
1691 0.0000000286
1695 0.0000000285
1698 0.0000000284
1710 0.0000000228
1718 0.0000000186
1720 0.0000000152
1730 0.0000000144
1735 0.0000000143
1747 0.0000000108
1756 0.0000000082
1784 0.0000000066
1813 0.0000000053
1816 0.0000000039
1826 0.0000000031
1845 0.0000000028
1850 0.0000000017
1853 0.0000000010
1915 0.0000000009
1956 0.0000000009
1981 0.0000000009
1985 0.0000000008
1996 0.0000000007
2008 0.0000000007
2017 0.0000000006
2041 0.0000000006
2046 0.0000000005
2063 0.0000000005
2064 0.0000000005
2067 0.0000000004
2086 0.0000000003
2087 0.0000000003
2098 0.0000000003
2107 0.0000000003
2108 0.0000000002
2115 0.0000000001
2117 0.0000000001
2125 0.0000000001
2140 0.0000000000
2207 0.0000000000
2216 0.0000000000
2220 0.0000000000
2221 0.0000000000
2236 0.0000000000
2247 0.0000000000
2271 0.0000000000
12650 0.0000000000
12666 0.0000000000
12697 0.0000000000
12851 0.0000000000
30107 315.2604786488
