evaluations raw_y
1 190.3001235842
2 119.9252712067
12 61.3903787562
22 53.4038860630
32 42.0859875054
34 40.5450440665
43 38.5706075041
58 34.7803820075
69 34.1878909688
88 27.5989344993
122 23.4007906605
133 12.4075869239
189 11.9124362642
209 5.1019611815
287 4.2695890732
290 2.6104968309
389 1.9925592421
397 1.7941506027
426 1.6836019930
428 1.0668153313
438 0.9774836059
446 0.8051450612
454 0.7209197184
470 0.5797008917
473 0.2262647230
598 0.0845045201
752 0.0521211465
828 0.0471246772
880 0.0268027744
972 0.0167011472
987 0.0106833850
1182 0.0082910011
1193 0.0081084454
1220 0.0046109249
1322 0.0040168918
1323 0.0028254693
1326 0.0020009530
1401 0.0019498785
1515 0.0017633711
1533 0.0014825537
1536 0.0011445769
1588 0.0008109993
1659 0.0003210672
1801 0.0003185698
1865 0.0003033205
1887 0.0002884954
1905 0.0002030146
1925 0.0001957420
1944 0.0001536228
2052 0.0001406372
2066 0.0001257409
2110 0.0001107368
2138 0.0000705321
2174 0.0000665483
2178 0.0000314653
2354 0.0000203081
2427 0.0000188647
2442 0.0000144143
2532 0.0000113809
2570 0.0000112842
2589 0.0000103389
2592 0.0000095199
2600 0.0000092360
2654 0.0000040878
2737 0.0000032134
2769 0.0000025146
2879 0.0000024893
2938 0.0000018908
2978 0.0000009559
3114 0.0000008083
3158 0.0000005849
3189 0.0000005395
3275 0.0000003186
3345 0.0000003042
3383 0.0000001977
3440 0.0000001727
3492 0.0000001502
3499 0.0000000770
3538 0.0000000572
3598 0.0000000506
3714 0.0000000458
3728 0.0000000427
3731 0.0000000356
3848 0.0000000308
3850 0.0000000124
3903 0.0000000100
4018 0.0000000080
4028 0.0000000073
4077 0.0000000037
4108 0.0000000034
4227 0.0000000030
4289 0.0000000029
4323 0.0000000015
4412 0.0000000015
4469 0.0000000015
4482 0.0000000010
4557 0.0000000010
4596 0.0000000008
4642 0.0000000007
4670 0.0000000005
4721 0.0000000003
4808 0.0000000002
4846 0.0000000002
4924 0.0000000001
4937 0.0000000001
4938 0.0000000001
4970 0.0000000001
5060 0.0000000000
5160 0.0000000000
5167 0.0000000000
5198 0.0000000000
5280 0.0000000000
5321 0.0000000000
5338 0.0000000000
5340 0.0000000000
5440 0.0000000000
5445 0.0000000000
5501 0.0000000000
5537 0.0000000000
5597 0.0000000000
5609 0.0000000000
5630 0.0000000000
5631 0.0000000000
5658 0.0000000000
5672 0.0000000000
5685 0.0000000000
5692 0.0000000000
5700 0.0000000000
5719 0.0000000000
5738 0.0000000000
5794 0.0000000000
5829 0.0000000000
5833 0.0000000000
5879 0.0000000000
5972 0.0000000000
6024 0.0000000000
6071 0.0000000000
6119 0.0000000000
6125 0.0000000000
6175 0.0000000000
6256 0.0000000000
6278 0.0000000000
6501 0.0000000000
6662 0.0000000000
6938 0.0000000000
evaluations raw_y
1 181.2180288630
2 170.2797441880
9 147.1232853353
19 138.7318398233
27 118.5521924874
29 105.0985376019
44 74.6177589680
62 74.0499400850
65 73.2831507094
66 64.1133865849
75 39.7657813193
78 26.8842557295
106 23.3341560812
114 19.7844227878
216 9.8383627920
221 8.7017660791
229 6.5948372819
252 6.3645637947
269 6.2648871561
280 3.5883162697
293 1.6129608286
400 1.4500589641
403 1.2838791791
438 0.8797889991
454 0.5088648841
471 0.4449791229
490 0.3687136055
505 0.2498338107
576 0.2207039309
598 0.1864197035
607 0.1119840679
729 0.1119755305
745 0.1046111111
752 0.0544123422
829 0.0371946496
908 0.0336404121
987 0.0209171929
1028 0.0163067641
1096 0.0155832186
1140 0.0151692630
1173 0.0123936613
1235 0.0114929101
1252 0.0086318755
1265 0.0082448639
1275 0.0060057442
1323 0.0040150418
1326 0.0035449119
1401 0.0028572118
1467 0.0016224450
1534 0.0015699393
1586 0.0012163652
1635 0.0011858177
1654 0.0010220188
1659 0.0005187893
1912 0.0003833597
1925 0.0002190344
2104 0.0002144737
2110 0.0001664856
2136 0.0001661588
2178 0.0000974194
2284 0.0000901901
2321 0.0000793302
2348 0.0000393279
2520 0.0000371660
2532 0.0000305759
2535 0.0000227491
2566 0.0000155763
2589 0.0000134636
2654 0.0000083422
2697 0.0000060503
2765 0.0000047800
2879 0.0000038864
2991 0.0000031603
3082 0.0000019662
3114 0.0000011395
3144 0.0000008737
3360 0.0000007804
3383 0.0000007100
3425 0.0000005027
3440 0.0000004384
3499 0.0000002473
3538 0.0000001723
3622 0.0000001367
3689 0.0000001021
3714 0.0000000984
3757 0.0000000706
3876 0.0000000486
3912 0.0000000438
3949 0.0000000355
4028 0.0000000333
4063 0.0000000307
4072 0.0000000294
4077 0.0000000176
4207 0.0000000168
4227 0.0000000154
4255 0.0000000123
4304 0.0000000088
4323 0.0000000064
4412 0.0000000052
4487 0.0000000039
4557 0.0000000039
4584 0.0000000036
4592 0.0000000034
4596 0.0000000030
4639 0.0000000028
4642 0.0000000015
4808 0.0000000010
4846 0.0000000008
4881 0.0000000006
4914 0.0000000005
4937 0.0000000002
5060 0.0000000001
5167 0.0000000001
5278 0.0000000001
5280 0.0000000001
5338 0.0000000001
5361 0.0000000001
5406 0.0000000000
5445 0.0000000000
5597 0.0000000000
5607 0.0000000000
5630 0.0000000000
5678 0.0000000000
5710 0.0000000000
5738 0.0000000000
5875 0.0000000000
5922 0.0000000000
5950 0.0000000000
6119 0.0000000000
6175 0.0000000000
6222 0.0000000000
6278 0.0000000000
6306 0.0000000000
6359 0.0000000000
6382 0.0000000000
6440 0.0000000000
6501 0.0000000000
6573 0.0000000000
6576 0.0000000000
6650 0.0000000000
6685 0.0000000000
6756 0.0000000000
6837 0.0000000000
6909 0.0000000000
7036 0.0000000000
7120 0.0000000000
7156 0.0000000000
7637 0.0000000000
evaluations raw_y
1 180.4119254704
2 122.6110449529
16 87.9419447157
26 34.4048873007
83 17.1187028787
106 15.2423824662
140 13.8103734067
201 11.9461867357
209 8.1694231094
245 5.4148534540
252 4.2073260363
280 3.8947023118
290 2.2039814465
330 1.8943598414
334 1.8788371170
348 0.6242999562
438 0.3384103708
454 0.2178177506
505 0.1853536018
594 0.1670388376
598 0.0707945055
829 0.0447402859
845 0.0386859415
908 0.0337924844
944 0.0331581322
987 0.0136161392
1220 0.0099881142
1235 0.0087951018
1252 0.0066282109
1323 0.0064270517
1377 0.0063337713
1379 0.0031626274
1448 0.0024342235
1533 0.0023906067
1547 0.0021522290
1552 0.0019941911
1558 0.0016873667
1573 0.0014706551
1586 0.0013776778
1659 0.0007189890
1801 0.0006573872
1822 0.0006251428
1835 0.0005500926
1843 0.0004262871
1925 0.0003231460
1944 0.0002636548
2013 0.0002295504
2054 0.0001329137
2138 0.0000987261
2184 0.0000948646
2284 0.0000923042
2321 0.0000916470
2324 0.0000727781
2348 0.0000551104
2354 0.0000489141
2427 0.0000482542
2442 0.0000388320
2444 0.0000268542
2535 0.0000187926
2589 0.0000131731
2654 0.0000043410
2765 0.0000026501
2978 0.0000021957
3114 0.0000013197
3218 0.0000012954
3232 0.0000011084
3234 0.0000009488
3270 0.0000006778
3440 0.0000003529
3499 0.0000002020
3619 0.0000001773
3678 0.0000001302
3732 0.0000001196
3850 0.0000000286
4077 0.0000000259
4281 0.0000000208
4323 0.0000000163
4344 0.0000000145
4359 0.0000000086
4487 0.0000000057
4584 0.0000000054
4629 0.0000000054
4642 0.0000000047
4647 0.0000000027
4721 0.0000000021
4770 0.0000000010
4846 0.0000000008
4928 0.0000000007
4937 0.0000000004
5023 0.0000000003
5060 0.0000000003
5111 0.0000000003
5160 0.0000000002
5167 0.0000000002
5248 0.0000000002
5268 0.0000000001
5280 0.0000000001
5296 0.0000000001
5321 0.0000000001
5338 0.0000000001
5363 0.0000000000
5501 0.0000000000
5631 0.0000000000
5673 0.0000000000
5685 0.0000000000
5719 0.0000000000
5842 0.0000000000
5866 0.0000000000
5870 0.0000000000
5875 0.0000000000
5879 0.0000000000
5905 0.0000000000
5950 0.0000000000
6019 0.0000000000
6071 0.0000000000
6103 0.0000000000
6124 0.0000000000
6196 0.0000000000
6209 0.0000000000
6222 0.0000000000
6323 0.0000000000
6411 0.0000000000
6463 0.0000000000
6501 0.0000000000
6572 0.0000000000
6650 0.0000000000
6664 0.0000000000
6756 0.0000000000
6876 0.0000000000
6895 0.0000000000
7120 0.0000000000
7423 0.0000000000
evaluations raw_y
1 150.4000652584
2 43.2500144632
14 40.1928814373
16 36.7077576256
29 26.6330432964
45 24.2693327812
46 22.6167975739
58 20.7026791085
69 11.4531766065
99 10.3943106752
133 9.1501778072
151 9.0405823932
178 8.6904575261
183 8.1284232950
185 6.0205845880
211 5.0197392879
217 3.2257599058
250 2.7450396276
280 2.3336729266
284 2.1905819899
290 0.6743404714
318 0.4928687709
400 0.4110628106
434 0.3558045140
438 0.3476496869
454 0.2014845993
505 0.1770492952
579 0.1184682014
594 0.0886674779
598 0.0476969668
880 0.0463351287
902 0.0413957452
905 0.0402964267
933 0.0336151409
947 0.0321668465
972 0.0294228232
987 0.0167727016
1096 0.0112102391
1182 0.0107369348
1202 0.0099077281
1251 0.0095059559
1252 0.0064300621
1313 0.0054182501
1323 0.0032569548
1326 0.0017602995
1558 0.0011802992
1588 0.0009283702
1817 0.0008795739
1835 0.0007563528
1847 0.0007178172
1873 0.0005004500
1905 0.0003812173
1912 0.0002353400
1944 0.0001745708
2040 0.0001361822
2066 0.0001241897
2138 0.0001178889
2178 0.0000793556
2188 0.0000790971
2204 0.0000775091
2256 0.0000638123
2301 0.0000577289
2321 0.0000243016
2535 0.0000219991
2589 0.0000189695
2646 0.0000169764
2654 0.0000057366
2888 0.0000040293
2938 0.0000027761
2991 0.0000021844
3082 0.0000018560
3114 0.0000011498
3218 0.0000010586
3270 0.0000005243
3312 0.0000005022
3402 0.0000004544
3425 0.0000003537
3487 0.0000003390
3492 0.0000002043
3499 0.0000001301
3538 0.0000001010
3622 0.0000000932
3636 0.0000000678
3728 0.0000000545
3732 0.0000000426
3850 0.0000000243
3912 0.0000000200
3949 0.0000000195
4028 0.0000000115
4106 0.0000000109
4108 0.0000000089
4177 0.0000000080
4255 0.0000000071
4304 0.0000000069
4306 0.0000000060
4322 0.0000000058
4323 0.0000000031
4456 0.0000000031
4460 0.0000000026
4469 0.0000000024
4495 0.0000000011
4629 0.0000000008
4639 0.0000000007
4655 0.0000000006
4670 0.0000000004
4721 0.0000000004
4808 0.0000000003
4846 0.0000000002
4924 0.0000000001
4937 0.0000000001
5023 0.0000000001
5056 0.0000000001
5060 0.0000000001
5188 0.0000000000
5278 0.0000000000
5321 0.0000000000
5338 0.0000000000
5402 0.0000000000
5555 0.0000000000
5574 0.0000000000
5597 0.0000000000
5626 0.0000000000
5631 0.0000000000
5673 0.0000000000
5719 0.0000000000
5742 0.0000000000
5751 0.0000000000
5794 0.0000000000
5875 0.0000000000
5879 0.0000000000
6087 0.0000000000
6105 0.0000000000
6119 0.0000000000
6125 0.0000000000
6175 0.0000000000
6222 0.0000000000
6278 0.0000000000
6384 0.0000000000
6431 0.0000000000
6501 0.0000000000
6547 0.0000000000
6576 0.0000000000
6599 0.0000000000
6650 0.0000000000
6685 0.0000000000
6756 0.0000000000
6909 0.0000000000
7120 0.0000000000
7371 0.0000000000
evaluations raw_y
1 84.9425627146
9 65.3177332404
26 44.2126326847
50 42.6031150851
59 33.7984124588
63 29.7618622085
70 18.6302619552
85 11.7428083799
115 11.1399146738
122 7.3303053730
183 6.7859637813
234 4.7593558187
250 3.6529547557
290 3.1283485828
292 2.6710372530
304 2.1579805586
318 1.5191257440
371 1.3127307318
400 1.2637017657
406 1.1269428676
429 1.0711591900
446 0.5432846078
467 0.4860077169
483 0.3771267394
505 0.3173834129
509 0.2865410715
545 0.2405984345
576 0.1956706621
598 0.0857793822
748 0.0790376157
752 0.0682765502
785 0.0587208388
829 0.0541752369
908 0.0286189321
987 0.0112177219
1220 0.0104774736
1230 0.0096454677
1275 0.0065399747
1323 0.0035730465
1326 0.0029798551
1445 0.0026548507
1515 0.0024437839
1518 0.0024088158
1534 0.0016778769
1580 0.0010652700
1654 0.0009352394
1659 0.0008385006
1772 0.0007170075
1835 0.0004538580
1912 0.0002247994
1944 0.0001726699
2066 0.0000715535
2178 0.0000516965
2223 0.0000506338
2348 0.0000365988
2361 0.0000343125
2372 0.0000323778
2427 0.0000309792
2442 0.0000238383
2519 0.0000216284
2523 0.0000157410
2535 0.0000124389
2589 0.0000070288
2697 0.0000025177
2938 0.0000020778
2978 0.0000014039
3114 0.0000013795
3125 0.0000012946
3158 0.0000012648
3189 0.0000011371
3220 0.0000010328
3236 0.0000008564
3270 0.0000005088
3275 0.0000004600
3373 0.0000003770
3440 0.0000002187
3499 0.0000002012
3520 0.0000001725
3538 0.0000001246
3622 0.0000000564
3850 0.0000000179
4076 0.0000000173
4077 0.0000000094
4226 0.0000000081
4309 0.0000000059
4323 0.0000000027
4456 0.0000000024
4486 0.0000000023
4596 0.0000000021
4611 0.0000000020
4629 0.0000000014
4639 0.0000000012
4642 0.0000000010
4670 0.0000000008
4723 0.0000000006
4798 0.0000000005
4846 0.0000000002
4924 0.0000000002
4970 0.0000000002
5052 0.0000000001
5143 0.0000000001
5167 0.0000000001
5198 0.0000000001
5248 0.0000000001
5274 0.0000000000
5278 0.0000000000
5361 0.0000000000
5363 0.0000000000
5500 0.0000000000
5572 0.0000000000
5599 0.0000000000
5607 0.0000000000
5685 0.0000000000
5742 0.0000000000
5794 0.0000000000
5837 0.0000000000
5879 0.0000000000
5994 0.0000000000
5999 0.0000000000
6043 0.0000000000
6119 0.0000000000
6125 0.0000000000
6175 0.0000000000
6220 0.0000000000
6222 0.0000000000
6260 0.0000000000
6278 0.0000000000
6306 0.0000000000
6338 0.0000000000
6382 0.0000000000
6431 0.0000000000
6440 0.0000000000
6613 0.0000000000
6614 0.0000000000
6685 0.0000000000
6909 0.0000000000
6950 0.0000000000
7036 0.0000000000
7156 0.0000000000
7587 0.0000000000
evaluations raw_y
1 93.1424400614
13 67.7831373034
26 66.7980394642
28 44.0316413215
48 36.8597970271
60 30.1762411598
64 26.0519596672
67 23.8917000445
83 20.6674898437
92 19.1590317802
111 18.2013375702
115 10.5080335371
183 9.2517292159
236 7.6151046344
237 7.2841162825
248 4.1750692156
252 3.1991256887
290 2.5734399542
293 1.9753872651
334 1.1345004720
348 0.8341548046
428 0.8306448490
429 0.6805511503
438 0.6548840877
446 0.3261682499
454 0.2241223784
505 0.1741542956
579 0.1541470460
598 0.0958257157
664 0.0943555315
668 0.0910344176
742 0.0803930122
748 0.0740057222
752 0.0715515813
771 0.0628426405
828 0.0469095651
908 0.0284981149
944 0.0262281053
972 0.0248391305
987 0.0102966388
1140 0.0089762872
1202 0.0082274460
1231 0.0078796801
1236 0.0072738975
1251 0.0070582637
1252 0.0058268521
1275 0.0038074860
1322 0.0035719006
1323 0.0029409193
1326 0.0025772148
1377 0.0019315532
1445 0.0016883935
1515 0.0015052138
1547 0.0012265725
1552 0.0009224295
1588 0.0007189789
1654 0.0007123160
1659 0.0004451158
1768 0.0003545558
1912 0.0002537117
1944 0.0002477365
1974 0.0001065361
2138 0.0000517197
2151 0.0000286017
2427 0.0000221065
2532 0.0000147899
2535 0.0000109874
2589 0.0000079618
2654 0.0000047892
2745 0.0000038423
2938 0.0000020615
3043 0.0000016552
3063 0.0000015518
3114 0.0000010409
3144 0.0000004975
3440 0.0000003453
3499 0.0000002980
3511 0.0000001661
3538 0.0000000849
3687 0.0000000751
3732 0.0000000516
3850 0.0000000469
3876 0.0000000418
3903 0.0000000296
3912 0.0000000267
4018 0.0000000206
4077 0.0000000157
4159 0.0000000138
4189 0.0000000134
4207 0.0000000133
4255 0.0000000129
4265 0.0000000126
4266 0.0000000067
4412 0.0000000060
4456 0.0000000057
4460 0.0000000045
4486 0.0000000035
4495 0.0000000024
4584 0.0000000017
4642 0.0000000011
4670 0.0000000008
4846 0.0000000005
4928 0.0000000004
4937 0.0000000003
4938 0.0000000002
5060 0.0000000002
5167 0.0000000002
5239 0.0000000002
5248 0.0000000001
5278 0.0000000001
5280 0.0000000001
5361 0.0000000001
5406 0.0000000000
5501 0.0000000000
5631 0.0000000000
5685 0.0000000000
5723 0.0000000000
5793 0.0000000000
5794 0.0000000000
5833 0.0000000000
5875 0.0000000000
5918 0.0000000000
5922 0.0000000000
6117 0.0000000000
6124 0.0000000000
6175 0.0000000000
6222 0.0000000000
6400 0.0000000000
6440 0.0000000000
6527 0.0000000000
6540 0.0000000000
6560 0.0000000000
6662 0.0000000000
6705 0.0000000000
6728 0.0000000000
6742 0.0000000000
6756 0.0000000000
6809 0.0000000000
6909 0.0000000000
6950 0.0000000000
7000 0.0000000000
7087 0.0000000000
7120 0.0000000000
7156 0.0000000000
7187 0.0000000000
7231 0.0000000000
7596 0.0000000000
7894 0.0000000000
evaluations raw_y
1 247.7343754120
2 121.5759931354
13 109.8185717435
21 65.5009080082
24 59.5109380751
26 46.3928838131
58 44.6992487497
64 28.1792410431
88 27.1942817568
111 23.2002725424
118 19.4010686216
151 18.3915880056
201 14.0079729751
216 9.6794567882
221 8.9374622833
237 8.7314499450
252 8.2475954957
261 8.0610466246
271 6.7092284374
280 4.5752912143
284 3.4524659381
290 2.4451237850
348 1.8399736849
374 1.6818665582
389 1.4366843882
418 1.3717103898
429 0.9207338458
438 0.6502920185
454 0.4842653658
467 0.3278078151
523 0.2705869836
556 0.2597947007
566 0.1447006820
579 0.1186406888
598 0.0578715863
829 0.0492231554
908 0.0370257744
944 0.0297546013
987 0.0140182568
1126 0.0131214870
1140 0.0116273035
1220 0.0072797396
1252 0.0066039808
1319 0.0064589948
1323 0.0031885287
1326 0.0031322568
1401 0.0028394698
1448 0.0015661082
1573 0.0012140632
1586 0.0010030168
1659 0.0006806484
1801 0.0004825489
1835 0.0004734821
1843 0.0004201120
1865 0.0003505462
1912 0.0003113682
1925 0.0002389497
1944 0.0001990782
2040 0.0001741931
2066 0.0001664856
2109 0.0000683282
2138 0.0000615679
2178 0.0000492970
2361 0.0000428539
2442 0.0000412006
2453 0.0000241033
2532 0.0000128461
2589 0.0000104865
2654 0.0000045592
2765 0.0000037244
2810 0.0000034887
2868 0.0000033983
2888 0.0000023718
2967 0.0000023655
3010 0.0000020773
3082 0.0000017485
3114 0.0000008364
3144 0.0000007919
3270 0.0000006585
3312 0.0000004599
3440 0.0000003188
3487 0.0000003032
3499 0.0000001871
3538 0.0000001149
3622 0.0000000708
3728 0.0000000639
3732 0.0000000583
3735 0.0000000401
3876 0.0000000399
3912 0.0000000251
3949 0.0000000212
4028 0.0000000195
4062 0.0000000158
4076 0.0000000137
4077 0.0000000112
4155 0.0000000105
4171 0.0000000096
4203 0.0000000092
4226 0.0000000061
4266 0.0000000041
4398 0.0000000030
4412 0.0000000023
4499 0.0000000021
4528 0.0000000019
4612 0.0000000018
4621 0.0000000017
4655 0.0000000012
4670 0.0000000010
4721 0.0000000009
4770 0.0000000008
4808 0.0000000005
4846 0.0000000002
4914 0.0000000002
4937 0.0000000001
5060 0.0000000001
5198 0.0000000001
5240 0.0000000001
5248 0.0000000000
5280 0.0000000000
5338 0.0000000000
5501 0.0000000000
5574 0.0000000000
5609 0.0000000000
5631 0.0000000000
5710 0.0000000000
5742 0.0000000000
5753 0.0000000000
5833 0.0000000000
5838 0.0000000000
5904 0.0000000000
5922 0.0000000000
5943 0.0000000000
5950 0.0000000000
6043 0.0000000000
6071 0.0000000000
6119 0.0000000000
6124 0.0000000000
6125 0.0000000000
6220 0.0000000000
6222 0.0000000000
6278 0.0000000000
6440 0.0000000000
6650 0.0000000000
6949 0.0000000000
evaluations raw_y
1 248.4070037773
2 104.1595245586
13 103.4573231814
16 100.0247261539
29 90.7364881370
32 81.6116137357
37 69.6474003983
38 49.7896830725
45 25.4114557227
83 23.6725528913
95 22.7488951260
106 17.0468643662
114 10.3570849347
216 9.8231998016
241 9.3269436501
248 8.0506853097
252 4.9442044143
284 4.7178625601
290 2.8323266421
334 1.3496367943
399 1.3236267552
406 0.9669148995
413 0.8654361832
438 0.6637005506
454 0.5923967583
479 0.4522366100
490 0.3852514868
505 0.3498512014
545 0.2781751510
576 0.2419460638
579 0.1481257066
586 0.1454268151
598 0.0594228684
908 0.0299227975
933 0.0245870712
987 0.0146982916
1173 0.0143958927
1182 0.0122216398
1202 0.0114166403
1204 0.0111487613
1251 0.0063105958
1288 0.0061177735
1322 0.0056436041
1326 0.0053777147
1377 0.0053513011
1379 0.0042889035
1426 0.0039765829
1445 0.0031550405
1448 0.0023062311
1467 0.0020446784
1558 0.0014461754
1588 0.0008950908
1768 0.0007253267
1880 0.0006345420
1905 0.0004952897
1944 0.0003425828
1974 0.0003013475
2040 0.0002007831
2104 0.0001916989
2138 0.0000626939
2427 0.0000420777
2429 0.0000399313
2532 0.0000156006
2589 0.0000126476
2639 0.0000103540
2654 0.0000085832
2668 0.0000085221
2675 0.0000073222
2697 0.0000065822
2704 0.0000062362
2765 0.0000037285
2991 0.0000035879
3001 0.0000034409
3058 0.0000029641
3063 0.0000022065
3114 0.0000016443
3144 0.0000014811
3188 0.0000013921
3209 0.0000013159
3218 0.0000009035
3270 0.0000005585
3275 0.0000003707
3370 0.0000003501
3440 0.0000001838
3499 0.0000001752
3622 0.0000001281
3686 0.0000001181
3732 0.0000000515
3912 0.0000000394
3978 0.0000000359
4018 0.0000000216
4108 0.0000000148
4265 0.0000000124
4266 0.0000000103
4304 0.0000000082
4323 0.0000000031
4596 0.0000000028
4611 0.0000000025
4655 0.0000000017
4670 0.0000000011
4846 0.0000000007
4908 0.0000000007
4914 0.0000000007
4937 0.0000000003
5023 0.0000000003
5056 0.0000000003
5060 0.0000000002
5160 0.0000000001
5278 0.0000000001
5314 0.0000000001
5340 0.0000000001
5363 0.0000000000
5402 0.0000000000
5453 0.0000000000
5511 0.0000000000
5559 0.0000000000
5561 0.0000000000
5562 0.0000000000
5583 0.0000000000
5607 0.0000000000
5609 0.0000000000
5635 0.0000000000
5685 0.0000000000
5719 0.0000000000
5738 0.0000000000
5833 0.0000000000
5863 0.0000000000
5866 0.0000000000
5875 0.0000000000
5878 0.0000000000
5905 0.0000000000
5950 0.0000000000
6161 0.0000000000
6199 0.0000000000
6209 0.0000000000
6222 0.0000000000
6359 0.0000000000
6463 0.0000000000
6536 0.0000000000
6572 0.0000000000
6650 0.0000000000
6664 0.0000000000
6756 0.0000000000
6971 0.0000000000
7311 0.0000000000
evaluations raw_y
1 160.5806662882
2 110.5142935087
6 95.9021006593
9 68.2879548784
11 64.0962467987
20 63.7211868912
28 58.2243146126
29 43.7044635866
45 32.7865694375
69 26.0972259735
90 21.8216157185
111 20.7906364868
115 16.7598452570
118 5.8038088325
252 2.1474946735
330 1.2803665855
334 1.1262890132
438 1.0291653558
445 0.5916427927
461 0.3770218040
505 0.3492588818
566 0.3491725245
598 0.2491743059
607 0.1694703206
620 0.1558331257
638 0.1137585271
795 0.0898678764
902 0.0876165242
908 0.0599298258
944 0.0518043849
987 0.0377538166
1001 0.0324772619
1028 0.0295029083
1096 0.0280331878
1114 0.0272311920
1126 0.0252562713
1173 0.0194184881
1220 0.0143880694
1236 0.0143083087
1252 0.0102405512
1323 0.0055491578
1445 0.0034274615
1515 0.0026907451
1534 0.0024447186
1547 0.0015732660
1552 0.0014249313
1654 0.0013709085
1768 0.0009404446
1865 0.0007021569
1869 0.0006405034
1887 0.0005027522
1974 0.0003573644
2027 0.0003511503
2066 0.0003467466
2104 0.0002717614
2123 0.0002528540
2138 0.0001077724
2348 0.0000615287
2589 0.0000491731
2616 0.0000434806
2654 0.0000186659
2697 0.0000181090
2745 0.0000160953
2772 0.0000150803
2810 0.0000109877
2888 0.0000079216
2938 0.0000076623
3063 0.0000071478
3075 0.0000061055
3114 0.0000053802
3122 0.0000051093
3125 0.0000049405
3144 0.0000032411
3218 0.0000023451
3263 0.0000022151
3270 0.0000015403
3275 0.0000013910
3440 0.0000004847
3499 0.0000004426
3538 0.0000004173
3554 0.0000003208
3728 0.0000002294
3731 0.0000002239
3732 0.0000002207
3735 0.0000001450
3850 0.0000001404
3903 0.0000001180
3912 0.0000000787
4077 0.0000000528
4151 0.0000000517
4159 0.0000000397
4306 0.0000000276
4323 0.0000000160
4452 0.0000000158
4469 0.0000000157
4482 0.0000000122
4486 0.0000000110
4495 0.0000000098
4555 0.0000000061
4556 0.0000000060
4592 0.0000000049
4639 0.0000000042
4655 0.0000000034
4721 0.0000000029
4770 0.0000000019
4846 0.0000000009
4937 0.0000000002
5060 0.0000000002
5198 0.0000000002
5337 0.0000000002
5363 0.0000000001
5501 0.0000000001
5530 0.0000000001
5561 0.0000000001
5607 0.0000000001
5631 0.0000000000
5672 0.0000000000
5685 0.0000000000
5719 0.0000000000
5738 0.0000000000
5794 0.0000000000
5833 0.0000000000
5838 0.0000000000
5866 0.0000000000
5875 0.0000000000
5879 0.0000000000
5994 0.0000000000
6071 0.0000000000
6119 0.0000000000
6124 0.0000000000
6161 0.0000000000
6222 0.0000000000
6278 0.0000000000
6321 0.0000000000
6327 0.0000000000
6440 0.0000000000
6527 0.0000000000
6594 0.0000000000
6622 0.0000000000
6662 0.0000000000
6664 0.0000000000
6667 0.0000000000
6705 0.0000000000
6707 0.0000000000
6756 0.0000000000
6827 0.0000000000
6909 0.0000000000
7156 0.0000000000
7598 0.0000000000
evaluations raw_y
1 149.7926741172
2 55.9448354810
13 42.4850367365
46 32.9512344834
58 29.7311435400
63 29.0164423629
69 25.4688823360
75 24.3788894254
83 21.1057689073
99 5.4270865819
187 4.6830476918
216 3.7406581607
221 1.9201247833
290 1.1245058108
330 0.8179209038
348 0.6865011561
370 0.4580176216
389 0.4018642712
454 0.1742712356
545 0.1632147174
598 0.0776184404
752 0.0642018246
785 0.0498259861
795 0.0455004190
808 0.0418316834
908 0.0155846507
1086 0.0142972701
1094 0.0141221674
1096 0.0136261145
1126 0.0134989640
1142 0.0133850970
1173 0.0069266159
1231 0.0068436546
1251 0.0064724013
1252 0.0053597962
1265 0.0050796782
1275 0.0048416007
1323 0.0034340749
1326 0.0019383061
1448 0.0016767061
1558 0.0013081708
1573 0.0012773275
1580 0.0010823697
1635 0.0009376019
1659 0.0005173881
1759 0.0004821191
1768 0.0004728984
1835 0.0004104999
1843 0.0002335932
1880 0.0002193153
1912 0.0001815074
1974 0.0001471690
2013 0.0000806814
2151 0.0000792300
2178 0.0000526680
2324 0.0000513959
2344 0.0000506641
2348 0.0000180175
2589 0.0000170457
2599 0.0000141165
2606 0.0000116969
2646 0.0000108199
2654 0.0000045649
2765 0.0000041807
2818 0.0000030284
2938 0.0000021993
3063 0.0000020306
3096 0.0000017328
3144 0.0000006797
3270 0.0000006701
3275 0.0000004362
3402 0.0000004126
3440 0.0000002663
3499 0.0000002634
3511 0.0000001820
3678 0.0000001198
3731 0.0000000914
3735 0.0000000488
3850 0.0000000257
4077 0.0000000193
4155 0.0000000143
4255 0.0000000126
4323 0.0000000049
4487 0.0000000025
4642 0.0000000022
4655 0.0000000021
4670 0.0000000011
4808 0.0000000006
4846 0.0000000004
4937 0.0000000003
4970 0.0000000002
5198 0.0000000001
5266 0.0000000001
5278 0.0000000001
5318 0.0000000001
5338 0.0000000001
5363 0.0000000000
5501 0.0000000000
5561 0.0000000000
5599 0.0000000000
5631 0.0000000000
5672 0.0000000000
5673 0.0000000000
5685 0.0000000000
5719 0.0000000000
5738 0.0000000000
5866 0.0000000000
5875 0.0000000000
5922 0.0000000000
5950 0.0000000000
5994 0.0000000000
5999 0.0000000000
6046 0.0000000000
6087 0.0000000000
6088 0.0000000000
6119 0.0000000000
6175 0.0000000000
6222 0.0000000000
6278 0.0000000000
6306 0.0000000000
6384 0.0000000000
6431 0.0000000000
6463 0.0000000000
6517 0.0000000000
6664 0.0000000000
6685 0.0000000000
6756 0.0000000000
6949 0.0000000000
7018 0.0000000000
7120 0.0000000000
7156 0.0000000000
7628 0.0000000000
evaluations raw_y
1 187.3767290055
2 170.2802171339
3 167.0300595523
6 146.7408676009
9 112.5241427804
15 97.5767098195
27 89.1507244218
35 84.8713177497
37 50.9679168258
69 48.3327299406
75 47.1234300341
80 36.1951958012
83 28.1171735362
91 19.7517014691
106 17.5180190731
133 15.0535540449
183 12.8154517773
216 11.2574829684
218 10.6340014864
237 7.2056175066
248 7.1900725479
252 3.6544937507
293 3.5251681858
307 2.6909717799
318 2.6236620122
330 2.1209181903
382 1.7600039588
399 1.7233062210
402 1.3923273702
418 1.3179335524
429 1.0521579199
434 1.0393345008
438 1.0023821008
446 0.5093643710
454 0.2752665932
545 0.2190174854
598 0.1945103755
616 0.1143280721
828 0.0647860009
908 0.0476016650
939 0.0387001853
972 0.0353407862
987 0.0193081772
1150 0.0168799782
1173 0.0150342181
1230 0.0131332384
1236 0.0123553486
1251 0.0112729914
1252 0.0038608418
1384 0.0035564113
1426 0.0033233686
1448 0.0019393675
1515 0.0015651992
1552 0.0014379776
1558 0.0009661441
1635 0.0008912180
1717 0.0004449632
1912 0.0003640466
1925 0.0003472790
1944 0.0002718009
1974 0.0002413372
2013 0.0001901411
2040 0.0001405645
2066 0.0000923446
2151 0.0000841128
2178 0.0000673597
2256 0.0000525469
2284 0.0000498034
2324 0.0000455708
2354 0.0000386464
2453 0.0000260131
2502 0.0000250654
2532 0.0000234380
2535 0.0000197748
2586 0.0000181056
2589 0.0000082469
2654 0.0000067660
2697 0.0000058935
2765 0.0000023819
3063 0.0000022368
3111 0.0000016239
3114 0.0000010702
3268 0.0000008543
3270 0.0000005666
3275 0.0000004678
3365 0.0000004063
3412 0.0000003360
3440 0.0000001555
3511 0.0000001532
3538 0.0000000826
3678 0.0000000420
3850 0.0000000347
4062 0.0000000342
4065 0.0000000195
4108 0.0000000106
4216 0.0000000106
4255 0.0000000099
4304 0.0000000068
4323 0.0000000041
4440 0.0000000038
4482 0.0000000027
4543 0.0000000024
4584 0.0000000021
4613 0.0000000016
4655 0.0000000016
4670 0.0000000011
4798 0.0000000009
4808 0.0000000008
4836 0.0000000008
4846 0.0000000004
4926 0.0000000004
4937 0.0000000001
4970 0.0000000001
5160 0.0000000001
5198 0.0000000001
5248 0.0000000001
5280 0.0000000001
5335 0.0000000001
5338 0.0000000000
5537 0.0000000000
5631 0.0000000000
5635 0.0000000000
5647 0.0000000000
5692 0.0000000000
5738 0.0000000000
5922 0.0000000000
5943 0.0000000000
5999 0.0000000000
6043 0.0000000000
6161 0.0000000000
6222 0.0000000000
6323 0.0000000000
6411 0.0000000000
6685 0.0000000000
7138 0.0000000000
evaluations raw_y
1 149.8945759059
2 120.0236908059
6 115.5225489920
7 92.7010773007
21 53.2179007391
35 52.0785320483
50 36.5701649241
57 24.3648806456
80 15.5955263629
122 14.3092252393
133 9.7063591340
216 8.6354942002
252 7.5580351903
261 7.0575345161
271 6.9659058917
280 5.9169553831
290 2.3446501610
369 1.7649527826
389 1.2101588827
438 1.0440539244
454 0.6938706416
490 0.5347136856
505 0.4729351610
536 0.4327580941
576 0.3857019350
598 0.1386101156
748 0.1062863736
761 0.1047205168
763 0.1016692031
785 0.0924475249
829 0.0691467666
908 0.0607507718
972 0.0537799014
987 0.0226122165
1220 0.0093686642
1323 0.0071533189
1326 0.0059499642
1534 0.0059088773
1536 0.0050998104
1573 0.0048985929
1580 0.0035686497
1588 0.0030956891
1654 0.0019152791
1659 0.0013910978
1822 0.0009427761
1850 0.0009115775
1912 0.0008337343
1944 0.0005201827
1974 0.0005145843
2040 0.0004930849
2066 0.0003827589
2138 0.0003452418
2145 0.0003200236
2151 0.0001861776
2178 0.0000936086
2348 0.0000731562
2427 0.0000651912
2532 0.0000588048
2535 0.0000450933
2589 0.0000312523
2654 0.0000181514
2697 0.0000179838
2745 0.0000142362
2765 0.0000127072
2810 0.0000124065
2981 0.0000123728
2991 0.0000099547
3063 0.0000089543
3067 0.0000088522
3075 0.0000071474
3114 0.0000062719
3144 0.0000032724
3270 0.0000014327
3425 0.0000013559
3440 0.0000011057
3499 0.0000005405
3538 0.0000002118
3735 0.0000001842
3850 0.0000000886
3988 0.0000000879
4018 0.0000000779
4077 0.0000000523
4108 0.0000000422
4155 0.0000000405
4181 0.0000000395
4227 0.0000000331
4281 0.0000000323
4321 0.0000000320
4323 0.0000000128
4456 0.0000000109
4487 0.0000000101
4495 0.0000000085
4556 0.0000000080
4557 0.0000000072
4592 0.0000000072
4611 0.0000000068
4642 0.0000000063
4655 0.0000000046
4751 0.0000000041
4806 0.0000000032
4846 0.0000000017
4877 0.0000000016
4914 0.0000000009
4937 0.0000000008
4970 0.0000000008
5000 0.0000000008
5056 0.0000000006
5060 0.0000000003
5172 0.0000000003
5278 0.0000000002
5338 0.0000000001
5572 0.0000000001
5583 0.0000000001
5672 0.0000000000
5692 0.0000000000
5738 0.0000000000
5829 0.0000000000
5878 0.0000000000
5950 0.0000000000
6043 0.0000000000
6125 0.0000000000
6161 0.0000000000
6175 0.0000000000
6209 0.0000000000
6222 0.0000000000
6223 0.0000000000
6256 0.0000000000
6278 0.0000000000
6307 0.0000000000
6323 0.0000000000
6384 0.0000000000
6463 0.0000000000
6517 0.0000000000
6527 0.0000000000
6599 0.0000000000
6650 0.0000000000
6685 0.0000000000
6705 0.0000000000
6728 0.0000000000
6742 0.0000000000
6808 0.0000000000
6895 0.0000000000
6909 0.0000000000
7003 0.0000000000
7028 0.0000000000
7036 0.0000000000
7042 0.0000000000
7120 0.0000000000
7156 0.0000000000
7281 0.0000000000
7616 0.0000000000
7880 0.0000000000
evaluations raw_y
1 179.4220265569
2 121.9812121624
6 94.3581026643
23 87.6981487041
26 69.8497962283
29 65.8791815042
38 50.2983588447
45 47.1833975624
49 46.2354939405
51 30.6428585016
63 29.0458758737
75 26.8778590449
83 25.9198184222
99 24.2788240630
106 17.5583130798
129 7.8056513408
276 5.7251938664
281 5.5577608892
290 4.6450439695
293 2.8919351245
334 2.6159377387
348 1.8603011621
374 1.1386910141
418 1.0292675448
429 0.8320157821
438 0.8220655964
446 0.6822369603
454 0.5092539698
467 0.4925293325
490 0.4823124578
505 0.2110277916
598 0.1093265636
748 0.0861881814
794 0.0694143397
829 0.0567159357
908 0.0208155846
987 0.0188844861
1028 0.0179342742
1096 0.0161851513
1134 0.0140745993
1202 0.0130253047
1236 0.0098594676
1252 0.0090291897
1284 0.0088512160
1288 0.0064056584
1322 0.0054476928
1326 0.0041561326
1384 0.0039116183
1426 0.0031056780
1445 0.0021780584
1448 0.0015496944
1558 0.0010468301
1659 0.0005202657
1912 0.0005120131
1974 0.0002830226
2104 0.0002163115
2110 0.0002095453
2123 0.0002058613
2138 0.0001300329
2178 0.0001102152
2223 0.0000836728
2348 0.0000205596
2535 0.0000175949
2639 0.0000159591
2654 0.0000055121
2772 0.0000052948
2810 0.0000049287
2938 0.0000048830
2967 0.0000043797
2978 0.0000025312
3075 0.0000023121
3114 0.0000013891
3209 0.0000012644
3218 0.0000008972
3270 0.0000005180
3383 0.0000005157
3440 0.0000003488
3492 0.0000002641
3499 0.0000002465
3573 0.0000001899
3622 0.0000001189
3705 0.0000000826
3732 0.0000000490
3949 0.0000000467
4007 0.0000000454
4023 0.0000000415
4028 0.0000000337
4063 0.0000000267
4106 0.0000000251
4108 0.0000000210
4155 0.0000000207
4207 0.0000000197
4216 0.0000000176
4227 0.0000000159
4281 0.0000000155
4289 0.0000000115
4323 0.0000000047
4548 0.0000000032
4557 0.0000000023
4639 0.0000000019
4655 0.0000000017
4670 0.0000000008
4808 0.0000000007
4846 0.0000000006
4909 0.0000000006
4914 0.0000000003
4924 0.0000000003
4937 0.0000000002
5060 0.0000000001
5268 0.0000000001
5280 0.0000000001
5363 0.0000000000
5406 0.0000000000
5445 0.0000000000
5537 0.0000000000
5672 0.0000000000
5685 0.0000000000
5719 0.0000000000
5794 0.0000000000
5833 0.0000000000
5838 0.0000000000
5875 0.0000000000
5879 0.0000000000
5905 0.0000000000
5950 0.0000000000
5961 0.0000000000
5994 0.0000000000
6003 0.0000000000
6043 0.0000000000
6124 0.0000000000
6220 0.0000000000
6222 0.0000000000
6278 0.0000000000
6384 0.0000000000
6411 0.0000000000
6440 0.0000000000
6517 0.0000000000
6650 0.0000000000
6664 0.0000000000
6705 0.0000000000
6756 0.0000000000
6957 0.0000000000
7156 0.0000000000
7594 0.0000000000
evaluations raw_y
1 171.1983360336
2 107.3063722082
15 106.9630628052
21 92.3979673254
24 87.8593070920
26 79.4660634256
27 64.4082581170
38 47.5685115649
44 44.3512179016
46 42.9859513894
47 22.9331287734
83 9.9689176011
216 7.0531069987
221 5.3282922575
266 4.4925056480
271 4.3399676011
280 3.7412730079
290 2.8135637459
318 0.8352006168
445 0.7702423310
463 0.7131224416
467 0.7044439646
479 0.4054860694
505 0.2153603370
594 0.0802051930
880 0.0689240064
908 0.0504332275
940 0.0472726691
944 0.0427052290
987 0.0319362707
1073 0.0312562280
1096 0.0284392011
1126 0.0191526795
1173 0.0119889990
1220 0.0087651035
1323 0.0067119333
1326 0.0052621223
1384 0.0032494912
1448 0.0026006759
1467 0.0021651548
1552 0.0016780985
1558 0.0016604451
1588 0.0016402881
1630 0.0014276693
1654 0.0009138300
1659 0.0007170258
1768 0.0005951254
1944 0.0003201049
2066 0.0002128709
2178 0.0001274836
2348 0.0000674892
2427 0.0000529888
2532 0.0000266181
2589 0.0000095698
2765 0.0000078091
2836 0.0000077793
2879 0.0000067057
2978 0.0000063891
2991 0.0000054293
3082 0.0000042004
3144 0.0000020189
3178 0.0000017121
3277 0.0000013364
3412 0.0000012968
3440 0.0000008705
3487 0.0000005812
3499 0.0000004072
3622 0.0000002881
3732 0.0000002358
3735 0.0000001962
3850 0.0000001254
3876 0.0000001234
3888 0.0000001063
3912 0.0000001026
4077 0.0000000594
4106 0.0000000526
4155 0.0000000313
4177 0.0000000297
4304 0.0000000265
4323 0.0000000077
4596 0.0000000077
4642 0.0000000044
4655 0.0000000035
4670 0.0000000029
4770 0.0000000026
4819 0.0000000020
4836 0.0000000018
4846 0.0000000009
4937 0.0000000005
5060 0.0000000004
5160 0.0000000004
5167 0.0000000003
5248 0.0000000003
5278 0.0000000002
5296 0.0000000002
5338 0.0000000001
5530 0.0000000001
5561 0.0000000001
5631 0.0000000001
5673 0.0000000000
5738 0.0000000000
5743 0.0000000000
5763 0.0000000000
5833 0.0000000000
5842 0.0000000000
5866 0.0000000000
5875 0.0000000000
5905 0.0000000000
6024 0.0000000000
6071 0.0000000000
6105 0.0000000000
6119 0.0000000000
6222 0.0000000000
6278 0.0000000000
6321 0.0000000000
6323 0.0000000000
6327 0.0000000000
6466 0.0000000000
6536 0.0000000000
6597 0.0000000000
6629 0.0000000000
6644 0.0000000000
6650 0.0000000000
6664 0.0000000000
6727 0.0000000000
6756 0.0000000000
6808 0.0000000000
6809 0.0000000000
6881 0.0000000000
6895 0.0000000000
7087 0.0000000000
7120 0.0000000000
7156 0.0000000000
7281 0.0000000000
7346 0.0000000000
7574 0.0000000000
7619 0.0000000000
7634 0.0000000000
7653 0.0000000000
7845 0.0000000000
8273 0.0000000000
8765 0.0000000000
evaluations raw_y
1 159.1382475031
12 132.8045366219
16 128.4074541960
29 117.7961830717
37 68.1016296014
51 44.4265860360
64 42.8495195342
70 39.0215953168
83 32.1029489968
85 23.2220042408
106 20.0460596844
114 18.0406763871
201 9.6670346511
261 5.9543547327
286 5.4110651219
297 4.6137235213
318 1.9903858232
389 1.2048210963
446 1.1795148060
454 0.9434325109
463 0.9211648084
467 0.3313448044
490 0.3073943789
505 0.2934110877
576 0.2476532369
598 0.1866569162
626 0.1736354910
655 0.1581344424
670 0.1233479332
706 0.0446155522
987 0.0214284806
1140 0.0166946647
1230 0.0148064310
1231 0.0144235091
1235 0.0103244004
1252 0.0080340435
1322 0.0076962760
1323 0.0071498463
1326 0.0056274586
1401 0.0045756365
1443 0.0045630881
1445 0.0037717304
1467 0.0029167461
1558 0.0024622950
1588 0.0022253992
1654 0.0021291470
1659 0.0008261303
1835 0.0007840458
1887 0.0006061651
1944 0.0004444010
2066 0.0002470804
2138 0.0002358226
2178 0.0001689049
2223 0.0001501454
2284 0.0001452699
2321 0.0001314461
2347 0.0001226958
2348 0.0000559140
2519 0.0000506514
2532 0.0000355900
2535 0.0000245129
2589 0.0000192305
2654 0.0000169691
2697 0.0000126030
2737 0.0000088532
2818 0.0000073716
2824 0.0000071687
2868 0.0000068210
2888 0.0000049708
2991 0.0000032946
3082 0.0000030789
3114 0.0000017372
3125 0.0000013676
3270 0.0000008146
3438 0.0000006978
3440 0.0000006382
3442 0.0000005811
3492 0.0000003939
3499 0.0000003729
3538 0.0000002883
3622 0.0000002745
3636 0.0000002535
3678 0.0000001856
3686 0.0000001846
3728 0.0000001255
3735 0.0000000594
4072 0.0000000525
4077 0.0000000239
4155 0.0000000202
4256 0.0000000201
4289 0.0000000168
4321 0.0000000149
4323 0.0000000087
4412 0.0000000057
4495 0.0000000054
4555 0.0000000052
4556 0.0000000036
4592 0.0000000026
4655 0.0000000016
4808 0.0000000015
4846 0.0000000005
4937 0.0000000003
5060 0.0000000002
5246 0.0000000001
5278 0.0000000001
5361 0.0000000001
5363 0.0000000001
5488 0.0000000001
5501 0.0000000001
5511 0.0000000001
5530 0.0000000000
5553 0.0000000000
5631 0.0000000000
5672 0.0000000000
5738 0.0000000000
5742 0.0000000000
5928 0.0000000000
5958 0.0000000000
5961 0.0000000000
6003 0.0000000000
6019 0.0000000000
6043 0.0000000000
6175 0.0000000000
6222 0.0000000000
6323 0.0000000000
6384 0.0000000000
6440 0.0000000000
6565 0.0000000000
6572 0.0000000000
6650 0.0000000000
6664 0.0000000000
6705 0.0000000000
6809 0.0000000000
6840 0.0000000000
6909 0.0000000000
7102 0.0000000000
7504 0.0000000000
