evaluations raw_y
1 59.0286291940
7 42.1610047793
18 32.0689882564
145 21.6830380652
182 5.1022309367
1481 6.6375198043
1543 4.1076771310
1800 2.8940048253
1891 3.0023578565
2164 2.7828833655
2177 2.4862371620
2215 2.3290817485
2216 1.4339058823
2326 1.4789581081
2408 0.9303073412
2481 0.9644331064
2829 0.7676944572
2910 0.4788116237
2996 0.5354832250
3027 0.5515262749
3051 0.3713693744
3204 0.3014515714
3560 0.2798766105
3689 0.3572385719
3724 0.3875537887
3821 0.2714327444
3860 0.3087657505
3945 0.2763300840
3986 0.3637989974
4059 0.2376675118
4132 0.2632047434
4151 0.2447059414
4166 0.2508496783
4187 0.2563988667
4192 0.2581296115
4267 0.1378278958
4398 0.1452910409
4636 0.1655518858
4807 0.1069013997
4845 0.1239264444
5008 0.0943801480
5040 0.1122387233
5043 0.0898051766
5411 0.1156757062
5534 0.1102054149
6122 0.1071975128
6187 0.0644563408
6333 0.0834418361
6839 0.0715848775
6840 0.0639502027
6854 0.0647032810
6942 0.0559273105
7007 0.0542875706
7311 0.0461336248
7641 0.0504088032
7824 0.0436841395
8121 0.0398325892
8536 0.0381743967
8554 0.0372903234
8594 0.0383170621
8720 0.0376547256
8877 0.0375183773
9018 0.0357689121
9089 0.0356753528
9282 0.0358322111
9366 0.0362133809
9413 0.0353305821
9492 0.0354475376
9637 0.0351868888
9744 0.0349584934
9762 0.0350200651
9970 0.0348902126
10013 0.0345460737
10045 0.0344917408
10066 0.0344613231
10144 0.0340488477
10244 0.0339352169
10288 0.0335995454
10307 0.0333667716
10322 0.0332122267
10526 0.0333064398
10615 0.0333524787
10679 0.0328966824
10917 0.0328394839
11055 0.0326630476
11110 0.0326709827
11151 0.0326444451
11195 0.0326616168
11217 0.0325996956
11404 0.0325329190
11470 0.0324988129
11512 0.0323972212
11599 0.0323851951
11619 0.0323527769
11690 0.0322698607
11766 0.0322766633
11814 0.0322754528
11857 0.0322398816
11880 0.0322456864
11929 0.0322280942
11931 0.0321071017
11939 0.0320783276
12060 0.0320678062
12130 0.0320294083
12152 0.0320304403
12260 0.0319948316
12404 0.0319883326
12466 0.0319901600
12532 0.0319829061
12613 0.0319815453
12628 0.0319821162
12633 0.0319757311
12673 0.0319699128
12683 0.0319663544
12743 0.0319664327
12776 0.0319696308
12857 0.0319679340
12909 0.0319629008
13002 0.0319620392
13145 0.0319622538
13260 0.0319619939
13359 0.0319621184
13387 0.0319618325
13396 0.0319623303
13399 0.0319620838
13423 0.0319617474
13500 0.0319615932
13573 0.0319616627
13589 0.0319618730
13625 0.0319615159
13628 0.0319612067
13666 0.0319614500
13768 0.0319616156
13816 0.0319613539
14053 0.0319613153
14087 0.0319613146
14094 0.0319614095
14142 0.0319613207
14162 0.0319615027
14224 0.0319613841
14236 0.0319613153
14247 0.0319613789
14270 0.0319613476
14338 0.0319613841
14354 0.0319613340
14362 0.0319614050
14429 0.0319613109
14452 0.0319613219
14516 0.0319613259
14525 0.0319613423
14597 0.0319613491
14810 0.0319613462
14832 0.0319613444
14868 0.0319613374
14901 0.0319613339
14916 0.0319613476
14982 0.0319613307
15002 0.0319613392
15004 0.0319613515
15082 0.0319613468
15151 0.0319613442
15160 0.0319613456
15197 0.0319613395
15198 0.0319613410
15359 0.0319613411
15425 0.0319613441
15573 0.0319613458
15713 0.0319613455
15774 0.0319613462
15834 0.0319613441
15837 0.0319613445
15907 0.0319613452
15940 0.0319613445
16001 0.0319613452
16023 0.0319613456
16155 0.0319613453
16163 0.0319613447
16164 0.0319613451
16168 0.0319613448
16356 0.0319613450
16375 0.0319613453
16512 0.0319613454
16637 0.0319613453
17041 0.0319613451
evaluations raw_y
1 29.8854154154
66 19.9911952983
111 20.7219846903
610 19.5212367754
679 17.9300924205
709 15.6283251921
730 14.3810812107
752 13.8617025197
758 8.8622973602
924 9.8343138998
965 9.6123729699
1065 4.7588238300
1088 4.4847127896
1136 3.2925801684
1150 4.0195306184
1203 3.2978100092
1205 1.4528689539
1450 1.3169433327
1452 0.8290603532
1605 0.7753127152
1979 0.3282830720
2003 0.3474371098
2070 0.4434834916
2139 0.2462572031
2178 0.2834818039
2260 0.3501663579
2266 0.3433597610
2699 0.2674197423
2772 0.2042127527
2841 0.3025962671
3122 0.2079493672
3132 0.1701811839
3163 0.1564503416
3270 0.0939108363
3397 0.1097488252
3761 0.1779864165
3983 0.1208918970
4052 0.1261771304
4082 0.1050035171
4513 0.0873141812
4522 0.0713732566
4660 0.0829945363
4872 0.0878290625
4887 0.0769043738
5036 0.0729905333
5650 0.0605808736
5656 0.0583480317
5755 0.0569954581
6200 0.0554306081
6207 0.0514969373
6283 0.0504956405
6580 0.0437167733
6852 0.0431544949
7034 0.0451966373
7196 0.0459215570
7212 0.0448625442
7251 0.0436084358
7340 0.0441738487
7387 0.0429730330
7404 0.0422417225
7522 0.0422037445
7541 0.0409566799
7797 0.0407213417
7868 0.0401533223
7992 0.0401571993
8107 0.0393975133
8239 0.0389454081
8314 0.0391902563
8367 0.0387593472
8530 0.0387338585
8572 0.0385811755
8656 0.0385539252
8821 0.0382972811
8834 0.0381840160
9017 0.0380525469
9077 0.0379327881
9161 0.0380142722
9172 0.0378862520
9210 0.0378716254
9229 0.0378491083
9260 0.0377211725
9429 0.0376685480
9432 0.0376474348
9582 0.0376298682
9583 0.0376204158
9591 0.0376022748
9607 0.0375896664
9618 0.0375853916
9736 0.0375761969
9817 0.0375655112
9838 0.0375633893
9934 0.0375523392
10100 0.0375443144
10310 0.0375413583
10418 0.0375419876
10424 0.0375404776
10598 0.0375416288
10624 0.0375408025
10634 0.0375408110
10663 0.0375398596
10728 0.0375402709
10889 0.0375396926
10920 0.0375399302
10950 0.0375399292
11025 0.0375403998
11086 0.0375395448
11117 0.0375402971
11119 0.0375399581
11218 0.0375400862
11234 0.0375399968
11325 0.0375399487
11465 0.0375397913
11589 0.0375399113
11623 0.0375397699
11686 0.0375397809
11698 0.0375397804
11751 0.0375398826
11858 0.0375398545
11863 0.0375398695
11899 0.0375399028
11967 0.0375398830
12088 0.0375398311
12096 0.0375398689
12140 0.0375398846
12141 0.0375398579
12145 0.0375398702
12291 0.0375398653
12329 0.0375398806
12335 0.0375398604
12360 0.0375398684
12370 0.0375398920
12537 0.0375398802
12567 0.0375398662
12682 0.0375398740
12885 0.0375398745
13003 0.0375398722
13021 0.0375398695
13115 0.0375398732
13134 0.0375398710
13177 0.0375398743
13532 0.0375398729
13576 0.0375398717
13671 0.0375398712
13795 0.0375398720
13872 0.0375398727
13947 0.0375398724
14368 0.0375398722
15000 0.0375398724
evaluations raw_y
1 47.7659063027
24 30.2689189720
172 17.0198339194
265 21.1263843235
594 13.6319559264
1117 15.2657350022
1212 15.1260970435
1219 15.4452026565
1263 13.8624775344
1404 8.4251734840
1472 7.6068624843
1620 7.5184557819
1641 6.5684704871
1659 5.3278577301
1744 3.1097669982
1976 2.8333317929
2164 3.1831174667
2251 1.4768342662
2770 1.3584124973
2837 1.0898729658
2981 0.9547889035
3064 0.8382830596
3118 0.8287208404
3125 0.8203492576
3256 0.7279553204
3297 0.7721429128
3418 0.6867557202
3456 0.7019412945
3496 0.7066177279
3589 0.6049798871
3671 0.4942926384
4190 0.4732560572
4284 0.4902230565
4311 0.4902129595
4395 0.3889529724
4479 0.4773476253
4509 0.3919230870
4513 0.3878017229
4639 0.3358622483
4681 0.3672680261
4686 0.3399189833
4710 0.3177407007
4764 0.3405126133
4775 0.2812361191
4995 0.2687988667
5011 0.2292059233
5154 0.2345785042
5206 0.2200296195
5245 0.1997205265
5740 0.2357181189
5759 0.2141678980
6019 0.1958054366
6134 0.1924726862
6218 0.1870462398
6243 0.1642278496
6402 0.1745128070
6620 0.1593508381
6683 0.1518548686
6692 0.1477868599
6774 0.1439442262
6949 0.1422376381
7210 0.1395241939
7279 0.1404806511
7375 0.1372290444
7411 0.1372038060
7454 0.1365777489
7527 0.1358331506
7581 0.1331756342
7628 0.1313446502
7660 0.1302384842
8034 0.1299581092
8085 0.1301659124
8114 0.1283403157
8168 0.1276243484
8261 0.1257754456
8462 0.1249640170
8474 0.1240530303
8809 0.1241070846
8879 0.1239336281
8904 0.1235904295
8920 0.1233123724
8932 0.1232082829
8949 0.1231907415
8988 0.1231689208
9030 0.1231265732
9105 0.1230525991
9131 0.1228920147
9251 0.1227376562
9253 0.1225270712
9366 0.1225024262
9386 0.1222071061
9389 0.1220411274
9455 0.1220006370
9464 0.1219699742
9613 0.1219113423
9668 0.1217894176
9690 0.1217334140
9769 0.1216280587
9853 0.1214837138
9932 0.1214398551
9997 0.1214305543
10037 0.1214126442
10039 0.1213993904
10171 0.1213794970
10196 0.1213773620
10297 0.1213695362
10303 0.1213608347
10340 0.1213533509
10345 0.1213488403
10348 0.1213255723
10445 0.1213261668
10509 0.1213235861
10554 0.1213217189
10582 0.1213227874
10656 0.1213156229
10765 0.1213139641
10902 0.1213112073
10981 0.1213117890
10997 0.1213101883
11049 0.1213093409
11120 0.1213088925
11203 0.1213084810
11210 0.1213079838
11354 0.1213087697
11364 0.1213081964
11452 0.1213084395
11485 0.1213079628
11519 0.1213078589
11618 0.1213081986
11642 0.1213078588
11999 0.1213079405
12136 0.1213079512
12219 0.1213079010
12232 0.1213079324
12236 0.1213079425
12327 0.1213079615
12352 0.1213079369
12417 0.1213079254
12489 0.1213079643
12623 0.1213079573
12654 0.1213079310
12755 0.1213079403
12824 0.1213079350
12874 0.1213079392
12940 0.1213079335
12995 0.1213079353
13038 0.1213079410
13041 0.1213079344
13160 0.1213079332
13168 0.1213079360
13191 0.1213079386
13200 0.1213079258
13288 0.1213079363
13289 0.1213079323
13297 0.1213079320
13389 0.1213079326
13416 0.1213079359
13508 0.1213079353
13509 0.1213079335
13519 0.1213079327
13558 0.1213079356
13571 0.1213079338
13664 0.1213079327
13705 0.1213079336
13811 0.1213079339
14039 0.1213079326
14052 0.1213079339
14066 0.1213079322
14142 0.1213079333
14181 0.1213079329
14213 0.1213079324
14246 0.1213079330
14318 0.1213079327
14421 0.1213079329
14608 0.1213079331
14630 0.1213079331
14716 0.1213079329
14777 0.1213079330
14876 0.1213079329
14924 0.1213079330
14970 0.1213079330
15077 0.1213079330
15166 0.1213079329
15619 0.1213079329
16350 0.1213079330
evaluations raw_y
1 107.1141677582
2 77.8311257448
4 78.7277471135
11 58.8758314257
14 52.3421536454
15 36.2002598247
24 32.8098533236
44 24.3723030580
74 15.3835601923
289 17.8929271238
544 15.0944196807
1000 15.2184106338
1179 11.7312536854
1193 11.6579101061
1209 10.8519607266
1342 10.1053612213
1465 8.9963176473
1526 6.8144567294
1599 6.5374147917
1783 5.7670021221
1784 5.7516975886
1807 4.8766982436
1905 4.5101530201
1962 4.1090653084
2191 3.8275349754
2198 3.7896657884
2307 3.2768751629
2405 2.9250157666
2433 2.8644257808
2697 2.3018496393
2764 2.2743781601
3150 2.2192509491
3252 2.1246067011
3374 1.8317618216
3444 1.6283054211
3881 1.4877688190
3930 1.4561610358
3981 1.2446653437
4031 1.1275218634
4048 1.1164914614
4100 1.0762050421
4236 0.7385572476
4821 0.7290913173
4825 0.7026615239
4921 0.6489423857
4968 0.5627561702
5118 0.5312203447
5206 0.5124723109
5292 0.5050933844
5311 0.4734227110
5530 0.4559937645
5563 0.4547816632
5597 0.4499335505
5657 0.4445853829
5664 0.4167153780
5726 0.4135718966
5739 0.4108082559
5819 0.4042075232
5879 0.3942244119
5968 0.3822312722
6113 0.3661988357
6266 0.3643152057
6294 0.3553413530
6576 0.3518197670
6627 0.3486643676
6668 0.3482999761
6680 0.3408371957
6786 0.3317166289
7026 0.3258512420
7038 0.3218333557
7088 0.3201600979
7273 0.3111699619
7466 0.3091370844
7531 0.3066859781
7658 0.3066673901
7663 0.3052002260
7760 0.3031516584
7790 0.3029814142
7923 0.3024174341
7949 0.2988428363
8114 0.2973377695
8228 0.2971529393
8369 0.2961398984
8435 0.2955624757
8554 0.2953231255
8560 0.2949437316
8584 0.2948511728
8615 0.2948322297
8620 0.2945644107
8643 0.2936823269
8695 0.2932211853
8866 0.2928344092
8978 0.2926731178
9074 0.2924266879
9136 0.2923298896
9143 0.2923286342
9213 0.2920617655
9290 0.2916923173
9326 0.2915462787
9336 0.2915315169
9461 0.2914992358
9473 0.2913372555
9660 0.2912823737
9715 0.2912729484
9874 0.2912582903
9894 0.2912378125
9920 0.2912203323
9944 0.2912079727
9980 0.2912080777
9983 0.2912075243
10007 0.2911891591
10031 0.2911814313
10052 0.2911727616
10161 0.2911677715
10169 0.2911581738
10301 0.2911551349
10384 0.2911543173
10399 0.2911524617
10400 0.2911505671
10437 0.2911494496
10538 0.2911475903
10566 0.2911466727
10737 0.2911462537
10821 0.2911452758
10822 0.2911449124
10953 0.2911443930
11111 0.2911443853
11212 0.2911442217
11281 0.2911442098
11381 0.2911441973
11404 0.2911441665
11448 0.2911441620
11485 0.2911441490
11533 0.2911441459
11536 0.2911441363
11617 0.2911441302
11633 0.2911441146
11814 0.2911441137
11817 0.2911441093
11866 0.2911441074
11996 0.2911441074
11997 0.2911441054
12018 0.2911441055
12052 0.2911441041
12095 0.2911441032
12258 0.2911441038
12259 0.2911441037
12270 0.2911441030
12331 0.2911441019
12343 0.2911441021
12397 0.2911441018
12423 0.2911441017
12569 0.2911441015
12716 0.2911441017
12754 0.2911441017
12788 0.2911441017
12831 0.2911441015
12839 0.2911441014
12892 0.2911441015
12926 0.2911441014
13145 0.2911441014
13331 0.2911441014
13367 0.2911441014
13504 0.2911441015
13507 0.2911441014
13567 0.2911441014
13673 0.2911441014
13822 0.2911441014
13948 0.2911441014
14033 0.2911441014
14103 0.2911441014
14485 0.2911441014
15057 0.2911441014
evaluations raw_y
1 43.2029023058
6 33.2389772476
50 35.5697737761
133 21.6620515463
293 20.2020177902
492 14.7564242918
1143 13.4024714290
1194 10.8767192417
1213 10.9234062324
1220 10.6944121670
1240 9.4443608636
1274 6.5407370661
1298 4.4906765378
1441 3.9630499988
1546 2.7124558267
1868 1.7633498889
2096 1.2764744167
2223 1.2765475446
2269 1.0583894324
2396 0.9283543073
2471 0.9521834955
2503 0.7368356096
2509 0.7269003651
2616 0.5140556557
2633 0.5725062031
2742 0.4929390086
2863 0.4779472289
2943 0.3918107624
3192 0.3610771057
3256 0.3194199196
3644 0.3010867965
3835 0.2756196558
3867 0.2797082299
3898 0.2451919107
3983 0.2372522777
4272 0.2143509080
4410 0.2062731021
4455 0.1951244192
4783 0.1819151681
4883 0.1559986368
4941 0.1557450869
5059 0.1523076645
5245 0.1576716060
5381 0.1459619781
5392 0.1405027814
5408 0.1367730653
5520 0.1354039741
5597 0.1347506371
5625 0.1320726947
5921 0.1254253918
5972 0.1212952552
5975 0.1220407834
6314 0.1129788992
6560 0.1119348038
6845 0.1103919922
6879 0.1097369687
6951 0.1068499715
7011 0.1075792626
7065 0.1071273023
7088 0.1021198648
7172 0.1033061887
7206 0.1008481977
7225 0.1020687521
7252 0.1018895541
7259 0.0981871884
7417 0.0970007236
7564 0.0965043208
7657 0.0969383953
7690 0.0954077718
7728 0.0932859370
7775 0.0927974408
8018 0.0912769966
8121 0.0908988525
8192 0.0900002830
8274 0.0896472626
8398 0.0895498077
8609 0.0894268082
8709 0.0893347463
8711 0.0893100971
8729 0.0891454957
8764 0.0890772539
8788 0.0889594559
8796 0.0885041555
8879 0.0885137366
8954 0.0881208915
9001 0.0876336895
9109 0.0875547061
9238 0.0873266111
9250 0.0872780367
9318 0.0870572820
9367 0.0868048201
9614 0.0867130873
9615 0.0867177841
9620 0.0865916629
9707 0.0865315531
9712 0.0865171513
9729 0.0864863120
9833 0.0864557630
9916 0.0864285534
9951 0.0864225113
9966 0.0863797464
9979 0.0863680627
10060 0.0863541809
10073 0.0863381545
10074 0.0863380987
10087 0.0863301425
10108 0.0862986033
10280 0.0863012679
10304 0.0862958543
10330 0.0862858994
10409 0.0862837012
10451 0.0862813569
10455 0.0862773967
10564 0.0862763094
10589 0.0862773862
10594 0.0862770186
10651 0.0862749256
10667 0.0862764048
10683 0.0862750267
10726 0.0862738509
10829 0.0862724181
11015 0.0862718448
11069 0.0862726352
11075 0.0862715682
11188 0.0862715293
11314 0.0862713092
11330 0.0862711938
11349 0.0862713329
11425 0.0862712140
11431 0.0862713520
11449 0.0862713359
11472 0.0862714116
11549 0.0862713433
11554 0.0862713172
11673 0.0862712670
11734 0.0862712495
11735 0.0862713484
11747 0.0862712813
11855 0.0862712477
11913 0.0862713477
11921 0.0862712746
11926 0.0862712300
11969 0.0862712602
11998 0.0862712649
12038 0.0862712898
12081 0.0862713065
12092 0.0862712775
12097 0.0862713122
12111 0.0862712866
12123 0.0862712858
12129 0.0862712892
12163 0.0862712583
12180 0.0862712869
12286 0.0862712847
12313 0.0862712489
12386 0.0862712743
12402 0.0862712969
12409 0.0862712736
12461 0.0862712870
12520 0.0862712727
12626 0.0862712700
12706 0.0862712727
12742 0.0862712737
12745 0.0862712763
12763 0.0862712784
12820 0.0862712736
12848 0.0862712742
12858 0.0862712737
12885 0.0862712757
12919 0.0862712774
12994 0.0862712776
13097 0.0862712728
13135 0.0862712754
13139 0.0862712759
13210 0.0862712771
13247 0.0862712751
13350 0.0862712754
13398 0.0862712741
13417 0.0862712759
13429 0.0862712747
13468 0.0862712756
13494 0.0862712761
13497 0.0862712743
13524 0.0862712744
13591 0.0862712743
13598 0.0862712743
13628 0.0862712756
13655 0.0862712745
13889 0.0862712757
13949 0.0862712752
13976 0.0862712749
13995 0.0862712752
14011 0.0862712749
14095 0.0862712753
14098 0.0862712751
14188 0.0862712751
14332 0.0862712750
14400 0.0862712752
14475 0.0862712751
14542 0.0862712751
15016 0.0862712751
15060 0.0862712751
evaluations raw_y
1 140.3365136082
2 76.7522221493
6 71.5744755055
7 60.5507196566
9 60.0028842566
13 54.4054046037
16 52.3090773285
18 44.0042949861
83 36.3162805882
118 32.4822527198
157 29.2719301750
503 19.8151754087
961 16.5849076259
1124 10.3333921385
1198 10.0540230370
1239 5.9994889036
1578 4.7940479336
1600 5.4123373761
1745 3.5856899831
1796 3.5220648954
2022 1.7080540079
2302 1.4572338419
2352 1.2079587609
2353 1.0141515734
2580 1.1812029389
2662 0.4885501736
2759 0.6697519320
2940 0.3960611341
2991 0.5151523415
3036 0.4680584767
3104 0.4041770734
3161 0.3025968629
3311 0.4510396683
3374 0.3885961142
3435 0.3116409037
3520 0.2677582504
3639 0.2870238876
3694 0.3281212199
3742 0.3370508519
4130 0.2919465538
4166 0.2955467280
4405 0.2788584500
4577 0.2255790329
4689 0.2272819886
4724 0.1827450874
4739 0.1601439823
5067 0.1647696081
5231 0.1430952933
5363 0.1282845532
5575 0.1188826732
5715 0.1351097269
5743 0.1180068083
5940 0.1322471428
6125 0.1077392874
6214 0.1208649788
6241 0.1082148913
6257 0.1160319872
6329 0.1007474102
6615 0.1055100062
6642 0.0991711806
6679 0.0973068270
6795 0.0946007474
6805 0.0981818996
7080 0.0952088980
7088 0.0934836619
7148 0.0941605380
7178 0.0918102649
7251 0.0941489616
7394 0.0897790409
7472 0.0868324097
7554 0.0861154476
7570 0.0868948400
7636 0.0863934412
7700 0.0851274630
7814 0.0837869264
7827 0.0829581032
7896 0.0821338551
7969 0.0823544401
8019 0.0814779836
8035 0.0809859570
8139 0.0808668024
8146 0.0805456412
8249 0.0802511291
8410 0.0798963180
8423 0.0802507978
8461 0.0797057630
8463 0.0793463895
8595 0.0788047082
8662 0.0786369675
8667 0.0784893905
8823 0.0781422948
8844 0.0780486430
8927 0.0777546522
9022 0.0776040245
9029 0.0775090217
9090 0.0772010635
9187 0.0770249856
9299 0.0769590458
9351 0.0769438465
9353 0.0766712387
9528 0.0766143149
9573 0.0766029252
9604 0.0765665022
9626 0.0765748940
9628 0.0764151024
9717 0.0764106165
9841 0.0763155518
9902 0.0763054185
9962 0.0762424840
10077 0.0762244272
10082 0.0761872519
10187 0.0761924093
10197 0.0761652804
10250 0.0761746776
10274 0.0761671306
10304 0.0761658999
10354 0.0761546259
10414 0.0761471909
10500 0.0761534503
10514 0.0761505815
10536 0.0761492804
10544 0.0761429400
10649 0.0761395724
10662 0.0761399255
10677 0.0761409674
10692 0.0761394186
10736 0.0761409087
10827 0.0761400025
10834 0.0761383815
10922 0.0761362392
10943 0.0761373837
10997 0.0761362637
11051 0.0761358511
11271 0.0761360562
11475 0.0761365497
11528 0.0761364940
11554 0.0761362747
11726 0.0761365003
11749 0.0761364992
11789 0.0761363384
11844 0.0761362058
11897 0.0761362937
11969 0.0761362603
12097 0.0761363081
12120 0.0761362602
12170 0.0761363168
12362 0.0761362699
12404 0.0761362729
12571 0.0761362954
12590 0.0761362644
12613 0.0761362917
12739 0.0761362759
12741 0.0761362717
12808 0.0761362813
12845 0.0761362853
12976 0.0761362831
13127 0.0761362849
13129 0.0761362873
13243 0.0761362846
13274 0.0761362804
13308 0.0761362843
13355 0.0761362823
13381 0.0761362832
13415 0.0761362843
13462 0.0761362822
13608 0.0761362843
13694 0.0761362833
13724 0.0761362837
13753 0.0761362838
13769 0.0761362830
13859 0.0761362839
13869 0.0761362840
13940 0.0761362832
13960 0.0761362833
14029 0.0761362835
14090 0.0761362836
14224 0.0761362840
14247 0.0761362836
14298 0.0761362835
14361 0.0761362836
14489 0.0761362834
14561 0.0761362835
14626 0.0761362834
14806 0.0761362834
14965 0.0761362836
15038 0.0761362835
16293 0.0761362835
evaluations raw_y
1 48.4360635800
17 38.9656628690
28 32.9659477080
38 24.7305936404
631 21.6507476551
823 16.4407580801
897 14.5100641379
920 13.5436665228
941 8.4308724349
1041 8.1196479295
1052 7.7468328923
1055 7.3868130588
1101 4.4762322072
1103 4.2145719344
1342 0.6587064527
1914 1.3057771840
2017 1.2031040240
2072 0.8855297921
2250 0.7888501027
2293 0.6539018384
2584 0.6121152825
2795 0.2891446626
3345 0.2512461586
3492 0.1791552600
3670 0.1909425415
3858 0.1463174402
4079 0.1451470255
4126 0.1375979996
4248 0.1423861187
4309 0.1213541747
4355 0.1136965128
4570 0.0994622876
4797 0.1112867095
4974 0.0950995170
5005 0.0870093926
5216 0.0786318528
5436 0.0730069009
5595 0.0703916823
5639 0.0657311496
5866 0.0616622683
5978 0.0560276905
6087 0.0590405175
6150 0.0562175122
6181 0.0531845564
6307 0.0498825949
6891 0.0503586979
6902 0.0467281886
6964 0.0467347337
6995 0.0465894877
7052 0.0457851124
7060 0.0477115256
7100 0.0456871531
7108 0.0440351559
7196 0.0446941251
7203 0.0439299850
7239 0.0453372289
7265 0.0430842110
7637 0.0411072982
7680 0.0406233893
7784 0.0409180808
7800 0.0402923433
7839 0.0385278185
8062 0.0386772248
8136 0.0377125592
8184 0.0372563499
8324 0.0369049761
8564 0.0369162884
8611 0.0359636778
8815 0.0359479996
8957 0.0359033917
8973 0.0358269401
9004 0.0358782226
9107 0.0357506815
9122 0.0356250217
9203 0.0352073943
9400 0.0351451518
9489 0.0350042072
9504 0.0348730661
9538 0.0348505059
9563 0.0348311718
9695 0.0347971104
9730 0.0347512962
9758 0.0346377177
9836 0.0346480275
9851 0.0346292557
9895 0.0345250775
10045 0.0344760861
10097 0.0344445272
10270 0.0344250353
10287 0.0344121496
10355 0.0344032380
10403 0.0343899615
10432 0.0343800515
10517 0.0343763652
10612 0.0343712883
10696 0.0343605441
10849 0.0343605256
10914 0.0343592345
10972 0.0343586377
11025 0.0343559956
11078 0.0343579222
11255 0.0343558079
11267 0.0343562936
11286 0.0343557909
11351 0.0343563300
11426 0.0343558489
11447 0.0343554690
11492 0.0343551247
11495 0.0343552676
11686 0.0343553523
11750 0.0343550874
11761 0.0343553823
11789 0.0343550583
11814 0.0343552074
11818 0.0343550785
11849 0.0343552221
11965 0.0343551449
12020 0.0343551212
12034 0.0343550430
12053 0.0343551960
12179 0.0343551058
12327 0.0343551712
12391 0.0343550573
12450 0.0343551374
12475 0.0343550903
12517 0.0343550667
12539 0.0343550796
12543 0.0343551205
12552 0.0343550984
12871 0.0343551107
12885 0.0343551021
12888 0.0343551130
12927 0.0343551056
12942 0.0343550938
12943 0.0343550986
13217 0.0343550959
13267 0.0343550914
13269 0.0343550916
13275 0.0343550965
13296 0.0343550949
13328 0.0343550974
13362 0.0343550943
13363 0.0343550932
13438 0.0343550923
13519 0.0343550963
13523 0.0343550963
13601 0.0343550939
13623 0.0343550932
13794 0.0343550965
13883 0.0343550946
13989 0.0343550961
14030 0.0343550951
14068 0.0343550944
14081 0.0343550950
14119 0.0343550957
14167 0.0343550946
14178 0.0343550951
14190 0.0343550951
14259 0.0343550955
14285 0.0343550950
14317 0.0343550954
14792 0.0343550948
14813 0.0343550952
14828 0.0343550953
14831 0.0343550951
14844 0.0343550953
14960 0.0343550950
15136 0.0343550952
15213 0.0343550951
15911 0.0343550951
16030 0.0343550951
evaluations raw_y
1 87.0261653412
3 83.8758391504
6 46.3649021813
9 37.7758827366
55 23.0569340935
350 17.8529499585
1185 12.9612470939
1187 10.6865276147
1311 8.4124681904
1532 7.2475968354
1774 7.0511936905
1800 6.0259636945
1979 6.0118499664
2103 5.7497468757
2134 4.6383758516
2194 4.6471735053
2406 3.2354806827
2694 3.0924553163
2702 3.0062954478
2930 2.3137278207
3007 2.3439796814
3094 2.1609773376
3138 1.9169138697
3326 2.0600296686
3526 1.6351199943
3621 1.7097039783
3663 1.3617688182
3684 1.4014846285
3752 1.3179199602
4017 1.2800704108
4031 0.9349248084
4055 0.9088402936
4075 0.9455280254
4128 0.8657177902
4147 0.8505371107
4190 0.6175018271
4505 0.4850202280
4768 0.4828491621
4769 0.4398710403
4907 0.4342544904
4940 0.4060626785
4944 0.4004475665
5009 0.3898208801
5013 0.3867478061
5035 0.3744132179
5036 0.3618883506
5172 0.3070554500
5322 0.2959471224
5443 0.2762683597
5460 0.2466876957
5589 0.2166359696
6022 0.1974488844
6308 0.1931350439
6330 0.1931083706
6541 0.1895407362
6616 0.1902521762
6710 0.1864195645
6922 0.1835597060
6975 0.1828748635
6977 0.1832517281
7013 0.1775557525
7039 0.1776370512
7042 0.1775844349
7045 0.1745426423
7107 0.1747873198
7138 0.1666784425
7623 0.1655775410
7655 0.1650314191
7786 0.1632815888
7842 0.1624589175
7868 0.1621028627
7977 0.1620056109
8002 0.1615945204
8062 0.1609731391
8065 0.1603268841
8168 0.1585677446
8285 0.1579871764
8412 0.1574835758
8467 0.1567409037
8637 0.1564466462
8643 0.1560965456
8756 0.1558883060
8791 0.1555552857
8916 0.1555583850
8939 0.1552942125
9009 0.1551289207
9045 0.1550064981
9061 0.1549291103
9069 0.1546987313
9101 0.1546719729
9163 0.1546498912
9167 0.1545777854
9192 0.1543256724
9333 0.1542746320
9365 0.1541635567
9388 0.1540330962
9411 0.1540026544
9466 0.1537758983
9556 0.1536047998
9628 0.1535374532
9677 0.1535375965
9759 0.1535224487
9816 0.1534547479
9911 0.1533689897
10021 0.1533670536
10039 0.1533005735
10174 0.1532685535
10566 0.1532685923
10574 0.1532664758
10619 0.1532653965
10647 0.1532658529
10651 0.1532633807
10747 0.1532629191
10760 0.1532620406
10959 0.1532616826
11001 0.1532613132
11170 0.1532616976
11187 0.1532613350
11301 0.1532613248
11310 0.1532613606
11322 0.1532614252
11345 0.1532611563
11442 0.1532611328
11494 0.1532611925
11499 0.1532611351
11560 0.1532611193
11582 0.1532610376
11608 0.1532609959
11644 0.1532611137
11677 0.1532611378
11798 0.1532611217
11841 0.1532611127
11857 0.1532610750
11859 0.1532610395
11974 0.1532610737
12006 0.1532610858
12109 0.1532611026
12121 0.1532611131
12168 0.1532610680
12261 0.1532611006
12381 0.1532610757
12424 0.1532610893
12572 0.1532610949
12607 0.1532610929
12613 0.1532610976
12632 0.1532610944
12752 0.1532610919
12814 0.1532610887
12823 0.1532610911
12829 0.1532610941
12837 0.1532610974
12906 0.1532610956
12917 0.1532610898
12989 0.1532610928
13007 0.1532610899
13141 0.1532610928
13233 0.1532610896
13255 0.1532610914
13330 0.1532610915
13412 0.1532610924
13435 0.1532610924
13499 0.1532610913
13577 0.1532610915
13603 0.1532610918
13640 0.1532610920
13665 0.1532610923
13672 0.1532610928
13746 0.1532610922
13920 0.1532610921
14014 0.1532610918
14044 0.1532610919
14086 0.1532610921
14098 0.1532610920
14170 0.1532610921
14174 0.1532610921
14198 0.1532610922
14303 0.1532610921
14538 0.1532610921
14595 0.1532610921
14747 0.1532610921
15002 0.1532610922
evaluations raw_y
1 57.2370532482
4 48.0275138841
8 41.2781681139
9 31.4514052956
25 24.0542724916
72 17.5175149613
886 13.6818449719
918 11.3127734243
1011 7.4380956599
1075 6.3653894267
1118 5.9911197037
1138 3.3272042456
1320 3.2018161572
1338 2.5537545872
1600 2.3286210779
1770 1.8854694731
1918 1.1257342518
2569 0.9856840839
2636 0.8686517296
2744 0.7744487976
2782 0.7153212363
2808 0.7150594414
3012 0.6802738723
3014 0.6456802883
3082 0.5351459743
3155 0.4368658112
3379 0.3408654929
3561 0.3339883812
3567 0.3121144738
3576 0.2939711745
3655 0.2922112778
3702 0.2824961372
3714 0.2264857654
3999 0.2244874159
4108 0.2005065782
4165 0.1892236405
4226 0.1748954007
4547 0.1640992241
4720 0.1619640016
4885 0.1606126472
4984 0.1476078024
5119 0.1434679375
5131 0.1391755351
5350 0.1361094994
5973 0.1354757153
6008 0.1314468857
6057 0.1276583109
6193 0.1266511347
6259 0.1235959788
6281 0.1235814693
6286 0.1199808301
6403 0.1178134413
6406 0.1164285873
6595 0.1162439982
6661 0.1149423971
6670 0.1133645715
6766 0.1097373034
7084 0.1070360002
7154 0.1060524413
7358 0.1049585264
7480 0.1041731301
7644 0.1036543288
7674 0.1026057953
7780 0.1016507242
7852 0.1012061345
8032 0.1007362156
8137 0.1004751059
8322 0.0997606219
8475 0.0992547859
8512 0.0983865587
8625 0.0982697876
8639 0.0978190161
8787 0.0975742793
8856 0.0975499071
9058 0.0973059189
9084 0.0972168083
9170 0.0971036419
9188 0.0969398234
9364 0.0968308036
9424 0.0966235735
9623 0.0965651718
9626 0.0964799442
9750 0.0963672613
9785 0.0962567017
9936 0.0961979581
10094 0.0961908699
10101 0.0961737416
10139 0.0961495480
10173 0.0961393479
10393 0.0961277159
10492 0.0961276473
10506 0.0961261929
10533 0.0961242329
10547 0.0961234522
10571 0.0961216210
10700 0.0961201443
10734 0.0961200339
10802 0.0961199299
10811 0.0961198334
10819 0.0961189915
10843 0.0961189616
10913 0.0961183996
10932 0.0961182525
10983 0.0961182251
11015 0.0961179083
11058 0.0961178600
11105 0.0961178185
11139 0.0961176749
11219 0.0961176534
11260 0.0961175217
11425 0.0961175091
11446 0.0961174902
11471 0.0961174749
11492 0.0961174687
11622 0.0961174652
11659 0.0961174612
11689 0.0961174552
11691 0.0961174548
11716 0.0961174545
11731 0.0961174457
11813 0.0961174456
11853 0.0961174435
11857 0.0961174390
11984 0.0961174389
12005 0.0961174380
12012 0.0961174372
12048 0.0961174372
12137 0.0961174356
12178 0.0961174354
12274 0.0961174354
12328 0.0961174351
12355 0.0961174350
12439 0.0961174349
12442 0.0961174348
12485 0.0961174348
12554 0.0961174348
12555 0.0961174347
12571 0.0961174347
12639 0.0961174347
12680 0.0961174347
12726 0.0961174346
12735 0.0961174346
12777 0.0961174346
12908 0.0961174346
12988 0.0961174346
13066 0.0961174346
13080 0.0961174346
13107 0.0961174346
13208 0.0961174346
13213 0.0961174346
13249 0.0961174345
13295 0.0961174345
13371 0.0961174345
13450 0.0961174345
13467 0.0961174345
13510 0.0961174345
13529 0.0961174345
13534 0.0961174345
13542 0.0961174345
13556 0.0961174345
13564 0.0961174345
13627 0.0961174345
13680 0.0961174345
13686 0.0961174345
13764 0.0961174345
13786 0.0961174345
13807 0.0961174345
13910 0.0961174345
14018 0.0961174345
14037 0.0961174345
14126 0.0961174345
14231 0.0961174345
14258 0.0961174345
14309 0.0961174345
14338 0.0961174345
14363 0.0961174345
14556 0.0961174345
14599 0.0961174345
14654 0.0961174345
14936 0.0961174345
15081 0.0961174345
evaluations raw_y
1 96.2652703648
3 65.7148033722
5 54.1208567695
15 45.2346233528
16 42.3920275067
33 18.9692195542
300 18.8026099977
884 16.4797249121
897 14.0461207292
993 10.2957198149
1129 7.3811642789
1278 6.9400005596
1313 5.6466301257
1354 3.5152823136
1970 2.8452215978
2021 2.9699437369
2091 2.4362198363
2140 1.6029912017
2488 1.3147692799
2688 1.2558871049
2784 0.9754469580
2978 0.9181960567
3038 0.8320981574
3158 0.7923562782
3271 0.8087941038
3343 0.7420427247
3357 0.7393615840
3441 0.6952789212
3445 0.6767903448
3486 0.6134127783
3576 0.6144438237
3674 0.5005542010
3788 0.4715444751
3943 0.4644981445
4214 0.4359177102
4390 0.4429838843
4428 0.4223223728
4455 0.4119963598
4502 0.3911355549
4738 0.3965423669
4754 0.3581661961
4833 0.3791043597
4907 0.3480985190
5174 0.3236450483
5231 0.3245031165
5857 0.3112376412
6222 0.2999262791
6252 0.2920448805
6294 0.2900098822
6437 0.2853853875
6448 0.2785109913
6558 0.2688985284
7038 0.2640762238
7110 0.2573718681
7441 0.2567071080
7569 0.2552566434
7623 0.2554190307
7658 0.2537590976
7721 0.2531735204
7727 0.2515397095
7770 0.2482962641
7853 0.2444098569
8316 0.2421229467
8381 0.2420914970
8419 0.2418669345
8592 0.2417765030
8660 0.2417370809
8669 0.2405651590
8773 0.2397410932
8981 0.2392146200
9088 0.2387486139
9119 0.2383485304
9170 0.2380409107
9181 0.2377637940
9383 0.2374568920
9408 0.2373169064
9438 0.2372979548
9456 0.2369492221
9556 0.2368679160
9663 0.2363813033
9919 0.2361848146
9958 0.2360360335
9971 0.2359794475
10015 0.2355153094
10168 0.2353854387
10400 0.2352720920
10566 0.2351421328
10660 0.2350754479
10762 0.2350407143
10818 0.2350051507
10836 0.2349784228
10875 0.2349392711
10895 0.2349369833
10924 0.2349046691
10926 0.2348878699
10931 0.2348862245
11022 0.2348825011
11134 0.2348613501
11168 0.2348579773
11261 0.2348579625
11262 0.2348562240
11310 0.2348531237
11383 0.2348490822
11460 0.2348509573
11462 0.2348472541
11688 0.2348491102
11712 0.2348471397
11943 0.2348482256
12194 0.2348469938
12217 0.2348473483
12245 0.2348469356
12258 0.2348469878
12262 0.2348473073
12277 0.2348471703
12324 0.2348479885
12334 0.2348465781
12358 0.2348467334
12482 0.2348468559
12644 0.2348466714
12731 0.2348465416
12764 0.2348467242
12784 0.2348467771
12799 0.2348465329
12947 0.2348464955
13011 0.2348465455
13128 0.2348465952
13172 0.2348465074
13207 0.2348465886
13244 0.2348465642
13248 0.2348465544
13309 0.2348464912
13351 0.2348465503
13527 0.2348465140
13584 0.2348465330
13747 0.2348465019
13813 0.2348465337
13849 0.2348464730
13945 0.2348465023
13994 0.2348464900
14000 0.2348465177
14018 0.2348464972
14058 0.2348464882
14121 0.2348465025
14247 0.2348464987
14249 0.2348465032
14281 0.2348465049
14289 0.2348464933
14299 0.2348465100
14380 0.2348465032
14419 0.2348465041
14428 0.2348465026
14583 0.2348465029
14604 0.2348465020
14700 0.2348464990
14778 0.2348465017
14863 0.2348464988
14880 0.2348465021
14985 0.2348465000
15003 0.2348465008
15039 0.2348465010
15141 0.2348465012
15175 0.2348465009
15206 0.2348465007
15218 0.2348465000
15284 0.2348465008
15290 0.2348465007
15299 0.2348465010
15333 0.2348465008
15341 0.2348465004
15454 0.2348465006
15513 0.2348465012
15521 0.2348465003
15565 0.2348465005
15708 0.2348465006
15720 0.2348465006
15801 0.2348465005
15808 0.2348465006
16033 0.2348465007
16113 0.2348465008
16471 0.2348465006
16475 0.2348465006
18101 0.2348465006
evaluations raw_y
1 105.7273796219
2 82.0480172200
4 69.9557630476
8 59.1705166206
19 62.5894521499
23 37.5730431494
56 43.2868223616
81 27.6747777420
211 25.7833792274
378 17.1452264085
524 20.4409344590
547 17.4776565809
591 16.3915033657
930 12.4365496477
1106 11.0534228532
1108 10.3070210028
1120 8.9748533208
1237 4.9009260046
1370 2.7088257006
1412 1.8249622460
1824 0.8292881870
2182 0.6694309763
2186 0.3955852169
2735 0.6955006031
2754 0.3416126777
2846 0.4285873781
2920 0.3352108684
3018 0.2202330928
3458 0.1175061265
3548 0.1115232982
3690 0.1031169454
3776 0.0982359555
3794 0.0733794034
4052 0.0736321355
4128 0.0811732465
4154 0.0756740271
4214 0.0777094202
4324 0.1256644799
4610 0.1102777867
4624 0.1177077285
4667 0.1041791990
4803 0.0908542668
4889 0.0662754818
4890 0.0877516599
4899 0.0701238388
4955 0.0741238199
5075 0.0573518998
5330 0.0406780655
5434 0.0465941092
5463 0.0358955524
5593 0.0380418424
5768 0.0355254154
5812 0.0342929152
5836 0.0356868119
5837 0.0323525595
5906 0.0341040374
5949 0.0306773733
6238 0.0266035320
6507 0.0259421487
6675 0.0264949995
6687 0.0255912084
6744 0.0243653934
6841 0.0254781582
6846 0.0246593728
6857 0.0243797105
6886 0.0235143506
6892 0.0233781042
6933 0.0223295007
7021 0.0226947770
7164 0.0219906929
7177 0.0222917324
7250 0.0219070182
7290 0.0219059445
7487 0.0210942985
7533 0.0211120685
7596 0.0209382315
7645 0.0204450931
7676 0.0204268233
7844 0.0204411540
7891 0.0200130648
7893 0.0198916498
8096 0.0199109957
8200 0.0197523835
8233 0.0195291063
8367 0.0194891561
8471 0.0194290329
8530 0.0193982049
8586 0.0193745434
8606 0.0193293936
8686 0.0193240369
8758 0.0193196249
8781 0.0191976986
8866 0.0191958987
8871 0.0191339928
9068 0.0191221193
9081 0.0191165210
9094 0.0191065666
9195 0.0191039665
9198 0.0191004743
9218 0.0191065312
9238 0.0190695685
9417 0.0190728229
9427 0.0190672631
9444 0.0190638813
9488 0.0190612982
9491 0.0190631041
9494 0.0190608814
9609 0.0190593139
9696 0.0190592593
9745 0.0190565418
9764 0.0190578315
9965 0.0190572596
9966 0.0190572902
9987 0.0190572107
10000 0.0190565566
10006 0.0190565519
10007 0.0190572479
10157 0.0190563322
10243 0.0190564709
10282 0.0190559445
10433 0.0190559746
10517 0.0190560962
10635 0.0190561727
10652 0.0190559222
10684 0.0190559846
10736 0.0190559327
10811 0.0190558977
10879 0.0190559635
10984 0.0190560018
11096 0.0190559450
11130 0.0190559239
11233 0.0190559628
11259 0.0190559476
11309 0.0190559597
11403 0.0190559890
11439 0.0190559630
11539 0.0190559729
11793 0.0190559816
11803 0.0190559596
11818 0.0190559816
11852 0.0190559714
11853 0.0190559628
11911 0.0190559606
11991 0.0190559758
12047 0.0190559628
12072 0.0190559686
12097 0.0190559680
12103 0.0190559695
12175 0.0190559655
12289 0.0190559689
12316 0.0190559670
12359 0.0190559667
12437 0.0190559688
12547 0.0190559710
12584 0.0190559720
12614 0.0190559713
12692 0.0190559704
12800 0.0190559696
12885 0.0190559712
13006 0.0190559705
13011 0.0190559706
13054 0.0190559704
13091 0.0190559701
13141 0.0190559699
13210 0.0190559695
13255 0.0190559700
13292 0.0190559699
13308 0.0190559701
13355 0.0190559699
13398 0.0190559700
13525 0.0190559700
13580 0.0190559700
13640 0.0190559698
13672 0.0190559700
13739 0.0190559701
14313 0.0190559699
evaluations raw_y
1 121.3531518786
2 90.2062535308
3 63.7453368699
5 50.1827007946
20 46.0822653713
25 39.0444037718
35 37.0742657691
101 32.9489834462
131 28.0895830735
136 24.6469112732
270 20.4708806273
505 21.4372995909
781 21.3031045929
1699 14.2644317090
1803 14.5634923031
1860 14.1422580091
1877 13.5451291822
1920 12.9539144706
1992 11.2449527673
1993 11.1446929312
2058 10.1166565379
2082 9.9082897594
2091 9.2189409208
2108 7.4831218690
2109 6.0406944658
2160 4.0124586774
2283 3.8030156787
2315 2.6526117165
2968 2.2620324131
3032 2.0188585288
3171 1.8428462933
3298 1.7855660305
3500 1.5791435478
3534 1.5411254315
3535 0.9123013669
4082 0.8734298860
4259 0.7738945281
4392 0.6663593387
4590 0.6400489889
4783 0.6041740092
4789 0.5517778989
4801 0.3722084089
5479 0.3343633253
5490 0.3184178700
5638 0.3102958691
5666 0.3062808291
5704 0.3045264170
5712 0.2931472382
5745 0.2760996262
5760 0.2490129327
5801 0.2395765399
5848 0.2219964115
5987 0.1748534017
6278 0.1683321969
6408 0.1660428881
6497 0.1494575167
6668 0.1447856449
6766 0.1423261329
6773 0.1386211349
6775 0.1256376588
6796 0.1073704810
7364 0.1054804931
7467 0.1000837172
7510 0.0946703687
7571 0.0930897089
7835 0.0874306379
7902 0.0867138621
8020 0.0863436796
8060 0.0845770158
8150 0.0837628330
8159 0.0835849146
8180 0.0799740798
8225 0.0737189718
8404 0.0711004371
8552 0.0707998630
8619 0.0692765644
8623 0.0687034805
8871 0.0685335298
8912 0.0677515449
8952 0.0671105975
9178 0.0670581920
9289 0.0667611883
9303 0.0661857085
9346 0.0652735430
9616 0.0650277788
9659 0.0648846248
9667 0.0647611535
9718 0.0647415729
9746 0.0641857840
9893 0.0640893938
9899 0.0639057294
10065 0.0638954136
10070 0.0636884602
10158 0.0636736445
10176 0.0636726328
10199 0.0634232923
10303 0.0633778249
10396 0.0632929273
10441 0.0632303095
10454 0.0632298084
10505 0.0632273108
10528 0.0632256890
10568 0.0631950482
10571 0.0629871158
10967 0.0629842843
11074 0.0629705183
11139 0.0629626017
11193 0.0629581282
11277 0.0629574336
11299 0.0629520015
11339 0.0629508962
11381 0.0629472886
11436 0.0629438127
11581 0.0629431553
11596 0.0629425960
11615 0.0629424021
11620 0.0629419371
11632 0.0629416638
11697 0.0629414240
11762 0.0629410013
11766 0.0629402957
11893 0.0629402677
11937 0.0629401486
11964 0.0629398022
12017 0.0629394499
12212 0.0629393140
12317 0.0629392844
12388 0.0629392825
12429 0.0629392724
12449 0.0629392669
12485 0.0629392572
12538 0.0629392570
12591 0.0629392469
12600 0.0629392440
12621 0.0629392433
12636 0.0629392416
12671 0.0629392382
12736 0.0629392301
12830 0.0629392297
13022 0.0629392292
13044 0.0629392290
13133 0.0629392289
13136 0.0629392288
13143 0.0629392283
13168 0.0629392280
13220 0.0629392278
13324 0.0629392276
13363 0.0629392276
13378 0.0629392276
13405 0.0629392275
13414 0.0629392274
13489 0.0629392274
13500 0.0629392274
13545 0.0629392274
13565 0.0629392273
13621 0.0629392273
13649 0.0629392273
13692 0.0629392272
13750 0.0629392272
13754 0.0629392272
13822 0.0629392272
13880 0.0629392272
13947 0.0629392272
13959 0.0629392272
14017 0.0629392272
14025 0.0629392272
14126 0.0629392272
14132 0.0629392272
14133 0.0629392272
14135 0.0629392272
14183 0.0629392272
14193 0.0629392272
14218 0.0629392272
14263 0.0629392272
14268 0.0629392272
14334 0.0629392272
14344 0.0629392272
14470 0.0629392272
14548 0.0629392272
14680 0.0629392272
14731 0.0629392272
15051 0.0629392272
15433 0.0629392272
evaluations raw_y
1 70.0585165252
4 49.7501583358
7 45.6917709376
11 41.8176104608
43 35.3954422430
117 26.6354427044
210 18.7598312944
867 17.4486537524
1440 17.3797581262
1772 14.0031837685
1848 13.8216720059
1900 12.1302128350
1946 13.3716475095
2005 8.6346094983
2171 4.8199157695
2575 5.8897515236
3204 3.8245525588
3273 3.3259204905
3348 1.6424736675
3724 2.3657178811
3793 1.7823091768
3824 1.0367928315
3924 1.8653120758
4053 1.1224658917
4080 1.5824689166
4345 0.8559735653
4378 0.8333799732
4384 0.5298200589
4440 0.3356790028
4561 0.2493265755
4566 0.1998412721
4689 0.3587202493
4728 0.3678099155
4846 0.1798073351
4938 0.3201265244
5540 0.1987428931
5801 0.1505410402
5997 0.1618107177
6029 0.1568311941
6087 0.1452155295
6126 0.1331580962
6470 0.1208901480
6530 0.1245766164
6572 0.1194553380
6720 0.0971689387
6930 0.1078061819
7000 0.1029535059
7027 0.0981645167
7298 0.0880327079
7395 0.0899951149
7550 0.0769300061
7622 0.0712603113
7801 0.0672253084
7880 0.0681220944
7892 0.0698802636
7982 0.0666989208
7984 0.0655126918
8030 0.0601788994
8041 0.0609900135
8105 0.0622961722
8151 0.0620497890
8169 0.0643517960
8232 0.0583766310
8290 0.0544477974
8540 0.0513650615
8633 0.0542089976
8791 0.0534553762
8842 0.0502204932
8881 0.0501284049
9266 0.0478745826
9321 0.0489107929
9434 0.0465968044
9480 0.0465576349
9492 0.0468604479
9571 0.0459753964
9888 0.0448149608
10025 0.0447921487
10130 0.0446871031
10249 0.0441629779
10392 0.0442377209
10396 0.0439447569
10440 0.0437962839
10482 0.0437953700
10488 0.0431546733
10605 0.0425898421
10764 0.0426339946
10940 0.0422572691
11028 0.0419413911
11093 0.0416772175
11222 0.0417234490
11260 0.0416279424
11289 0.0414738201
11291 0.0413874475
11299 0.0414699903
11371 0.0412125682
11390 0.0411898460
11477 0.0410754945
11535 0.0408755402
11584 0.0409681682
11660 0.0408657131
11664 0.0408169611
11721 0.0408556681
11765 0.0407586875
11847 0.0406225303
11963 0.0406900570
11966 0.0406043113
11991 0.0404806871
12052 0.0404394922
12088 0.0404161271
12142 0.0404116722
12157 0.0403068313
12170 0.0402635136
12257 0.0402101723
12286 0.0401868361
12296 0.0401700951
12361 0.0401642199
12398 0.0401144979
12466 0.0401127782
12499 0.0401004330
12514 0.0400804844
12545 0.0400750766
12576 0.0400510428
12678 0.0400516631
12696 0.0400477283
12746 0.0400436876
12778 0.0400442180
12802 0.0400410209
12804 0.0400364395
12856 0.0400351711
12932 0.0400335887
12956 0.0400293901
12958 0.0400347137
13053 0.0400280665
13061 0.0400284958
13104 0.0400257097
13242 0.0400287912
13271 0.0400259367
13353 0.0400267516
13380 0.0400236186
13412 0.0400251398
13433 0.0400244738
13465 0.0400243789
13503 0.0400243453
13505 0.0400255938
13626 0.0400252533
13627 0.0400245698
13683 0.0400240971
13687 0.0400244700
13774 0.0400236722
13886 0.0400236656
13920 0.0400236943
13967 0.0400235828
13995 0.0400237449
14176 0.0400234657
14200 0.0400237758
14202 0.0400236491
14203 0.0400236646
14286 0.0400237354
14334 0.0400236443
14349 0.0400237420
14369 0.0400236547
14427 0.0400236474
14602 0.0400235754
14615 0.0400236350
14815 0.0400236350
14897 0.0400236038
14944 0.0400236300
15071 0.0400236085
15106 0.0400236219
15111 0.0400235936
15119 0.0400236262
15148 0.0400236298
15213 0.0400236233
15239 0.0400236208
15281 0.0400236157
15344 0.0400236202
15374 0.0400236300
15401 0.0400236237
15490 0.0400236269
15529 0.0400236232
15542 0.0400236215
15578 0.0400236231
15691 0.0400236278
15743 0.0400236273
15754 0.0400236239
15778 0.0400236244
15982 0.0400236263
15984 0.0400236269
15998 0.0400236259
16093 0.0400236255
16200 0.0400236267
16313 0.0400236264
16390 0.0400236261
16411 0.0400236260
16485 0.0400236259
16570 0.0400236258
16685 0.0400236263
16863 0.0400236260
16866 0.0400236260
17094 0.0400236260
17573 0.0400236259
evaluations raw_y
1 115.2380729109
2 113.6136945053
4 62.2104812358
7 42.5949507646
11 28.1134212767
28 30.6327945062
79 29.8283730862
80 29.4448236366
210 24.1654282649
264 21.3741452905
380 18.6480432324
592 14.7007429603
831 11.9418139370
960 11.3005865437
1015 10.3743497049
1037 7.0266280874
1067 7.0649704998
1088 3.8604669899
1269 3.4088047544
1333 1.9213675461
1616 1.7045122714
1708 1.4733277207
1709 1.3605549013
1921 1.1448377368
2008 1.2472514129
2045 1.0722571130
2171 0.6283812227
2348 0.7411077230
2424 0.5053921849
2428 0.5735301349
2494 0.5169569919
2599 0.4498131467
2865 0.3910498314
2874 0.3131776967
3142 0.2825325006
3277 0.3228893540
3461 0.3254673214
3481 0.3096541835
3531 0.3019778290
3557 0.2891603172
3763 0.2807528079
3771 0.2719385685
3778 0.2568830899
3805 0.2841637385
3866 0.2478277292
3998 0.2289432836
4123 0.2255465604
4188 0.2231123922
4213 0.2365854115
4221 0.2335500625
4327 0.2013848503
4644 0.2027370728
4656 0.1994290237
4784 0.1933624372
5000 0.1879447088
5097 0.1768228668
5104 0.1834620362
5120 0.1811419671
5140 0.1752313135
5251 0.1761149396
5352 0.1698956081
5489 0.1690828714
5522 0.1674193658
5681 0.1628447041
5693 0.1601864510
5956 0.1549151512
5960 0.1550010032
6023 0.1541352544
6243 0.1527729252
6248 0.1518040142
6253 0.1510764211
6375 0.1470859533
6583 0.1482377913
6657 0.1456510349
6705 0.1444237191
6921 0.1438824736
7025 0.1421229646
7420 0.1410472728
7445 0.1408278864
7480 0.1399910101
7541 0.1400239685
7544 0.1397797390
7590 0.1393722685
7697 0.1390699701
7717 0.1389231158
7764 0.1386135457
7841 0.1384983024
7912 0.1384300141
7955 0.1383682610
7997 0.1381125970
8079 0.1380047192
8132 0.1379295113
8179 0.1377302495
8265 0.1376930118
8294 0.1377089539
8387 0.1375189304
8417 0.1374232378
8504 0.1373528056
8531 0.1372706279
8537 0.1372343727
8682 0.1370472201
8804 0.1370454901
8849 0.1370125286
8852 0.1370129891
8874 0.1369886617
8931 0.1369645050
9058 0.1369467446
9079 0.1369318103
9082 0.1369264548
9146 0.1369266587
9177 0.1369185265
9199 0.1369247599
9233 0.1369112462
9347 0.1369030239
9501 0.1369016879
9612 0.1369004775
9668 0.1369014385
9681 0.1368993176
9819 0.1368990261
9854 0.1368984384
9921 0.1368976182
9987 0.1368980110
10103 0.1368980254
10178 0.1368976759
10192 0.1368978133
10197 0.1368978552
10247 0.1368975650
10336 0.1368977868
10359 0.1368976547
10378 0.1368978955
10403 0.1368976524
10409 0.1368976292
10439 0.1368978537
10480 0.1368978384
10502 0.1368977417
10529 0.1368976953
10595 0.1368978976
10606 0.1368977335
10695 0.1368977578
10757 0.1368976993
10800 0.1368977920
10824 0.1368978670
10863 0.1368977873
10871 0.1368977375
10873 0.1368977631
10890 0.1368977558
10925 0.1368978128
10972 0.1368977674
11032 0.1368977554
11082 0.1368977935
11086 0.1368977971
11097 0.1368977678
11115 0.1368977849
11139 0.1368977966
11213 0.1368978017
11255 0.1368977927
11312 0.1368977812
11349 0.1368977790
11371 0.1368977812
11457 0.1368977886
11458 0.1368977772
11531 0.1368977907
11809 0.1368977857
11843 0.1368977945
11868 0.1368977824
11883 0.1368977902
11900 0.1368977914
11918 0.1368977902
11928 0.1368977845
11953 0.1368977891
12121 0.1368977855
12129 0.1368977864
12142 0.1368977881
12221 0.1368977867
12284 0.1368977874
12327 0.1368977875
12416 0.1368977854
12449 0.1368977868
12628 0.1368977869
12730 0.1368977869
12760 0.1368977866
12763 0.1368977864
12764 0.1368977864
12767 0.1368977862
12816 0.1368977865
13085 0.1368977862
13148 0.1368977865
13188 0.1368977864
13271 0.1368977864
13299 0.1368977865
13438 0.1368977863
13820 0.1368977863
14846 0.1368977864
evaluations raw_y
1 49.5268257490
3 43.9873978287
10 39.3008250840
22 35.3365091753
42 32.8915496352
64 23.0866929146
128 20.8111410495
583 11.8427102396
1578 6.3658363553
1853 7.3116240741
2076 5.1264830738
2509 3.9505835743
2780 3.4565219088
2833 2.8397238974
2897 2.9886261332
2914 2.8521662533
3271 2.8933800528
3327 2.9257301710
3329 2.7113941776
3395 2.4777120019
3514 2.6492799296
3519 2.3543817822
3574 1.8122323263
3922 1.9191259642
4248 1.6002082651
4398 1.5192036853
4406 1.2453855594
4936 1.3508477333
5214 1.2852134280
5489 1.2547491402
5580 1.1725448795
5768 1.1436134934
5810 1.0984305543
5916 1.0342842726
6141 1.0328275058
6277 0.9901697061
6319 1.0019802545
6334 0.9790431081
6515 0.9386719277
6620 0.9334503825
6681 0.9237875620
6698 0.9177399854
6770 0.9045563869
7074 0.8921137466
7143 0.8634604355
7187 0.8585209378
7267 0.8419285080
7478 0.8369582242
7558 0.7877558836
8055 0.7850449670
8060 0.7782131334
8252 0.7771115602
8260 0.7732499517
8279 0.7678965083
8322 0.7608330507
8699 0.7591833931
8749 0.7607101171
8778 0.7536115653
8879 0.7520910153
8936 0.7515618034
8967 0.7499947319
8991 0.7470906219
9050 0.7459202262
9079 0.7462647937
9099 0.7434075891
9112 0.7416801508
9306 0.7388548431
9353 0.7385979278
9450 0.7368749766
9453 0.7327733795
9733 0.7310199653
9773 0.7290073959
9839 0.7272603586
9965 0.7269802365
9983 0.7262712472
10069 0.7257709500
10149 0.7248240269
10239 0.7239947485
10465 0.7240653758
10475 0.7235798128
10526 0.7234330308
10556 0.7227642908
10562 0.7224990899
10577 0.7215841269
10678 0.7216441306
10760 0.7210381019
10835 0.7208784062
10904 0.7206776862
10988 0.7206385672
11050 0.7203871944
11076 0.7203666778
11152 0.7201392048
11159 0.7200834914
11231 0.7200699623
11252 0.7200054728
11330 0.7199446290
11387 0.7199461516
11430 0.7199036509
11522 0.7198975577
11551 0.7198959564
11685 0.7198899562
11716 0.7198815624
11827 0.7198721166
11914 0.7198715833
11979 0.7198674258
12037 0.7198675950
12103 0.7198693489
12136 0.7198674967
12183 0.7198663042
12251 0.7198674595
12294 0.7198664375
12333 0.7198667971
12416 0.7198664576
12443 0.7198650581
12460 0.7198644188
12469 0.7198643348
12650 0.7198645380
12787 0.7198641182
12808 0.7198639889
12809 0.7198638666
12822 0.7198643445
12843 0.7198641095
12849 0.7198641931
12901 0.7198642442
12904 0.7198640496
12937 0.7198643071
12976 0.7198642122
13089 0.7198639693
13151 0.7198640066
13173 0.7198639445
13218 0.7198639246
13268 0.7198639681
13431 0.7198639673
13481 0.7198639671
13505 0.7198639547
13713 0.7198639605
13759 0.7198639660
13789 0.7198639351
13848 0.7198639471
13963 0.7198639467
13985 0.7198639899
13989 0.7198639909
13993 0.7198639582
14016 0.7198639830
14052 0.7198639745
14165 0.7198639617
14195 0.7198639840
14217 0.7198639655
14228 0.7198639821
14242 0.7198639698
14252 0.7198639688
14438 0.7198639663
14551 0.7198639747
14567 0.7198639670
14598 0.7198639710
14816 0.7198639689
14818 0.7198639712
14864 0.7198639695
14885 0.7198639714
14941 0.7198639687
14959 0.7198639701
14991 0.7198639690
15159 0.7198639694
15239 0.7198639698
15297 0.7198639693
15338 0.7198639693
15360 0.7198639694
15413 0.7198639695
15454 0.7198639690
15496 0.7198639692
15568 0.7198639689
15587 0.7198639690
15598 0.7198639693
15636 0.7198639693
15697 0.7198639695
15742 0.7198639693
15959 0.7198639696
15996 0.7198639696
16022 0.7198639695
16236 0.7198639696
16294 0.7198639696
16457 0.7198639695
16514 0.7198639695
17077 0.7198639695
