evaluations raw_y
1 22869187.5805789530
2 9152651.8228453137
3 6200134.8830662938
4 3619303.3853589850
7 2774951.6076893038
9 834780.2754736744
11 804280.0311824847
13 626670.3257019878
20 3353.9303661288
130 1450.3091340128
537 827.5522412227
845 282.5225772918
908 217.1325384624
931 93.2332524034
1139 37.6412981497
1250 32.1374943056
1600 27.6894991915
1936 21.8836931463
2303 19.9881872515
2484 19.1890494124
2852 15.4728278998
2981 13.5465003081
3337 11.2481078133
3386 10.0439819860
3449 8.4382679100
3519 7.0829057185
3770 6.9986336624
3780 5.7721743754
3783 5.4950393133
3824 3.3939297070
3884 2.9438329634
3901 1.7850226066
3975 1.0726836204
4234 0.7611439245
4291 0.4581224791
4429 0.3251561154
4721 0.1728175472
4780 0.1558411945
4804 0.0520244158
4881 0.0421462365
5055 0.0115762463
5213 0.0077418474
5302 0.0066177102
5407 0.0054148467
5606 0.0050440515
5745 0.0017504785
6002 0.0015692858
6032 0.0006344332
6099 0.0001590147
6374 0.0000499952
6787 0.0000197014
6805 0.0000032527
7124 0.0000021683
7626 0.0000017180
7765 0.0000014753
7919 0.0000008109
7920 0.0000002665
8147 0.0000001588
8251 0.0000001166
8259 0.0000001067
8390 0.0000000755
8398 0.0000000188
8464 0.0000000144
8755 0.0000000080
8927 0.0000000028
8991 0.0000000010
9263 0.0000000005
9524 0.0000000004
9675 0.0000000002
10032 0.0000000002
10045 0.0000000000
10573 0.0000000000
10631 0.0000000000
10763 0.0000000000
10977 0.0000000000
11000 0.0000000000
11272 0.0000000000
11332 0.0000000000
11396 0.0000000000
11771 0.0000000000
12083 0.0000000000
12728 0.0000000000
evaluations raw_y
1 23399387.7913907692
2 162677.6961274690
3 6730.3247413061
34 828.9559289788
330 820.0604727949
479 581.3364760836
784 97.2262096435
983 58.5472082862
1000 46.4628200544
1199 25.3641283831
1517 20.4208813115
1563 10.5253049605
1806 8.2566730271
2070 6.6542508583
2223 3.1041451004
2364 2.1280355049
3845 2.0584768578
3878 1.6158004049
4039 1.2696165254
4044 1.1497223186
4095 1.0839942737
4129 0.9424172413
4200 0.6025703375
4438 0.4375001681
4506 0.3005207108
4583 0.2698697780
4675 0.1404634004
4924 0.0938337641
4996 0.0718043121
4997 0.0550962747
5045 0.0225648349
5144 0.0005244021
6126 0.0001250331
6328 0.0000911150
6618 0.0000323621
7043 0.0000303398
7130 0.0000027604
7334 0.0000013535
7480 0.0000011120
7791 0.0000001734
8007 0.0000000215
8469 0.0000000118
8900 0.0000000053
9030 0.0000000034
9182 0.0000000016
9434 0.0000000014
9444 0.0000000002
9781 0.0000000001
9876 0.0000000000
10191 0.0000000000
10341 0.0000000000
10516 0.0000000000
11181 0.0000000000
11190 0.0000000000
11285 0.0000000000
11345 0.0000000000
11368 0.0000000000
11588 0.0000000000
11859 0.0000000000
11916 0.0000000000
12047 0.0000000000
12141 0.0000000000
12232 0.0000000000
12277 0.0000000000
13313 0.0000000000
evaluations raw_y
1 7123760.9614857510
2 1762903.5371596876
3 1669993.5767817302
5 1262298.4067839645
8 908479.8045988701
9 856141.0701662333
10 567244.4842742565
12 410581.5527891487
19 21012.5323931002
34 8736.1955866064
63 3235.6668994384
406 327.8779098370
575 103.4097907211
1079 42.4469803501
1489 35.1866590715
2045 32.5401825116
2100 15.7909889298
2353 8.2206648533
2467 7.1679374451
2558 3.3596697188
2890 2.9266949086
2953 2.8715331047
3013 2.5965078303
3158 2.0042392722
3288 1.5649039421
3432 1.3005995688
3468 0.9954108798
3516 0.4221388525
3605 0.3857235939
3856 0.1307688681
4110 0.0436136354
4667 0.0202874761
4819 0.0188770391
4878 0.0149750400
4959 0.0145929294
5070 0.0060885675
5159 0.0035427549
5407 0.0013827201
5498 0.0010675479
5647 0.0008479005
5745 0.0007324568
5797 0.0003145935
5936 0.0002716096
6026 0.0000741172
6280 0.0000734294
6294 0.0000461567
6436 0.0000159171
6680 0.0000142156
6712 0.0000034342
7245 0.0000008272
7289 0.0000001667
7779 0.0000001462
7781 0.0000000333
8140 0.0000000180
8405 0.0000000020
8596 0.0000000017
8767 0.0000000005
9023 0.0000000004
9313 0.0000000001
9646 0.0000000001
9652 0.0000000001
9654 0.0000000000
9681 0.0000000000
9768 0.0000000000
10139 0.0000000000
10166 0.0000000000
10335 0.0000000000
10412 0.0000000000
10759 0.0000000000
11013 0.0000000000
11022 0.0000000000
11305 0.0000000000
12003 0.0000000000
evaluations raw_y
1 182402.5720346045
11 41317.4421918060
14 9908.6687933848
25 8647.6164100803
162 2878.9670124689
247 2323.4259555382
342 2060.1390436787
401 1663.3938290725
440 2.4867327839
3903 2.2292116315
4009 2.1749718849
4041 1.8041236519
4179 1.0043325070
4295 0.3882529485
4554 0.1281991310
4805 0.0550664335
5052 0.0090271649
5495 0.0058170240
5752 0.0049223761
5782 0.0033572301
5849 0.0010767620
6124 0.0006191297
6287 0.0005189303
6289 0.0005034264
6326 0.0004046863
6537 0.0000377326
6555 0.0000329484
6874 0.0000043228
7669 0.0000033145
7670 0.0000010502
7897 0.0000006112
8009 0.0000005867
8140 0.0000003414
8148 0.0000000903
8214 0.0000000216
8741 0.0000000099
9013 0.0000000060
9155 0.0000000060
9259 0.0000000036
9274 0.0000000024
9425 0.0000000005
9533 0.0000000004
9795 0.0000000001
9998 0.0000000001
10255 0.0000000000
10381 0.0000000000
10513 0.0000000000
10727 0.0000000000
10750 0.0000000000
10871 0.0000000000
10950 0.0000000000
11022 0.0000000000
11146 0.0000000000
11169 0.0000000000
11585 0.0000000000
11833 0.0000000000
12045 0.0000000000
12207 0.0000000000
12337 0.0000000000
13314 0.0000000000
evaluations raw_y
1 12448060.2121888567
2 74636.3111342657
10 28028.1332699021
22 16057.3538303121
36 11207.7876774902
75 6381.6665082339
131 4937.1007553472
179 4136.3125143740
227 450.5625645258
607 72.8317143494
1817 55.7242103216
2339 43.0646499833
2380 35.6604350875
2732 35.1137426363
2788 34.4303608900
2866 31.9781265246
2924 31.0038795315
2956 29.7308544196
3290 29.4514018282
3604 29.3652584815
3608 28.8050248771
3658 25.3777306340
3833 24.7302749364
3874 23.8775352119
4018 22.7971032073
4163 21.2611308934
4250 15.9330453677
4397 12.5587571804
4507 10.6598985278
4659 9.9302048943
4680 8.5254886078
4808 7.6741017273
4867 6.1997660876
4946 4.6798130938
4970 2.9164173351
5093 1.8415114355
5221 0.5526132648
5454 0.0803116665
5885 0.0729657842
6153 0.0712288180
6197 0.0409320896
6315 0.0391545156
6341 0.0162914672
6436 0.0041476577
6893 0.0018914200
6928 0.0005994688
7112 0.0004774952
7337 0.0004076902
7347 0.0001720429
7440 0.0000242384
7644 0.0000229124
7781 0.0000208530
7790 0.0000080066
8082 0.0000036170
8241 0.0000028526
8317 0.0000009542
8798 0.0000008038
8817 0.0000005476
8868 0.0000005132
8884 0.0000004763
8954 0.0000004339
8963 0.0000002714
8980 0.0000001754
9076 0.0000001598
9171 0.0000001176
9329 0.0000001086
9340 0.0000000220
9492 0.0000000133
9744 0.0000000068
9754 0.0000000064
10001 0.0000000045
10091 0.0000000025
10156 0.0000000016
10186 0.0000000007
10472 0.0000000006
10501 0.0000000003
10651 0.0000000001
10826 0.0000000000
11678 0.0000000000
11751 0.0000000000
11898 0.0000000000
12226 0.0000000000
12357 0.0000000000
12420 0.0000000000
12465 0.0000000000
12483 0.0000000000
12587 0.0000000000
12676 0.0000000000
13539 0.0000000000
evaluations raw_y
1 9783286.5030293856
4 556872.9469697388
9 75990.9352967197
19 33006.2040116990
30 5673.6295190247
608 2986.2744546302
728 1481.9160790668
1117 1440.0372613633
1234 1147.2356970588
1245 860.9822249766
1302 126.9702977058
1372 109.8847890594
1660 26.1675202840
1753 24.9103785737
2453 9.6186694523
3158 8.4358649588
3272 8.0902663609
3596 8.0369762196
3608 7.7889314763
3673 7.7266025281
3738 7.6843831364
3747 6.7735150808
3900 5.0310144834
4031 1.9474228808
4158 1.3123140645
4300 1.2519702154
4314 0.7307227522
4317 0.2297417422
4576 0.1526351515
4827 0.1396046174
4985 0.1159700685
5179 0.0356174611
5378 0.0213375431
5387 0.0056818494
5903 0.0050547435
5939 0.0022621228
5968 0.0015522675
6146 0.0001000847
6577 0.0000340551
6821 0.0000165553
7200 0.0000083147
7280 0.0000023142
7692 0.0000010373
8023 0.0000009400
8031 0.0000008761
8054 0.0000006873
8162 0.0000002362
8236 0.0000001455
8527 0.0000000469
8584 0.0000000421
8699 0.0000000079
9035 0.0000000013
9453 0.0000000005
9555 0.0000000004
9804 0.0000000002
9817 0.0000000001
10092 0.0000000001
10182 0.0000000000
10198 0.0000000000
10535 0.0000000000
10611 0.0000000000
10772 0.0000000000
10819 0.0000000000
10874 0.0000000000
11129 0.0000000000
11168 0.0000000000
11441 0.0000000000
11566 0.0000000000
11644 0.0000000000
12911 0.0000000000
evaluations raw_y
1 68087555.2712240666
2 7886440.0106736263
8 489141.9336438890
11 56068.4548954732
48 8212.6567378104
310 7754.5537750123
413 3325.5784380346
425 2466.4491620088
479 2425.3176468112
491 153.3941479785
1390 36.5121272265
1405 24.7388215997
2198 23.1959754133
2358 7.4175887865
2416 4.6053145084
2622 3.4811683449
3292 3.3266084945
3445 3.2488030474
3479 3.0409044209
3517 2.6656805522
3612 2.6131122837
3650 2.5528311690
3702 2.1567805646
3752 1.9824487874
3753 1.9324373160
3761 1.4366273885
3885 1.3195363378
3978 0.9213172467
3995 0.6750027161
4051 0.6100357997
4081 0.3998028982
4190 0.1205664789
4572 0.1152966199
4734 0.0213440977
5138 0.0148901658
5229 0.0105568022
5337 0.0073004982
5362 0.0055688925
5541 0.0050582977
5569 0.0017887954
5881 0.0009871914
5914 0.0002294103
6322 0.0001987543
6390 0.0001922853
6577 0.0001164081
6612 0.0000829907
6796 0.0000621988
6806 0.0000521071
7021 0.0000362632
7031 0.0000124585
7124 0.0000031953
7328 0.0000002780
7925 0.0000002304
8001 0.0000000556
8463 0.0000000244
8647 0.0000000198
8664 0.0000000127
8731 0.0000000120
8855 0.0000000102
9024 0.0000000048
9176 0.0000000014
9428 0.0000000006
9685 0.0000000003
9775 0.0000000001
9940 0.0000000000
10185 0.0000000000
10335 0.0000000000
10510 0.0000000000
12360 0.0000000000
13030 0.0000000000
evaluations raw_y
1 28585858.3151230291
3 4444647.1889730087
6 912.1095725658
574 785.2386172910
997 556.3337026769
1491 161.2161186381
2134 125.1484594225
2157 89.6225387404
2596 81.5462908478
2602 72.3640015563
2984 57.9713481622
3114 54.9868615610
3258 47.6713391733
3342 37.3542763064
3393 32.5315720778
3431 28.4870063033
3682 26.3272013291
3704 22.7689498553
3936 20.7258228117
4006 20.2574133665
4025 19.3646854317
4037 14.0393967491
4118 11.9768869955
4276 8.9089245931
4321 5.2705781846
4416 4.7861649512
4484 3.8125513800
4493 2.8155047106
4645 0.5307972498
4704 0.5129868702
4896 0.3030283422
4985 0.0765650612
5233 0.0684171462
5324 0.0407841255
5473 0.0162296236
5623 0.0091691328
5762 0.0069173404
5852 0.0045559482
6106 0.0022297254
6120 0.0018372783
6262 0.0005975518
6417 0.0005779490
6506 0.0002333924
6538 0.0001185788
6803 0.0001145219
6890 0.0001071479
7071 0.0000166321
7115 0.0000056009
7607 0.0000006238
8231 0.0000001695
8305 0.0000001527
8422 0.0000000389
8593 0.0000000023
9478 0.0000000019
9480 0.0000000010
9507 0.0000000007
9594 0.0000000006
9903 0.0000000001
9992 0.0000000001
10161 0.0000000001
10238 0.0000000000
10251 0.0000000000
10432 0.0000000000
10585 0.0000000000
10839 0.0000000000
10841 0.0000000000
10848 0.0000000000
11032 0.0000000000
11374 0.0000000000
11433 0.0000000000
11457 0.0000000000
11462 0.0000000000
11529 0.0000000000
11924 0.0000000000
12782 0.0000000000
evaluations raw_y
1 32376730.8943336643
2 7795208.0835934943
8 7484223.4302293509
10 4929011.0219437676
11 4034903.3250697646
16 2698901.2171186171
18 130391.9421583111
69 25235.3681962723
103 2217.4576224208
346 412.4855259840
1195 109.7976767879
1397 70.7335261468
1569 27.1699958776
1857 25.4247135454
2652 20.3626323694
3336 11.8689540618
3425 10.0910418666
3428 8.4379118641
3676 7.0870611375
3698 3.4259026507
4112 2.8799464651
4207 2.2037202058
4314 1.9120367963
4380 1.4945364274
4410 0.1745481125
4639 0.1671507088
4890 0.0725339137
4979 0.0368111095
5227 0.0252573415
5318 0.0218770593
5467 0.0146986559
5565 0.0098131557
5617 0.0020560791
5846 0.0012085316
6114 0.0000979468
6666 0.0000635343
6797 0.0000612677
6949 0.0000568759
7065 0.0000166543
7109 0.0000017552
7601 0.0000014504
7674 0.0000012484
7928 0.0000005518
8076 0.0000004739
8225 0.0000001137
8291 0.0000000574
8587 0.0000000012
9472 0.0000000004
9897 0.0000000001
10155 0.0000000001
10232 0.0000000000
10424 0.0000000000
10720 0.0000000000
10792 0.0000000000
10801 0.0000000000
10833 0.0000000000
10835 0.0000000000
10842 0.0000000000
11253 0.0000000000
11427 0.0000000000
11451 0.0000000000
11456 0.0000000000
11523 0.0000000000
12117 0.0000000000
12766 0.0000000000
evaluations raw_y
1 7876853.0069348309
2 1852077.0388164271
3 1748873.8758006452
5 178351.3410925961
16 20119.9069903035
31 11239.3375407540
170 6312.2199545164
354 4145.1934107976
484 714.0839805688
856 412.8949737160
1061 332.1508263524
1109 260.4414427118
1293 89.2319271419
1635 77.8635076024
1719 36.2832809244
2588 28.0122709466
2634 21.0119585576
2640 19.8071874306
2775 19.5137406893
2846 19.0711339324
3105 17.4503848854
3481 17.3229552953
3579 16.0463477478
3679 15.5289285071
3720 13.4327825596
3864 12.6317492603
3928 11.7772720355
4140 11.5430876375
4242 11.5127096474
4249 11.2752195142
4250 10.9072284242
4256 10.6402058025
4273 9.9067820101
4299 8.1642510741
4361 6.0382923342
4505 5.8631173573
4526 4.9400823527
4612 4.3656968906
4660 4.1192812404
4734 2.2261372856
4765 1.4171798858
4861 0.8976435765
5067 0.7675302281
5153 0.6543477272
5201 0.2510322629
5300 0.1564091233
5391 0.1252730459
5499 0.0563848346
5524 0.0350408910
5731 0.0259419978
5897 0.0184618813
5999 0.0090459229
6076 0.0065871510
6282 0.0028530509
6378 0.0022602624
6470 0.0009481962
6739 0.0005398741
6774 0.0003450522
6848 0.0002677820
7183 0.0002259330
7193 0.0000891364
7286 0.0000607860
7336 0.0000317816
7417 0.0000229056
7490 0.0000107488
7627 0.0000090027
7636 0.0000053716
7928 0.0000039646
7947 0.0000037826
8027 0.0000022190
8087 0.0000021359
8163 0.0000011954
8298 0.0000002071
8625 0.0000000859
8809 0.0000000638
8893 0.0000000502
8924 0.0000000444
9082 0.0000000361
9186 0.0000000168
9236 0.0000000055
9338 0.0000000039
9383 0.0000000037
9600 0.0000000003
10032 0.0000000002
10318 0.0000000001
10497 0.0000000001
10499 0.0000000001
10672 0.0000000000
11198 0.0000000000
11293 0.0000000000
11322 0.0000000000
11346 0.0000000000
11441 0.0000000000
11524 0.0000000000
11597 0.0000000000
11835 0.0000000000
11953 0.0000000000
12003 0.0000000000
12158 0.0000000000
12388 0.0000000000
12433 0.0000000000
13292 0.0000000000
evaluations raw_y
1 20032485.6304729171
2 8893959.8677229937
4 8218488.4002756104
6 2873216.4483897686
8 2072974.2944411971
16 176977.3560189443
27 66404.6274268558
29 64279.3269206123
62 27608.6503399734
69 26951.6627817519
115 6389.5699272712
485 537.1764082989
857 53.7236950665
1495 7.0056316974
2193 2.2215001946
2815 0.4402836799
2916 0.1441201916
3049 0.1249359595
3185 0.0634204339
3934 0.0615143143
3971 0.0427036199
4018 0.0150690557
4351 0.0132156435
4424 0.0067044968
4438 0.0057417147
4843 0.0032076534
4883 0.0028539781
4928 0.0028205353
4929 0.0014297066
4977 0.0004546480
5076 0.0001323670
5300 0.0000332202
6058 0.0000119873
6471 0.0000086901
6515 0.0000035161
6550 0.0000008458
7193 0.0000004157
7266 0.0000001476
7412 0.0000000790
7704 0.0000000633
7723 0.0000000589
7803 0.0000000511
7863 0.0000000462
7939 0.0000000194
8074 0.0000000115
8149 0.0000000077
8150 0.0000000062
8265 0.0000000057
8415 0.0000000046
8506 0.0000000043
8585 0.0000000018
8602 0.0000000016
8678 0.0000000015
8811 0.0000000014
8962 0.0000000003
9114 0.0000000001
9159 0.0000000001
9376 0.0000000000
9808 0.0000000000
10273 0.0000000000
10448 0.0000000000
10805 0.0000000000
11098 0.0000000000
11273 0.0000000000
11307 0.0000000000
11373 0.0000000000
11520 0.0000000000
11791 0.0000000000
12498 0.0000000000
evaluations raw_y
1 1323026.9099464053
7 286971.3205731328
11 137917.2669469802
17 125106.0268125870
51 111985.1137885775
89 103830.5446258135
129 36288.0634478100
420 4424.4303807514
588 241.0088308183
1164 110.5039629774
1527 54.5891780265
2281 52.3084376011
2384 34.6367363128
2404 19.3241382332
2442 10.5140406856
2639 2.9610072840
2903 2.2365823682
3330 1.2533400380
3609 1.1321216605
4064 0.9878193691
4115 0.9395594011
4153 0.8237048790
4283 0.6757061965
4328 0.5909510249
4424 0.4174650648
4439 0.2805938293
4494 0.1672107063
4568 0.1335795577
4760 0.0843693361
5016 0.0799892482
5017 0.0584382395
5065 0.0282450324
5164 0.0039212147
5595 0.0007744541
6146 0.0001318218
6348 0.0000765900
6638 0.0000605119
6822 0.0000119959
7150 0.0000102489
7281 0.0000035080
7354 0.0000003631
7811 0.0000003010
8162 0.0000001695
8237 0.0000000936
8238 0.0000000480
8489 0.0000000416
8673 0.0000000163
8690 0.0000000157
8786 0.0000000102
9050 0.0000000050
9202 0.0000000009
9464 0.0000000002
9801 0.0000000001
9896 0.0000000000
10182 0.0000000000
10211 0.0000000000
10361 0.0000000000
10536 0.0000000000
10750 0.0000000000
10893 0.0000000000
11186 0.0000000000
11305 0.0000000000
11388 0.0000000000
11608 0.0000000000
11744 0.0000000000
11867 0.0000000000
11936 0.0000000000
12181 0.0000000000
12260 0.0000000000
12893 0.0000000000
evaluations raw_y
1 30002471.4700316861
2 1055050.2950155372
7 384068.5430073051
10 131231.7828618013
28 47575.4540283830
39 44250.9674814321
92 22510.2619967079
524 8017.3168376409
1024 2932.4501767916
1091 1901.7027546301
1238 1702.0801947779
1390 764.0223264033
1498 148.7768823570
1778 89.8158351563
1806 46.5223181357
1807 25.1160618761
2406 16.8703703215
2665 9.0179968309
2754 7.5849778424
2868 6.0933130331
3199 5.8475969055
3203 4.0325763485
3290 2.5591491978
3756 2.4586160372
3765 2.1096063351
4219 2.0379482092
4391 1.9990025507
4401 1.7866089438
4655 1.3293607961
4666 1.2375378450
4717 0.9483661119
4767 0.7815587960
4808 0.6631301564
4845 0.6517153619
4897 0.5947994581
4911 0.2962989853
5003 0.2148788206
5051 0.0997124206
5396 0.0930640351
5405 0.0797348651
5535 0.0331760880
5822 0.0136075698
5889 0.0071849097
5957 0.0067431767
5986 0.0047462261
6164 0.0008322861
6577 0.0006892780
6595 0.0002319349
6839 0.0001119075
6914 0.0001027809
7065 0.0000875859
7218 0.0000808762
7224 0.0000665317
7298 0.0000114008
7710 0.0000024916
8180 0.0000014115
8188 0.0000013158
8254 0.0000002383
8602 0.0000002055
8717 0.0000000656
8781 0.0000000381
9053 0.0000000241
9299 0.0000000158
9314 0.0000000085
9456 0.0000000076
9465 0.0000000008
10117 0.0000000007
10199 0.0000000006
10200 0.0000000005
10203 0.0000000005
10216 0.0000000002
10295 0.0000000001
10489 0.0000000001
10553 0.0000000001
10767 0.0000000001
10790 0.0000000000
10797 0.0000000000
10892 0.0000000000
10990 0.0000000000
11068 0.0000000000
11186 0.0000000000
11209 0.0000000000
11464 0.0000000000
11625 0.0000000000
11662 0.0000000000
11873 0.0000000000
12076 0.0000000000
12101 0.0000000000
12247 0.0000000000
12377 0.0000000000
12782 0.0000000000
13430 0.0000000000
evaluations raw_y
1 520710.4928482063
9 12525.4898134266
130 10587.5471629215
215 2252.2031702187
257 1.9825241976
2245 0.6262550870
2784 0.4993451091
2866 0.2804973803
2927 0.2717424994
2949 0.1401994475
2958 0.1207087234
3046 0.0150124281
4293 0.0070531186
4713 0.0042520056
4964 0.0015055121
5301 0.0005997417
5392 0.0001264294
5691 0.0000894929
5858 0.0000837999
5920 0.0000339161
6330 0.0000084075
6369 0.0000056703
6574 0.0000053716
6606 0.0000012730
6958 0.0000008800
7139 0.0000004279
7183 0.0000000435
7675 0.0000000118
8150 0.0000000070
8299 0.0000000015
8505 0.0000000013
8661 0.0000000005
8836 0.0000000004
8900 0.0000000004
8917 0.0000000002
9207 0.0000000001
9304 0.0000000001
9540 0.0000000001
9546 0.0000000000
9971 0.0000000000
10033 0.0000000000
10060 0.0000000000
10148 0.0000000000
10498 0.0000000000
10566 0.0000000000
10599 0.0000000000
10633 0.0000000000
10779 0.0000000000
10907 0.0000000000
10909 0.0000000000
11100 0.0000000000
11138 0.0000000000
11327 0.0000000000
11501 0.0000000000
11530 0.0000000000
11597 0.0000000000
12438 0.0000000000
evaluations raw_y
1 3122576.8598315627
4 2541518.4746666853
5 499529.5396384515
6 151796.0026705324
21 30082.0580675766
23 28578.9541616164
35 9581.7384590755
150 9372.8356268288
203 6270.9069314250
207 5841.0558936433
226 4752.8804058410
312 3477.1174731753
400 728.4392311560
641 654.1637381620
648 231.2197289644
1115 77.1261930150
1546 24.7063075863
1885 14.6467568480
2097 12.4884527650
2189 7.1071848246
2332 6.5223672687
2726 4.4971217483
2734 3.6620520633
2886 3.4958362487
2909 2.1755985542
2978 2.1289527681
3043 1.1771736136
3064 1.1451386206
3272 0.4402847106
3644 0.0707736387
4287 0.0377471581
4444 0.0120385236
4701 0.0114462088
4749 0.0106601436
4848 0.0016298462
5279 0.0007070164
5445 0.0004817056
5547 0.0002028232
5830 0.0000242213
6032 0.0000189652
6322 0.0000176434
6506 0.0000143295
6731 0.0000101651
6741 0.0000043022
6834 0.0000021954
6965 0.0000009773
7038 0.0000006288
7184 0.0000003975
7495 0.0000001117
7635 0.0000000402
8037 0.0000000259
8173 0.0000000169
8289 0.0000000167
8357 0.0000000088
8441 0.0000000068
8470 0.0000000056
8565 0.0000000042
8734 0.0000000013
8886 0.0000000005
8942 0.0000000004
9138 0.0000000002
9485 0.0000000002
9550 0.0000000001
9580 0.0000000000
9823 0.0000000000
9895 0.0000000000
10045 0.0000000000
10220 0.0000000000
11145 0.0000000000
11563 0.0000000000
11620 0.0000000000
11751 0.0000000000
11944 0.0000000000
12744 0.0000000000
