evaluations raw_y
1 270.3612722570
17 236.8991533776
36 174.9267115784
71 168.1135717682
77 119.7697906148
89 111.4572724148
102 89.6376438165
112 55.3966770884
136 42.3397266943
158 31.5172624691
243 27.0107716352
301 20.5975962794
313 18.0690678289
317 15.1519716750
332 13.7628905976
336 13.1553534348
350 12.6464746386
387 11.5348147461
391 9.7732079926
394 8.6889341616
406 7.9322684304
407 7.2779808395
418 6.8694973679
426 5.6661714881
438 4.9535628530
468 4.4758988182
476 3.7553278346
493 2.8092931180
542 2.7870531484
550 2.4291732306
557 2.2396765824
572 1.9621316674
590 1.5016135855
601 1.3745863179
607 1.2708729318
608 1.0566728870
625 0.9975708376
644 0.9299509837
673 0.8555903054
678 0.8018516349
684 0.5918255406
689 0.4594662154
775 0.3836120659
790 0.3187209492
814 0.3143149355
816 0.2102225884
933 0.1926468244
986 0.1710949158
1089 0.1170549368
1209 0.0890963299
1288 0.0869010998
1291 0.0631769278
1342 0.0314409020
1455 0.0264336069
1505 0.0258121595
1596 0.0224683351
1635 0.0216104968
1644 0.0145715197
1675 0.0129466733
1780 0.0119474048
1823 0.0089423402
1942 0.0084794823
1951 0.0079958597
1980 0.0074391967
2032 0.0059122717
2038 0.0049803914
2121 0.0046571409
2135 0.0046464967
2138 0.0025744076
2241 0.0022932659
2282 0.0019878357
2337 0.0019773617
2407 0.0017550651
2475 0.0011881279
2495 0.0011721375
2554 0.0011074641
2594 0.0007574684
2737 0.0006730868
2807 0.0003284778
2928 0.0003109959
2932 0.0002963813
2990 0.0002831665
2998 0.0002001900
3065 0.0001855192
3129 0.0001554075
3132 0.0001409981
3168 0.0000927308
3317 0.0000905887
3357 0.0000696316
3360 0.0000602917
3517 0.0000560026
3518 0.0000531069
3520 0.0000442835
3557 0.0000395671
3605 0.0000370667
3607 0.0000319109
3724 0.0000279409
3736 0.0000170254
3831 0.0000146205
3912 0.0000144443
3937 0.0000105982
3960 0.0000097304
3995 0.0000049145
4275 0.0000047749
4283 0.0000039943
4301 0.0000039753
4311 0.0000038214
4356 0.0000028376
4379 0.0000027261
4441 0.0000022260
4447 0.0000015049
4547 0.0000012625
4584 0.0000011260
4628 0.0000008048
4839 0.0000005114
4863 0.0000004979
4893 0.0000004097
4922 0.0000003510
4977 0.0000003467
5047 0.0000002296
5213 0.0000001929
5220 0.0000001327
5252 0.0000001249
5339 0.0000000662
5476 0.0000000548
5490 0.0000000529
5498 0.0000000418
5522 0.0000000412
5555 0.0000000237
5754 0.0000000194
5799 0.0000000186
5815 0.0000000130
5904 0.0000000116
6023 0.0000000077
6096 0.0000000066
6144 0.0000000063
6148 0.0000000059
6173 0.0000000051
6175 0.0000000047
6259 0.0000000044
6300 0.0000000040
6325 0.0000000040
6326 0.0000000040
6331 0.0000000032
6365 0.0000000031
6393 0.0000000025
6466 0.0000000019
6470 0.0000000019
6481 0.0000000018
6519 0.0000000016
6544 0.0000000014
6592 0.0000000012
6637 0.0000000011
6644 0.0000000011
6672 0.0000000010
6727 0.0000000009
6773 0.0000000009
6779 0.0000000007
6798 0.0000000007
6802 0.0000000007
6825 0.0000000006
6856 0.0000000004
6906 0.0000000003
6977 0.0000000003
7046 0.0000000002
7088 0.0000000001
7158 0.0000000001
7241 0.0000000001
7278 0.0000000001
7525 0.0000000001
7533 0.0000000000
7541 0.0000000000
7579 0.0000000000
7637 0.0000000000
7692 0.0000000000
7823 0.0000000000
7890 0.0000000000
8000 0.0000000000
8073 0.0000000000
8146 0.0000000000
8252 0.0000000000
8299 0.0000000000
8343 0.0000000000
8418 0.0000000000
8439 0.0000000000
8485 0.0000000000
8556 0.0000000000
8576 0.0000000000
8601 0.0000000000
8608 0.0000000000
8635 0.0000000000
8656 0.0000000000
8757 0.0000000000
8887 0.0000000000
8909 0.0000000000
8972 0.0000000000
9106 0.0000000000
9188 0.0000000000
9228 0.0000000000
9323 0.0000000000
9461 0.0000000000
9494 0.0000000000
9836 0.0000000000
10352 0.0000000000
evaluations raw_y
1 368.2910481687
3 353.0557348837
7 303.4624624277
8 253.3201720491
16 251.4622906671
17 233.0294656923
19 200.5913116793
25 197.9578788504
27 184.9283409268
37 154.8700831067
39 153.1821707347
54 125.4677542923
63 124.6170480205
70 122.1183288768
78 96.0879162953
97 92.9697890137
99 79.1224973220
106 72.1171715535
138 66.5925801179
157 59.2600054973
161 52.4355754914
176 43.2859931886
183 41.3560476520
199 39.4470182878
207 35.6584279473
252 27.1832842451
265 23.6498996221
283 17.4428871249
290 16.1991417118
291 15.7421797881
299 9.5371907077
341 8.3219837222
412 7.9792926592
422 6.0709446658
425 5.2823933153
437 5.1607324482
440 3.7096182623
454 2.9921317805
463 2.8693319052
498 2.7209000769
520 2.5010440043
566 1.4703833745
604 1.4444873490
622 1.3933769276
644 1.2832705462
658 0.9425435039
713 0.8996528232
733 0.6161374097
776 0.5311904783
796 0.5050184591
813 0.4587770132
842 0.4583293190
849 0.3252485073
866 0.2505190324
1004 0.2258841659
1043 0.2179139163
1055 0.2134163054
1078 0.2086723031
1084 0.1865774669
1121 0.1747710412
1131 0.1447343194
1137 0.1184933851
1259 0.0966173978
1292 0.0910412473
1306 0.0852255774
1314 0.0766801028
1344 0.0692631478
1359 0.0667932043
1363 0.0625705843
1396 0.0584260517
1402 0.0553175235
1453 0.0539036666
1477 0.0441889013
1493 0.0348596985
1528 0.0303073645
1546 0.0288900247
1555 0.0260630614
1580 0.0257503798
1594 0.0240768987
1614 0.0224432229
1619 0.0212468766
1639 0.0183584339
1686 0.0153180488
1702 0.0123059015
1753 0.0107105215
1815 0.0070913873
1833 0.0067715009
1950 0.0067583307
2006 0.0063427652
2017 0.0052900840
2063 0.0049057349
2143 0.0046122152
2169 0.0038131008
2194 0.0032009906
2215 0.0024948027
2274 0.0024655537
2314 0.0022176525
2340 0.0018427175
2379 0.0017458419
2405 0.0013147577
2471 0.0012790767
2518 0.0011559152
2521 0.0010987137
2567 0.0009251381
2674 0.0009218393
2682 0.0008990011
2689 0.0008523695
2710 0.0007444492
2737 0.0006503228
2765 0.0002749518
2961 0.0002022239
3109 0.0001612772
3191 0.0001547804
3204 0.0001543607
3236 0.0001539151
3238 0.0001082037
3296 0.0000718101
3368 0.0000692710
3389 0.0000675089
3403 0.0000655501
3427 0.0000595480
3453 0.0000551701
3519 0.0000483176
3543 0.0000471076
3553 0.0000422244
3589 0.0000269131
3678 0.0000203138
3709 0.0000196635
3844 0.0000194642
3849 0.0000155220
3850 0.0000093613
3992 0.0000085361
4023 0.0000085179
4036 0.0000072532
4041 0.0000069197
4140 0.0000051468
4194 0.0000042625
4247 0.0000017145
4455 0.0000015850
4591 0.0000012861
4678 0.0000009397
4715 0.0000006575
4747 0.0000006350
4793 0.0000005577
4797 0.0000005337
4840 0.0000004354
4898 0.0000004167
4902 0.0000003756
4918 0.0000002481
4995 0.0000001786
5185 0.0000001707
5226 0.0000001543
5230 0.0000001269
5277 0.0000000856
5397 0.0000000824
5423 0.0000000631
5477 0.0000000540
5582 0.0000000437
5604 0.0000000269
5734 0.0000000268
5785 0.0000000220
5798 0.0000000179
5874 0.0000000173
5875 0.0000000158
5927 0.0000000144
5939 0.0000000115
5969 0.0000000100
6029 0.0000000057
6154 0.0000000055
6207 0.0000000053
6229 0.0000000042
6233 0.0000000032
6264 0.0000000024
6390 0.0000000024
6436 0.0000000020
6454 0.0000000018
6472 0.0000000014
6493 0.0000000013
6562 0.0000000012
6618 0.0000000009
6686 0.0000000007
6741 0.0000000007
6747 0.0000000006
6755 0.0000000006
6792 0.0000000005
6858 0.0000000004
6914 0.0000000004
6933 0.0000000003
6982 0.0000000002
6995 0.0000000002
7004 0.0000000002
7110 0.0000000002
7131 0.0000000002
7162 0.0000000001
7168 0.0000000001
7259 0.0000000001
7291 0.0000000001
7300 0.0000000001
7401 0.0000000001
7430 0.0000000000
7481 0.0000000000
7611 0.0000000000
7634 0.0000000000
7765 0.0000000000
7792 0.0000000000
7809 0.0000000000
8009 0.0000000000
8016 0.0000000000
8047 0.0000000000
8064 0.0000000000
8168 0.0000000000
8265 0.0000000000
8359 0.0000000000
8361 0.0000000000
8371 0.0000000000
8439 0.0000000000
8514 0.0000000000
8566 0.0000000000
8578 0.0000000000
8603 0.0000000000
8614 0.0000000000
8627 0.0000000000
8631 0.0000000000
8650 0.0000000000
8673 0.0000000000
8734 0.0000000000
8739 0.0000000000
8742 0.0000000000
8752 0.0000000000
8760 0.0000000000
8797 0.0000000000
8803 0.0000000000
8849 0.0000000000
8869 0.0000000000
8910 0.0000000000
8991 0.0000000000
9055 0.0000000000
9065 0.0000000000
9082 0.0000000000
9177 0.0000000000
9204 0.0000000000
9244 0.0000000000
9346 0.0000000000
9494 0.0000000000
9576 0.0000000000
9595 0.0000000000
9637 0.0000000000
9694 0.0000000000
9758 0.0000000000
9885 0.0000000000
9950 0.0000000000
9999 0.0000000000
10040 0.0000000000
10065 0.0000000000
10086 0.0000000000
10258 0.0000000000
10269 0.0000000000
10313 0.0000000000
10376 0.0000000000
10410 0.0000000000
10437 0.0000000000
10456 0.0000000000
10519 0.0000000000
10568 0.0000000000
10747 0.0000000000
11228 0.0000000000
evaluations raw_y
1 365.1841284145
2 262.0097489340
13 180.8629286786
38 118.1358026691
56 113.3523933475
58 107.7520705205
59 104.2431151292
64 70.8311824702
79 65.2064289430
91 63.9458359051
123 44.3761589692
212 43.1278532072
213 32.9180473513
253 29.4138345468
265 26.0873337369
282 23.1831081297
296 22.7892827109
298 20.9880589964
300 20.5207240512
304 18.4058421440
307 11.4524046111
359 10.6995773707
373 8.6051198253
379 7.2129141865
397 6.9332027778
412 4.4230649968
433 3.7291751539
460 3.2777909617
476 2.3029709799
489 2.2904284709
529 2.1445320461
556 1.8272264796
575 1.2550953968
627 1.1837560627
631 1.1029577496
638 1.0847713215
659 0.9770638051
660 0.9688112002
676 0.6182665338
698 0.5999535317
728 0.5773367070
742 0.5679449424
762 0.5611085968
770 0.4992766624
777 0.4174242128
869 0.3931960420
903 0.3864717658
905 0.2928250129
927 0.2243109220
1012 0.2090683504
1084 0.1843589019
1122 0.1803811097
1136 0.1491335462
1141 0.1440791278
1158 0.1029010131
1255 0.0987690894
1271 0.0764188939
1321 0.0680791604
1362 0.0646197168
1383 0.0617653145
1405 0.0566822362
1463 0.0553901796
1476 0.0403431241
1479 0.0346236271
1528 0.0256561711
1613 0.0237601048
1641 0.0230064295
1694 0.0219338384
1702 0.0188230428
1767 0.0167511304
1785 0.0126860578
1805 0.0120647916
1854 0.0088733812
1951 0.0073614676
1968 0.0064594944
1985 0.0049452639
2027 0.0046549382
2098 0.0044040888
2253 0.0033349240
2289 0.0022350385
2381 0.0019569429
2410 0.0010362142
2514 0.0009268129
2576 0.0007719423
2660 0.0007037351
2694 0.0007031264
2744 0.0005154967
2763 0.0005031063
2782 0.0004314334
2790 0.0004053060
2839 0.0003774485
2860 0.0003529716
2881 0.0003204749
2896 0.0002746028
2941 0.0002522196
2986 0.0002489064
3002 0.0002425673
3010 0.0002290362
3021 0.0001746180
3159 0.0001530782
3176 0.0001441505
3189 0.0001312131
3213 0.0000971543
3333 0.0000902726
3356 0.0000772623
3399 0.0000688429
3421 0.0000676423
3445 0.0000465316
3483 0.0000387576
3486 0.0000291791
3661 0.0000282165
3684 0.0000225101
3761 0.0000189199
3776 0.0000179145
3811 0.0000162952
3836 0.0000158314
3845 0.0000111448
3959 0.0000110446
3961 0.0000080662
4058 0.0000067863
4127 0.0000066355
4141 0.0000052007
4187 0.0000051638
4195 0.0000041317
4282 0.0000030264
4482 0.0000021659
4497 0.0000021144
4543 0.0000016147
4613 0.0000013974
4681 0.0000013562
4694 0.0000011924
4755 0.0000011581
4760 0.0000010097
4762 0.0000009727
4791 0.0000009050
4797 0.0000006998
4833 0.0000006471
4853 0.0000005481
4892 0.0000005313
4940 0.0000004704
4958 0.0000004565
4964 0.0000004241
5061 0.0000004221
5089 0.0000003883
5100 0.0000001991
5164 0.0000001944
5265 0.0000001925
5318 0.0000001527
5399 0.0000001339
5409 0.0000001246
5518 0.0000000790
5583 0.0000000549
5637 0.0000000449
5755 0.0000000383
5771 0.0000000372
5813 0.0000000362
5831 0.0000000319
5846 0.0000000248
5883 0.0000000244
5901 0.0000000239
5947 0.0000000216
5960 0.0000000209
5988 0.0000000154
6012 0.0000000142
6035 0.0000000131
6075 0.0000000128
6116 0.0000000128
6119 0.0000000118
6132 0.0000000091
6172 0.0000000083
6209 0.0000000079
6278 0.0000000075
6282 0.0000000054
6335 0.0000000050
6351 0.0000000049
6365 0.0000000046
6370 0.0000000043
6395 0.0000000034
6404 0.0000000029
6454 0.0000000028
6486 0.0000000026
6560 0.0000000023
6614 0.0000000017
6618 0.0000000014
6701 0.0000000014
6722 0.0000000010
6761 0.0000000009
6844 0.0000000008
6857 0.0000000006
6862 0.0000000006
6890 0.0000000006
6901 0.0000000006
6913 0.0000000006
6914 0.0000000005
6969 0.0000000005
6986 0.0000000004
7036 0.0000000003
7094 0.0000000002
7122 0.0000000002
7248 0.0000000002
7266 0.0000000002
7274 0.0000000002
7279 0.0000000001
7331 0.0000000001
7360 0.0000000001
7401 0.0000000001
7453 0.0000000001
7531 0.0000000001
7573 0.0000000001
7576 0.0000000000
7706 0.0000000000
7762 0.0000000000
7818 0.0000000000
7838 0.0000000000
7923 0.0000000000
7927 0.0000000000
8068 0.0000000000
8159 0.0000000000
8199 0.0000000000
8205 0.0000000000
8242 0.0000000000
8247 0.0000000000
8259 0.0000000000
8280 0.0000000000
8287 0.0000000000
8316 0.0000000000
8324 0.0000000000
8326 0.0000000000
8366 0.0000000000
8372 0.0000000000
8424 0.0000000000
8468 0.0000000000
8472 0.0000000000
8573 0.0000000000
8713 0.0000000000
8831 0.0000000000
8866 0.0000000000
8886 0.0000000000
8922 0.0000000000
8996 0.0000000000
8998 0.0000000000
9004 0.0000000000
9179 0.0000000000
9282 0.0000000000
9404 0.0000000000
9511 0.0000000000
9576 0.0000000000
9733 0.0000000000
9865 0.0000000000
10269 0.0000000000
10357 0.0000000000
evaluations raw_y
1 297.7073704354
3 236.4845621799
8 157.7769847861
49 89.1668866505
78 68.0910742691
96 55.7045892581
97 53.8021909162
112 44.1000316367
225 41.5580418201
226 19.9468189511
335 18.6998567410
343 15.7999077864
349 14.2386838450
352 11.5676874478
367 11.0244435097
373 10.7855946723
380 10.2072954160
383 7.1621916167
420 5.6723370530
445 4.3770021821
532 4.1042650740
574 3.2067022456
590 2.5611326596
599 1.4842393515
723 1.0580672806
763 0.7253601317
805 0.6429709673
817 0.5879908018
819 0.4432020983
903 0.3114040723
1024 0.2682164020
1066 0.2063080062
1112 0.1828922796
1160 0.1677334168
1165 0.1600100651
1254 0.1220610723
1280 0.1188529633
1331 0.1022565096
1355 0.0937116296
1368 0.0717350934
1476 0.0605662557
1569 0.0599657547
1573 0.0533556027
1578 0.0492252925
1591 0.0377328327
1651 0.0356130254
1658 0.0236775758
1792 0.0219146323
1800 0.0209888284
1809 0.0147035061
1877 0.0101449165
1988 0.0096305742
1990 0.0066278095
2094 0.0056668321
2183 0.0033450103
2273 0.0025039364
2364 0.0024278292
2430 0.0021956562
2444 0.0021784760
2468 0.0017647323
2485 0.0015713192
2493 0.0012624011
2631 0.0012019128
2639 0.0008779631
2672 0.0007761686
2679 0.0007451992
2735 0.0007412160
2776 0.0006605220
2816 0.0006198212
2829 0.0005417127
2883 0.0003846264
2917 0.0003049407
2973 0.0003034150
2988 0.0002754916
3040 0.0002481415
3065 0.0002357905
3068 0.0001881709
3149 0.0001791624
3167 0.0001752861
3185 0.0001682755
3191 0.0001283170
3243 0.0001026037
3248 0.0000994903
3260 0.0000872839
3373 0.0000824424
3382 0.0000720877
3415 0.0000510537
3549 0.0000436441
3589 0.0000416050
3616 0.0000346569
3667 0.0000335041
3676 0.0000295235
3710 0.0000254474
3757 0.0000189552
3766 0.0000173221
3888 0.0000127243
3934 0.0000113814
3996 0.0000111590
3997 0.0000104075
4008 0.0000082881
4078 0.0000061576
4108 0.0000053263
4149 0.0000033695
4326 0.0000028918
4404 0.0000028427
4435 0.0000023629
4509 0.0000016100
4576 0.0000012804
4585 0.0000011776
4670 0.0000010487
4708 0.0000010383
4715 0.0000008707
4735 0.0000008559
4829 0.0000008320
4895 0.0000005311
5039 0.0000003969
5056 0.0000003913
5078 0.0000003653
5106 0.0000002660
5160 0.0000002094
5209 0.0000002007
5271 0.0000001614
5294 0.0000001411
5311 0.0000001360
5322 0.0000001353
5352 0.0000000862
5511 0.0000000627
5666 0.0000000611
5671 0.0000000571
5681 0.0000000479
5709 0.0000000406
5730 0.0000000338
5813 0.0000000297
5880 0.0000000269
5903 0.0000000202
5919 0.0000000142
6031 0.0000000103
6070 0.0000000063
6238 0.0000000060
6279 0.0000000049
6328 0.0000000047
6348 0.0000000030
6400 0.0000000028
6472 0.0000000023
6563 0.0000000019
6606 0.0000000017
6627 0.0000000013
6674 0.0000000013
6753 0.0000000009
6792 0.0000000007
6876 0.0000000006
6917 0.0000000005
6954 0.0000000003
7054 0.0000000003
7091 0.0000000002
7112 0.0000000002
7241 0.0000000001
7281 0.0000000001
7381 0.0000000001
7389 0.0000000001
7412 0.0000000001
7415 0.0000000001
7419 0.0000000001
7428 0.0000000001
7430 0.0000000001
7451 0.0000000001
7452 0.0000000001
7490 0.0000000001
7504 0.0000000000
7651 0.0000000000
7658 0.0000000000
7710 0.0000000000
7733 0.0000000000
7809 0.0000000000
7827 0.0000000000
7870 0.0000000000
7910 0.0000000000
7959 0.0000000000
7985 0.0000000000
8043 0.0000000000
8074 0.0000000000
8108 0.0000000000
8139 0.0000000000
8219 0.0000000000
8235 0.0000000000
8456 0.0000000000
8458 0.0000000000
8489 0.0000000000
8505 0.0000000000
8519 0.0000000000
8564 0.0000000000
8570 0.0000000000
8605 0.0000000000
8660 0.0000000000
8670 0.0000000000
8730 0.0000000000
8772 0.0000000000
8813 0.0000000000
8885 0.0000000000
9092 0.0000000000
9099 0.0000000000
9279 0.0000000000
9290 0.0000000000
9313 0.0000000000
9317 0.0000000000
9350 0.0000000000
9352 0.0000000000
9394 0.0000000000
9468 0.0000000000
9509 0.0000000000
9533 0.0000000000
9543 0.0000000000
9793 0.0000000000
9894 0.0000000000
10017 0.0000000000
10057 0.0000000000
10480 0.0000000000
10827 0.0000000000
evaluations raw_y
1 368.0521060162
4 347.9377347323
5 315.3118242936
15 285.9588897729
18 264.1595745261
22 247.7437486392
29 207.9235167653
32 183.6929168522
43 182.1890712862
46 164.9388026525
47 147.3645512079
55 115.4188215977
66 94.6065995460
87 61.0534442275
107 53.3733557997
111 41.0727925793
176 30.4630189799
198 28.8279417792
201 27.6161049650
222 24.7728561752
230 15.5670076131
294 11.7780613168
312 10.6603823194
316 9.0829663878
327 8.8428268619
374 5.8887407201
424 5.2188885784
434 4.8011897752
442 2.2159730482
476 2.1953993753
528 2.1784115236
530 1.9553592998
534 1.9256110562
548 1.8420330978
554 1.5868439419
570 1.3131651032
577 1.1979217838
610 1.1655910029
619 1.0721597544
637 0.7518031232
642 0.7204049387
649 0.6180579052
728 0.5614268995
733 0.2996404996
891 0.2495133935
920 0.2373050433
969 0.2041232635
1015 0.1520408592
1029 0.1433127623
1047 0.0689076696
1299 0.0687951043
1300 0.0537372012
1346 0.0520521286
1397 0.0501721332
1404 0.0437221948
1413 0.0374655344
1463 0.0339229772
1477 0.0241368633
1585 0.0224727315
1605 0.0203434577
1657 0.0154475426
1660 0.0091895332
1820 0.0079986248
1909 0.0053327829
2096 0.0035521375
2176 0.0032765604
2236 0.0026101086
2240 0.0018511558
2295 0.0017047421
2359 0.0014590524
2452 0.0009571720
2474 0.0005580173
2695 0.0005187934
2744 0.0005131446
2790 0.0003355014
2836 0.0002118803
2981 0.0001630006
3067 0.0001496350
3136 0.0001399335
3188 0.0001075165
3193 0.0001071447
3261 0.0000979393
3275 0.0000913742
3295 0.0000846548
3301 0.0000747279
3315 0.0000612741
3318 0.0000568421
3392 0.0000397778
3435 0.0000394863
3474 0.0000300068
3563 0.0000290063
3565 0.0000269043
3580 0.0000240710
3606 0.0000207491
3704 0.0000157957
3754 0.0000121926
3803 0.0000097298
3867 0.0000078858
3895 0.0000056428
3953 0.0000043478
4033 0.0000042996
4167 0.0000041036
4199 0.0000040041
4216 0.0000037027
4219 0.0000031282
4247 0.0000025216
4269 0.0000020822
4304 0.0000020041
4357 0.0000019383
4400 0.0000018147
4405 0.0000013163
4457 0.0000011857
4505 0.0000009308
4527 0.0000009158
4542 0.0000008414
4586 0.0000006783
4591 0.0000003989
4797 0.0000003846
4886 0.0000002311
4936 0.0000002121
4966 0.0000001541
5034 0.0000001316
5166 0.0000001172
5216 0.0000000892
5356 0.0000000757
5358 0.0000000748
5371 0.0000000501
5415 0.0000000296
5545 0.0000000262
5678 0.0000000241
5695 0.0000000238
5728 0.0000000238
5735 0.0000000162
5779 0.0000000132
5833 0.0000000125
5862 0.0000000106
5932 0.0000000079
6089 0.0000000071
6102 0.0000000061
6131 0.0000000053
6154 0.0000000041
6203 0.0000000040
6264 0.0000000035
6279 0.0000000034
6283 0.0000000031
6335 0.0000000027
6337 0.0000000023
6424 0.0000000021
6428 0.0000000017
6462 0.0000000016
6475 0.0000000013
6512 0.0000000013
6514 0.0000000013
6519 0.0000000013
6540 0.0000000012
6546 0.0000000011
6550 0.0000000009
6555 0.0000000009
6623 0.0000000005
6760 0.0000000005
6776 0.0000000005
6783 0.0000000004
6814 0.0000000003
6904 0.0000000002
6935 0.0000000002
6976 0.0000000002
6979 0.0000000002
7043 0.0000000001
7046 0.0000000001
7221 0.0000000001
7291 0.0000000001
7321 0.0000000001
7324 0.0000000000
7334 0.0000000000
7366 0.0000000000
7390 0.0000000000
7421 0.0000000000
7502 0.0000000000
7543 0.0000000000
7633 0.0000000000
7718 0.0000000000
7737 0.0000000000
7813 0.0000000000
7822 0.0000000000
7872 0.0000000000
7889 0.0000000000
7909 0.0000000000
7914 0.0000000000
7980 0.0000000000
8025 0.0000000000
8031 0.0000000000
8104 0.0000000000
8257 0.0000000000
8326 0.0000000000
8428 0.0000000000
8500 0.0000000000
8508 0.0000000000
8515 0.0000000000
8566 0.0000000000
8578 0.0000000000
8614 0.0000000000
8663 0.0000000000
8707 0.0000000000
8715 0.0000000000
8776 0.0000000000
8867 0.0000000000
8887 0.0000000000
8930 0.0000000000
9028 0.0000000000
9100 0.0000000000
9318 0.0000000000
9614 0.0000000000
evaluations raw_y
1 267.2134449634
4 208.7325754750
5 174.1200989045
14 143.4631819606
28 126.3582831776
37 100.7732468563
43 93.5458126416
45 85.7221469818
57 82.3331141363
61 72.3126024602
83 71.2728178069
84 58.7253709704
88 49.8597142945
117 39.9070880123
166 37.1185042305
168 31.3277511558
192 19.7383032880
205 17.1528334531
225 14.1015560916
247 13.9563057770
253 13.7684633189
256 10.3850689988
280 9.0735199261
360 8.7222566188
382 7.1458381789
392 6.2086276850
401 4.8621970910
416 4.4543175548
421 4.4167904440
434 2.8407082933
442 2.8198532614
489 1.8433123314
507 1.6909004243
515 1.5747863374
533 1.3783741429
538 1.3174361758
545 1.1482391411
608 1.1301847578
612 1.0881257053
617 0.7280724014
651 0.4602517380
683 0.4260996270
749 0.2753446092
839 0.2267804147
846 0.2222878323
898 0.2049023766
925 0.1485457851
1050 0.1468434368
1053 0.1433613499
1077 0.1066740702
1092 0.0952886786
1119 0.0763666366
1234 0.0458987096
1348 0.0390767702
1428 0.0388399423
1458 0.0348238638
1472 0.0262292831
1495 0.0221834940
1613 0.0198269561
1638 0.0177169789
1675 0.0172879802
1681 0.0169888881
1684 0.0165070524
1698 0.0164636491
1730 0.0155930462
1751 0.0131374834
1814 0.0105981788
1831 0.0089922219
1867 0.0083063050
1889 0.0079162307
1899 0.0065878885
2004 0.0061215772
2012 0.0059159988
2030 0.0054784531
2034 0.0038278253
2067 0.0034868231
2074 0.0031541507
2205 0.0021112824
2224 0.0013764811
2384 0.0013507000
2482 0.0011613734
2526 0.0009958894
2544 0.0007329087
2662 0.0006662989
2700 0.0006103118
2752 0.0004824622
2757 0.0004505348
2798 0.0004422696
2854 0.0004096772
2888 0.0003250489
3010 0.0003184290
3036 0.0002711734
3037 0.0002620800
3062 0.0001708507
3171 0.0001547754
3174 0.0001535252
3189 0.0001484382
3192 0.0001413903
3207 0.0001400057
3225 0.0001342651
3260 0.0001155578
3265 0.0000858612
3266 0.0000830285
3357 0.0000592978
3475 0.0000582966
3549 0.0000574066
3550 0.0000551298
3562 0.0000456226
3565 0.0000441339
3586 0.0000402534
3606 0.0000329730
3624 0.0000302150
3625 0.0000258039
3638 0.0000251799
3710 0.0000160795
3840 0.0000126222
3910 0.0000112263
3956 0.0000104677
3987 0.0000089794
4100 0.0000052227
4251 0.0000045821
4311 0.0000043939
4313 0.0000026568
4461 0.0000024319
4552 0.0000024111
4568 0.0000010545
4726 0.0000010426
4730 0.0000010259
4775 0.0000009477
4824 0.0000007852
4854 0.0000007016
4949 0.0000006294
4986 0.0000004560
5006 0.0000004202
5043 0.0000003172
5073 0.0000002797
5162 0.0000002598
5214 0.0000002184
5242 0.0000002133
5290 0.0000002118
5293 0.0000002028
5311 0.0000001916
5316 0.0000001698
5325 0.0000001435
5344 0.0000000899
5499 0.0000000695
5551 0.0000000646
5585 0.0000000518
5633 0.0000000480
5638 0.0000000418
5691 0.0000000342
5709 0.0000000292
5760 0.0000000289
5785 0.0000000237
5787 0.0000000221
5797 0.0000000200
5835 0.0000000162
5925 0.0000000100
6092 0.0000000071
6110 0.0000000061
6121 0.0000000040
6321 0.0000000039
6350 0.0000000039
6366 0.0000000038
6380 0.0000000032
6394 0.0000000027
6429 0.0000000026
6489 0.0000000020
6547 0.0000000018
6584 0.0000000015
6628 0.0000000014
6649 0.0000000013
6670 0.0000000013
6677 0.0000000013
6696 0.0000000010
6707 0.0000000009
6763 0.0000000008
6788 0.0000000006
6814 0.0000000006
6902 0.0000000006
6908 0.0000000005
6951 0.0000000004
6984 0.0000000003
7024 0.0000000003
7105 0.0000000003
7120 0.0000000002
7191 0.0000000002
7215 0.0000000002
7254 0.0000000001
7261 0.0000000001
7325 0.0000000001
7478 0.0000000001
7483 0.0000000001
7491 0.0000000001
7523 0.0000000001
7544 0.0000000001
7591 0.0000000001
7612 0.0000000000
7667 0.0000000000
7715 0.0000000000
7724 0.0000000000
7751 0.0000000000
7755 0.0000000000
7831 0.0000000000
7849 0.0000000000
7869 0.0000000000
7896 0.0000000000
7927 0.0000000000
7932 0.0000000000
8012 0.0000000000
8076 0.0000000000
8130 0.0000000000
8241 0.0000000000
8254 0.0000000000
8257 0.0000000000
8269 0.0000000000
8457 0.0000000000
8498 0.0000000000
8511 0.0000000000
8527 0.0000000000
8586 0.0000000000
8638 0.0000000000
8692 0.0000000000
8737 0.0000000000
8752 0.0000000000
8756 0.0000000000
8793 0.0000000000
8871 0.0000000000
8872 0.0000000000
8899 0.0000000000
8918 0.0000000000
8946 0.0000000000
8948 0.0000000000
9087 0.0000000000
9090 0.0000000000
9120 0.0000000000
9164 0.0000000000
9190 0.0000000000
9196 0.0000000000
9230 0.0000000000
9375 0.0000000000
9403 0.0000000000
9440 0.0000000000
9487 0.0000000000
9601 0.0000000000
9774 0.0000000000
10079 0.0000000000
10383 0.0000000000
evaluations raw_y
1 439.2199668787
2 335.2585517495
4 335.0287347924
6 325.5526242250
8 304.7354616255
10 272.6392896963
13 184.5166534349
47 146.9873086063
66 125.4893754235
115 118.1785409936
117 79.9567028466
140 72.4963292111
172 64.1486923250
195 48.0356831986
211 41.8813248102
214 39.1412121980
224 36.4944217802
230 34.6541194159
257 33.4547207490
260 27.6774229109
266 27.1313356091
272 25.1275413742
279 20.0729454542
319 17.1907998194
321 15.1191391432
358 13.9854768623
363 12.9192389034
375 11.3846774324
379 9.1023298668
397 8.6294721324
441 7.5623875624
459 6.2721434112
484 6.2123393002
487 5.7019765401
496 4.2078474069
511 3.7513275315
512 2.3967643797
539 1.9366867704
622 1.2715535256
664 0.9497238148
714 0.5755500729
755 0.4678027050
779 0.3716168769
856 0.3706336512
894 0.3703763661
902 0.3698165149
905 0.3692704459
912 0.2652037193
940 0.2424363117
1026 0.2195597327
1051 0.2164679182
1061 0.2074219403
1091 0.1972413556
1129 0.1945334210
1143 0.1540840844
1165 0.1144199236
1202 0.1092119218
1213 0.0959264713
1227 0.0950010695
1264 0.0861682784
1278 0.0828366749
1328 0.0687105640
1378 0.0533569017
1462 0.0504843684
1483 0.0411917841
1498 0.0295628706
1603 0.0245234305
1637 0.0237569503
1646 0.0134451161
1803 0.0115348968
1886 0.0094449123
1961 0.0058362687
1966 0.0058329142
2105 0.0051334610
2160 0.0047011023
2164 0.0040525662
2252 0.0037425657
2274 0.0033080217
2286 0.0031709380
2298 0.0031014401
2305 0.0030498064
2317 0.0025897471
2318 0.0022581933
2357 0.0021468049
2377 0.0017544230
2447 0.0013345604
2491 0.0010552585
2630 0.0009121335
2655 0.0007075050
2658 0.0006941879
2706 0.0006428942
2746 0.0006274927
2751 0.0004585979
2813 0.0004303151
2821 0.0004064270
2839 0.0004024362
2869 0.0003627446
2925 0.0003519346
2945 0.0003090376
2955 0.0002936165
2977 0.0002579681
2991 0.0001329771
3178 0.0001276290
3196 0.0001170000
3212 0.0001058258
3293 0.0000836699
3300 0.0000716219
3376 0.0000642506
3426 0.0000637915
3446 0.0000494584
3497 0.0000443614
3523 0.0000362549
3530 0.0000359643
3547 0.0000348305
3558 0.0000305242
3559 0.0000245428
3654 0.0000201122
3668 0.0000197834
3768 0.0000133953
3818 0.0000084034
3898 0.0000062785
4134 0.0000044607
4254 0.0000041703
4265 0.0000035986
4270 0.0000025099
4407 0.0000019007
4451 0.0000009956
4662 0.0000005922
4762 0.0000005872
4800 0.0000005459
4806 0.0000004683
4815 0.0000003755
4924 0.0000003690
4946 0.0000003658
4954 0.0000003246
5010 0.0000002472
5036 0.0000002445
5080 0.0000001999
5130 0.0000001450
5162 0.0000001409
5210 0.0000001229
5223 0.0000001210
5236 0.0000001127
5254 0.0000001055
5255 0.0000001048
5275 0.0000000983
5290 0.0000000860
5299 0.0000000605
5321 0.0000000576
5523 0.0000000424
5525 0.0000000382
5608 0.0000000367
5622 0.0000000295
5638 0.0000000289
5678 0.0000000273
5680 0.0000000234
5727 0.0000000152
5845 0.0000000124
5896 0.0000000123
5954 0.0000000090
5998 0.0000000082
6019 0.0000000068
6068 0.0000000060
6139 0.0000000058
6154 0.0000000054
6188 0.0000000052
6202 0.0000000046
6243 0.0000000040
6266 0.0000000033
6296 0.0000000027
6358 0.0000000018
6411 0.0000000016
6567 0.0000000014
6575 0.0000000013
6621 0.0000000013
6622 0.0000000010
6625 0.0000000010
6648 0.0000000010
6679 0.0000000007
6729 0.0000000005
6743 0.0000000005
6804 0.0000000005
6851 0.0000000004
6869 0.0000000003
6908 0.0000000003
6911 0.0000000003
6976 0.0000000002
7001 0.0000000002
7012 0.0000000002
7043 0.0000000001
7101 0.0000000001
7187 0.0000000001
7278 0.0000000001
7356 0.0000000000
7402 0.0000000000
7432 0.0000000000
7436 0.0000000000
7515 0.0000000000
7566 0.0000000000
7606 0.0000000000
7656 0.0000000000
7692 0.0000000000
7749 0.0000000000
7754 0.0000000000
7823 0.0000000000
7856 0.0000000000
7896 0.0000000000
7958 0.0000000000
7969 0.0000000000
8026 0.0000000000
8059 0.0000000000
8075 0.0000000000
8116 0.0000000000
8122 0.0000000000
8224 0.0000000000
8241 0.0000000000
8330 0.0000000000
8354 0.0000000000
8373 0.0000000000
8479 0.0000000000
8607 0.0000000000
8680 0.0000000000
8723 0.0000000000
8732 0.0000000000
8795 0.0000000000
8906 0.0000000000
8910 0.0000000000
8950 0.0000000000
8965 0.0000000000
9000 0.0000000000
9011 0.0000000000
9186 0.0000000000
9214 0.0000000000
9240 0.0000000000
9272 0.0000000000
9327 0.0000000000
9768 0.0000000000
10036 0.0000000000
evaluations raw_y
1 459.4697545015
4 441.8006211602
5 337.7167191247
15 308.2048371167
22 227.9408010223
32 213.1733826398
37 207.0035054410
40 188.2715803846
41 171.1414696261
49 148.2968624378
53 140.9113360651
55 139.5516698539
64 117.0730228034
75 112.7928211111
88 111.4551269327
90 106.3970299958
93 93.7871485820
103 84.7434738880
108 61.2174495071
115 61.0244392566
174 55.5179717987
210 53.4338486138
218 47.6646636316
233 34.9181688431
252 29.2198983881
253 23.4676906831
266 23.1012860390
287 16.6531879086
290 13.8556924111
317 12.4160239831
333 11.1300659141
336 10.0889773410
382 10.0418135657
404 8.7705606032
414 8.6187571788
429 7.7857633027
432 7.5921781333
435 6.9560349799
447 5.9747351771
466 5.6405282327
472 3.2116820199
490 2.8305238208
500 2.5301702669
540 1.9083572367
581 1.7433350821
597 1.0862198884
643 1.0102692676
661 0.9443926357
699 0.8141904218
720 0.6563315439
744 0.5838829976
761 0.4823989057
771 0.4751605458
802 0.4051185447
827 0.3799951209
830 0.3442169402
878 0.2960609207
881 0.2570662899
907 0.2330290968
1034 0.1906264378
1067 0.1678112461
1086 0.0979470487
1287 0.0932896757
1310 0.0894917629
1324 0.0797760703
1333 0.0768628758
1364 0.0576182364
1410 0.0570969868
1450 0.0449153999
1534 0.0448675907
1570 0.0434752528
1572 0.0404005178
1620 0.0260029853
1725 0.0226606787
1742 0.0199769029
1823 0.0193739201
1877 0.0183227369
1891 0.0175123773
1896 0.0160274282
1925 0.0124804237
1945 0.0083777408
2066 0.0072966567
2080 0.0066977713
2083 0.0045678737
2186 0.0042494141
2227 0.0023460799
2338 0.0021454213
2420 0.0013954694
2457 0.0009757258
2732 0.0009701222
2752 0.0006440753
2777 0.0005614943
2917 0.0004516139
2923 0.0004013884
2968 0.0002598738
3077 0.0002183581
3113 0.0002136267
3131 0.0002122694
3174 0.0002102763
3184 0.0001758139
3295 0.0001651795
3302 0.0001185344
3305 0.0000953685
3342 0.0000918593
3344 0.0000862248
3450 0.0000681153
3498 0.0000652625
3548 0.0000641198
3552 0.0000622459
3568 0.0000410507
3572 0.0000398920
3627 0.0000396351
3646 0.0000358034
3652 0.0000278396
3776 0.0000274700
3790 0.0000222032
3813 0.0000215786
3868 0.0000170947
3880 0.0000159499
3926 0.0000121152
3940 0.0000068766
4090 0.0000061574
4179 0.0000042037
4256 0.0000037459
4370 0.0000027004
4392 0.0000023331
4514 0.0000017638
4529 0.0000013604
4560 0.0000011233
4573 0.0000009132
4784 0.0000004780
4937 0.0000004707
4942 0.0000003185
4964 0.0000003134
5056 0.0000003122
5107 0.0000002675
5132 0.0000002453
5158 0.0000002188
5219 0.0000001952
5284 0.0000001521
5343 0.0000001359
5377 0.0000001251
5394 0.0000001235
5397 0.0000001078
5412 0.0000001054
5431 0.0000000911
5443 0.0000000865
5445 0.0000000664
5467 0.0000000536
5589 0.0000000515
5645 0.0000000394
5712 0.0000000326
5722 0.0000000314
5744 0.0000000307
5760 0.0000000287
5805 0.0000000249
5849 0.0000000234
5877 0.0000000230
5884 0.0000000171
5967 0.0000000145
5968 0.0000000121
5976 0.0000000111
6043 0.0000000108
6076 0.0000000079
6093 0.0000000061
6155 0.0000000060
6190 0.0000000059
6204 0.0000000054
6245 0.0000000052
6270 0.0000000049
6275 0.0000000043
6390 0.0000000042
6405 0.0000000041
6409 0.0000000041
6411 0.0000000037
6413 0.0000000035
6426 0.0000000030
6446 0.0000000029
6450 0.0000000028
6480 0.0000000022
6524 0.0000000022
6533 0.0000000019
6547 0.0000000017
6617 0.0000000016
6689 0.0000000012
6724 0.0000000011
6765 0.0000000011
6770 0.0000000010
6791 0.0000000009
6801 0.0000000007
6846 0.0000000007
6851 0.0000000005
6922 0.0000000004
7030 0.0000000004
7033 0.0000000003
7043 0.0000000003
7115 0.0000000002
7131 0.0000000002
7223 0.0000000001
7251 0.0000000001
7328 0.0000000001
7371 0.0000000001
7395 0.0000000001
7408 0.0000000001
7477 0.0000000001
7486 0.0000000001
7493 0.0000000001
7502 0.0000000001
7524 0.0000000000
7554 0.0000000000
7666 0.0000000000
7702 0.0000000000
7705 0.0000000000
7814 0.0000000000
7835 0.0000000000
7896 0.0000000000
7973 0.0000000000
7984 0.0000000000
8018 0.0000000000
8052 0.0000000000
8065 0.0000000000
8085 0.0000000000
8091 0.0000000000
8096 0.0000000000
8169 0.0000000000
8189 0.0000000000
8231 0.0000000000
8244 0.0000000000
8288 0.0000000000
8404 0.0000000000
8495 0.0000000000
8524 0.0000000000
8601 0.0000000000
8702 0.0000000000
8823 0.0000000000
8845 0.0000000000
9027 0.0000000000
9133 0.0000000000
9562 0.0000000000
evaluations raw_y
1 213.1541186370
4 198.0613284233
12 172.4981306098
26 154.7910290325
44 139.9624298850
49 118.4482554123
55 93.6582820224
64 88.3467013631
77 84.4765713514
84 83.7209497092
86 76.1941866973
88 49.3483607095
114 46.9862142671
134 40.6546797723
139 38.0895783477
143 31.2679706549
145 28.6356117374
161 24.8810488091
181 15.8019377181
248 15.1882932578
264 9.9679716690
284 7.0386275598
352 6.3877164951
361 5.8955806931
362 4.9851104767
381 4.7825141091
389 3.1128224020
413 2.0657352402
468 1.7321094444
503 1.4718322572
534 1.3050194622
568 1.2158211653
569 0.7883236049
670 0.7409547874
674 0.5891591337
697 0.4642611661
807 0.3296939862
882 0.3101384484
924 0.3019965204
932 0.2607553550
964 0.2518388285
985 0.1362044141
1007 0.1051589893
1265 0.0914073634
1335 0.0832753505
1401 0.0796115381
1463 0.0441258172
1475 0.0416817536
1543 0.0416069110
1559 0.0309077981
1608 0.0248245283
1719 0.0182750624
1839 0.0179774513
1865 0.0173413531
1880 0.0140906364
1885 0.0131467725
1958 0.0126803866
1993 0.0124697555
1997 0.0106011206
2020 0.0105013727
2026 0.0090239877
2034 0.0078064198
2048 0.0070542158
2065 0.0052173189
2178 0.0041334897
2302 0.0034000461
2310 0.0030693457
2333 0.0023893415
2389 0.0020817547
2424 0.0016721923
2520 0.0016495998
2550 0.0012965558
2594 0.0011558998
2632 0.0009234532
2668 0.0009084757
2728 0.0007673912
2740 0.0007024771
2800 0.0005270803
2867 0.0004213735
2984 0.0003216559
2989 0.0002703459
3021 0.0002051583
3170 0.0001869264
3186 0.0001532879
3244 0.0001335515
3269 0.0001291419
3330 0.0001147085
3336 0.0000855414
3372 0.0000682641
3436 0.0000505563
3503 0.0000489745
3619 0.0000478964
3620 0.0000457732
3622 0.0000429180
3625 0.0000362511
3661 0.0000359343
3685 0.0000293118
3741 0.0000284592
3743 0.0000269357
3764 0.0000265369
3777 0.0000233659
3849 0.0000201513
3855 0.0000181944
3918 0.0000156980
3941 0.0000143501
3961 0.0000096735
4116 0.0000082594
4122 0.0000076119
4184 0.0000070286
4215 0.0000054422
4287 0.0000052183
4413 0.0000051898
4426 0.0000036970
4503 0.0000034849
4543 0.0000034591
4562 0.0000034097
4579 0.0000029774
4601 0.0000025767
4614 0.0000023441
4623 0.0000017959
4708 0.0000016830
4742 0.0000012339
4773 0.0000011818
4803 0.0000010173
4872 0.0000007675
4879 0.0000006835
4947 0.0000005275
5020 0.0000004538
5116 0.0000003347
5241 0.0000002477
5304 0.0000002113
5327 0.0000001900
5334 0.0000001870
5345 0.0000001639
5406 0.0000001501
5461 0.0000001175
5501 0.0000001126
5526 0.0000001086
5552 0.0000001022
5586 0.0000000967
5597 0.0000000767
5622 0.0000000599
5663 0.0000000359
5717 0.0000000350
5753 0.0000000311
5819 0.0000000294
5869 0.0000000287
5893 0.0000000194
5936 0.0000000153
5994 0.0000000147
5997 0.0000000132
6027 0.0000000095
6106 0.0000000074
6141 0.0000000059
6258 0.0000000048
6276 0.0000000045
6316 0.0000000035
6389 0.0000000025
6488 0.0000000021
6516 0.0000000021
6575 0.0000000019
6596 0.0000000019
6625 0.0000000017
6636 0.0000000015
6681 0.0000000014
6720 0.0000000010
6722 0.0000000010
6745 0.0000000009
6794 0.0000000009
6820 0.0000000008
6843 0.0000000008
6873 0.0000000007
6899 0.0000000006
6917 0.0000000005
6942 0.0000000003
7026 0.0000000003
7066 0.0000000002
7116 0.0000000002
7178 0.0000000001
7270 0.0000000001
7346 0.0000000001
7429 0.0000000001
7588 0.0000000001
7600 0.0000000001
7617 0.0000000001
7639 0.0000000001
7644 0.0000000000
7656 0.0000000000
7679 0.0000000000
7786 0.0000000000
7842 0.0000000000
7894 0.0000000000
7958 0.0000000000
7997 0.0000000000
8063 0.0000000000
8107 0.0000000000
8145 0.0000000000
8381 0.0000000000
8396 0.0000000000
8423 0.0000000000
8497 0.0000000000
8516 0.0000000000
8552 0.0000000000
8634 0.0000000000
8665 0.0000000000
8677 0.0000000000
8804 0.0000000000
8958 0.0000000000
8978 0.0000000000
8988 0.0000000000
9073 0.0000000000
9133 0.0000000000
9313 0.0000000000
9467 0.0000000000
9932 0.0000000000
10058 0.0000000000
evaluations raw_y
1 396.1716310615
2 366.1790725011
5 313.0696206234
14 274.7186689592
28 264.6973419806
32 252.9261546507
39 247.4891796120
41 214.2527593336
43 166.2297067504
59 154.9584615727
61 119.0101440583
62 111.3277649803
79 97.0006801400
109 95.1835135180
114 86.3945476350
127 68.5137449909
140 41.7786447571
166 41.6142690042
192 37.4276804734
221 32.4517466317
255 21.7755124130
291 20.4616656961
308 19.6659489649
314 17.2318855344
325 15.0371620688
332 14.9197451063
361 13.0312895624
368 6.8162631495
407 6.5385212380
413 5.6659600116
438 4.1955740257
485 4.0335770968
495 3.8477669222
496 3.5975378113
519 2.9552561012
530 1.6315017621
606 1.4994733345
623 1.2964218140
641 1.2333374271
647 0.9673902484
671 0.8714964880
675 0.8233540776
690 0.8078680652
743 0.6901064597
745 0.6093137874
770 0.5827590232
785 0.5300396925
838 0.5224095628
842 0.4535243616
894 0.4300671867
910 0.4110085908
929 0.3862177170
934 0.3252258233
947 0.1658706198
1110 0.1510141995
1184 0.1235450015
1200 0.1133413516
1240 0.1124209363
1247 0.0941814993
1284 0.0853060592
1303 0.0817276565
1356 0.0630104876
1372 0.0575780562
1448 0.0447056875
1548 0.0369281241
1574 0.0364740896
1594 0.0302488413
1597 0.0262089579
1706 0.0255337258
1716 0.0254370861
1721 0.0228595545
1735 0.0143457636
1774 0.0096153279
1887 0.0092919084
1961 0.0079406037
1998 0.0058277996
2080 0.0027611003
2309 0.0027129977
2322 0.0026201548
2341 0.0025837072
2365 0.0020467216
2450 0.0014181278
2536 0.0009935762
2601 0.0009573764
2673 0.0009518848
2675 0.0008514738
2677 0.0008225777
2707 0.0007970224
2723 0.0007472163
2733 0.0005568997
2737 0.0005421182
2780 0.0005240844
2810 0.0003382652
2922 0.0003050491
2954 0.0002586264
2965 0.0002249927
2996 0.0002122884
3082 0.0001622043
3145 0.0001485920
3212 0.0001295187
3279 0.0001091571
3328 0.0000882324
3334 0.0000815413
3399 0.0000792468
3434 0.0000706610
3437 0.0000539139
3450 0.0000450139
3568 0.0000440471
3598 0.0000379734
3599 0.0000371867
3618 0.0000246090
3746 0.0000196724
3785 0.0000127952
3894 0.0000126167
3956 0.0000122728
3976 0.0000121951
3996 0.0000098840
4046 0.0000072835
4177 0.0000069567
4209 0.0000060654
4219 0.0000046121
4234 0.0000044102
4241 0.0000039590
4308 0.0000039143
4361 0.0000029692
4406 0.0000025298
4473 0.0000017798
4546 0.0000012225
4642 0.0000008735
4804 0.0000007160
4822 0.0000006936
4850 0.0000006457
4885 0.0000006452
4910 0.0000006358
4918 0.0000005761
4936 0.0000004507
5003 0.0000002300
5080 0.0000001939
5203 0.0000001204
5249 0.0000000981
5372 0.0000000866
5408 0.0000000798
5465 0.0000000686
5496 0.0000000666
5563 0.0000000479
5578 0.0000000449
5627 0.0000000301
5770 0.0000000268
5779 0.0000000253
5816 0.0000000219
5829 0.0000000178
5863 0.0000000168
5867 0.0000000152
5883 0.0000000136
5904 0.0000000132
5967 0.0000000122
5985 0.0000000093
6075 0.0000000068
6098 0.0000000067
6150 0.0000000062
6159 0.0000000059
6163 0.0000000056
6266 0.0000000052
6297 0.0000000036
6324 0.0000000036
6356 0.0000000036
6364 0.0000000029
6403 0.0000000020
6460 0.0000000015
6461 0.0000000012
6550 0.0000000010
6674 0.0000000007
6702 0.0000000007
6825 0.0000000004
6883 0.0000000002
7031 0.0000000002
7055 0.0000000002
7066 0.0000000001
7136 0.0000000001
7178 0.0000000001
7242 0.0000000001
7325 0.0000000001
7396 0.0000000001
7401 0.0000000000
7583 0.0000000000
7607 0.0000000000
7667 0.0000000000
7724 0.0000000000
7802 0.0000000000
7830 0.0000000000
7881 0.0000000000
7882 0.0000000000
7904 0.0000000000
7962 0.0000000000
8005 0.0000000000
8017 0.0000000000
8034 0.0000000000
8036 0.0000000000
8132 0.0000000000
8243 0.0000000000
8309 0.0000000000
8311 0.0000000000
8319 0.0000000000
8355 0.0000000000
8407 0.0000000000
8428 0.0000000000
8450 0.0000000000
8514 0.0000000000
8555 0.0000000000
8628 0.0000000000
8675 0.0000000000
8697 0.0000000000
8782 0.0000000000
8841 0.0000000000
8875 0.0000000000
8900 0.0000000000
8909 0.0000000000
9038 0.0000000000
9065 0.0000000000
9093 0.0000000000
9116 0.0000000000
9166 0.0000000000
9176 0.0000000000
9187 0.0000000000
9198 0.0000000000
9261 0.0000000000
9279 0.0000000000
9430 0.0000000000
9440 0.0000000000
9530 0.0000000000
9646 0.0000000000
9654 0.0000000000
9678 0.0000000000
9877 0.0000000000
9950 0.0000000000
9954 0.0000000000
10100 0.0000000000
10377 0.0000000000
10593 0.0000000000
evaluations raw_y
1 228.1351082353
24 227.9927246826
25 194.5736970367
30 171.7696722534
38 169.8349600733
50 148.4913656152
57 147.2920931454
66 144.4737363365
68 138.1178489851
72 136.8027120618
76 132.2776924556
87 131.8351687641
92 104.9934700700
113 99.8011154271
119 84.3591201288
122 72.5801020153
136 57.6407243013
141 33.2551063827
255 23.0409121215
338 20.8295184819
339 18.6458287360
360 14.6851358067
374 10.9664071739
405 10.8599708719
421 7.3983318255
468 5.2331417875
483 3.7344131315
541 2.2183805122
548 2.2039636163
608 1.6021573153
623 1.4997976095
665 1.0252057304
786 0.8414970072
790 0.8381509073
802 0.8190933300
814 0.6078529620
822 0.5160364039
854 0.4880552200
873 0.2619767906
1074 0.2173807769
1187 0.1810033683
1237 0.1443718072
1287 0.1331479819
1311 0.1074045443
1379 0.1020480042
1395 0.0941795795
1490 0.0856379271
1504 0.0707061223
1583 0.0646142208
1598 0.0635571026
1618 0.0624053293
1622 0.0559899989
1659 0.0458598895
1683 0.0306802023
1732 0.0290801016
1770 0.0249739508
1829 0.0234244568
1842 0.0183729505
1867 0.0175480903
1870 0.0145040977
1973 0.0119773295
2012 0.0104630805
2014 0.0086554272
2077 0.0085242106
2160 0.0077767915
2195 0.0071840472
2205 0.0067478080
2226 0.0065233888
2227 0.0050064253
2297 0.0046574656
2319 0.0038994933
2326 0.0032137744
2394 0.0030114200
2400 0.0021572191
2527 0.0019691310
2539 0.0013577372
2610 0.0013229236
2615 0.0013015080
2660 0.0009965028
2664 0.0008801059
2755 0.0007817815
2834 0.0006607153
2863 0.0005720678
2900 0.0003750468
2971 0.0003641465
3049 0.0003369991
3089 0.0001820971
3281 0.0001519023
3285 0.0001483488
3337 0.0001073717
3339 0.0000947712
3406 0.0000920484
3439 0.0000732253
3468 0.0000538374
3562 0.0000462307
3563 0.0000437475
3577 0.0000364254
3600 0.0000339383
3677 0.0000281497
3719 0.0000260529
3727 0.0000216395
3754 0.0000168646
3797 0.0000138851
3941 0.0000083421
4043 0.0000060164
4103 0.0000058435
4173 0.0000056121
4174 0.0000051253
4179 0.0000044030
4301 0.0000041986
4316 0.0000025491
4450 0.0000022901
4459 0.0000018279
4529 0.0000015304
4571 0.0000008317
4642 0.0000006537
4757 0.0000006269
4795 0.0000004430
4910 0.0000004268
4956 0.0000004129
4977 0.0000003469
5015 0.0000003378
5039 0.0000002599
5071 0.0000002409
5096 0.0000002399
5123 0.0000002192
5130 0.0000002156
5132 0.0000001937
5140 0.0000001870
5157 0.0000001851
5163 0.0000001739
5170 0.0000001726
5185 0.0000001525
5199 0.0000001439
5214 0.0000001354
5230 0.0000001153
5254 0.0000000995
5287 0.0000000920
5335 0.0000000836
5371 0.0000000632
5432 0.0000000518
5477 0.0000000505
5499 0.0000000404
5547 0.0000000299
5636 0.0000000203
5755 0.0000000154
5880 0.0000000124
5907 0.0000000081
6127 0.0000000069
6176 0.0000000062
6198 0.0000000061
6202 0.0000000048
6288 0.0000000045
6293 0.0000000044
6311 0.0000000039
6320 0.0000000038
6324 0.0000000034
6340 0.0000000033
6397 0.0000000028
6436 0.0000000019
6530 0.0000000015
6601 0.0000000015
6605 0.0000000012
6631 0.0000000008
6643 0.0000000008
6657 0.0000000007
6709 0.0000000006
6760 0.0000000005
6778 0.0000000005
6885 0.0000000005
6902 0.0000000003
6998 0.0000000003
7010 0.0000000002
7014 0.0000000002
7025 0.0000000002
7076 0.0000000002
7096 0.0000000002
7136 0.0000000002
7140 0.0000000002
7154 0.0000000002
7158 0.0000000001
7255 0.0000000001
7265 0.0000000001
7280 0.0000000001
7314 0.0000000001
7341 0.0000000001
7475 0.0000000000
7480 0.0000000000
7555 0.0000000000
7805 0.0000000000
7878 0.0000000000
8031 0.0000000000
8063 0.0000000000
8128 0.0000000000
8163 0.0000000000
8198 0.0000000000
8282 0.0000000000
8308 0.0000000000
8340 0.0000000000
8388 0.0000000000
8489 0.0000000000
8501 0.0000000000
8589 0.0000000000
8632 0.0000000000
8638 0.0000000000
8640 0.0000000000
8641 0.0000000000
8687 0.0000000000
8696 0.0000000000
8704 0.0000000000
8798 0.0000000000
8802 0.0000000000
8838 0.0000000000
8849 0.0000000000
8874 0.0000000000
8920 0.0000000000
9123 0.0000000000
9233 0.0000000000
9239 0.0000000000
9378 0.0000000000
9406 0.0000000000
9424 0.0000000000
9472 0.0000000000
9565 0.0000000000
9702 0.0000000000
9883 0.0000000000
10243 0.0000000000
10393 0.0000000000
evaluations raw_y
1 321.7623524351
4 242.9082001490
24 211.4118853785
53 180.5826310811
62 160.6839296586
63 159.2555294225
72 155.4539618418
77 149.6015407767
96 120.3712657046
114 105.3741135070
117 99.1449605503
126 70.2124393073
134 65.6994560867
146 44.4847936322
178 40.5989958159
218 35.5157128322
277 32.7261375190
278 24.3749443376
309 22.4524070299
317 22.3259292071
321 19.7157003159
331 19.3160298619
338 17.2599493682
343 13.5351748136
372 11.4701173520
387 7.2802059286
454 4.7040347152
500 4.0992037549
529 3.8531556040
534 3.8125617554
537 2.9669799335
538 2.3766787979
570 1.9281307684
571 1.7802553046
584 1.6080793703
590 1.5742569803
591 1.4322357042
593 1.2835647526
638 1.1039105140
642 0.9854341178
681 0.8473396579
730 0.6539756386
760 0.5712322362
795 0.5164259118
813 0.4748566691
832 0.4203870861
850 0.3893766951
871 0.2380582118
893 0.1812670450
1049 0.1658037509
1105 0.1480311917
1124 0.1375390168
1150 0.1090551917
1222 0.0949298010
1228 0.0783234093
1358 0.0704639193
1377 0.0537401599
1417 0.0462295787
1429 0.0427723566
1441 0.0350688776
1533 0.0346260430
1547 0.0299846021
1550 0.0228720657
1665 0.0184919138
1690 0.0176021715
1715 0.0153682675
1732 0.0129466060
1879 0.0123335272
1883 0.0117013319
1902 0.0104929159
1912 0.0090206013
1951 0.0083636028
1953 0.0078627584
1995 0.0066648305
2036 0.0060460231
2064 0.0056177632
2079 0.0042376721
2119 0.0037372060
2168 0.0028101240
2257 0.0021360933
2316 0.0019456922
2380 0.0019150224
2399 0.0018627835
2440 0.0015518559
2499 0.0012475655
2517 0.0009418567
2567 0.0009387395
2616 0.0008449768
2665 0.0008429917
2705 0.0007925049
2710 0.0007899090
2714 0.0007476114
2746 0.0006158886
2752 0.0005716337
2804 0.0004350184
2917 0.0003034765
2927 0.0002523654
2957 0.0001693753
3124 0.0001623288
3141 0.0001416797
3142 0.0001326937
3214 0.0001282175
3258 0.0001181496
3297 0.0001180851
3317 0.0000871967
3322 0.0000604926
3527 0.0000501306
3601 0.0000500870
3602 0.0000497861
3608 0.0000477883
3611 0.0000337108
3614 0.0000305750
3685 0.0000239778
3723 0.0000238261
3742 0.0000194020
3775 0.0000112864
3776 0.0000094518
3962 0.0000075019
4051 0.0000072594
4070 0.0000070268
4071 0.0000061466
4082 0.0000051376
4152 0.0000029014
4223 0.0000026362
4303 0.0000020923
4396 0.0000013306
4485 0.0000011433
4513 0.0000009658
4650 0.0000007773
4659 0.0000007102
4675 0.0000005616
4720 0.0000005284
4759 0.0000004643
4789 0.0000004299
4809 0.0000003422
4969 0.0000002391
5007 0.0000002319
5038 0.0000002271
5039 0.0000002196
5061 0.0000002173
5087 0.0000001985
5110 0.0000001865
5113 0.0000001540
5130 0.0000001424
5150 0.0000001211
5180 0.0000001096
5234 0.0000000973
5268 0.0000000850
5301 0.0000000840
5334 0.0000000624
5355 0.0000000570
5368 0.0000000535
5426 0.0000000322
5484 0.0000000281
5558 0.0000000278
5597 0.0000000225
5603 0.0000000172
5673 0.0000000148
5700 0.0000000144
5740 0.0000000143
5755 0.0000000121
5783 0.0000000110
5796 0.0000000086
5887 0.0000000083
5966 0.0000000078
5977 0.0000000065
5993 0.0000000050
6040 0.0000000045
6044 0.0000000045
6081 0.0000000042
6144 0.0000000031
6162 0.0000000026
6252 0.0000000026
6265 0.0000000025
6275 0.0000000023
6333 0.0000000021
6353 0.0000000021
6361 0.0000000014
6422 0.0000000012
6474 0.0000000009
6556 0.0000000008
6580 0.0000000007
6583 0.0000000006
6599 0.0000000005
6653 0.0000000005
6683 0.0000000005
6686 0.0000000005
6759 0.0000000004
6799 0.0000000003
6830 0.0000000003
6835 0.0000000003
6851 0.0000000002
6879 0.0000000002
6913 0.0000000002
6952 0.0000000002
6959 0.0000000002
6991 0.0000000001
7064 0.0000000001
7208 0.0000000001
7231 0.0000000001
7232 0.0000000001
7286 0.0000000001
7306 0.0000000001
7313 0.0000000000
7315 0.0000000000
7355 0.0000000000
7474 0.0000000000
7578 0.0000000000
7646 0.0000000000
7711 0.0000000000
7719 0.0000000000
7730 0.0000000000
7772 0.0000000000
7780 0.0000000000
7784 0.0000000000
7807 0.0000000000
8033 0.0000000000
8182 0.0000000000
8213 0.0000000000
8241 0.0000000000
8289 0.0000000000
8321 0.0000000000
8373 0.0000000000
8416 0.0000000000
8420 0.0000000000
8438 0.0000000000
8520 0.0000000000
8532 0.0000000000
8541 0.0000000000
8591 0.0000000000
8638 0.0000000000
8661 0.0000000000
8668 0.0000000000
8681 0.0000000000
8734 0.0000000000
8761 0.0000000000
8805 0.0000000000
8887 0.0000000000
8923 0.0000000000
8933 0.0000000000
8990 0.0000000000
8998 0.0000000000
9004 0.0000000000
9193 0.0000000000
9222 0.0000000000
9282 0.0000000000
9353 0.0000000000
9521 0.0000000000
9581 0.0000000000
9704 0.0000000000
10131 0.0000000000
10187 0.0000000000
evaluations raw_y
1 158.0258573842
18 150.0181218695
19 140.6075164866
20 134.6763090642
30 114.8251061583
36 99.5535202427
38 76.2931732740
53 62.1846174193
82 55.7998585617
130 45.0332508497
141 43.5719069956
150 41.9287854401
170 35.4183987280
201 23.8708159251
211 22.3032298859
222 21.7238913368
223 20.5524874268
225 19.3036016961
264 19.3034657416
269 17.6733360490
272 16.2319365054
291 14.1811314470
310 8.9688301080
311 8.7553214873
352 6.5563246744
361 4.2756534204
376 3.4116220220
424 3.1340734345
442 2.9416321707
453 2.9349011602
479 2.5703699283
487 2.0762922723
518 2.0339321365
521 1.9633434038
559 1.3387901068
568 0.9730773162
643 0.7977699631
711 0.7699381107
713 0.7090325332
722 0.6000771725
738 0.4983488509
743 0.4791877629
783 0.2566791152
946 0.2552390211
1030 0.1799028182
1151 0.1513917175
1158 0.1248341263
1193 0.1011001286
1226 0.0994918502
1239 0.0971878452
1281 0.0962556384
1287 0.0770000770
1292 0.0758536093
1353 0.0667687056
1381 0.0663436545
1399 0.0646795289
1423 0.0547728606
1470 0.0517041357
1494 0.0329085738
1533 0.0294985986
1631 0.0290190234
1678 0.0237452767
1718 0.0208619150
1780 0.0186520382
1785 0.0133122971
1819 0.0128448263
1827 0.0106618675
1945 0.0105250572
1950 0.0087254860
1977 0.0082574908
2004 0.0082336996
2006 0.0082088773
2027 0.0068672802
2089 0.0065755974
2117 0.0057900251
2139 0.0023481657
2369 0.0020083746
2400 0.0018278186
2433 0.0016875454
2489 0.0015842526
2502 0.0014000438
2590 0.0013858815
2612 0.0011732570
2620 0.0010706002
2669 0.0010490992
2690 0.0010280474
2713 0.0009223524
2766 0.0004792455
2805 0.0004539763
2903 0.0004014062
2943 0.0003737659
2975 0.0003581508
2980 0.0002545122
3010 0.0001827338
3115 0.0001698020
3117 0.0001489446
3167 0.0001341932
3195 0.0001002552
3352 0.0000798547
3375 0.0000704821
3466 0.0000549480
3509 0.0000474543
3580 0.0000361595
3667 0.0000299929
3716 0.0000208251
3794 0.0000158312
3828 0.0000150111
3829 0.0000136738
3933 0.0000122259
3961 0.0000107849
3977 0.0000106046
4061 0.0000072857
4205 0.0000063404
4251 0.0000059733
4259 0.0000048920
4276 0.0000026410
4517 0.0000023759
4562 0.0000013595
4587 0.0000013443
4653 0.0000013429
4673 0.0000009897
4703 0.0000007016
4881 0.0000005886
4897 0.0000005614
4925 0.0000004958
4982 0.0000004160
4997 0.0000003871
5022 0.0000003849
5103 0.0000003799
5104 0.0000003782
5111 0.0000002126
5166 0.0000002090
5221 0.0000002080
5233 0.0000001490
5319 0.0000001408
5334 0.0000001400
5336 0.0000001262
5343 0.0000001241
5347 0.0000000870
5421 0.0000000856
5479 0.0000000496
5537 0.0000000404
5638 0.0000000299
5656 0.0000000288
5701 0.0000000284
5738 0.0000000266
5793 0.0000000230
5836 0.0000000180
5857 0.0000000126
5911 0.0000000105
6030 0.0000000099
6046 0.0000000090
6053 0.0000000087
6085 0.0000000082
6093 0.0000000057
6197 0.0000000038
6215 0.0000000024
6475 0.0000000024
6527 0.0000000017
6599 0.0000000014
6655 0.0000000013
6659 0.0000000013
6733 0.0000000009
6789 0.0000000009
6836 0.0000000008
6856 0.0000000007
6867 0.0000000007
6868 0.0000000006
6884 0.0000000006
6904 0.0000000005
6919 0.0000000003
7055 0.0000000003
7087 0.0000000003
7117 0.0000000002
7129 0.0000000002
7181 0.0000000001
7296 0.0000000001
7320 0.0000000001
7343 0.0000000001
7366 0.0000000001
7508 0.0000000000
7588 0.0000000000
7615 0.0000000000
7626 0.0000000000
7631 0.0000000000
7701 0.0000000000
7726 0.0000000000
7783 0.0000000000
7825 0.0000000000
7860 0.0000000000
7954 0.0000000000
8037 0.0000000000
8058 0.0000000000
8133 0.0000000000
8134 0.0000000000
8164 0.0000000000
8181 0.0000000000
8219 0.0000000000
8235 0.0000000000
8266 0.0000000000
8295 0.0000000000
8414 0.0000000000
8616 0.0000000000
8743 0.0000000000
8858 0.0000000000
8873 0.0000000000
8940 0.0000000000
8977 0.0000000000
9023 0.0000000000
9219 0.0000000000
9236 0.0000000000
9260 0.0000000000
9275 0.0000000000
9278 0.0000000000
9335 0.0000000000
9406 0.0000000000
9582 0.0000000000
9658 0.0000000000
9706 0.0000000000
9884 0.0000000000
10184 0.0000000000
10332 0.0000000000
evaluations raw_y
1 382.0848989648
2 363.1874220815
3 315.9942746623
5 239.1864938320
19 147.8819454679
70 130.9819423578
81 102.6804182548
87 76.9474720980
102 64.8233500640
141 62.2178421360
146 42.5368238727
152 39.3578109244
177 31.4412024442
235 20.2544777855
251 12.3918535452
306 11.8824873735
322 11.3339968873
343 11.3043839976
350 9.5341255760
370 8.8667749267
372 7.2642848874
408 7.0243132704
410 5.6176128680
427 4.9806953907
463 3.4959222528
479 2.6651551132
511 2.1322902347
515 1.5509854300
599 1.3742523160
607 1.2018778818
612 0.6677597462
674 0.6083504349
724 0.5363787721
743 0.3670595029
782 0.2728671747
870 0.2576269245
880 0.2475953573
925 0.2344156961
950 0.1762255694
998 0.1705345055
1023 0.1205154726
1075 0.0758007626
1276 0.0614688539
1383 0.0594046298
1389 0.0437684270
1439 0.0428655758
1489 0.0297014669
1561 0.0277017949
1646 0.0258409315
1658 0.0176850818
1714 0.0157015739
1743 0.0156294797
1757 0.0140451764
1759 0.0125881743
1852 0.0111975618
1914 0.0101918392
1934 0.0101257169
1946 0.0081375511
1953 0.0063825488
1982 0.0062164356
2044 0.0047384059
2072 0.0042989528
2103 0.0039127914
2175 0.0037547632
2216 0.0032815513
2279 0.0026355199
2341 0.0024500538
2416 0.0024187085
2428 0.0022246259
2429 0.0020337797
2468 0.0018425671
2528 0.0017151949
2535 0.0016852241
2558 0.0015434622
2590 0.0012256774
2636 0.0006766099
2720 0.0005868330
2766 0.0004609797
2817 0.0003758381
2862 0.0002730329
2980 0.0002297242
2999 0.0002213638
3056 0.0002196583
3066 0.0002163454
3173 0.0001768089
3251 0.0001546717
3291 0.0001368754
3294 0.0001257968
3307 0.0001009105
3337 0.0000815037
3469 0.0000752133
3482 0.0000619737
3502 0.0000611382
3539 0.0000566622
3541 0.0000562374
3574 0.0000445536
3680 0.0000421186
3699 0.0000397520
3721 0.0000277931
3802 0.0000263512
3811 0.0000205022
3871 0.0000152553
3927 0.0000147742
3929 0.0000088121
3999 0.0000083457
4009 0.0000076583
4079 0.0000068288
4143 0.0000066716
4176 0.0000054520
4233 0.0000045909
4245 0.0000036894
4305 0.0000026515
4376 0.0000017707
4518 0.0000017677
4549 0.0000016495
4652 0.0000013119
4673 0.0000012466
4730 0.0000009177
4773 0.0000006195
4915 0.0000005251
4917 0.0000005076
4942 0.0000004033
4951 0.0000003686
5045 0.0000002697
5147 0.0000002521
5154 0.0000002503
5172 0.0000002500
5186 0.0000002273
5190 0.0000001786
5240 0.0000001339
5241 0.0000001171
5273 0.0000001123
5292 0.0000001117
5332 0.0000000951
5372 0.0000000935
5383 0.0000000836
5401 0.0000000828
5412 0.0000000700
5432 0.0000000644
5471 0.0000000518
5600 0.0000000497
5612 0.0000000365
5636 0.0000000309
5654 0.0000000250
5719 0.0000000210
5788 0.0000000208
5794 0.0000000200
5821 0.0000000179
5838 0.0000000136
5873 0.0000000099
5957 0.0000000092
6021 0.0000000091
6032 0.0000000078
6056 0.0000000074
6082 0.0000000047
6109 0.0000000045
6153 0.0000000039
6235 0.0000000036
6265 0.0000000029
6378 0.0000000024
6404 0.0000000021
6453 0.0000000019
6478 0.0000000016
6488 0.0000000013
6495 0.0000000012
6548 0.0000000011
6599 0.0000000010
6656 0.0000000008
6713 0.0000000008
6736 0.0000000005
6840 0.0000000003
6915 0.0000000003
6945 0.0000000002
6980 0.0000000002
7022 0.0000000001
7104 0.0000000001
7212 0.0000000001
7213 0.0000000001
7267 0.0000000001
7360 0.0000000000
7384 0.0000000000
7478 0.0000000000
7513 0.0000000000
7543 0.0000000000
7656 0.0000000000
7694 0.0000000000
7717 0.0000000000
7749 0.0000000000
7757 0.0000000000
7865 0.0000000000
7934 0.0000000000
7973 0.0000000000
8054 0.0000000000
8059 0.0000000000
8092 0.0000000000
8186 0.0000000000
8189 0.0000000000
8233 0.0000000000
8400 0.0000000000
8455 0.0000000000
8462 0.0000000000
8484 0.0000000000
8490 0.0000000000
8542 0.0000000000
8590 0.0000000000
8691 0.0000000000
8834 0.0000000000
8901 0.0000000000
8906 0.0000000000
9122 0.0000000000
9570 0.0000000000
evaluations raw_y
1 288.6254551156
4 271.0467097703
6 246.8503504195
13 214.1123831768
15 190.9574705036
30 154.1555045039
34 152.1972377799
37 134.7785904239
38 116.1418500080
47 103.3599303721
57 98.3789946165
61 84.8111463794
98 84.7474738691
100 66.3193694941
117 44.5817849227
162 42.3435809514
173 38.6207652756
188 33.8142362383
206 30.8846213266
225 29.3590821118
232 24.0773852641
245 22.2513001463
255 20.5529550535
284 19.6691760432
285 19.6195955024
293 15.1117369151
302 14.9926918906
304 13.6188457397
305 13.4378325711
315 11.9510222938
321 11.3647317175
337 8.8454795527
358 6.0871799881
415 6.0369478158
417 5.2995791818
447 5.0173912897
461 4.9064196123
467 4.5777605988
471 4.0257866244
480 3.8270566784
484 3.2798656361
494 2.7068977580
502 2.4678286426
516 2.1503500153
522 1.5598317867
581 1.5514459945
582 1.4429680373
601 1.4287723759
606 1.2684440443
608 1.1603530758
609 1.1175841442
618 1.0859656042
627 0.8556735171
628 0.7193732008
654 0.7026628093
694 0.6859543878
706 0.6793399650
709 0.6692523220
719 0.6315920548
744 0.5064250149
767 0.3234263052
874 0.3133484302
887 0.2416987769
930 0.1746316875
1143 0.1671761451
1161 0.1202502535
1223 0.1165577137
1273 0.0905782301
1344 0.0869805718
1374 0.0790996245
1379 0.0787410887
1394 0.0723534584
1398 0.0706904994
1409 0.0694311650
1414 0.0630178436
1452 0.0532833248
1466 0.0383795323
1547 0.0362073027
1584 0.0350722732
1678 0.0328820199
1715 0.0306789080
1724 0.0303736110
1729 0.0269963843
1760 0.0251005382
1762 0.0239063714
1770 0.0225055015
1788 0.0192061254
1819 0.0180426075
1903 0.0179243662
1911 0.0153244798
1929 0.0127557108
1935 0.0122049242
1949 0.0085410070
1988 0.0079255695
2029 0.0055337021
2123 0.0044011146
2212 0.0032389233
2353 0.0030407813
2416 0.0027047393
2523 0.0015205226
2596 0.0008925820
2696 0.0008841372
2789 0.0008829642
2817 0.0007949618
2912 0.0007218941
2940 0.0005967028
2947 0.0005543313
2951 0.0005235735
2977 0.0004704256
3048 0.0003982699
3064 0.0003638193
3088 0.0002703516
3178 0.0002336674
3295 0.0002234548
3308 0.0001393752
3359 0.0001174697
3482 0.0001105542
3484 0.0000861007
3645 0.0000607205
3654 0.0000601792
3727 0.0000467375
3779 0.0000321882
3841 0.0000305458
3877 0.0000227751
3945 0.0000213662
3999 0.0000185583
4085 0.0000163100
4088 0.0000154089
4178 0.0000139784
4189 0.0000097973
4246 0.0000097052
4260 0.0000084774
4333 0.0000077836
4354 0.0000059059
4423 0.0000042668
4433 0.0000036161
4550 0.0000031204
4657 0.0000026393
4687 0.0000025648
4696 0.0000014530
4795 0.0000012566
4836 0.0000011039
4856 0.0000010363
4981 0.0000008301
4991 0.0000007930
5057 0.0000007874
5088 0.0000006314
5124 0.0000005688
5150 0.0000003894
5187 0.0000003230
5217 0.0000003055
5249 0.0000002895
5251 0.0000002719
5271 0.0000002660
5284 0.0000002237
5417 0.0000001759
5422 0.0000001685
5463 0.0000001398
5477 0.0000001254
5581 0.0000001225
5586 0.0000001119
5596 0.0000000975
5622 0.0000000793
5642 0.0000000645
5777 0.0000000552
5816 0.0000000490
5863 0.0000000485
5871 0.0000000377
5886 0.0000000303
5950 0.0000000215
6030 0.0000000177
6097 0.0000000141
6199 0.0000000131
6236 0.0000000124
6239 0.0000000118
6253 0.0000000115
6279 0.0000000080
6302 0.0000000078
6354 0.0000000076
6364 0.0000000060
6373 0.0000000059
6390 0.0000000055
6398 0.0000000055
6434 0.0000000046
6439 0.0000000037
6518 0.0000000032
6562 0.0000000028
6569 0.0000000025
6617 0.0000000017
6743 0.0000000012
6852 0.0000000011
6867 0.0000000009
6888 0.0000000006
7097 0.0000000004
7132 0.0000000004
7148 0.0000000004
7180 0.0000000004
7194 0.0000000003
7269 0.0000000003
7280 0.0000000002
7350 0.0000000002
7392 0.0000000001
7522 0.0000000001
7539 0.0000000001
7594 0.0000000001
7615 0.0000000000
7825 0.0000000000
7844 0.0000000000
7881 0.0000000000
7938 0.0000000000
7965 0.0000000000
7981 0.0000000000
8021 0.0000000000
8030 0.0000000000
8118 0.0000000000
8185 0.0000000000
8231 0.0000000000
8250 0.0000000000
8349 0.0000000000
8533 0.0000000000
8600 0.0000000000
8675 0.0000000000
8727 0.0000000000
8771 0.0000000000
8826 0.0000000000
8911 0.0000000000
8960 0.0000000000
8988 0.0000000000
8996 0.0000000000
9041 0.0000000000
9083 0.0000000000
9116 0.0000000000
9162 0.0000000000
9210 0.0000000000
9307 0.0000000000
9401 0.0000000000
9424 0.0000000000
9475 0.0000000000
9580 0.0000000000
9722 0.0000000000
9744 0.0000000000
9963 0.0000000000
10386 0.0000000000
