evaluations raw_y
1 544.4102094898
12 511.9721248452
22 460.3437749212
28 444.2537393947
29 362.2494386186
35 359.6895848498
45 340.8031157007
48 312.0867437825
71 293.7395134558
75 273.3548195630
89 251.6489963888
116 213.4688368964
139 213.3639227275
142 191.8419512068
173 139.9927302312
199 134.2280872550
201 110.0955939853
251 82.3692975273
317 76.8877173090
327 65.0940116503
406 64.7992524776
416 57.0636788765
421 53.4130164891
439 51.5726197531
451 45.9334153725
466 39.3169917169
468 36.7682679593
485 35.4971354855
519 26.6637644408
564 25.8873208951
575 25.7740173416
576 22.1432053525
591 18.8802973630
600 18.8277792261
601 16.9528292779
633 16.6218918631
650 14.0178665117
680 11.1825310833
717 10.5609896055
731 10.5274906354
747 10.1216815395
755 9.1622277368
773 8.3994545713
781 6.9144328944
796 6.6196467180
810 6.3394073522
812 6.2504666993
850 6.2241464656
851 6.1948248777
867 4.7695006650
895 3.9223186321
906 3.8879479714
951 3.8461451173
962 3.3420643035
985 3.3069194737
999 3.1194042682
1022 1.8783675724
1138 1.8070809800
1141 1.7028569417
1156 1.6620406700
1161 1.5089771307
1189 1.2460677823
1227 1.2457392497
1237 1.2004418870
1248 1.1791365231
1252 1.1416915600
1278 1.0278040188
1312 0.6710911350
1343 0.6344855357
1344 0.6112357609
1379 0.6067746578
1381 0.5919069403
1385 0.5793583565
1394 0.5486566566
1402 0.4985559891
1409 0.4934388313
1421 0.3572654066
1502 0.3333163607
1509 0.3223343516
1512 0.3039217428
1517 0.2664886309
1522 0.2413592303
1536 0.2183529671
1562 0.2134982227
1590 0.2091494526
1595 0.2080539039
1602 0.1443216802
1651 0.1422235815
1655 0.1314046622
1668 0.1261215603
1669 0.1227410579
1673 0.1226156652
1696 0.1196811679
1697 0.1102684843
1754 0.1045237354
1755 0.0955860791
1780 0.0926259672
1788 0.0633626128
1914 0.0615809917
1933 0.0605742389
1936 0.0542990882
1937 0.0535144679
1966 0.0501395110
1981 0.0457582318
1989 0.0456758538
1992 0.0383966842
1998 0.0343828171
2029 0.0264744049
2046 0.0251736868
2072 0.0234589732
2093 0.0231148746
2103 0.0222269471
2108 0.0199024938
2119 0.0195004957
2120 0.0152256166
2122 0.0149637900
2144 0.0147354031
2145 0.0136658936
2213 0.0102534080
2227 0.0091880143
2249 0.0085645748
2301 0.0064876953
2327 0.0064225088
2328 0.0056926136
2343 0.0054302881
2349 0.0049895896
2350 0.0042180217
2420 0.0037929641
2423 0.0035300514
2431 0.0034306837
2494 0.0032422321
2499 0.0028262168
2506 0.0028240982
2522 0.0025945775
2545 0.0023756667
2549 0.0018656945
2629 0.0016481510
2637 0.0015925000
2673 0.0014720846
2679 0.0014329915
2686 0.0012145571
2700 0.0009343686
2756 0.0008935551
2783 0.0008477030
2822 0.0007612253
2848 0.0007155813
2852 0.0005993460
2868 0.0005842327
2883 0.0005412229
2930 0.0005396632
2935 0.0004155494
2974 0.0003999170
2995 0.0003971773
2997 0.0002937241
3023 0.0002172565
3050 0.0002020525
3066 0.0001656828
3088 0.0001516926
3208 0.0001474339
3222 0.0001401463
3237 0.0001253956
3242 0.0001215051
3248 0.0001077434
3260 0.0000878132
3291 0.0000847736
3303 0.0000687032
3320 0.0000571352
3337 0.0000500094
3366 0.0000494534
3382 0.0000402357
3435 0.0000393586
3453 0.0000387343
3474 0.0000344504
3481 0.0000341256
3486 0.0000290757
3496 0.0000262916
3541 0.0000227675
3546 0.0000218706
3566 0.0000189614
3581 0.0000188923
3587 0.0000146334
3640 0.0000129175
3661 0.0000123383
3691 0.0000094743
3694 0.0000093597
3718 0.0000081967
3742 0.0000081182
3754 0.0000080136
3773 0.0000076335
3794 0.0000075918
3795 0.0000067698
3808 0.0000046644
3836 0.0000043445
3844 0.0000040827
3868 0.0000031936
3989 0.0000024812
3998 0.0000023014
4011 0.0000021549
4052 0.0000017157
4074 0.0000014558
4113 0.0000012529
4117 0.0000012394
4149 0.0000009416
4186 0.0000009039
4216 0.0000008971
4222 0.0000008213
4236 0.0000007224
4258 0.0000006220
4261 0.0000005661
4273 0.0000005211
4282 0.0000004889
4290 0.0000004249
4318 0.0000004142
4325 0.0000003607
4400 0.0000002935
4464 0.0000002789
4471 0.0000002709
4478 0.0000002224
4494 0.0000002217
4501 0.0000002071
4506 0.0000001793
4543 0.0000001782
4552 0.0000001638
4569 0.0000001533
4574 0.0000001481
4575 0.0000001415
4578 0.0000001212
4583 0.0000001155
4602 0.0000001050
4610 0.0000000883
4705 0.0000000684
4710 0.0000000653
4746 0.0000000569
4786 0.0000000520
4788 0.0000000502
4808 0.0000000394
4920 0.0000000334
4957 0.0000000274
4958 0.0000000242
4990 0.0000000201
5027 0.0000000200
5062 0.0000000197
5069 0.0000000188
5079 0.0000000180
5089 0.0000000166
5093 0.0000000155
5097 0.0000000152
5123 0.0000000122
5195 0.0000000116
5203 0.0000000103
5215 0.0000000102
5234 0.0000000097
5240 0.0000000096
5284 0.0000000095
5289 0.0000000078
5316 0.0000000073
5328 0.0000000070
5355 0.0000000048
5389 0.0000000037
5402 0.0000000032
5467 0.0000000024
5505 0.0000000021
5564 0.0000000016
5572 0.0000000016
5579 0.0000000015
5618 0.0000000014
5624 0.0000000011
5664 0.0000000011
5668 0.0000000011
5675 0.0000000009
5737 0.0000000009
5741 0.0000000008
5748 0.0000000006
5777 0.0000000006
5797 0.0000000006
5822 0.0000000005
5823 0.0000000005
5824 0.0000000005
5826 0.0000000005
5837 0.0000000004
5838 0.0000000004
5853 0.0000000004
5856 0.0000000003
5892 0.0000000003
5897 0.0000000003
5901 0.0000000003
5916 0.0000000003
5933 0.0000000003
5935 0.0000000002
5946 0.0000000002
6014 0.0000000002
6018 0.0000000002
6066 0.0000000002
6067 0.0000000001
6083 0.0000000001
6099 0.0000000001
6136 0.0000000001
6142 0.0000000001
6156 0.0000000001
6180 0.0000000001
6181 0.0000000001
6221 0.0000000001
6276 0.0000000001
6277 0.0000000001
6282 0.0000000001
6289 0.0000000001
6290 0.0000000001
6291 0.0000000001
6307 0.0000000001
6312 0.0000000001
6325 0.0000000000
6342 0.0000000000
6344 0.0000000000
6347 0.0000000000
6351 0.0000000000
6362 0.0000000000
6398 0.0000000000
6410 0.0000000000
6422 0.0000000000
6455 0.0000000000
6471 0.0000000000
6474 0.0000000000
6518 0.0000000000
6585 0.0000000000
6648 0.0000000000
6653 0.0000000000
6691 0.0000000000
6719 0.0000000000
6744 0.0000000000
6761 0.0000000000
6785 0.0000000000
6837 0.0000000000
6855 0.0000000000
6866 0.0000000000
6962 0.0000000000
6969 0.0000000000
6984 0.0000000000
6986 0.0000000000
7034 0.0000000000
7040 0.0000000000
7053 0.0000000000
7056 0.0000000000
7077 0.0000000000
7113 0.0000000000
7134 0.0000000000
7189 0.0000000000
7264 0.0000000000
7278 0.0000000000
7302 0.0000000000
7359 0.0000000000
7364 0.0000000000
7398 0.0000000000
7406 0.0000000000
7413 0.0000000000
7454 0.0000000000
7475 0.0000000000
7559 0.0000000000
7599 0.0000000000
7626 0.0000000000
7638 0.0000000000
7669 0.0000000000
7706 0.0000000000
7711 0.0000000000
7770 0.0000000000
7935 0.0000000000
8142 0.0000000000
8265 0.0000000000
evaluations raw_y
1 878.3717229658
3 813.4648903828
19 789.9984034330
30 757.4253565540
31 710.2100373365
40 670.6628482646
58 629.1396794079
59 507.7963099243
65 483.7890844379
76 420.6432056670
77 373.4832248482
111 368.8532142927
121 266.6397054927
142 232.7068614386
173 228.5469664451
181 227.8374184506
213 217.6925520802
214 195.3138481242
254 188.2351181264
261 167.9218798657
271 126.1614306124
319 124.1258928673
323 82.5223805304
411 79.4021356839
479 76.5069577774
493 73.5650546696
511 68.2777018838
517 65.8047600461
526 57.8330397493
533 39.0425887770
589 37.3473176412
596 26.7406412640
661 26.3698467943
662 25.7184913784
666 24.0492082654
667 23.6815317093
676 21.9850071314
726 20.7501883162
742 16.8566188516
757 13.9641084672
821 13.8377530947
843 12.7222965230
847 12.3087599874
862 12.0049524107
879 11.4634935769
915 8.9032048734
921 8.7874563115
944 8.5300695860
951 8.3054745979
986 7.6518874429
1015 6.5584766623
1020 5.6504377614
1026 5.3967596725
1044 4.8672009063
1050 4.7310404998
1065 4.3386123858
1066 3.7756776695
1158 3.4852885132
1165 3.2113792204
1178 3.1227757420
1191 3.0230486400
1192 2.5825985319
1205 1.8142329277
1251 1.7247201851
1299 1.5070361138
1310 1.3271562851
1312 1.2226388458
1325 1.1141793240
1357 1.1118813205
1376 1.0672255596
1385 1.0386684561
1411 1.0299598231
1420 1.0262480905
1441 0.9754496718
1444 0.8890260330
1476 0.7873008336
1488 0.7391633743
1509 0.6977596966
1517 0.6630622671
1528 0.6275507090
1531 0.6072230609
1538 0.5963840447
1573 0.5042517695
1584 0.4357797684
1611 0.3889571648
1639 0.3334909477
1662 0.2945308198
1668 0.2460938268
1672 0.2318214674
1674 0.2246682400
1716 0.2119165644
1723 0.1849373891
1729 0.1668741828
1743 0.1078862623
1847 0.1064288952
1870 0.1023263603
1899 0.0754135511
1921 0.0541240253
1994 0.0446196221
2092 0.0393020210
2113 0.0374598379
2115 0.0247820525
2277 0.0202783682
2306 0.0182281287
2336 0.0180339742
2359 0.0176874258
2369 0.0175878453
2371 0.0151939592
2391 0.0133138613
2416 0.0106960942
2461 0.0092248597
2486 0.0075894650
2497 0.0066760093
2507 0.0054310077
2600 0.0049138594
2621 0.0046678434
2657 0.0045749972
2675 0.0042118472
2682 0.0036240337
2690 0.0029923657
2693 0.0027122600
2714 0.0025278303
2802 0.0018880819
2869 0.0016926583
2891 0.0013817637
2909 0.0013691226
2915 0.0013298999
2941 0.0013046763
2968 0.0011187532
2971 0.0010109064
2984 0.0009882006
2986 0.0009315872
2991 0.0009125189
3001 0.0008721262
3002 0.0007487739
3009 0.0006267980
3035 0.0004436366
3090 0.0003963419
3139 0.0003434788
3154 0.0003255789
3201 0.0002860564
3221 0.0002476320
3228 0.0002378723
3241 0.0002319095
3245 0.0001800327
3333 0.0001681012
3347 0.0001225042
3406 0.0001192139
3410 0.0001075919
3433 0.0001047385
3441 0.0001021807
3462 0.0000556439
3546 0.0000555485
3553 0.0000551178
3560 0.0000536508
3563 0.0000458336
3567 0.0000437742
3579 0.0000302914
3606 0.0000292644
3670 0.0000224019
3691 0.0000212482
3741 0.0000189451
3801 0.0000153194
3841 0.0000138408
3891 0.0000111664
3904 0.0000099172
3927 0.0000091671
3934 0.0000084986
3959 0.0000078765
3978 0.0000046796
4036 0.0000046359
4148 0.0000041836
4176 0.0000041450
4186 0.0000038025
4187 0.0000035763
4194 0.0000034658
4216 0.0000031437
4229 0.0000030015
4241 0.0000024222
4247 0.0000023335
4248 0.0000022997
4259 0.0000021591
4263 0.0000019664
4276 0.0000019322
4305 0.0000015949
4344 0.0000014371
4371 0.0000010893
4442 0.0000010718
4459 0.0000010369
4461 0.0000009945
4470 0.0000009770
4476 0.0000009128
4508 0.0000008125
4515 0.0000007080
4518 0.0000006716
4521 0.0000004688
4591 0.0000003276
4685 0.0000003159
4688 0.0000002687
4743 0.0000002241
4763 0.0000001715
4785 0.0000001493
4838 0.0000001130
4839 0.0000001077
4857 0.0000001035
4912 0.0000000841
4924 0.0000000814
4926 0.0000000758
4938 0.0000000741
4981 0.0000000725
5004 0.0000000716
5017 0.0000000694
5025 0.0000000639
5032 0.0000000566
5044 0.0000000471
5048 0.0000000459
5068 0.0000000413
5072 0.0000000386
5093 0.0000000357
5145 0.0000000305
5171 0.0000000245
5225 0.0000000235
5226 0.0000000230
5235 0.0000000227
5250 0.0000000181
5262 0.0000000156
5295 0.0000000139
5309 0.0000000137
5317 0.0000000094
5409 0.0000000093
5411 0.0000000090
5426 0.0000000078
5448 0.0000000071
5451 0.0000000064
5469 0.0000000058
5491 0.0000000053
5521 0.0000000052
5546 0.0000000048
5552 0.0000000042
5572 0.0000000042
5575 0.0000000040
5614 0.0000000036
5635 0.0000000033
5658 0.0000000024
5697 0.0000000023
5699 0.0000000022
5701 0.0000000022
5715 0.0000000021
5716 0.0000000019
5739 0.0000000018
5741 0.0000000017
5749 0.0000000017
5761 0.0000000014
5786 0.0000000012
5814 0.0000000011
5849 0.0000000009
5900 0.0000000008
5906 0.0000000008
5949 0.0000000007
5975 0.0000000005
5995 0.0000000005
6023 0.0000000005
6032 0.0000000004
6039 0.0000000004
6059 0.0000000003
6071 0.0000000003
6096 0.0000000003
6102 0.0000000002
6144 0.0000000002
6165 0.0000000002
6185 0.0000000002
6196 0.0000000002
6227 0.0000000001
6249 0.0000000001
6274 0.0000000001
6276 0.0000000001
6310 0.0000000001
6320 0.0000000001
6346 0.0000000001
6354 0.0000000001
6387 0.0000000001
6407 0.0000000001
6428 0.0000000001
6492 0.0000000001
6518 0.0000000000
6541 0.0000000000
6575 0.0000000000
6603 0.0000000000
6628 0.0000000000
6649 0.0000000000
6735 0.0000000000
6758 0.0000000000
6777 0.0000000000
6781 0.0000000000
6825 0.0000000000
6856 0.0000000000
6870 0.0000000000
6892 0.0000000000
6916 0.0000000000
6950 0.0000000000
6963 0.0000000000
6990 0.0000000000
7009 0.0000000000
7017 0.0000000000
7045 0.0000000000
7051 0.0000000000
7084 0.0000000000
7107 0.0000000000
7115 0.0000000000
7116 0.0000000000
7127 0.0000000000
7157 0.0000000000
7278 0.0000000000
7298 0.0000000000
7307 0.0000000000
7311 0.0000000000
7326 0.0000000000
7340 0.0000000000
7355 0.0000000000
7369 0.0000000000
7430 0.0000000000
7441 0.0000000000
7453 0.0000000000
7493 0.0000000000
7519 0.0000000000
7594 0.0000000000
7599 0.0000000000
7670 0.0000000000
7707 0.0000000000
7711 0.0000000000
7769 0.0000000000
8019 0.0000000000
8205 0.0000000000
evaluations raw_y
1 922.2977743089
2 845.3854141292
3 716.4262079783
4 685.4304615333
5 668.7800340589
16 656.3588638142
17 532.4908199432
33 515.9127234206
34 507.2432241204
55 449.5019763215
60 434.8596817481
62 431.4127137414
63 418.3999093948
70 398.6787038336
77 354.3715967772
114 330.6771074954
117 275.5045735954
124 216.6416759481
151 196.4827898614
155 189.1067325058
183 164.1680221445
218 163.1156355649
241 134.9324835638
246 121.5112295870
273 111.6132098542
325 103.6488347445
354 93.0424188011
407 84.3825976166
413 80.3753939652
414 71.1703278589
475 62.0207906054
489 57.8812020137
498 54.4490228789
518 50.5039878283
534 37.1026752530
553 35.9470560484
556 33.4625607797
583 29.5850301956
589 29.4625627892
627 28.7846120531
628 28.3612122077
630 27.5461832163
631 26.6130443124
654 25.6119703604
662 22.3848882511
678 21.7185745896
688 19.3625329669
704 15.8244319919
774 12.6833352899
807 12.2008089116
844 10.9015269076
880 10.3147205951
891 8.1461329942
919 8.1309202618
929 7.1391459969
938 6.5720893628
964 6.0675395653
985 5.8990147800
988 5.1787559247
1007 5.1399791932
1017 4.8563952939
1019 3.9457784208
1052 3.7931047387
1054 3.5298492087
1071 3.4097057326
1153 3.2440908985
1165 2.7659558477
1180 2.4034167215
1215 2.0744006637
1249 2.0570951967
1277 1.7205952245
1312 1.6233998455
1316 1.4364444396
1329 0.9738660769
1381 0.9428751675
1384 0.8582312779
1401 0.8070273204
1406 0.7868682269
1451 0.5179164771
1478 0.5107765141
1525 0.5098361669
1545 0.5035498378
1553 0.4872629261
1558 0.4733539406
1561 0.4450861700
1569 0.4103028329
1582 0.3799684841
1600 0.3559487339
1654 0.3419874379
1673 0.2097019342
1736 0.2015144918
1741 0.1557404208
1771 0.1377001525
1823 0.1303104384
1829 0.1284618611
1872 0.1272957082
1888 0.1228842241
1902 0.1219631692
1906 0.1060604232
1921 0.0970155302
1942 0.0875739916
1943 0.0693689922
1966 0.0660192682
1990 0.0597292508
2013 0.0554980348
2034 0.0547433363
2046 0.0507532710
2061 0.0449822360
2120 0.0366432509
2162 0.0343522410
2173 0.0302777478
2228 0.0277646572
2238 0.0268260464
2251 0.0259894445
2252 0.0206941558
2269 0.0194749760
2272 0.0172723514
2319 0.0124466107
2395 0.0114342771
2397 0.0086726482
2411 0.0064002423
2474 0.0060356332
2476 0.0054340534
2479 0.0052722379
2492 0.0043567010
2540 0.0043350924
2560 0.0029203469
2571 0.0026602992
2748 0.0017615336
2766 0.0016401390
2792 0.0015930330
2796 0.0015190247
2815 0.0014491618
2831 0.0014336275
2836 0.0012167502
2845 0.0010956367
2858 0.0010787558
2868 0.0009802037
2876 0.0009619496
2892 0.0008102997
2897 0.0007255741
2912 0.0007111300
2943 0.0004975043
3035 0.0004361395
3046 0.0003365463
3108 0.0002891993
3167 0.0002887193
3170 0.0002816239
3183 0.0002762152
3184 0.0002368774
3198 0.0002142702
3209 0.0002080761
3227 0.0001779452
3253 0.0001772597
3261 0.0001665728
3263 0.0001620389
3271 0.0001481852
3289 0.0001416713
3293 0.0001297661
3305 0.0001140144
3306 0.0001004828
3319 0.0000861476
3375 0.0000849023
3390 0.0000837235
3392 0.0000818794
3402 0.0000796120
3408 0.0000695504
3429 0.0000623371
3459 0.0000565701
3468 0.0000557499
3477 0.0000519494
3492 0.0000482332
3527 0.0000321664
3547 0.0000299904
3598 0.0000294410
3637 0.0000264053
3660 0.0000253471
3671 0.0000221399
3677 0.0000219267
3678 0.0000196529
3689 0.0000178595
3732 0.0000178142
3748 0.0000152090
3778 0.0000147333
3780 0.0000145647
3819 0.0000135657
3829 0.0000134732
3839 0.0000128952
3843 0.0000126446
3844 0.0000125568
3850 0.0000102538
3865 0.0000102157
3872 0.0000098301
3881 0.0000095519
3886 0.0000087163
3889 0.0000084218
3910 0.0000071524
3920 0.0000049086
3984 0.0000047685
4017 0.0000042893
4020 0.0000042065
4040 0.0000040874
4073 0.0000030858
4085 0.0000027581
4115 0.0000025473
4128 0.0000023589
4141 0.0000021008
4156 0.0000015352
4206 0.0000011844
4249 0.0000010069
4267 0.0000009597
4290 0.0000008417
4302 0.0000008197
4323 0.0000007827
4331 0.0000007295
4338 0.0000005882
4366 0.0000004593
4398 0.0000003912
4448 0.0000003589
4496 0.0000003542
4518 0.0000002325
4533 0.0000002316
4563 0.0000001897
4609 0.0000001345
4620 0.0000001281
4639 0.0000000979
4710 0.0000000819
4794 0.0000000699
4808 0.0000000681
4842 0.0000000423
4941 0.0000000418
4948 0.0000000372
4968 0.0000000271
4995 0.0000000215
5042 0.0000000206
5056 0.0000000197
5081 0.0000000184
5094 0.0000000152
5105 0.0000000144
5119 0.0000000143
5128 0.0000000142
5135 0.0000000126
5150 0.0000000124
5163 0.0000000100
5200 0.0000000097
5207 0.0000000063
5249 0.0000000058
5349 0.0000000050
5356 0.0000000040
5378 0.0000000032
5390 0.0000000031
5412 0.0000000024
5535 0.0000000024
5536 0.0000000021
5554 0.0000000017
5574 0.0000000015
5606 0.0000000013
5632 0.0000000012
5671 0.0000000011
5687 0.0000000010
5723 0.0000000009
5765 0.0000000008
5793 0.0000000007
5837 0.0000000006
5866 0.0000000005
5889 0.0000000005
5918 0.0000000004
5944 0.0000000003
5967 0.0000000003
5973 0.0000000003
5991 0.0000000003
6001 0.0000000002
6022 0.0000000002
6031 0.0000000002
6092 0.0000000002
6148 0.0000000002
6149 0.0000000002
6152 0.0000000002
6155 0.0000000001
6163 0.0000000001
6171 0.0000000001
6177 0.0000000001
6212 0.0000000001
6226 0.0000000001
6244 0.0000000001
6256 0.0000000001
6265 0.0000000001
6273 0.0000000001
6285 0.0000000001
6294 0.0000000001
6388 0.0000000001
6392 0.0000000001
6398 0.0000000001
6428 0.0000000000
6436 0.0000000000
6455 0.0000000000
6477 0.0000000000
6497 0.0000000000
6537 0.0000000000
6573 0.0000000000
6650 0.0000000000
6665 0.0000000000
6792 0.0000000000
6802 0.0000000000
6827 0.0000000000
6837 0.0000000000
6847 0.0000000000
6848 0.0000000000
6866 0.0000000000
6900 0.0000000000
6908 0.0000000000
7049 0.0000000000
7097 0.0000000000
7141 0.0000000000
7143 0.0000000000
7182 0.0000000000
7204 0.0000000000
7241 0.0000000000
7294 0.0000000000
7338 0.0000000000
7406 0.0000000000
7426 0.0000000000
7431 0.0000000000
7456 0.0000000000
7469 0.0000000000
7484 0.0000000000
7526 0.0000000000
7565 0.0000000000
7572 0.0000000000
7624 0.0000000000
7626 0.0000000000
7694 0.0000000000
7789 0.0000000000
7801 0.0000000000
7825 0.0000000000
8005 0.0000000000
8250 0.0000000000
evaluations raw_y
1 736.5633462447
2 592.9718175040
6 589.9257625444
7 559.1802936304
11 532.4583111105
12 509.4802810762
21 440.7797823030
33 434.7466906555
41 424.8423067749
48 424.2015623176
53 423.7333855975
57 391.8725412167
66 366.3199235119
74 319.5033356460
92 297.8895044392
98 289.4205479775
123 285.2424137890
131 268.3877103776
139 253.0438955004
156 208.4589273003
199 204.1601108149
202 203.6888393006
204 183.3660782542
208 182.8405770395
221 130.3259885178
265 116.2665680989
286 72.0614970698
344 70.2612532896
348 69.0312725442
365 58.6629675361
408 45.2069693565
552 40.3731615678
560 39.3439418332
576 32.5723526051
600 25.3900634574
643 23.6429692924
697 20.8624172238
748 16.2743986846
753 16.2261980432
759 14.6384496448
772 13.9230843065
792 11.5304423060
801 11.0917580632
826 10.6511849524
861 10.6234782160
863 9.1529680907
901 8.4967263063
914 8.4798399584
917 8.3205787661
923 5.0482134799
1034 4.6037710811
1037 4.0321314372
1078 3.1336392408
1131 2.7936645956
1132 2.7613697960
1155 2.6168400525
1166 2.4300889399
1175 2.0304183053
1195 1.9057395358
1206 1.8137732640
1218 1.7701419518
1223 1.4667632057
1250 1.2793705040
1293 0.9085068210
1326 0.8668718450
1364 0.8178737124
1371 0.8128193281
1372 0.7693578850
1390 0.7396547225
1400 0.5277126586
1417 0.5253998704
1425 0.5152703082
1440 0.5150920780
1461 0.4761466308
1474 0.4741314466
1489 0.3767146678
1507 0.3648665272
1510 0.3049338025
1536 0.3048668536
1538 0.2508058633
1550 0.2500933961
1564 0.2332461038
1592 0.1997231559
1610 0.1757914744
1619 0.1738386810
1639 0.1629884003
1708 0.1565680161
1721 0.1346474127
1746 0.1315595867
1755 0.1266921116
1764 0.1134947526
1772 0.1077026279
1777 0.0804026763
1803 0.0780172355
1812 0.0711480287
1862 0.0694364863
1875 0.0682338008
1880 0.0676980218
1888 0.0676719943
1892 0.0547411846
1930 0.0473284873
1941 0.0419180001
1951 0.0361443483
2008 0.0327237269
2088 0.0287224444
2145 0.0277834255
2149 0.0245853274
2150 0.0240376669
2158 0.0226700006
2172 0.0170644179
2182 0.0167638758
2212 0.0167455540
2223 0.0137130435
2288 0.0115692881
2313 0.0110816557
2317 0.0106789665
2335 0.0104874858
2338 0.0103654828
2339 0.0092954972
2349 0.0092130251
2353 0.0083884494
2361 0.0080496790
2365 0.0069294825
2373 0.0068404576
2383 0.0051807308
2471 0.0040528848
2504 0.0032963949
2523 0.0031405407
2540 0.0030555026
2547 0.0023600866
2559 0.0021831605
2569 0.0017540261
2633 0.0017083695
2649 0.0015823605
2656 0.0013368192
2668 0.0011744780
2725 0.0011225243
2761 0.0009246481
2771 0.0008971279
2779 0.0007610614
2813 0.0007541406
2822 0.0007512811
2837 0.0007330976
2847 0.0007244441
2859 0.0007062410
2862 0.0006866831
2864 0.0005440169
2867 0.0005192127
2871 0.0005159172
2882 0.0004790195
2886 0.0004491729
2899 0.0004351300
2907 0.0004317500
2914 0.0003196721
2942 0.0002838291
2970 0.0002561754
2980 0.0002013630
2994 0.0001587902
3115 0.0001550073
3126 0.0001395155
3139 0.0001165846
3190 0.0001141005
3200 0.0000922978
3219 0.0000871170
3259 0.0000841366
3262 0.0000780842
3278 0.0000617760
3292 0.0000526745
3324 0.0000441164
3346 0.0000434824
3367 0.0000410330
3369 0.0000403058
3377 0.0000401228
3378 0.0000309277
3488 0.0000251227
3527 0.0000198804
3546 0.0000183105
3566 0.0000168506
3604 0.0000153349
3634 0.0000152174
3639 0.0000129589
3659 0.0000118057
3685 0.0000103947
3701 0.0000103791
3708 0.0000084872
3756 0.0000081429
3804 0.0000079547
3810 0.0000062092
3869 0.0000058876
3879 0.0000056794
3905 0.0000053782
3911 0.0000048501
3916 0.0000046097
3933 0.0000044364
3936 0.0000039253
3939 0.0000027535
3994 0.0000023683
4024 0.0000021911
4070 0.0000021016
4092 0.0000017356
4103 0.0000012928
4177 0.0000010354
4225 0.0000009534
4234 0.0000009038
4246 0.0000008991
4259 0.0000008929
4271 0.0000007978
4272 0.0000007218
4325 0.0000006910
4337 0.0000005755
4342 0.0000005380
4363 0.0000005351
4374 0.0000004894
4384 0.0000004678
4394 0.0000004578
4397 0.0000003362
4478 0.0000003337
4530 0.0000003146
4534 0.0000002865
4550 0.0000002592
4563 0.0000002544
4586 0.0000002326
4587 0.0000002264
4599 0.0000002136
4661 0.0000002087
4666 0.0000001951
4669 0.0000001936
4684 0.0000001923
4689 0.0000001827
4693 0.0000001648
4695 0.0000001507
4706 0.0000001212
4726 0.0000001106
4737 0.0000000954
4776 0.0000000890
4778 0.0000000703
4801 0.0000000595
4826 0.0000000547
4842 0.0000000522
4843 0.0000000488
4935 0.0000000410
4952 0.0000000304
4982 0.0000000241
5044 0.0000000197
5059 0.0000000145
5193 0.0000000100
5268 0.0000000084
5272 0.0000000073
5282 0.0000000072
5285 0.0000000068
5298 0.0000000068
5299 0.0000000062
5302 0.0000000051
5426 0.0000000049
5436 0.0000000045
5446 0.0000000041
5448 0.0000000038
5463 0.0000000036
5476 0.0000000035
5483 0.0000000035
5492 0.0000000030
5498 0.0000000027
5503 0.0000000027
5515 0.0000000026
5548 0.0000000022
5586 0.0000000019
5592 0.0000000018
5600 0.0000000015
5648 0.0000000015
5661 0.0000000012
5821 0.0000000011
5823 0.0000000010
5838 0.0000000010
5852 0.0000000009
5855 0.0000000008
5878 0.0000000007
5893 0.0000000006
5925 0.0000000006
5927 0.0000000005
5929 0.0000000004
5953 0.0000000004
5956 0.0000000003
6025 0.0000000003
6031 0.0000000002
6048 0.0000000002
6099 0.0000000002
6111 0.0000000002
6113 0.0000000002
6124 0.0000000001
6160 0.0000000001
6187 0.0000000001
6191 0.0000000001
6220 0.0000000001
6282 0.0000000001
6347 0.0000000001
6352 0.0000000001
6361 0.0000000000
6421 0.0000000000
6454 0.0000000000
6494 0.0000000000
6496 0.0000000000
6514 0.0000000000
6521 0.0000000000
6537 0.0000000000
6550 0.0000000000
6591 0.0000000000
6592 0.0000000000
6625 0.0000000000
6634 0.0000000000
6664 0.0000000000
6665 0.0000000000
6677 0.0000000000
6686 0.0000000000
6758 0.0000000000
6776 0.0000000000
6799 0.0000000000
6866 0.0000000000
6867 0.0000000000
7005 0.0000000000
7030 0.0000000000
7065 0.0000000000
7067 0.0000000000
7083 0.0000000000
7085 0.0000000000
7103 0.0000000000
7111 0.0000000000
7173 0.0000000000
7193 0.0000000000
7231 0.0000000000
7240 0.0000000000
7280 0.0000000000
7295 0.0000000000
7301 0.0000000000
7326 0.0000000000
7377 0.0000000000
7416 0.0000000000
7427 0.0000000000
7503 0.0000000000
7609 0.0000000000
7611 0.0000000000
7693 0.0000000000
7732 0.0000000000
7763 0.0000000000
7912 0.0000000000
8071 0.0000000000
8205 0.0000000000
evaluations raw_y
1 869.5338418526
2 842.2132360095
3 726.6845445882
11 569.1807694907
31 564.9574150659
38 476.8110482567
67 469.2135500612
68 435.2431267553
73 418.8887912882
76 412.3789409513
78 396.0292569487
79 357.5593818639
93 353.2741002546
96 338.9200713285
100 311.3842694462
109 308.2090443913
110 298.1763062721
113 271.7057882935
141 268.6283351701
145 197.3986786217
208 157.0100282829
245 133.9902907866
335 132.3567663351
339 128.5898492562
342 121.0713531316
347 116.0536656715
373 100.8628930249
409 94.4784791261
443 85.0557999364
444 77.7084025098
450 67.1193920433
468 64.5432262253
481 64.2391542787
491 55.1201702368
509 46.7837876874
515 43.2794765419
541 28.3052509695
624 23.5085713738
654 20.0712624718
661 16.7148716200
669 16.1998118998
709 14.1557038996
730 12.2465621492
782 11.7383857172
796 11.6103074079
809 11.5049290392
826 10.8963803774
834 10.3803256520
836 9.7092786933
841 9.3838169705
853 8.0967579345
874 7.8499276706
891 7.3690042525
907 6.9436721551
909 6.2929949120
918 6.1187091417
936 6.0943635723
970 3.2989339480
1051 2.7102910267
1069 2.2782905905
1091 2.1596998547
1104 1.5973624371
1113 1.5904207888
1176 1.4526885444
1179 1.4112053898
1200 1.2236442891
1208 1.0868177765
1227 1.0176309581
1240 0.8509516026
1296 0.6958364845
1373 0.6494517126
1398 0.6006274921
1414 0.5837022634
1418 0.5752904917
1446 0.5190922764
1455 0.4722823863
1465 0.4043737258
1494 0.3790722861
1502 0.3696732207
1505 0.3691363743
1507 0.3663893754
1508 0.2806441959
1520 0.2766354123
1522 0.2392682014
1547 0.1782374674
1588 0.1524231712
1669 0.1416102118
1684 0.1322158454
1727 0.1297649778
1732 0.1151643713
1744 0.1076010507
1775 0.0911099188
1801 0.0833662509
1826 0.0766842963
1831 0.0749395898
1839 0.0726487677
1850 0.0650055085
1851 0.0650006532
1852 0.0573854568
1907 0.0551190763
1912 0.0551073786
1924 0.0483034834
1926 0.0474369288
1947 0.0428789844
1955 0.0380140905
2003 0.0371889531
2008 0.0364712822
2016 0.0358988180
2021 0.0344226747
2038 0.0323672525
2040 0.0301668552
2056 0.0264955052
2082 0.0241101777
2105 0.0231295940
2116 0.0174304970
2120 0.0171864626
2144 0.0144711637
2146 0.0127047078
2237 0.0123872016
2260 0.0115701840
2271 0.0100230455
2279 0.0095886401
2287 0.0088952792
2307 0.0088400841
2310 0.0086306100
2311 0.0077984961
2322 0.0063228954
2373 0.0062096425
2388 0.0058546228
2396 0.0055611483
2405 0.0050901822
2418 0.0035406081
2436 0.0029841307
2447 0.0029095172
2448 0.0027360938
2499 0.0019602649
2509 0.0018892110
2514 0.0018091654
2588 0.0017257755
2612 0.0016629218
2634 0.0015065384
2671 0.0013314298
2698 0.0012255610
2702 0.0011853879
2712 0.0011440658
2741 0.0008932897
2756 0.0007711831
2784 0.0007569822
2789 0.0007348981
2826 0.0006793146
2827 0.0006071625
2860 0.0005590328
2879 0.0005165109
2927 0.0005112830
2930 0.0005025624
2937 0.0004851097
2938 0.0004516519
2954 0.0003417208
2969 0.0003171393
2981 0.0002765525
3003 0.0002636686
3022 0.0002581390
3030 0.0002138890
3033 0.0001983262
3051 0.0001954212
3082 0.0001879460
3090 0.0001554218
3098 0.0001475359
3142 0.0001202461
3213 0.0001187435
3214 0.0001005594
3233 0.0000916642
3246 0.0000879409
3256 0.0000758403
3263 0.0000729422
3264 0.0000713765
3296 0.0000649137
3310 0.0000588118
3323 0.0000547445
3366 0.0000495956
3408 0.0000431534
3456 0.0000424949
3478 0.0000351104
3495 0.0000292039
3501 0.0000279189
3529 0.0000277476
3538 0.0000268390
3547 0.0000225341
3588 0.0000196033
3599 0.0000183578
3613 0.0000178954
3616 0.0000172368
3632 0.0000160494
3667 0.0000158361
3668 0.0000153722
3681 0.0000126287
3698 0.0000125391
3715 0.0000111865
3728 0.0000090482
3753 0.0000072290
3782 0.0000060734
3825 0.0000059908
3833 0.0000050829
3843 0.0000050329
3855 0.0000048364
3856 0.0000040039
3881 0.0000034824
3918 0.0000031551
3956 0.0000028956
3962 0.0000024867
4002 0.0000024552
4020 0.0000020864
4035 0.0000020773
4051 0.0000019387
4092 0.0000018531
4097 0.0000017399
4114 0.0000016635
4129 0.0000014566
4187 0.0000013424
4196 0.0000011832
4210 0.0000011297
4216 0.0000011049
4218 0.0000010590
4235 0.0000007386
4272 0.0000007095
4306 0.0000006812
4321 0.0000006801
4340 0.0000006678
4355 0.0000004822
4394 0.0000004208
4420 0.0000003859
4441 0.0000003678
4462 0.0000003608
4492 0.0000003383
4533 0.0000002910
4535 0.0000002691
4550 0.0000002248
4569 0.0000002224
4594 0.0000001617
4597 0.0000001595
4630 0.0000000994
4713 0.0000000961
4764 0.0000000922
4771 0.0000000745
4793 0.0000000745
4801 0.0000000611
4826 0.0000000577
4865 0.0000000481
4953 0.0000000392
4978 0.0000000360
4986 0.0000000350
4999 0.0000000301
5014 0.0000000236
5054 0.0000000229
5073 0.0000000215
5082 0.0000000202
5097 0.0000000186
5148 0.0000000171
5164 0.0000000165
5200 0.0000000144
5217 0.0000000129
5222 0.0000000119
5233 0.0000000086
5274 0.0000000079
5307 0.0000000048
5415 0.0000000043
5449 0.0000000040
5472 0.0000000034
5514 0.0000000028
5556 0.0000000026
5562 0.0000000021
5564 0.0000000021
5567 0.0000000018
5608 0.0000000018
5621 0.0000000012
5689 0.0000000009
5707 0.0000000008
5797 0.0000000008
5847 0.0000000008
5854 0.0000000008
5872 0.0000000006
5894 0.0000000006
5903 0.0000000006
5907 0.0000000006
5927 0.0000000005
5937 0.0000000005
5945 0.0000000005
5950 0.0000000005
5966 0.0000000004
5982 0.0000000004
5992 0.0000000003
6019 0.0000000003
6031 0.0000000003
6033 0.0000000003
6047 0.0000000003
6071 0.0000000002
6096 0.0000000002
6107 0.0000000001
6196 0.0000000001
6223 0.0000000001
6230 0.0000000001
6265 0.0000000001
6285 0.0000000001
6313 0.0000000001
6316 0.0000000001
6336 0.0000000001
6366 0.0000000001
6382 0.0000000001
6384 0.0000000001
6385 0.0000000001
6394 0.0000000001
6417 0.0000000000
6452 0.0000000000
6453 0.0000000000
6454 0.0000000000
6457 0.0000000000
6475 0.0000000000
6497 0.0000000000
6522 0.0000000000
6541 0.0000000000
6549 0.0000000000
6563 0.0000000000
6587 0.0000000000
6621 0.0000000000
6649 0.0000000000
6655 0.0000000000
6668 0.0000000000
6692 0.0000000000
6787 0.0000000000
6791 0.0000000000
6798 0.0000000000
6819 0.0000000000
6829 0.0000000000
6876 0.0000000000
6916 0.0000000000
7036 0.0000000000
7074 0.0000000000
7083 0.0000000000
7086 0.0000000000
7102 0.0000000000
7118 0.0000000000
7143 0.0000000000
7173 0.0000000000
7192 0.0000000000
7220 0.0000000000
7273 0.0000000000
7297 0.0000000000
7312 0.0000000000
7330 0.0000000000
7359 0.0000000000
7374 0.0000000000
7397 0.0000000000
7409 0.0000000000
7447 0.0000000000
7474 0.0000000000
7626 0.0000000000
7642 0.0000000000
7654 0.0000000000
7669 0.0000000000
7683 0.0000000000
7693 0.0000000000
7738 0.0000000000
7772 0.0000000000
7792 0.0000000000
7794 0.0000000000
7828 0.0000000000
7866 0.0000000000
7887 0.0000000000
7893 0.0000000000
7914 0.0000000000
8066 0.0000000000
8072 0.0000000000
8121 0.0000000000
8133 0.0000000000
8332 0.0000000000
8510 0.0000000000
8535 0.0000000000
evaluations raw_y
1 564.0256422179
11 529.4997698384
22 500.8426172807
27 490.8385638732
30 419.8158414311
45 401.7193077980
60 378.2612052394
74 334.8922068194
82 300.0685654355
86 271.9771991803
99 231.7904575603
114 223.1702743157
128 200.6777611813
142 189.4818982243
143 170.4024954090
182 169.8345406357
215 155.1909849248
235 114.6314194056
298 104.3899610153
304 97.6093923928
324 74.6326705836
381 68.1801826855
383 67.3365785897
394 65.5900499251
412 49.9008175974
430 49.0914128514
523 45.9427995570
543 36.4191966864
569 33.6053200622
584 22.0003430275
649 21.6240286633
651 19.1480076413
659 18.6692546217
662 18.1621245160
679 16.8700688298
693 16.2630323253
716 16.0639744320
730 14.1077649239
734 13.2160664629
749 10.5714097091
814 10.2301433192
844 5.7579310020
932 5.5822278407
955 4.9321709208
972 4.7562165413
988 4.5616741472
1024 4.5191974073
1041 4.2427348789
1066 3.7268909748
1087 3.0678216340
1122 2.3181869577
1161 2.0418306785
1200 1.8206542426
1210 1.8176707183
1211 1.6620125829
1217 1.1601045773
1276 0.9165800267
1300 0.7887118824
1328 0.7528353196
1347 0.7399292773
1386 0.6039874838
1424 0.5241206379
1440 0.4850193474
1444 0.4237495064
1544 0.3740644626
1566 0.3711825019
1569 0.3681891354
1579 0.2517744977
1597 0.2436295638
1638 0.2041236892
1652 0.1976698458
1671 0.1660773900
1699 0.1305432649
1725 0.1159563702
1735 0.1136191423
1741 0.0977536111
1763 0.0848450244
1835 0.0829464560
1837 0.0787113657
1846 0.0742548292
1857 0.0599328717
1901 0.0524826245
1915 0.0501734069
1924 0.0384826777
1947 0.0375426874
1964 0.0371378445
1968 0.0348748142
1990 0.0343021899
2013 0.0293839393
2028 0.0204071484
2080 0.0193081693
2088 0.0192096287
2134 0.0141099499
2169 0.0106009161
2206 0.0090691757
2251 0.0083935523
2272 0.0081256458
2298 0.0067063145
2332 0.0065084587
2333 0.0060958187
2347 0.0058768183
2373 0.0050517867
2389 0.0045445502
2390 0.0039137764
2450 0.0037530981
2464 0.0036913690
2477 0.0035090375
2497 0.0031918591
2506 0.0028335314
2521 0.0026581156
2525 0.0019937867
2557 0.0019013497
2582 0.0017574276
2592 0.0014788618
2594 0.0013671523
2610 0.0013207481
2614 0.0011000947
2630 0.0010386227
2638 0.0010169601
2670 0.0010116969
2674 0.0009826788
2675 0.0009343494
2694 0.0006388050
2744 0.0005441260
2746 0.0005192141
2762 0.0005050341
2763 0.0005037499
2801 0.0004661114
2839 0.0003739620
2927 0.0003730632
2928 0.0003507630
2932 0.0002978426
2945 0.0002530107
2962 0.0002497899
2972 0.0002404490
2981 0.0002065660
2988 0.0001956609
3033 0.0001814746
3086 0.0001726270
3109 0.0001549135
3123 0.0001295682
3148 0.0001141749
3151 0.0001070057
3160 0.0000829173
3166 0.0000827248
3207 0.0000575061
3317 0.0000534313
3363 0.0000515741
3377 0.0000360352
3453 0.0000356032
3454 0.0000352917
3460 0.0000283079
3469 0.0000280682
3472 0.0000252680
3496 0.0000236950
3502 0.0000236689
3511 0.0000211648
3528 0.0000211236
3549 0.0000205778
3567 0.0000180811
3584 0.0000149785
3653 0.0000138250
3674 0.0000119157
3692 0.0000116660
3695 0.0000102068
3715 0.0000092001
3727 0.0000085104
3747 0.0000060701
3776 0.0000054687
3795 0.0000049034
3847 0.0000045363
3879 0.0000041107
3900 0.0000037770
3907 0.0000035300
3931 0.0000035045
3960 0.0000033991
3961 0.0000029112
3988 0.0000026796
3989 0.0000025853
4019 0.0000024986
4050 0.0000015813
4095 0.0000010821
4103 0.0000009895
4132 0.0000009792
4198 0.0000009266
4208 0.0000007281
4265 0.0000006608
4294 0.0000006225
4312 0.0000004195
4341 0.0000004132
4359 0.0000003999
4376 0.0000003908
4394 0.0000003291
4396 0.0000003056
4407 0.0000002990
4420 0.0000002766
4433 0.0000002332
4461 0.0000002251
4470 0.0000001876
4508 0.0000001816
4563 0.0000001741
4589 0.0000001495
4599 0.0000001469
4603 0.0000001022
4681 0.0000000936
4695 0.0000000796
4705 0.0000000767
4709 0.0000000721
4712 0.0000000513
4794 0.0000000489
4838 0.0000000483
4851 0.0000000474
4858 0.0000000457
4870 0.0000000397
4875 0.0000000342
4876 0.0000000303
4915 0.0000000277
4948 0.0000000273
4949 0.0000000245
4968 0.0000000234
4979 0.0000000231
4994 0.0000000221
5053 0.0000000205
5057 0.0000000201
5071 0.0000000169
5089 0.0000000144
5102 0.0000000122
5132 0.0000000122
5133 0.0000000111
5150 0.0000000092
5156 0.0000000092
5163 0.0000000090
5182 0.0000000083
5204 0.0000000067
5214 0.0000000064
5233 0.0000000063
5237 0.0000000060
5304 0.0000000058
5319 0.0000000049
5332 0.0000000042
5338 0.0000000038
5354 0.0000000033
5423 0.0000000033
5430 0.0000000031
5485 0.0000000031
5491 0.0000000025
5500 0.0000000020
5530 0.0000000019
5548 0.0000000017
5549 0.0000000015
5552 0.0000000014
5567 0.0000000013
5587 0.0000000012
5591 0.0000000012
5607 0.0000000011
5612 0.0000000009
5664 0.0000000008
5674 0.0000000006
5746 0.0000000006
5758 0.0000000005
5778 0.0000000005
5796 0.0000000004
5798 0.0000000004
5821 0.0000000004
5837 0.0000000003
5840 0.0000000003
5847 0.0000000003
5874 0.0000000003
5879 0.0000000003
5881 0.0000000003
5883 0.0000000003
5894 0.0000000002
5930 0.0000000002
5944 0.0000000001
6004 0.0000000001
6040 0.0000000001
6049 0.0000000001
6059 0.0000000001
6105 0.0000000001
6149 0.0000000001
6151 0.0000000001
6188 0.0000000001
6208 0.0000000001
6213 0.0000000001
6221 0.0000000001
6227 0.0000000001
6234 0.0000000000
6252 0.0000000000
6262 0.0000000000
6267 0.0000000000
6321 0.0000000000
6326 0.0000000000
6331 0.0000000000
6348 0.0000000000
6351 0.0000000000
6360 0.0000000000
6413 0.0000000000
6480 0.0000000000
6554 0.0000000000
6559 0.0000000000
6567 0.0000000000
6644 0.0000000000
6664 0.0000000000
6665 0.0000000000
6689 0.0000000000
6732 0.0000000000
6735 0.0000000000
6784 0.0000000000
6868 0.0000000000
6884 0.0000000000
6899 0.0000000000
6916 0.0000000000
6930 0.0000000000
6937 0.0000000000
6949 0.0000000000
6983 0.0000000000
7039 0.0000000000
7054 0.0000000000
7056 0.0000000000
7084 0.0000000000
7138 0.0000000000
7175 0.0000000000
7206 0.0000000000
7224 0.0000000000
7263 0.0000000000
7296 0.0000000000
7306 0.0000000000
7330 0.0000000000
7433 0.0000000000
7443 0.0000000000
7510 0.0000000000
7512 0.0000000000
7537 0.0000000000
7561 0.0000000000
7584 0.0000000000
7635 0.0000000000
7659 0.0000000000
7725 0.0000000000
7732 0.0000000000
7739 0.0000000000
7760 0.0000000000
7797 0.0000000000
7819 0.0000000000
7908 0.0000000000
7943 0.0000000000
8017 0.0000000000
8083 0.0000000000
8199 0.0000000000
8207 0.0000000000
8209 0.0000000000
8227 0.0000000000
8253 0.0000000000
8381 0.0000000000
8432 0.0000000000
8478 0.0000000000
8578 0.0000000000
8850 0.0000000000
evaluations raw_y
1 963.8866816837
5 863.6200946765
13 772.9231641420
17 710.1823218405
21 660.8342903687
45 586.5760172373
47 559.1872928484
68 506.4015813866
81 496.0189288783
85 469.5239678516
86 419.2497910995
98 359.7481790556
109 320.7776958104
132 299.4180541154
155 294.9414701947
166 213.9889299598
218 213.4749410678
250 199.3283012183
251 194.0570330486
261 175.6060701036
271 157.0679609324
347 143.5291773399
372 141.8067576595
392 140.5065493714
393 137.9057932771
428 108.5736373862
457 101.6700860534
473 88.4351363307
484 88.2987771795
498 81.7186374331
501 76.2432500645
512 72.1402642407
568 64.3075106546
611 47.3691955297
652 39.9941690215
675 38.7750157229
711 27.9640306346
789 24.2795056625
806 19.8273357646
843 19.3306524572
847 16.2592404312
891 13.4796154021
904 13.4046484885
957 13.3373523232
960 12.2501123215
994 11.9317001614
1000 10.3140489575
1025 9.7639858401
1028 9.3595888558
1038 9.2597201699
1039 9.1146706704
1047 8.9800309604
1049 6.9940901914
1064 5.6159142778
1118 5.3409306289
1148 4.0583072273
1255 3.5993123976
1321 3.2733358129
1350 3.2322351058
1352 3.1609090876
1364 2.9968889604
1368 2.4278331756
1383 2.4142747777
1387 2.3934859042
1394 2.2778401561
1402 1.8094064133
1443 1.6811917693
1455 1.6668547518
1463 1.5215686772
1464 1.4582322159
1479 1.3313669713
1491 1.1395131909
1521 0.6727542141
1572 0.6378669896
1599 0.5217606006
1679 0.4970852533
1681 0.4755886605
1703 0.4664564814
1714 0.4160287837
1719 0.3344082301
1761 0.3267239846
1780 0.3015854419
1796 0.2763798877
1845 0.2665964468
1849 0.2422412701
1852 0.2378213741
1855 0.2057543695
1867 0.2017970866
1868 0.1606398935
1893 0.1482317659
1924 0.1429543178
1956 0.1299255930
1957 0.1292993420
1975 0.1242564373
1985 0.1230474593
2003 0.1193163046
2004 0.0907767761
2011 0.0860405190
2042 0.0761514671
2070 0.0695293624
2080 0.0693514810
2093 0.0659137400
2103 0.0618863362
2125 0.0579799858
2132 0.0523352168
2163 0.0436360000
2210 0.0319306052
2293 0.0290734941
2312 0.0237250172
2384 0.0199856323
2424 0.0186296635
2437 0.0173701884
2445 0.0161035250
2446 0.0153909177
2463 0.0149199470
2466 0.0128686730
2473 0.0128616983
2477 0.0128313153
2489 0.0111063559
2537 0.0096201898
2568 0.0072211371
2620 0.0060007285
2639 0.0059654962
2643 0.0045853524
2714 0.0045558576
2724 0.0036280863
2771 0.0035241648
2826 0.0034011597
2859 0.0031621173
2915 0.0027229215
2927 0.0025201248
2973 0.0024149696
2977 0.0021390693
2986 0.0015816812
3007 0.0015461866
3017 0.0013983989
3019 0.0013959081
3045 0.0012999892
3050 0.0011313480
3056 0.0010736629
3057 0.0010683207
3061 0.0009060876
3079 0.0007580844
3150 0.0006617381
3199 0.0005941561
3203 0.0005263496
3252 0.0004107187
3256 0.0003896492
3279 0.0003513114
3309 0.0003183780
3321 0.0002978885
3332 0.0002759583
3382 0.0002663768
3391 0.0002526565
3396 0.0002386469
3400 0.0001792117
3486 0.0001766973
3493 0.0001642700
3501 0.0001501258
3514 0.0001436473
3521 0.0001329089
3526 0.0001105797
3540 0.0001037610
3603 0.0000860182
3614 0.0000855922
3631 0.0000832280
3639 0.0000794246
3641 0.0000777494
3651 0.0000740834
3664 0.0000710972
3683 0.0000659877
3690 0.0000648882
3707 0.0000574119
3725 0.0000533412
3736 0.0000510714
3739 0.0000498974
3754 0.0000452313
3768 0.0000439802
3786 0.0000379683
3816 0.0000378523
3829 0.0000352571
3847 0.0000284151
3856 0.0000283757
3888 0.0000264486
3902 0.0000237248
3917 0.0000206428
3960 0.0000198747
3985 0.0000182341
4009 0.0000168333
4020 0.0000143021
4051 0.0000135112
4078 0.0000129079
4099 0.0000126891
4142 0.0000123669
4170 0.0000118146
4176 0.0000114758
4192 0.0000088497
4232 0.0000088370
4245 0.0000074282
4257 0.0000069063
4262 0.0000066574
4266 0.0000057314
4285 0.0000050733
4294 0.0000048478
4304 0.0000048147
4326 0.0000038955
4379 0.0000038497
4382 0.0000030552
4465 0.0000027675
4467 0.0000023308
4477 0.0000022669
4510 0.0000022086
4521 0.0000021079
4531 0.0000018245
4543 0.0000014886
4561 0.0000010831
4637 0.0000008069
4654 0.0000007738
4698 0.0000007503
4722 0.0000006938
4739 0.0000005966
4799 0.0000005928
4800 0.0000005670
4803 0.0000005262
4807 0.0000004711
4834 0.0000004645
4845 0.0000004596
4877 0.0000004045
4896 0.0000003832
4916 0.0000002315
4931 0.0000002224
4970 0.0000002059
5021 0.0000001969
5040 0.0000001716
5060 0.0000001628
5095 0.0000001388
5114 0.0000001387
5121 0.0000001271
5126 0.0000001260
5131 0.0000000879
5221 0.0000000846
5251 0.0000000790
5260 0.0000000646
5303 0.0000000497
5378 0.0000000437
5386 0.0000000344
5452 0.0000000309
5470 0.0000000292
5504 0.0000000260
5522 0.0000000227
5537 0.0000000192
5547 0.0000000186
5557 0.0000000179
5562 0.0000000176
5566 0.0000000164
5571 0.0000000105
5700 0.0000000103
5729 0.0000000100
5745 0.0000000085
5776 0.0000000081
5782 0.0000000074
5792 0.0000000073
5802 0.0000000072
5840 0.0000000061
5841 0.0000000060
5850 0.0000000053
5852 0.0000000045
5863 0.0000000042
5892 0.0000000031
5945 0.0000000027
6000 0.0000000026
6006 0.0000000025
6013 0.0000000024
6025 0.0000000020
6028 0.0000000017
6048 0.0000000013
6131 0.0000000010
6154 0.0000000009
6159 0.0000000009
6173 0.0000000005
6369 0.0000000004
6376 0.0000000004
6397 0.0000000003
6408 0.0000000003
6424 0.0000000003
6463 0.0000000003
6483 0.0000000002
6493 0.0000000002
6509 0.0000000002
6566 0.0000000001
6590 0.0000000001
6617 0.0000000001
6648 0.0000000001
6651 0.0000000001
6665 0.0000000001
6675 0.0000000001
6714 0.0000000001
6749 0.0000000001
6757 0.0000000000
6871 0.0000000000
6887 0.0000000000
6888 0.0000000000
6901 0.0000000000
6916 0.0000000000
6939 0.0000000000
6990 0.0000000000
6996 0.0000000000
7010 0.0000000000
7017 0.0000000000
7031 0.0000000000
7069 0.0000000000
7117 0.0000000000
7133 0.0000000000
7141 0.0000000000
7148 0.0000000000
7276 0.0000000000
7282 0.0000000000
7308 0.0000000000
7325 0.0000000000
7331 0.0000000000
7348 0.0000000000
7366 0.0000000000
7373 0.0000000000
7378 0.0000000000
7419 0.0000000000
7501 0.0000000000
7507 0.0000000000
7520 0.0000000000
7563 0.0000000000
7626 0.0000000000
7650 0.0000000000
7694 0.0000000000
7698 0.0000000000
7703 0.0000000000
7725 0.0000000000
7736 0.0000000000
7754 0.0000000000
7783 0.0000000000
7837 0.0000000000
7847 0.0000000000
7876 0.0000000000
7968 0.0000000000
8013 0.0000000000
8102 0.0000000000
8196 0.0000000000
8341 0.0000000000
8475 0.0000000000
evaluations raw_y
1 687.6818567752
2 663.0863019673
3 456.4223280085
21 413.0621746802
31 383.0559594753
32 380.8298802782
35 354.2693857648
50 314.0349943047
62 308.5250828643
82 283.7308340409
83 259.3290187753
93 230.9469927302
103 202.6287047830
104 196.9338830144
108 179.5817461455
139 171.7243776645
143 171.0421397265
157 170.7128109985
160 136.2022296122
197 124.8937836668
212 121.6957808570
249 114.6996001059
251 93.7409939273
262 88.3150478732
354 65.4796023584
480 64.8855913972
502 62.3441925836
503 57.8923648486
513 48.1242894688
517 44.5412789430
566 43.3795909815
582 30.5624308523
617 29.3021284223
645 27.9718799610
647 25.9261571299
678 16.4883559094
718 16.3315631820
783 15.0224058798
794 14.2206275846
801 13.0496232231
854 12.3742770263
890 12.3341743373
893 11.7166483817
907 10.4019407646
916 9.5340605233
926 8.4223616524
940 7.6455552868
1004 5.9808122412
1009 5.9481898635
1047 5.5152603491
1082 5.3379027793
1088 4.5744232587
1093 4.3187516818
1096 3.5139075901
1176 3.1988569412
1232 2.5029677672
1264 2.3379660730
1277 2.2700733054
1278 2.0538476784
1291 1.6455441083
1322 1.3605049182
1351 1.1339448602
1402 0.8305290706
1474 0.7719212246
1486 0.7379283804
1519 0.7241360599
1523 0.5858312610
1555 0.5000188424
1583 0.4243790804
1593 0.3896148092
1609 0.3468885690
1640 0.3147992270
1656 0.3092441520
1660 0.2675755158
1693 0.2337536232
1755 0.1594985846
1817 0.1525680491
1848 0.1513051493
1873 0.1456909802
1876 0.1170680737
1937 0.1092023904
1941 0.1011687636
1963 0.0828816838
1996 0.0819790063
2003 0.0666448612
2009 0.0636497139
2054 0.0447980670
2136 0.0431584575
2159 0.0399691995
2161 0.0391627910
2170 0.0304394869
2198 0.0279328182
2223 0.0239501804
2226 0.0238463927
2230 0.0192303387
2266 0.0179979703
2290 0.0172019346
2292 0.0153969802
2334 0.0140915165
2380 0.0132661622
2382 0.0090495039
2408 0.0090049793
2428 0.0087832406
2442 0.0076922995
2464 0.0074067129
2513 0.0066095739
2518 0.0062187265
2521 0.0058998156
2540 0.0057496307
2560 0.0054703031
2593 0.0053648387
2600 0.0052489518
2610 0.0052125542
2611 0.0050828413
2612 0.0048344560
2617 0.0047856894
2624 0.0046568613
2645 0.0043576165
2654 0.0039926955
2674 0.0038241435
2680 0.0036231428
2688 0.0032119831
2698 0.0023032958
2702 0.0022265699
2733 0.0021563474
2747 0.0017238998
2758 0.0015945964
2848 0.0015318445
2852 0.0011614862
2884 0.0011050250
2900 0.0009579891
2930 0.0008892403
2934 0.0008750066
2936 0.0007694650
2948 0.0007220221
2960 0.0006919710
2991 0.0006745386
2993 0.0006477511
3008 0.0006161348
3027 0.0005025169
3033 0.0004826473
3060 0.0004778963
3063 0.0004718667
3092 0.0004113358
3103 0.0003890608
3106 0.0003417700
3135 0.0003384996
3143 0.0003342037
3158 0.0002506523
3235 0.0002478686
3257 0.0001903073
3291 0.0001887543
3322 0.0001764554
3325 0.0001489023
3332 0.0001459160
3336 0.0001345613
3367 0.0001237961
3370 0.0001066356
3377 0.0000922833
3396 0.0000882308
3472 0.0000861327
3488 0.0000806372
3500 0.0000671952
3511 0.0000633501
3527 0.0000632630
3551 0.0000617479
3604 0.0000509288
3635 0.0000439362
3668 0.0000395946
3679 0.0000331822
3706 0.0000243868
3722 0.0000240787
3737 0.0000227816
3738 0.0000219398
3795 0.0000216031
3797 0.0000201611
3804 0.0000181542
3851 0.0000174159
3868 0.0000151435
3886 0.0000137471
3895 0.0000102167
3943 0.0000090942
3998 0.0000088708
4039 0.0000070349
4070 0.0000065899
4075 0.0000061743
4098 0.0000054645
4141 0.0000039891
4169 0.0000032325
4235 0.0000025361
4279 0.0000023352
4286 0.0000019335
4317 0.0000018121
4337 0.0000017678
4344 0.0000010583
4382 0.0000010441
4402 0.0000009917
4430 0.0000007486
4502 0.0000007266
4511 0.0000006997
4528 0.0000005995
4536 0.0000004935
4570 0.0000004428
4584 0.0000003969
4595 0.0000003823
4645 0.0000003552
4655 0.0000003384
4688 0.0000003364
4697 0.0000003207
4706 0.0000003087
4743 0.0000002945
4772 0.0000002922
4776 0.0000002788
4787 0.0000002258
4833 0.0000001855
4864 0.0000001755
4869 0.0000001719
4886 0.0000001446
4888 0.0000001291
4891 0.0000001176
4899 0.0000000954
4906 0.0000000671
5027 0.0000000671
5092 0.0000000502
5162 0.0000000419
5177 0.0000000353
5216 0.0000000349
5227 0.0000000323
5238 0.0000000247
5283 0.0000000193
5309 0.0000000190
5313 0.0000000140
5413 0.0000000102
5452 0.0000000100
5504 0.0000000092
5522 0.0000000067
5546 0.0000000066
5559 0.0000000061
5571 0.0000000044
5655 0.0000000036
5695 0.0000000036
5696 0.0000000035
5742 0.0000000032
5744 0.0000000030
5751 0.0000000028
5810 0.0000000028
5813 0.0000000020
5821 0.0000000019
5841 0.0000000014
5881 0.0000000014
5916 0.0000000012
5945 0.0000000011
5969 0.0000000011
5974 0.0000000010
5982 0.0000000010
5998 0.0000000009
6023 0.0000000007
6081 0.0000000006
6086 0.0000000004
6167 0.0000000004
6180 0.0000000004
6181 0.0000000003
6196 0.0000000003
6223 0.0000000003
6241 0.0000000003
6264 0.0000000002
6311 0.0000000002
6339 0.0000000002
6351 0.0000000002
6356 0.0000000002
6406 0.0000000001
6422 0.0000000001
6427 0.0000000001
6451 0.0000000001
6475 0.0000000001
6503 0.0000000001
6510 0.0000000001
6520 0.0000000001
6524 0.0000000001
6526 0.0000000001
6544 0.0000000001
6559 0.0000000000
6572 0.0000000000
6616 0.0000000000
6637 0.0000000000
6647 0.0000000000
6678 0.0000000000
6685 0.0000000000
6694 0.0000000000
6706 0.0000000000
6722 0.0000000000
6724 0.0000000000
6781 0.0000000000
6797 0.0000000000
6803 0.0000000000
6821 0.0000000000
6840 0.0000000000
6842 0.0000000000
6844 0.0000000000
6884 0.0000000000
6901 0.0000000000
6927 0.0000000000
6937 0.0000000000
7019 0.0000000000
7098 0.0000000000
7116 0.0000000000
7125 0.0000000000
7130 0.0000000000
7164 0.0000000000
7174 0.0000000000
7218 0.0000000000
7228 0.0000000000
7250 0.0000000000
7255 0.0000000000
7287 0.0000000000
7335 0.0000000000
7336 0.0000000000
7352 0.0000000000
7385 0.0000000000
7414 0.0000000000
7447 0.0000000000
7470 0.0000000000
7472 0.0000000000
7495 0.0000000000
7541 0.0000000000
7548 0.0000000000
7607 0.0000000000
7653 0.0000000000
7688 0.0000000000
7699 0.0000000000
7732 0.0000000000
7742 0.0000000000
7766 0.0000000000
7812 0.0000000000
7831 0.0000000000
7862 0.0000000000
7917 0.0000000000
7924 0.0000000000
7931 0.0000000000
7974 0.0000000000
8011 0.0000000000
8029 0.0000000000
8053 0.0000000000
8077 0.0000000000
8116 0.0000000000
8149 0.0000000000
8154 0.0000000000
8317 0.0000000000
8457 0.0000000000
8520 0.0000000000
evaluations raw_y
1 764.7522616595
2 704.6584078451
7 704.5276343522
36 628.4299925196
39 525.2651353601
67 508.6021363377
85 501.6455566587
96 500.5704779951
102 469.6916934769
106 409.5061171466
109 408.2858665255
124 373.5053384328
154 319.4106987630
190 238.5225712620
213 222.3630844510
233 217.5222392596
243 187.9591898769
248 182.2295396944
259 174.7623667875
265 150.7549461949
273 142.7097528291
335 138.1693119635
348 133.2642930744
361 107.5607421343
418 99.6369400668
428 97.2418241625
440 90.1654812147
448 87.3314210909
453 81.6285772815
456 69.5760365713
545 51.5793979349
569 47.1449283532
587 41.8424044219
605 38.3823079598
658 35.5436839708
669 30.6175617093
681 19.4077951355
736 16.4793278306
825 13.3545282178
826 11.5355158946
875 11.2234386888
882 10.3821192923
902 9.7582003434
954 7.9434647127
978 7.0568279607
994 6.6171698504
1014 6.6116730800
1023 6.4706226803
1033 6.1346834209
1039 5.9457825112
1045 3.2740662178
1096 3.1289444535
1113 2.9907686460
1148 2.8124868659
1178 2.1689370552
1246 1.9040610245
1255 1.7222314173
1309 1.3756350303
1338 1.3345614068
1348 1.0352768533
1378 0.9861708945
1436 0.8673610571
1444 0.8043755780
1450 0.7184967000
1471 0.5858909649
1489 0.5323182920
1518 0.4839839587
1548 0.4666903174
1578 0.4538379190
1584 0.4331615308
1592 0.3808986307
1610 0.3093513207
1624 0.3045198444
1632 0.2856286173
1638 0.2558699989
1658 0.2290537414
1667 0.2279336226
1681 0.2119805751
1692 0.2092372979
1705 0.1734673298
1728 0.1670895211
1738 0.1549142454
1762 0.1401408763
1802 0.1175241272
1853 0.1052217740
1867 0.1025851723
1882 0.1017345160
1883 0.0992752347
1890 0.0758874396
1924 0.0700437826
1933 0.0659404521
1947 0.0542598686
1984 0.0537497303
1996 0.0462880935
2033 0.0449452279
2035 0.0417650614
2040 0.0377082080
2067 0.0356503418
2069 0.0299117566
2127 0.0284391859
2132 0.0271984869
2134 0.0227177639
2179 0.0223924791
2199 0.0223280296
2206 0.0214202282
2210 0.0175820606
2222 0.0169600303
2230 0.0166283252
2234 0.0150831940
2239 0.0136867154
2276 0.0126440820
2301 0.0123397394
2305 0.0109216741
2316 0.0105355585
2329 0.0099760122
2337 0.0095712575
2355 0.0082318545
2404 0.0072101186
2415 0.0050753822
2431 0.0045131061
2446 0.0039802426
2479 0.0034602607
2483 0.0030312594
2509 0.0030059316
2514 0.0029871496
2523 0.0024881096
2599 0.0022831121
2619 0.0021920243
2620 0.0018401946
2642 0.0015313552
2693 0.0014345356
2696 0.0013964028
2704 0.0013703963
2709 0.0012879531
2723 0.0012646757
2748 0.0012399935
2750 0.0008785318
2765 0.0007282797
2776 0.0006860664
2821 0.0006104845
2845 0.0005773382
2857 0.0005267854
2866 0.0003704624
2928 0.0003681705
2954 0.0003561619
2961 0.0003538678
2984 0.0003284110
2987 0.0003257289
2999 0.0002653698
3024 0.0002602417
3028 0.0002547220
3030 0.0002315704
3034 0.0002235521
3071 0.0002168070
3077 0.0001976430
3109 0.0001815676
3124 0.0001792990
3132 0.0001469170
3152 0.0001449158
3159 0.0001206903
3182 0.0001201092
3197 0.0000952505
3208 0.0000928062
3226 0.0000900723
3227 0.0000874627
3241 0.0000812970
3265 0.0000625549
3318 0.0000598799
3334 0.0000572176
3338 0.0000552032
3342 0.0000526961
3360 0.0000517564
3384 0.0000441316
3478 0.0000432796
3511 0.0000428356
3520 0.0000328541
3527 0.0000322614
3538 0.0000300881
3545 0.0000270053
3558 0.0000263434
3567 0.0000248362
3570 0.0000226517
3576 0.0000220550
3582 0.0000214943
3606 0.0000208549
3627 0.0000184384
3655 0.0000157310
3665 0.0000152077
3693 0.0000139858
3712 0.0000127560
3729 0.0000119548
3732 0.0000118558
3735 0.0000104255
3760 0.0000086470
3777 0.0000083159
3784 0.0000082369
3785 0.0000065144
3832 0.0000048665
3890 0.0000045499
3909 0.0000039700
3929 0.0000036430
3977 0.0000031439
3993 0.0000031294
4000 0.0000026817
4023 0.0000024954
4042 0.0000023990
4051 0.0000018989
4122 0.0000018228
4141 0.0000017703
4145 0.0000016711
4154 0.0000014608
4174 0.0000009081
4235 0.0000009065
4236 0.0000008293
4261 0.0000007861
4277 0.0000007717
4297 0.0000007493
4302 0.0000006555
4348 0.0000005833
4368 0.0000005807
4373 0.0000005038
4420 0.0000004813
4425 0.0000004616
4463 0.0000004052
4487 0.0000003713
4490 0.0000003582
4507 0.0000003512
4509 0.0000002490
4528 0.0000002416
4561 0.0000002117
4592 0.0000002075
4610 0.0000002006
4630 0.0000001893
4660 0.0000001609
4686 0.0000001537
4691 0.0000001324
4702 0.0000001227
4724 0.0000001137
4728 0.0000001012
4736 0.0000000958
4741 0.0000000931
4826 0.0000000662
4858 0.0000000614
4870 0.0000000504
4884 0.0000000465
4924 0.0000000463
4942 0.0000000402
4975 0.0000000372
4989 0.0000000327
5069 0.0000000299
5083 0.0000000277
5089 0.0000000259
5095 0.0000000158
5148 0.0000000130
5238 0.0000000117
5247 0.0000000114
5252 0.0000000092
5300 0.0000000087
5313 0.0000000068
5388 0.0000000060
5412 0.0000000053
5420 0.0000000050
5423 0.0000000047
5445 0.0000000046
5446 0.0000000032
5479 0.0000000029
5489 0.0000000020
5598 0.0000000016
5626 0.0000000015
5634 0.0000000015
5650 0.0000000013
5677 0.0000000010
5750 0.0000000007
5768 0.0000000007
5806 0.0000000006
5822 0.0000000004
5896 0.0000000004
5924 0.0000000003
5941 0.0000000003
6000 0.0000000002
6017 0.0000000002
6058 0.0000000002
6066 0.0000000002
6106 0.0000000002
6122 0.0000000001
6157 0.0000000001
6169 0.0000000001
6211 0.0000000001
6247 0.0000000001
6250 0.0000000001
6272 0.0000000001
6273 0.0000000001
6294 0.0000000001
6295 0.0000000001
6307 0.0000000001
6315 0.0000000001
6326 0.0000000000
6339 0.0000000000
6411 0.0000000000
6437 0.0000000000
6463 0.0000000000
6496 0.0000000000
6537 0.0000000000
6565 0.0000000000
6575 0.0000000000
6596 0.0000000000
6601 0.0000000000
6664 0.0000000000
6671 0.0000000000
6721 0.0000000000
6733 0.0000000000
6746 0.0000000000
6749 0.0000000000
6760 0.0000000000
6783 0.0000000000
6796 0.0000000000
6829 0.0000000000
6866 0.0000000000
6892 0.0000000000
6895 0.0000000000
6970 0.0000000000
7015 0.0000000000
7022 0.0000000000
7025 0.0000000000
7034 0.0000000000
7043 0.0000000000
7053 0.0000000000
7081 0.0000000000
7096 0.0000000000
7103 0.0000000000
7112 0.0000000000
7139 0.0000000000
7151 0.0000000000
7160 0.0000000000
7184 0.0000000000
7202 0.0000000000
7286 0.0000000000
7289 0.0000000000
7321 0.0000000000
7430 0.0000000000
7445 0.0000000000
7503 0.0000000000
7537 0.0000000000
7585 0.0000000000
7602 0.0000000000
7605 0.0000000000
7627 0.0000000000
7656 0.0000000000
7718 0.0000000000
7780 0.0000000000
7795 0.0000000000
7815 0.0000000000
7860 0.0000000000
7862 0.0000000000
7963 0.0000000000
8241 0.0000000000
8355 0.0000000000
evaluations raw_y
1 734.1147286186
2 703.9082332241
11 637.9129728626
18 614.2224893941
19 538.2695235880
38 517.6484205499
52 421.8476980238
61 390.4189364530
66 344.3533144210
84 337.7373010702
92 330.5071900514
93 277.6681195145
107 225.1018404947
126 173.9256142237
149 147.9827836096
234 126.9837570898
282 115.3703612909
340 112.0336002096
348 110.8143394930
353 77.0561813745
365 61.5238359177
458 55.2384219184
471 54.6398213032
503 50.9968398549
514 49.8918806780
516 45.2446390554
534 44.1162600237
542 42.6362661350
563 36.1206545757
569 31.3256363503
624 30.4549355148
637 29.8311922360
650 28.0494545840
672 16.7704024505
697 14.8340465326
731 14.2244616028
753 12.5550809442
766 9.6342525829
820 9.4964485285
833 6.5971016445
898 5.0676998716
976 4.2459472973
1023 4.2089952862
1026 4.1250825910
1034 4.0466232593
1040 3.2304545396
1053 3.2152817986
1073 3.0302905253
1131 2.9568336368
1141 2.6481936109
1144 2.6248760789
1156 2.3171536977
1177 2.0275797202
1191 1.8154956552
1200 1.6415250909
1217 1.5840801130
1235 1.5752231825
1240 1.5529601051
1244 1.2993241338
1249 1.2489210154
1276 0.9600391551
1303 0.8175320860
1339 0.8111175697
1340 0.7029323626
1345 0.6715895806
1397 0.4833960871
1456 0.4716164590
1476 0.4097582474
1489 0.3069864396
1510 0.2270001805
1558 0.2255565448
1590 0.2204817164
1591 0.1978065144
1611 0.1709681596
1670 0.1635000399
1672 0.1225736206
1694 0.1079122563
1759 0.1046168749
1772 0.0833749580
1782 0.0628316296
1807 0.0604825606
1835 0.0474233988
1903 0.0465600764
1934 0.0393862188
1971 0.0386731967
1981 0.0358795473
2020 0.0319486016
2027 0.0304337311
2034 0.0297219935
2053 0.0253133882
2072 0.0152610174
2095 0.0149761292
2112 0.0133212922
2121 0.0121692030
2153 0.0116787137
2164 0.0107770973
2206 0.0105548023
2211 0.0094680395
2240 0.0087394280
2253 0.0083151123
2264 0.0081271838
2270 0.0079590515
2316 0.0050925912
2363 0.0049075807
2385 0.0044204899
2453 0.0042193522
2462 0.0041419761
2469 0.0041309320
2491 0.0041079773
2494 0.0038051550
2523 0.0033790063
2545 0.0022036397
2562 0.0020425028
2588 0.0019765406
2615 0.0017783066
2625 0.0017607739
2650 0.0015423372
2692 0.0015384377
2698 0.0013554797
2702 0.0010081221
2717 0.0008007164
2739 0.0006458276
2843 0.0005892164
2860 0.0005426812
2878 0.0005234410
2897 0.0004203475
2913 0.0003937870
2934 0.0003595988
2938 0.0003592138
2941 0.0003177232
2973 0.0002989470
2999 0.0002958498
3023 0.0002793230
3040 0.0002645262
3052 0.0002387796
3069 0.0002008177
3085 0.0001907461
3093 0.0001874363
3122 0.0001646942
3128 0.0001437034
3162 0.0001349854
3169 0.0001159628
3187 0.0001137220
3197 0.0001104351
3211 0.0001095378
3216 0.0001019782
3228 0.0000968429
3229 0.0000871582
3231 0.0000836645
3264 0.0000798387
3267 0.0000734399
3282 0.0000563224
3306 0.0000461429
3367 0.0000444289
3392 0.0000401208
3411 0.0000326502
3414 0.0000317114
3420 0.0000272084
3454 0.0000262326
3471 0.0000261525
3505 0.0000217847
3507 0.0000181460
3541 0.0000159990
3576 0.0000153379
3589 0.0000149383
3609 0.0000099381
3680 0.0000095017
3682 0.0000082329
3744 0.0000076782
3753 0.0000050739
3769 0.0000050027
3779 0.0000048332
3807 0.0000048209
3818 0.0000043905
3881 0.0000041386
3889 0.0000038166
3908 0.0000037151
3918 0.0000036102
3934 0.0000033248
3947 0.0000032020
3966 0.0000027661
3969 0.0000023693
3996 0.0000022499
4011 0.0000018739
4089 0.0000018609
4097 0.0000017881
4111 0.0000012817
4160 0.0000012776
4166 0.0000012139
4171 0.0000011870
4182 0.0000010278
4191 0.0000008466
4202 0.0000007506
4235 0.0000006477
4256 0.0000006190
4265 0.0000005914
4271 0.0000005027
4309 0.0000004358
4354 0.0000003720
4389 0.0000003067
4390 0.0000002764
4450 0.0000002742
4478 0.0000002515
4480 0.0000002472
4481 0.0000001981
4506 0.0000001452
4517 0.0000001426
4524 0.0000001197
4533 0.0000001153
4572 0.0000001109
4581 0.0000001012
4585 0.0000000990
4623 0.0000000911
4653 0.0000000869
4667 0.0000000770
4705 0.0000000728
4714 0.0000000676
4736 0.0000000661
4742 0.0000000528
4765 0.0000000515
4782 0.0000000503
4788 0.0000000481
4813 0.0000000444
4833 0.0000000368
4868 0.0000000341
4904 0.0000000302
4916 0.0000000297
4924 0.0000000221
4953 0.0000000162
4979 0.0000000132
5021 0.0000000125
5068 0.0000000124
5073 0.0000000104
5099 0.0000000097
5104 0.0000000088
5141 0.0000000069
5201 0.0000000063
5222 0.0000000052
5231 0.0000000046
5269 0.0000000040
5284 0.0000000038
5293 0.0000000035
5339 0.0000000033
5379 0.0000000030
5381 0.0000000029
5384 0.0000000029
5394 0.0000000025
5408 0.0000000025
5419 0.0000000021
5442 0.0000000019
5455 0.0000000017
5474 0.0000000017
5481 0.0000000016
5528 0.0000000014
5551 0.0000000012
5579 0.0000000010
5597 0.0000000010
5644 0.0000000005
5697 0.0000000005
5734 0.0000000004
5756 0.0000000004
5768 0.0000000004
5792 0.0000000003
5812 0.0000000003
5833 0.0000000002
5887 0.0000000002
5901 0.0000000002
5935 0.0000000002
5941 0.0000000002
5944 0.0000000002
5950 0.0000000002
5958 0.0000000002
5960 0.0000000002
5972 0.0000000001
5997 0.0000000001
6022 0.0000000001
6030 0.0000000001
6079 0.0000000001
6105 0.0000000001
6143 0.0000000001
6145 0.0000000001
6163 0.0000000001
6168 0.0000000001
6173 0.0000000000
6192 0.0000000000
6198 0.0000000000
6212 0.0000000000
6217 0.0000000000
6247 0.0000000000
6266 0.0000000000
6269 0.0000000000
6273 0.0000000000
6328 0.0000000000
6338 0.0000000000
6348 0.0000000000
6368 0.0000000000
6371 0.0000000000
6389 0.0000000000
6444 0.0000000000
6452 0.0000000000
6471 0.0000000000
6484 0.0000000000
6485 0.0000000000
6586 0.0000000000
6587 0.0000000000
6635 0.0000000000
6638 0.0000000000
6650 0.0000000000
6651 0.0000000000
6670 0.0000000000
6671 0.0000000000
6693 0.0000000000
6700 0.0000000000
6708 0.0000000000
6721 0.0000000000
6722 0.0000000000
6793 0.0000000000
6802 0.0000000000
6828 0.0000000000
6831 0.0000000000
6843 0.0000000000
6872 0.0000000000
6877 0.0000000000
6879 0.0000000000
6906 0.0000000000
6907 0.0000000000
6916 0.0000000000
6949 0.0000000000
6964 0.0000000000
7030 0.0000000000
7047 0.0000000000
7086 0.0000000000
7096 0.0000000000
7104 0.0000000000
7119 0.0000000000
7145 0.0000000000
7173 0.0000000000
7174 0.0000000000
7209 0.0000000000
7242 0.0000000000
7263 0.0000000000
7279 0.0000000000
7286 0.0000000000
7328 0.0000000000
7339 0.0000000000
7354 0.0000000000
7366 0.0000000000
7389 0.0000000000
7440 0.0000000000
7468 0.0000000000
7477 0.0000000000
7519 0.0000000000
7552 0.0000000000
7578 0.0000000000
7590 0.0000000000
7597 0.0000000000
7624 0.0000000000
7698 0.0000000000
7716 0.0000000000
7770 0.0000000000
7776 0.0000000000
7842 0.0000000000
7846 0.0000000000
7959 0.0000000000
8170 0.0000000000
8220 0.0000000000
evaluations raw_y
1 601.1933453943
3 553.8339437243
8 541.9507400647
9 475.9484816905
18 475.8679248774
31 474.0280178629
39 427.8139090626
50 396.6054732756
55 392.3016756981
64 376.4185742396
70 327.3078181160
78 313.0419139137
91 300.3757973450
92 294.0477371482
98 249.4865788960
100 217.9141806340
109 193.6897412754
124 183.0662277722
125 176.3902926847
144 157.2917665755
196 146.5499757270
213 137.4407222798
257 119.8115571188
341 115.6584931582
343 114.3782558773
363 111.6448652823
378 90.5019408408
396 88.2936847785
407 76.6448534809
476 64.7198294302
504 61.9221478437
520 57.8085759845
541 54.1632602530
543 50.5599082883
552 47.9753666869
576 44.7816024126
602 42.1582527008
609 41.8513873299
620 39.7996923544
631 39.7168096394
642 32.1628303994
656 31.7700979268
661 29.9550719313
669 28.5247824216
693 27.9041543530
700 27.7715658206
706 22.4657863222
742 16.6123180848
776 10.2032714772
864 8.4084298680
878 6.6883911327
954 5.6465407227
1003 5.2367832565
1012 5.1919474442
1020 4.4531885269
1026 4.4270271425
1034 4.0799870588
1036 3.6700734883
1042 3.5846305153
1054 2.8150691039
1133 2.8124384627
1137 2.2018802854
1138 1.7228692041
1183 1.3916750465
1227 1.2866660441
1284 1.1869493849
1291 1.1721114442
1299 0.9903223441
1314 0.9802941428
1315 0.9635701525
1333 0.9118905714
1340 0.7793679219
1352 0.7180709189
1356 0.7152900262
1377 0.6543015461
1393 0.6177849871
1410 0.6041113939
1428 0.5859141488
1434 0.4737021613
1452 0.4654478797
1460 0.4526453517
1463 0.4433191476
1475 0.3828142759
1491 0.3286141324
1508 0.2957900951
1514 0.2393637115
1553 0.1799707244
1569 0.1427640354
1642 0.1350968667
1704 0.1267671456
1705 0.1144779443
1723 0.1109188649
1724 0.1080193808
1737 0.1021330216
1748 0.0816984830
1762 0.0471070721
1901 0.0427433272
1912 0.0357308342
1925 0.0283575829
1959 0.0214368559
2060 0.0207915883
2073 0.0190403755
2075 0.0164020664
2094 0.0132706040
2129 0.0119916750
2132 0.0118537123
2135 0.0110213349
2149 0.0098551217
2173 0.0086273312
2197 0.0083154607
2223 0.0079062880
2248 0.0073668400
2267 0.0069090460
2313 0.0064720297
2316 0.0049230548
2364 0.0048785231
2395 0.0048022220
2401 0.0038947741
2423 0.0035709827
2426 0.0028172821
2499 0.0025216022
2515 0.0024614923
2524 0.0024114413
2529 0.0022627916
2540 0.0014654718
2573 0.0013776425
2607 0.0010852148
2676 0.0008728145
2719 0.0008708515
2734 0.0008137594
2751 0.0007891390
2762 0.0005891008
2763 0.0005598017
2785 0.0005205073
2815 0.0004439202
2837 0.0004375511
2842 0.0004144089
2853 0.0002812253
2926 0.0002685472
2930 0.0002475685
2965 0.0002295473
3011 0.0001784161
3015 0.0001580855
3018 0.0001545536
3049 0.0001329709
3062 0.0001252185
3096 0.0001249859
3114 0.0001045061
3153 0.0001021262
3167 0.0000844874
3173 0.0000744266
3185 0.0000605501
3230 0.0000602617
3254 0.0000597052
3264 0.0000588150
3269 0.0000580799
3274 0.0000537421
3286 0.0000444123
3324 0.0000405995
3332 0.0000377771
3377 0.0000291128
3389 0.0000287353
3412 0.0000254756
3446 0.0000227095
3487 0.0000208506
3496 0.0000179176
3516 0.0000126032
3567 0.0000112246
3587 0.0000111086
3591 0.0000098793
3602 0.0000070633
3675 0.0000061917
3703 0.0000059022
3717 0.0000051282
3776 0.0000047179
3796 0.0000040017
3812 0.0000039511
3839 0.0000031494
3841 0.0000021996
3991 0.0000020784
4009 0.0000018580
4010 0.0000013329
4042 0.0000011365
4082 0.0000009401
4084 0.0000008831
4103 0.0000008254
4143 0.0000007504
4145 0.0000007316
4157 0.0000006337
4175 0.0000004346
4264 0.0000004084
4291 0.0000003819
4296 0.0000003677
4321 0.0000003322
4402 0.0000003106
4436 0.0000002987
4437 0.0000002789
4468 0.0000002555
4488 0.0000002491
4492 0.0000002346
4502 0.0000002053
4526 0.0000001545
4532 0.0000001333
4598 0.0000001167
4599 0.0000001065
4667 0.0000000924
4684 0.0000000855
4685 0.0000000778
4699 0.0000000659
4720 0.0000000522
4743 0.0000000502
4749 0.0000000392
4874 0.0000000256
4907 0.0000000199
4979 0.0000000187
4999 0.0000000164
5053 0.0000000161
5059 0.0000000122
5060 0.0000000106
5143 0.0000000093
5150 0.0000000093
5176 0.0000000075
5200 0.0000000069
5209 0.0000000056
5249 0.0000000053
5285 0.0000000046
5318 0.0000000037
5332 0.0000000033
5347 0.0000000028
5429 0.0000000027
5433 0.0000000025
5470 0.0000000021
5476 0.0000000017
5496 0.0000000017
5523 0.0000000014
5576 0.0000000012
5589 0.0000000011
5611 0.0000000011
5613 0.0000000009
5634 0.0000000007
5656 0.0000000006
5702 0.0000000005
5730 0.0000000004
5746 0.0000000003
5775 0.0000000003
5839 0.0000000003
5868 0.0000000002
5881 0.0000000002
5890 0.0000000002
5896 0.0000000002
5897 0.0000000002
5904 0.0000000002
5916 0.0000000002
5929 0.0000000001
5975 0.0000000001
5992 0.0000000001
6008 0.0000000001
6025 0.0000000001
6054 0.0000000001
6125 0.0000000001
6170 0.0000000001
6181 0.0000000001
6183 0.0000000000
6186 0.0000000000
6213 0.0000000000
6232 0.0000000000
6241 0.0000000000
6242 0.0000000000
6256 0.0000000000
6257 0.0000000000
6407 0.0000000000
6417 0.0000000000
6456 0.0000000000
6502 0.0000000000
6505 0.0000000000
6524 0.0000000000
6542 0.0000000000
6556 0.0000000000
6590 0.0000000000
6604 0.0000000000
6634 0.0000000000
6659 0.0000000000
6695 0.0000000000
6696 0.0000000000
6708 0.0000000000
6759 0.0000000000
6769 0.0000000000
6771 0.0000000000
6816 0.0000000000
6817 0.0000000000
6903 0.0000000000
6918 0.0000000000
6919 0.0000000000
6939 0.0000000000
6949 0.0000000000
6975 0.0000000000
6983 0.0000000000
6985 0.0000000000
6994 0.0000000000
7009 0.0000000000
7096 0.0000000000
7098 0.0000000000
7134 0.0000000000
7147 0.0000000000
7157 0.0000000000
7181 0.0000000000
7193 0.0000000000
7229 0.0000000000
7256 0.0000000000
7302 0.0000000000
7353 0.0000000000
7367 0.0000000000
7432 0.0000000000
7452 0.0000000000
7453 0.0000000000
7618 0.0000000000
7646 0.0000000000
7661 0.0000000000
7684 0.0000000000
7782 0.0000000000
7825 0.0000000000
7832 0.0000000000
7865 0.0000000000
7970 0.0000000000
8104 0.0000000000
8134 0.0000000000
8295 0.0000000000
evaluations raw_y
1 580.2647124106
8 550.9521635609
9 517.3162725758
22 470.7750919038
27 463.5380884139
36 456.3121484862
37 423.5350858230
40 416.8230156296
52 367.9426964578
80 334.1583062293
94 270.4139771934
107 241.4897492861
121 206.3439135501
143 190.2407790567
153 187.9321337233
169 125.5332706889
360 116.8134774206
362 115.4717146072
379 109.4884404860
387 105.8211195104
409 101.8406324036
417 95.5111179535
431 89.6587191841
443 80.5634171876
458 79.1302658243
477 75.9022338752
494 43.0110140506
584 36.3935366528
606 32.4690776856
641 25.8450944556
732 23.1800475573
778 15.5824218902
821 13.2728330965
887 12.5918539613
916 10.3401278434
934 9.9328425473
948 8.1840263028
1003 7.1564500715
1004 6.7482467500
1029 6.7021459166
1030 6.2941936951
1047 6.2582234827
1054 6.2118290016
1055 4.5438693951
1066 3.5913573510
1114 3.3063454528
1156 3.0894724210
1179 2.8682391003
1186 2.7790190092
1202 2.0208584123
1221 1.9100529025
1265 1.8968627597
1279 1.5692649593
1300 1.4591012861
1346 1.4342731546
1349 1.3132973401
1352 1.2862954718
1354 1.2540614278
1371 1.2245602515
1378 1.1447061458
1388 1.1437569025
1399 1.1235058146
1418 0.9702276210
1430 0.8867003017
1441 0.8736822878
1453 0.7800897874
1462 0.7646698593
1464 0.7029342641
1488 0.6626288350
1489 0.5372074893
1501 0.5255609616
1550 0.5188005027
1556 0.3696575526
1576 0.3455774618
1630 0.3404249658
1635 0.3062623210
1637 0.3043906360
1643 0.2916669574
1649 0.2330041654
1659 0.2301387944
1728 0.2077788995
1752 0.1451459397
1796 0.1324970287
1816 0.1278041694
1818 0.1048489478
1845 0.1023161399
1851 0.1022390962
1875 0.0905063646
1883 0.0904784481
1899 0.0765087155
1927 0.0690360748
1937 0.0639805142
1980 0.0543070281
2020 0.0416166625
2030 0.0389600527
2042 0.0379473031
2051 0.0373111814
2071 0.0341590167
2103 0.0294274025
2106 0.0280038948
2121 0.0262101703
2133 0.0238152317
2187 0.0237556987
2207 0.0231453515
2218 0.0189911841
2223 0.0139423218
2287 0.0131919595
2314 0.0127575166
2339 0.0120917896
2357 0.0108218894
2365 0.0100065024
2376 0.0087345447
2418 0.0077625698
2424 0.0067251390
2464 0.0060666065
2476 0.0059094965
2519 0.0055122011
2538 0.0052838623
2542 0.0046997648
2573 0.0046752442
2574 0.0042422996
2576 0.0042031763
2578 0.0035963268
2584 0.0032345800
2609 0.0027718870
2626 0.0026514532
2645 0.0024898607
2665 0.0020998031
2677 0.0019223068
2731 0.0018836422
2759 0.0017950199
2764 0.0013251891
2807 0.0012360422
2838 0.0011356308
2861 0.0009850283
2881 0.0009230452
2945 0.0009196604
2946 0.0007856933
2960 0.0007392065
2963 0.0006318940
2982 0.0005485204
2988 0.0005068613
3005 0.0004691802
3031 0.0004110511
3073 0.0004105840
3082 0.0003209056
3127 0.0002910538
3141 0.0002720288
3154 0.0002700324
3158 0.0002436706
3168 0.0002151439
3201 0.0002123729
3203 0.0001994380
3224 0.0001886382
3226 0.0001804771
3236 0.0001590172
3243 0.0001245438
3322 0.0001100389
3324 0.0001085438
3340 0.0000906240
3364 0.0000700424
3406 0.0000597625
3435 0.0000555608
3442 0.0000517668
3475 0.0000501759
3485 0.0000498865
3486 0.0000464211
3497 0.0000350586
3557 0.0000306445
3585 0.0000287142
3596 0.0000260485
3598 0.0000235095
3698 0.0000226058
3708 0.0000219669
3721 0.0000213751
3729 0.0000193517
3737 0.0000181131
3738 0.0000154440
3757 0.0000133328
3759 0.0000130183
3760 0.0000124689
3773 0.0000106395
3786 0.0000105051
3788 0.0000101386
3798 0.0000095011
3820 0.0000094415
3823 0.0000088705
3825 0.0000084355
3858 0.0000078624
3883 0.0000074657
3888 0.0000069390
3891 0.0000051678
3965 0.0000047530
3978 0.0000037918
3990 0.0000036803
4022 0.0000036281
4037 0.0000034711
4047 0.0000030889
4056 0.0000030881
4080 0.0000028886
4082 0.0000027374
4110 0.0000026792
4157 0.0000023029
4176 0.0000020712
4195 0.0000020076
4201 0.0000018838
4214 0.0000016188
4219 0.0000013648
4249 0.0000013376
4271 0.0000012325
4295 0.0000010295
4360 0.0000009823
4367 0.0000008058
4385 0.0000007794
4389 0.0000007722
4391 0.0000006369
4430 0.0000005739
4438 0.0000005078
4472 0.0000003383
4494 0.0000003202
4550 0.0000002766
4623 0.0000002742
4628 0.0000002716
4635 0.0000002220
4646 0.0000001865
4693 0.0000001712
4730 0.0000001105
4762 0.0000001104
4767 0.0000000978
4795 0.0000000789
4834 0.0000000719
4844 0.0000000647
4930 0.0000000511
4994 0.0000000398
5000 0.0000000372
5031 0.0000000311
5057 0.0000000283
5073 0.0000000267
5075 0.0000000251
5098 0.0000000167
5221 0.0000000129
5258 0.0000000126
5287 0.0000000106
5296 0.0000000095
5314 0.0000000078
5341 0.0000000070
5359 0.0000000069
5378 0.0000000042
5453 0.0000000040
5461 0.0000000033
5478 0.0000000026
5539 0.0000000023
5547 0.0000000022
5558 0.0000000020
5595 0.0000000020
5605 0.0000000017
5613 0.0000000016
5635 0.0000000015
5648 0.0000000014
5692 0.0000000011
5728 0.0000000011
5733 0.0000000009
5734 0.0000000009
5747 0.0000000009
5774 0.0000000007
5776 0.0000000007
5795 0.0000000007
5807 0.0000000007
5816 0.0000000005
5840 0.0000000005
5899 0.0000000004
5934 0.0000000003
5993 0.0000000002
6014 0.0000000002
6048 0.0000000002
6072 0.0000000002
6159 0.0000000001
6171 0.0000000001
6188 0.0000000001
6196 0.0000000001
6215 0.0000000001
6245 0.0000000001
6258 0.0000000001
6267 0.0000000001
6271 0.0000000001
6323 0.0000000001
6370 0.0000000001
6383 0.0000000001
6398 0.0000000000
6409 0.0000000000
6430 0.0000000000
6432 0.0000000000
6471 0.0000000000
6479 0.0000000000
6572 0.0000000000
6612 0.0000000000
6619 0.0000000000
6621 0.0000000000
6635 0.0000000000
6655 0.0000000000
6687 0.0000000000
6727 0.0000000000
6771 0.0000000000
6789 0.0000000000
6790 0.0000000000
6920 0.0000000000
6925 0.0000000000
6941 0.0000000000
6963 0.0000000000
6968 0.0000000000
6984 0.0000000000
6991 0.0000000000
6992 0.0000000000
7027 0.0000000000
7070 0.0000000000
7081 0.0000000000
7083 0.0000000000
7177 0.0000000000
7191 0.0000000000
7196 0.0000000000
7202 0.0000000000
7238 0.0000000000
7244 0.0000000000
7284 0.0000000000
7307 0.0000000000
7327 0.0000000000
7354 0.0000000000
7411 0.0000000000
7482 0.0000000000
7507 0.0000000000
7536 0.0000000000
7560 0.0000000000
7608 0.0000000000
7625 0.0000000000
7633 0.0000000000
7649 0.0000000000
7686 0.0000000000
7843 0.0000000000
7903 0.0000000000
8238 0.0000000000
8295 0.0000000000
evaluations raw_y
1 674.8154488418
6 643.9271723208
21 559.6278463491
24 545.2021179383
38 446.6059856362
46 386.3433918981
64 352.2962950594
85 326.1031514190
93 311.0694260623
112 263.5413434849
147 250.5715056516
164 228.3807185005
182 204.8196080887
231 183.9742660406
269 179.8099463494
273 147.1056963229
337 122.5468943213
351 121.2974907312
364 110.4719841805
375 101.6026022083
382 68.5099498538
526 61.7103151265
541 50.1167482696
550 47.5442377769
558 44.7381023802
624 36.7007829622
640 35.6843174483
641 33.9156459245
655 31.2149807169
670 29.5113783975
680 26.2457640557
702 21.6081310308
712 20.0061384521
754 17.2958251986
788 14.2420805300
810 13.1957525203
825 12.9940999516
841 12.4119469182
851 6.9239782712
941 5.4416246369
993 4.7239841885
1074 4.6475711245
1079 3.7975629069
1083 3.4263674018
1091 3.3588737924
1124 2.8743585974
1140 2.8142318542
1184 2.5851842119
1188 2.4089084660
1237 2.4002864656
1250 2.4001133827
1252 2.2175800070
1253 2.2127457227
1262 2.1803068242
1266 2.0558731042
1301 2.0306368335
1304 1.6942167032
1323 1.3700490368
1339 1.3207454843
1352 1.2868851762
1355 1.2640398885
1368 1.2361474962
1370 1.1391168233
1379 1.0101200672
1396 0.7318838751
1459 0.5506564745
1479 0.4097602324
1517 0.3863208958
1532 0.3279226936
1586 0.2871067831
1594 0.2855141286
1608 0.2140775786
1632 0.2087090283
1690 0.2069946331
1696 0.1939968881
1711 0.1847518386
1712 0.1601683312
1735 0.1520182941
1747 0.1302288458
1768 0.1056556256
1798 0.0992319419
1831 0.0874440963
1865 0.0770152557
1869 0.0726496159
1880 0.0597685290
1920 0.0548855288
1938 0.0513366201
1940 0.0468261955
1956 0.0462662350
1976 0.0359755961
2007 0.0340506110
2014 0.0318479518
2054 0.0311451169
2055 0.0224462423
2112 0.0222013542
2113 0.0182547049
2159 0.0180431898
2164 0.0177760999
2180 0.0158551000
2182 0.0153757235
2212 0.0152240434
2214 0.0140741777
2223 0.0135539407
2236 0.0129534873
2253 0.0100651637
2260 0.0083676403
2281 0.0079186686
2301 0.0076719813
2326 0.0073810608
2327 0.0070965965
2332 0.0070006495
2358 0.0059084122
2363 0.0053166179
2372 0.0045566064
2416 0.0043098938
2421 0.0038931817
2426 0.0038175360
2438 0.0032032229
2455 0.0025630093
2468 0.0022657642
2554 0.0022267683
2557 0.0020819608
2563 0.0018475321
2596 0.0014575433
2642 0.0014162590
2682 0.0013936537
2691 0.0013682269
2704 0.0010223915
2734 0.0008995127
2784 0.0008826041
2802 0.0007800605
2837 0.0007776504
2848 0.0007531069
2854 0.0006187954
2876 0.0005678439
2880 0.0005674224
2888 0.0004815071
2904 0.0004224468
2909 0.0003164907
3050 0.0003088238
3055 0.0003080228
3061 0.0002957426
3104 0.0002339569
3139 0.0001586149
3204 0.0001423573
3206 0.0001407503
3251 0.0001198529
3296 0.0001136966
3313 0.0001133267
3323 0.0001123853
3333 0.0001028388
3355 0.0001025547
3361 0.0000887770
3366 0.0000759839
3381 0.0000755844
3393 0.0000550460
3414 0.0000433164
3482 0.0000415784
3494 0.0000397219
3512 0.0000314004
3526 0.0000310183
3574 0.0000295695
3576 0.0000257410
3630 0.0000246783
3631 0.0000222934
3647 0.0000168359
3755 0.0000148861
3767 0.0000138982
3825 0.0000102668
3850 0.0000094026
3861 0.0000088633
3909 0.0000079204
3922 0.0000077359
3925 0.0000072974
3953 0.0000068163
3973 0.0000067666
3974 0.0000058403
4013 0.0000043148
4054 0.0000040928
4059 0.0000035304
4069 0.0000034869
4077 0.0000031628
4113 0.0000030643
4156 0.0000029268
4167 0.0000025998
4183 0.0000022969
4210 0.0000022135
4223 0.0000018677
4256 0.0000016324
4288 0.0000015182
4301 0.0000014449
4308 0.0000012578
4340 0.0000012185
4351 0.0000011888
4358 0.0000010197
4365 0.0000008728
4403 0.0000008528
4412 0.0000008407
4426 0.0000007595
4446 0.0000006722
4467 0.0000004751
4480 0.0000004715
4505 0.0000004208
4526 0.0000003622
4591 0.0000003225
4594 0.0000003075
4608 0.0000002870
4637 0.0000002747
4640 0.0000002608
4641 0.0000002439
4655 0.0000002026
4687 0.0000002011
4705 0.0000001842
4730 0.0000001718
4744 0.0000001564
4753 0.0000001477
4758 0.0000001426
4759 0.0000001375
4762 0.0000001075
4788 0.0000000986
4832 0.0000000942
4843 0.0000000929
4856 0.0000000915
4869 0.0000000900
4876 0.0000000715
4913 0.0000000567
4943 0.0000000333
5064 0.0000000327
5076 0.0000000319
5083 0.0000000290
5088 0.0000000258
5116 0.0000000224
5135 0.0000000177
5185 0.0000000173
5203 0.0000000164
5230 0.0000000151
5274 0.0000000138
5305 0.0000000122
5310 0.0000000100
5323 0.0000000097
5331 0.0000000087
5347 0.0000000074
5428 0.0000000051
5472 0.0000000046
5515 0.0000000041
5537 0.0000000034
5559 0.0000000033
5568 0.0000000032
5581 0.0000000032
5584 0.0000000022
5639 0.0000000022
5650 0.0000000019
5708 0.0000000019
5750 0.0000000018
5753 0.0000000015
5755 0.0000000014
5772 0.0000000013
5785 0.0000000011
5812 0.0000000010
5824 0.0000000010
5828 0.0000000010
5836 0.0000000009
5844 0.0000000007
5853 0.0000000007
5904 0.0000000006
5954 0.0000000004
5989 0.0000000004
6017 0.0000000003
6025 0.0000000003
6069 0.0000000003
6080 0.0000000002
6139 0.0000000002
6164 0.0000000002
6171 0.0000000002
6188 0.0000000002
6213 0.0000000002
6218 0.0000000001
6252 0.0000000001
6308 0.0000000001
6312 0.0000000001
6319 0.0000000001
6343 0.0000000001
6348 0.0000000001
6350 0.0000000001
6363 0.0000000000
6475 0.0000000000
6498 0.0000000000
6516 0.0000000000
6539 0.0000000000
6585 0.0000000000
6598 0.0000000000
6617 0.0000000000
6623 0.0000000000
6631 0.0000000000
6709 0.0000000000
6764 0.0000000000
6809 0.0000000000
6834 0.0000000000
6850 0.0000000000
6887 0.0000000000
6967 0.0000000000
6977 0.0000000000
6996 0.0000000000
7004 0.0000000000
7005 0.0000000000
7103 0.0000000000
7121 0.0000000000
7142 0.0000000000
7143 0.0000000000
7151 0.0000000000
7221 0.0000000000
7246 0.0000000000
7253 0.0000000000
7268 0.0000000000
7279 0.0000000000
7288 0.0000000000
7293 0.0000000000
7322 0.0000000000
7357 0.0000000000
7369 0.0000000000
7391 0.0000000000
7413 0.0000000000
7414 0.0000000000
7439 0.0000000000
7450 0.0000000000
7481 0.0000000000
7496 0.0000000000
7499 0.0000000000
7503 0.0000000000
7568 0.0000000000
7613 0.0000000000
7673 0.0000000000
7729 0.0000000000
7807 0.0000000000
7824 0.0000000000
7850 0.0000000000
7899 0.0000000000
7933 0.0000000000
7992 0.0000000000
8077 0.0000000000
8167 0.0000000000
8273 0.0000000000
8475 0.0000000000
evaluations raw_y
1 817.5452177809
3 746.2483392087
10 717.9654172679
12 631.9221320821
16 624.9293250994
33 612.0271342114
35 474.1746678218
64 451.0181379190
65 441.9820819324
67 383.7160025140
87 355.1695631584
93 342.0048327606
106 334.9854228014
116 318.9088744066
118 316.1698939446
119 280.5122627269
183 250.0628107826
188 218.4366058865
224 170.8482580463
245 163.9202664416
322 158.7895354876
340 153.5107762651
352 148.2748340446
364 121.7499678633
381 89.2508401613
477 84.3690758217
504 79.6666179974
530 78.5304865097
542 75.6038122543
547 72.7734825346
558 66.4798410868
579 64.2217943935
594 63.6877426581
603 62.1193433439
623 61.2734206453
626 52.9463778446
636 48.4411565920
648 43.6091361451
676 37.1615784949
692 36.1936703896
697 32.4146322837
709 27.5872965516
782 27.4142520992
785 26.8711909525
790 23.3187964256
797 22.9976430075
816 22.2480337574
829 14.6774794931
886 14.6721125786
907 12.4186474734
932 12.3157948229
945 10.6813266996
957 7.8735866226
1058 5.7659378024
1082 5.5672562205
1117 5.3079696270
1125 5.0126899979
1139 4.9632712080
1145 4.0835681021
1191 4.0291964794
1198 2.9605116713
1234 2.6141362245
1253 2.4955813453
1278 2.3605690707
1354 2.1610344936
1379 1.9854747611
1384 1.7779168995
1389 1.7363143001
1412 1.6980372508
1429 1.6853667731
1434 1.6532279312
1442 1.4954568652
1448 1.1884961626
1454 1.1673137003
1471 1.0413023784
1492 0.8884300148
1516 0.7484915309
1549 0.5954597360
1631 0.5513658521
1654 0.5171262790
1658 0.4957210707
1670 0.4883004192
1681 0.3280162093
1736 0.3109475940
1742 0.2927289842
1753 0.2409205194
1777 0.2370013470
1819 0.2297165950
1826 0.2254714165
1888 0.1963466320
1915 0.1797634449
1921 0.1594031773
1937 0.1430235832
1952 0.1331284068
1959 0.1212084408
1980 0.1208983019
1987 0.1160097411
1991 0.0993589740
1994 0.0988011862
2012 0.0965398288
2017 0.0837299784
2086 0.0703214741
2126 0.0669234215
2137 0.0599224265
2167 0.0575417579
2176 0.0562302720
2178 0.0554025856
2186 0.0486850473
2223 0.0480226999
2232 0.0472561029
2243 0.0450299389
2245 0.0338054456
2262 0.0295225955
2336 0.0224852604
2383 0.0214917840
2393 0.0190064430
2410 0.0188307682
2420 0.0103972971
2464 0.0103213059
2495 0.0098445526
2527 0.0094944861
2528 0.0088378787
2546 0.0085659952
2573 0.0081824660
2575 0.0068231915
2632 0.0066619254
2635 0.0063709308
2637 0.0055507923
2660 0.0051909590
2669 0.0039730728
2671 0.0039282615
2675 0.0029972359
2756 0.0029700694
2762 0.0028248684
2783 0.0020873755
2793 0.0018699849
2856 0.0016268421
2873 0.0014542409
2880 0.0013249108
2904 0.0013043497
2915 0.0012330163
2926 0.0011777607
2936 0.0010646283
2944 0.0010135852
2979 0.0007573961
2985 0.0007017775
2996 0.0006351580
3065 0.0005578263
3101 0.0005115553
3118 0.0004234308
3138 0.0003697220
3197 0.0003228887
3204 0.0002963397
3221 0.0002267900
3271 0.0002066985
3272 0.0002042210
3292 0.0001923782
3298 0.0001599959
3330 0.0001492288
3376 0.0001482541
3384 0.0001341697
3390 0.0001070256
3391 0.0000907747
3433 0.0000870594
3439 0.0000694814
3482 0.0000651431
3486 0.0000621952
3488 0.0000591732
3500 0.0000438684
3575 0.0000408214
3593 0.0000359234
3602 0.0000271278
3653 0.0000265209
3661 0.0000243831
3704 0.0000199970
3778 0.0000195991
3788 0.0000181322
3792 0.0000153722
3829 0.0000121920
3841 0.0000121561
3849 0.0000117020
3877 0.0000116544
3878 0.0000113077
3895 0.0000099350
3900 0.0000078671
3931 0.0000073759
3968 0.0000067501
3992 0.0000062796
4048 0.0000060517
4049 0.0000054839
4050 0.0000047497
4067 0.0000044354
4074 0.0000042516
4080 0.0000041824
4081 0.0000040776
4083 0.0000039428
4101 0.0000037931
4117 0.0000033926
4118 0.0000030449
4152 0.0000028673
4185 0.0000027728
4188 0.0000023893
4212 0.0000022572
4216 0.0000022212
4233 0.0000017905
4246 0.0000013894
4262 0.0000013299
4267 0.0000011632
4277 0.0000010757
4319 0.0000008865
4375 0.0000008651
4387 0.0000008600
4415 0.0000007626
4428 0.0000006613
4450 0.0000006496
4453 0.0000006378
4462 0.0000006295
4487 0.0000006185
4505 0.0000006157
4514 0.0000006125
4522 0.0000005923
4546 0.0000004732
4579 0.0000004642
4596 0.0000004518
4603 0.0000004112
4632 0.0000003354
4651 0.0000003116
4654 0.0000003013
4661 0.0000002593
4668 0.0000002546
4681 0.0000002452
4685 0.0000002364
4718 0.0000002356
4725 0.0000001985
4726 0.0000001779
4730 0.0000001719
4785 0.0000001562
4803 0.0000001468
4817 0.0000001327
4821 0.0000001219
4859 0.0000000912
4922 0.0000000847
4949 0.0000000692
4959 0.0000000685
4982 0.0000000549
5027 0.0000000489
5075 0.0000000477
5078 0.0000000438
5085 0.0000000414
5086 0.0000000346
5109 0.0000000341
5123 0.0000000245
5162 0.0000000226
5204 0.0000000207
5212 0.0000000181
5229 0.0000000164
5294 0.0000000149
5297 0.0000000146
5312 0.0000000123
5332 0.0000000113
5377 0.0000000112
5393 0.0000000110
5394 0.0000000110
5397 0.0000000099
5404 0.0000000079
5420 0.0000000075
5423 0.0000000068
5440 0.0000000067
5445 0.0000000061
5454 0.0000000050
5465 0.0000000048
5503 0.0000000046
5567 0.0000000040
5628 0.0000000037
5647 0.0000000035
5663 0.0000000034
5690 0.0000000029
5709 0.0000000027
5710 0.0000000026
5755 0.0000000026
5766 0.0000000021
5782 0.0000000021
5792 0.0000000018
5842 0.0000000017
5856 0.0000000014
5858 0.0000000013
5871 0.0000000010
5883 0.0000000010
5897 0.0000000009
5934 0.0000000009
5945 0.0000000007
5973 0.0000000007
5989 0.0000000007
6021 0.0000000007
6032 0.0000000007
6046 0.0000000007
6051 0.0000000006
6054 0.0000000005
6079 0.0000000004
6146 0.0000000004
6165 0.0000000003
6172 0.0000000003
6174 0.0000000003
6194 0.0000000003
6195 0.0000000003
6205 0.0000000002
6214 0.0000000002
6220 0.0000000002
6314 0.0000000002
6324 0.0000000002
6341 0.0000000002
6344 0.0000000002
6367 0.0000000002
6380 0.0000000002
6396 0.0000000002
6403 0.0000000002
6405 0.0000000001
6419 0.0000000001
6435 0.0000000001
6442 0.0000000001
6451 0.0000000001
6458 0.0000000001
6464 0.0000000001
6471 0.0000000001
6479 0.0000000001
6482 0.0000000001
6503 0.0000000001
6505 0.0000000001
6528 0.0000000001
6529 0.0000000001
6545 0.0000000001
6570 0.0000000001
6576 0.0000000000
6589 0.0000000000
6641 0.0000000000
6657 0.0000000000
6666 0.0000000000
6677 0.0000000000
6699 0.0000000000
6750 0.0000000000
6789 0.0000000000
6820 0.0000000000
6834 0.0000000000
6854 0.0000000000
6856 0.0000000000
6894 0.0000000000
6910 0.0000000000
6917 0.0000000000
6920 0.0000000000
6944 0.0000000000
6951 0.0000000000
6980 0.0000000000
7036 0.0000000000
7051 0.0000000000
7080 0.0000000000
7086 0.0000000000
7122 0.0000000000
7157 0.0000000000
7210 0.0000000000
7233 0.0000000000
7246 0.0000000000
7275 0.0000000000
7286 0.0000000000
7316 0.0000000000
7514 0.0000000000
7547 0.0000000000
7577 0.0000000000
7609 0.0000000000
7684 0.0000000000
7781 0.0000000000
7907 0.0000000000
8085 0.0000000000
evaluations raw_y
1 693.0927076036
2 651.9440474270
13 623.2605118995
15 497.7688627921
34 496.0450943863
40 416.3156793114
60 366.2230084159
105 318.2052416975
107 312.8835456371
122 290.6465958739
125 232.9633684692
138 215.2784006212
147 195.4662898585
160 187.5448789830
161 172.0208159738
178 168.9137149212
189 162.8792522142
190 143.5409513266
213 139.7558652846
215 124.5230332828
224 105.6651223346
246 98.2658780088
286 94.2585604125
394 91.5288136120
403 77.8550618942
474 74.9851501259
477 73.1297020795
491 67.5802588520
505 63.2989650469
516 51.9926502810
529 50.8977706037
542 42.0724877901
546 40.3963482247
563 40.0461365770
622 36.1065922069
631 33.8163384298
657 32.1113551270
660 32.0496436855
682 29.8362649841
698 25.0195335727
751 22.6340726276
758 22.5482624619
769 21.0785865370
770 18.1043869169
781 16.5256925979
796 15.9517643816
807 13.7969565114
818 11.4882809288
872 10.0876308330
942 9.7385894981
943 8.7999440983
949 7.9662936893
968 7.5138411365
1039 5.4803709683
1077 5.0683010153
1084 4.1946735904
1115 3.1261574535
1144 2.9623858372
1170 2.6268533272
1195 2.1940010911
1219 1.9543223551
1251 1.9512293941
1264 1.7766909920
1267 1.6455089323
1279 1.5865173991
1315 1.2019196081
1367 1.0599193481
1402 1.0427847317
1419 0.9470734613
1429 0.6765283319
1448 0.6546764411
1469 0.6429790014
1477 0.6095932536
1478 0.5731289636
1480 0.5301511505
1505 0.3516257359
1550 0.2557016122
1570 0.2529903882
1627 0.2324701565
1628 0.2163558935
1699 0.1530293465
1784 0.1319547539
1809 0.1030591987
1849 0.0971809057
1870 0.0921118016
1891 0.0764308346
1921 0.0742047819
1925 0.0696972513
1943 0.0650797067
1947 0.0637059200
1952 0.0626430357
1955 0.0605258927
1961 0.0531430907
1965 0.0494484734
1978 0.0488315676
1988 0.0487787581
1994 0.0483718999
1998 0.0474740979
2020 0.0364367338
2042 0.0337282814
2059 0.0327492995
2095 0.0295194170
2110 0.0252592742
2116 0.0244972090
2133 0.0211805475
2176 0.0205246692
2177 0.0168856930
2202 0.0167753684
2219 0.0166942464
2229 0.0121047984
2304 0.0113935123
2314 0.0106431546
2331 0.0104706897
2343 0.0096068900
2347 0.0085876199
2363 0.0084250118
2367 0.0083697191
2369 0.0066218484
2381 0.0061430197
2419 0.0057900548
2435 0.0043893189
2505 0.0039263935
2510 0.0037932628
2559 0.0031425455
2577 0.0029833493
2601 0.0025694097
2631 0.0025496056
2645 0.0021816793
2659 0.0016074379
2760 0.0011568209
2793 0.0011096771
2845 0.0010410468
2868 0.0009264317
2876 0.0005436353
2986 0.0004629087
3014 0.0004622987
3020 0.0004360600
3022 0.0004296576
3035 0.0003743462
3060 0.0003714182
3062 0.0003540309
3122 0.0002566611
3130 0.0002468014
3177 0.0002099269
3193 0.0001713414
3230 0.0001660844
3244 0.0001155426
3283 0.0001050707
3336 0.0001050245
3360 0.0001016051
3363 0.0000787569
3380 0.0000735171
3413 0.0000642124
3431 0.0000639275
3435 0.0000494431
3509 0.0000452319
3516 0.0000363155
3532 0.0000346903
3562 0.0000293563
3586 0.0000277470
3589 0.0000246926
3622 0.0000244080
3626 0.0000210239
3684 0.0000181535
3697 0.0000165229
3757 0.0000155543
3765 0.0000149324
3776 0.0000111071
3788 0.0000106499
3807 0.0000089550
3832 0.0000089429
3840 0.0000082178
3846 0.0000066996
3866 0.0000061406
3915 0.0000058967
3926 0.0000056528
3927 0.0000048214
3949 0.0000046586
3956 0.0000043686
3971 0.0000036159
4020 0.0000030189
4034 0.0000028081
4077 0.0000027156
4088 0.0000026450
4110 0.0000025742
4118 0.0000020646
4143 0.0000020330
4163 0.0000016461
4210 0.0000013233
4261 0.0000010442
4309 0.0000010169
4324 0.0000009267
4340 0.0000008094
4351 0.0000007843
4379 0.0000006707
4419 0.0000006450
4430 0.0000005386
4441 0.0000004871
4458 0.0000004751
4470 0.0000004317
4483 0.0000004080
4489 0.0000003094
4527 0.0000002837
4579 0.0000002446
4592 0.0000001985
4618 0.0000001983
4656 0.0000001299
4746 0.0000001151
4807 0.0000001055
4813 0.0000001007
4829 0.0000000645
4857 0.0000000643
4882 0.0000000540
4894 0.0000000503
4953 0.0000000460
4972 0.0000000424
4973 0.0000000314
4981 0.0000000305
5062 0.0000000302
5089 0.0000000284
5103 0.0000000277
5117 0.0000000277
5123 0.0000000270
5124 0.0000000223
5139 0.0000000219
5157 0.0000000108
5312 0.0000000104
5314 0.0000000086
5345 0.0000000073
5382 0.0000000062
5415 0.0000000054
5446 0.0000000044
5447 0.0000000043
5448 0.0000000035
5489 0.0000000034
5492 0.0000000031
5505 0.0000000030
5507 0.0000000023
5626 0.0000000023
5655 0.0000000021
5671 0.0000000020
5701 0.0000000017
5723 0.0000000016
5725 0.0000000012
5770 0.0000000009
5842 0.0000000008
5886 0.0000000008
5902 0.0000000005
5918 0.0000000005
5941 0.0000000005
5969 0.0000000004
6004 0.0000000004
6009 0.0000000004
6017 0.0000000004
6032 0.0000000004
6045 0.0000000003
6054 0.0000000003
6058 0.0000000003
6069 0.0000000003
6082 0.0000000003
6091 0.0000000002
6138 0.0000000002
6203 0.0000000001
6246 0.0000000001
6271 0.0000000001
6287 0.0000000001
6310 0.0000000001
6342 0.0000000001
6381 0.0000000001
6450 0.0000000000
6455 0.0000000000
6481 0.0000000000
6491 0.0000000000
6531 0.0000000000
6553 0.0000000000
6560 0.0000000000
6579 0.0000000000
6584 0.0000000000
6593 0.0000000000
6620 0.0000000000
6626 0.0000000000
6633 0.0000000000
6636 0.0000000000
6689 0.0000000000
6722 0.0000000000
6741 0.0000000000
6743 0.0000000000
6765 0.0000000000
6779 0.0000000000
6813 0.0000000000
6906 0.0000000000
6911 0.0000000000
6946 0.0000000000
6954 0.0000000000
6964 0.0000000000
7007 0.0000000000
7054 0.0000000000
7066 0.0000000000
7085 0.0000000000
7113 0.0000000000
7192 0.0000000000
7223 0.0000000000
7253 0.0000000000
7309 0.0000000000
7372 0.0000000000
7385 0.0000000000
7397 0.0000000000
7409 0.0000000000
7418 0.0000000000
7453 0.0000000000
7505 0.0000000000
7568 0.0000000000
7657 0.0000000000
7716 0.0000000000
7773 0.0000000000
7793 0.0000000000
7958 0.0000000000
8122 0.0000000000
8280 0.0000000000
