evaluations raw_y
1 87.7367007526
12 86.5363800761
17 86.2064988623
19 85.2948590785
32 83.2583276591
37 83.1186218567
52 82.8110698191
81 82.1304994014
101 79.3566106193
158 78.2707823615
160 77.1928740821
169 76.6070053506
185 75.7189329329
191 74.5261329385
194 73.6907094948
195 72.9005379141
206 70.1177373935
234 67.2581393883
293 66.1614949536
301 63.7929762718
349 62.7021162628
378 61.9371522254
386 61.1483802567
411 61.1173430247
427 60.6057023197
443 57.7919283762
462 54.5486291311
499 53.4170699444
508 53.3083637519
511 50.4607150074
552 48.5083428123
588 48.4230600736
596 47.8669325292
621 46.5006352005
669 45.2424600413
798 45.0984275326
862 45.0148670581
867 44.3856977331
874 43.8817723171
991 43.7521808963
1134 43.6219138627
1330 43.6190465277
1342 43.3459958286
1350 43.2450113717
1468 43.2055437103
1523 43.1370386087
1560 43.1363782392
1597 43.0956779652
1605 43.0749267638
1725 43.0748627271
1727 43.0639269184
1775 43.0446350583
1826 43.0155448706
1870 43.0117365238
1922 43.0039457195
1965 43.0028763641
2017 42.9914890333
2024 42.9837947824
2037 42.9795914043
2073 42.9779122932
2100 42.9769389254
2165 42.9692483588
2177 42.9565945481
2181 42.9465480574
2350 42.9413682509
2386 42.9413595191
2394 42.9324851590
2486 42.9318699461
2520 42.9294510968
2542 42.9275198803
2586 42.9254436891
2621 42.9233797784
2639 42.9228606778
2651 42.9202444799
2697 42.9156766468
2904 42.9152741245
2917 42.9151005422
2942 42.9145069573
2951 42.9137432329
2952 42.9112116239
3062 42.9095918979
3288 42.9094444385
3303 42.9092592779
3383 42.9088988351
3405 42.9088643821
3412 42.9087730819
3436 42.9087619995
3441 42.9086901648
3459 42.9086055954
3490 42.9082060069
3578 42.9080587156
3595 42.9078503357
3667 42.9077368196
3737 42.9076382812
3801 42.9075881033
3861 42.9075627465
3864 42.9075279269
3892 42.9075184085
3913 42.9074709761
3984 42.9074514446
4049 42.9074323621
4110 42.9074256832
4114 42.9074217751
4116 42.9073526098
4276 42.9073464683
4297 42.9073309937
4366 42.9073201999
4380 42.9072995542
4393 42.9072966697
4397 42.9072691706
4492 42.9072676018
4494 42.9072654378
4660 42.9072651556
4789 42.9072482567
4961 42.9072470742
5011 42.9072412414
5135 42.9072399128
5146 42.9072387699
5199 42.9072386768
5291 42.9072384608
5294 42.9072375564
5322 42.9072353523
5410 42.9072350449
5432 42.9072342977
5459 42.9072342206
5461 42.9072334388
5466 42.9072333861
5524 42.9072331810
5550 42.9072328388
5568 42.9072327523
5579 42.9072319301
5608 42.9072317656
5609 42.9072316814
5707 42.9072315556
5710 42.9072312366
5736 42.9072306345
5778 42.9072306217
5858 42.9072304942
5907 42.9072298940
6061 42.9072298486
6094 42.9072298212
6095 42.9072297256
6156 42.9072296311
6195 42.9072295548
6249 42.9072294749
6427 42.9072294255
6561 42.9072294074
6591 42.9072293997
6624 42.9072293922
6676 42.9072293851
6684 42.9072293746
6695 42.9072293345
6770 42.9072293183
6861 42.9072292943
6887 42.9072292939
7011 42.9072292890
7033 42.9072292845
7068 42.9072292802
7102 42.9072292704
7265 42.9072292694
7271 42.9072292671
7272 42.9072292643
7306 42.9072292569
7360 42.9072292525
7414 42.9072292523
7416 42.9072292463
7550 42.9072292449
7553 42.9072292410
7640 42.9072292403
7757 42.9072292388
7808 42.9072292385
7831 42.9072292375
7889 42.9072292371
7907 42.9072292355
7978 42.9072292354
8110 42.9072292351
8127 42.9072292339
8255 42.9072292336
8435 42.9072292336
8462 42.9072292334
8466 42.9072292334
8520 42.9072292332
8531 42.9072292330
8773 42.9072292330
8776 42.9072292330
8843 42.9072292330
8866 42.9072292328
8934 42.9072292328
9053 42.9072292327
9136 42.9072292326
9203 42.9072292326
9318 42.9072292326
9356 42.9072292326
9370 42.9072292326
9434 42.9072292326
9649 42.9072292325
9850 42.9072292325
9852 42.9072292325
9875 42.9072292325
9892 42.9072292325
10061 42.9072292325
10164 42.9072292325
10235 42.9072292325
10334 42.9072292325
10381 42.9072292325
10528 42.9072292325
10720 42.9072292325
10732 42.9072292325
10774 42.9072292325
10907 42.9072292325
10925 42.9072292325
10950 42.9072292325
10969 42.9072292325
11001 42.9072292325
11151 42.9072292325
11373 42.9072292325
11501 42.9072292325
11582 42.9072292325
11603 42.9072292325
11724 42.9072292325
12300 42.9072292325
evaluations raw_y
1 89.0309485332
3 86.8105542451
4 86.5931689244
15 86.3502183319
23 86.3399812266
32 85.3475220657
44 85.3318831915
50 84.8508788988
58 83.7302465417
76 82.5085418807
80 81.4545218800
100 81.0581424691
105 76.8536579695
167 72.2456832281
204 70.4322015485
220 68.9952984206
307 68.5290870230
312 59.5829085540
365 55.2427528942
382 54.5560246220
389 49.7365333062
425 32.9166472222
505 31.3473910456
530 25.4619990866
547 20.9691910307
562 20.0134406693
581 19.6646895888
724 18.4558884849
748 9.8389562567
887 9.0455690082
921 8.9814284295
975 8.4833336922
991 8.3021048200
1095 8.2830952841
1140 8.0701812220
1240 8.0121658013
1247 7.8920641620
1323 7.7904498593
1457 7.7532575509
1475 7.7053951843
1506 7.6720888154
1573 7.6707632688
1581 7.6623554014
1632 7.5720929379
1651 7.5453689137
1764 7.4046544833
2100 7.3930031814
2229 7.3795710181
2302 7.3692905610
2409 7.3471474475
2463 7.3377234891
2475 7.3315672760
2525 7.3131771813
2632 7.3004972712
2796 7.2989288340
2862 7.2953536727
2911 7.2844786407
2981 7.2833801048
3140 7.2830640580
3243 7.2805657245
3264 7.2790800559
3309 7.2786986275
3326 7.2783063343
3388 7.2775890345
3468 7.2761669241
3588 7.2755809830
3660 7.2743306658
3757 7.2740479959
3825 7.2739428789
3847 7.2734787737
3886 7.2731397313
3983 7.2725715415
4178 7.2723372272
4294 7.2723225592
4304 7.2723211363
4336 7.2721224793
4348 7.2720797943
4403 7.2720272522
4501 7.2719926403
4531 7.2719801638
4558 7.2719770127
4559 7.2718374189
4628 7.2718352068
4778 7.2717986100
4804 7.2717667178
4846 7.2717305933
4947 7.2717054089
5057 7.2717053614
5119 7.2717050306
5120 7.2716883670
5173 7.2716753572
5181 7.2716737380
5205 7.2716717766
5225 7.2716638347
5331 7.2716600115
5362 7.2716527719
5421 7.2716522903
5478 7.2716501012
5548 7.2716496950
5558 7.2716467513
5608 7.2716422229
5689 7.2716418254
5739 7.2716407960
5754 7.2716405225
5783 7.2716369172
5903 7.2716341787
6011 7.2716336619
6119 7.2716328944
6238 7.2716325867
6244 7.2716319956
6267 7.2716313590
6299 7.2716312568
6331 7.2716309309
6358 7.2716308686
6365 7.2716302266
6614 7.2716302079
6619 7.2716299950
6677 7.2716299114
6780 7.2716298878
6801 7.2716297628
6806 7.2716296881
6857 7.2716295754
6899 7.2716294221
7122 7.2716293956
7234 7.2716293863
7281 7.2716293731
7342 7.2716293688
7343 7.2716293431
7364 7.2716293379
7410 7.2716293303
7537 7.2716293186
7556 7.2716292848
7614 7.2716292629
7623 7.2716292619
7663 7.2716292441
7764 7.2716292371
7889 7.2716292311
7985 7.2716292274
7997 7.2716292240
8064 7.2716292131
8082 7.2716292125
8287 7.2716292109
8297 7.2716292085
8324 7.2716292084
8337 7.2716292053
8421 7.2716292022
8508 7.2716292018
8530 7.2716292016
8532 7.2716292007
8558 7.2716292005
8569 7.2716291998
8632 7.2716291997
8675 7.2716291997
8676 7.2716291990
8681 7.2716291990
8682 7.2716291987
8687 7.2716291984
8785 7.2716291979
8810 7.2716291968
8833 7.2716291961
8876 7.2716291957
8966 7.2716291951
9016 7.2716291951
9058 7.2716291949
9067 7.2716291946
9143 7.2716291946
9145 7.2716291944
9161 7.2716291944
9276 7.2716291942
9286 7.2716291942
9379 7.2716291941
9416 7.2716291940
9501 7.2716291939
9608 7.2716291938
9775 7.2716291938
9800 7.2716291938
9857 7.2716291938
9955 7.2716291938
9987 7.2716291938
9989 7.2716291937
9999 7.2716291937
10005 7.2716291937
10101 7.2716291937
10163 7.2716291937
10196 7.2716291937
10237 7.2716291937
10338 7.2716291937
10390 7.2716291937
10436 7.2716291937
10479 7.2716291936
10811 7.2716291936
10858 7.2716291936
10919 7.2716291936
10956 7.2716291936
10979 7.2716291936
11059 7.2716291936
11166 7.2716291936
11184 7.2716291936
11190 7.2716291936
11312 7.2716291936
11395 7.2716291936
11485 7.2716291936
11502 7.2716291936
11546 7.2716291936
11716 7.2716291936
11803 7.2716291936
11830 7.2716291936
11884 7.2716291936
12113 7.2716291936
12282 7.2716291936
12337 7.2716291936
12356 7.2716291936
12383 7.2716291936
12485 7.2716291936
12535 7.2716291936
12666 7.2716291936
12740 7.2716291936
12816 7.2716291936
13058 7.2716291936
13327 7.2716291936
13683 7.2716291936
evaluations raw_y
1 88.0883030660
2 86.3955898862
13 86.3582015195
25 85.9904535190
40 85.5391895013
41 85.0207759465
58 84.5180086566
63 83.9258953921
70 83.3274061999
76 81.6141568949
96 76.3107511458
112 70.7835672981
259 69.7012777386
260 68.9548182754
274 68.8032913859
292 65.7992775636
318 60.7169905329
330 55.7365821945
347 54.0088933176
351 49.0353382237
354 44.3028869361
371 41.5755109159
384 40.9832510806
386 40.8856936024
390 30.1635296927
412 22.8444340680
464 22.7159728708
472 22.4611758853
495 21.3273802903
534 19.0067571804
591 17.9248602046
603 17.5385694579
613 16.3889366749
649 14.4054875872
696 13.9156645265
763 13.3409090260
770 13.3036295780
778 12.7002579554
901 12.4552353475
921 12.4473820517
944 12.4381780574
971 12.2279997824
986 11.9246595507
1075 11.5769027877
1203 11.4036925272
1460 11.2744168125
1626 11.2552512980
1700 11.2387497243
1714 11.2187315339
1802 11.2184891985
1829 11.2136978915
1839 11.1971082002
1922 11.1861424443
1998 11.1807951248
2027 11.1666897358
2128 11.1582179954
2178 11.1578988542
2185 11.1498470385
2272 11.1454145636
2377 11.1410323519
2402 11.1405645704
2415 11.1394462927
2417 11.1364452335
2463 11.1323429410
2696 11.1285404751
2882 11.1283777972
2987 11.1281481057
2999 11.1280108046
3014 11.1278799697
3045 11.1277253105
3059 11.1276707674
3113 11.1276505675
3115 11.1275104720
3147 11.1274009546
3190 11.1272055037
3204 11.1270934006
3205 11.1269132255
3252 11.1265422221
3372 11.1264862334
3402 11.1264094194
3452 11.1262573820
3489 11.1262371441
3502 11.1262081039
3526 11.1261580188
3556 11.1261144709
3631 11.1260426385
3634 11.1259436217
3739 11.1259167013
3779 11.1257797657
3794 11.1257773107
3890 11.1257768463
3920 11.1257731426
3923 11.1257581234
3987 11.1256920019
4109 11.1256770592
4218 11.1256663050
4282 11.1256515863
4365 11.1256501777
4403 11.1256462391
4487 11.1256428779
4538 11.1256348543
4618 11.1256347774
4630 11.1256319526
4691 11.1256315505
4694 11.1256310444
4725 11.1256265366
4802 11.1256263472
4874 11.1256249208
4910 11.1256230710
5069 11.1256223705
5071 11.1256223550
5099 11.1256222602
5121 11.1256217424
5209 11.1256209269
5271 11.1256205721
5273 11.1256204073
5349 11.1256200746
5375 11.1256200559
5447 11.1256198448
5474 11.1256197019
5497 11.1256192267
5538 11.1256191082
5640 11.1256190713
5752 11.1256189404
5773 11.1256189342
5798 11.1256189155
5847 11.1256188608
5886 11.1256188012
5913 11.1256186888
6060 11.1256186386
6156 11.1256186004
6191 11.1256185530
6336 11.1256185481
6375 11.1256185418
6378 11.1256185320
6473 11.1256185147
6610 11.1256185090
6660 11.1256185068
6695 11.1256184965
6708 11.1256184893
6719 11.1256184883
6730 11.1256184842
6736 11.1256184790
6739 11.1256184783
6864 11.1256184765
6910 11.1256184754
6918 11.1256184749
6923 11.1256184671
7109 11.1256184663
7141 11.1256184628
7161 11.1256184609
7187 11.1256184597
7219 11.1256184579
7445 11.1256184579
7449 11.1256184576
7455 11.1256184535
7601 11.1256184533
7733 11.1256184526
7846 11.1256184524
7873 11.1256184523
8001 11.1256184521
8088 11.1256184517
8155 11.1256184514
8247 11.1256184512
8288 11.1256184509
8411 11.1256184509
8490 11.1256184507
8643 11.1256184507
8653 11.1256184507
8689 11.1256184506
8694 11.1256184506
8852 11.1256184505
8935 11.1256184505
9044 11.1256184505
9210 11.1256184505
9246 11.1256184504
9413 11.1256184504
9452 11.1256184504
9478 11.1256184504
9567 11.1256184504
9602 11.1256184504
9657 11.1256184504
9658 11.1256184504
9665 11.1256184504
9843 11.1256184504
9859 11.1256184504
9973 11.1256184504
9996 11.1256184504
10032 11.1256184504
10055 11.1256184504
10064 11.1256184504
10107 11.1256184504
10315 11.1256184504
10330 11.1256184504
10396 11.1256184504
10521 11.1256184504
10677 11.1256184504
10690 11.1256184504
10701 11.1256184504
10753 11.1256184504
10797 11.1256184504
10858 11.1256184504
10883 11.1256184504
11063 11.1256184504
11105 11.1256184504
11183 11.1256184504
11264 11.1256184504
11605 11.1256184504
11836 11.1256184504
12128 11.1256184504
12444 11.1256184504
evaluations raw_y
1 110.2529081914
2 93.5948668892
6 90.5563223429
8 85.8413834369
29 85.3567791494
54 85.0576085692
69 83.3077454883
71 82.3113767504
107 80.6730794017
139 79.7737338957
159 78.3784569763
166 78.0547082793
168 74.2379285085
182 72.8055522071
199 69.4628732878
242 68.1388505752
266 50.0521424708
358 44.4119394524
409 35.7269527568
414 34.1986631557
433 31.6763015816
443 29.1834558472
458 28.6948121002
485 26.4474171224
489 26.0170129858
490 23.0440435528
514 20.8476517034
534 20.5323664341
542 18.5061609385
561 15.9038403133
585 13.1119797638
605 10.5686234963
653 9.4702655515
733 9.3684328640
769 9.1108967555
810 9.0787917634
822 8.5517958528
861 8.4244865849
869 8.0891940497
929 8.0887653300
973 7.9748932775
990 7.8573739528
1042 7.8361684492
1136 7.8338982126
1137 7.7437116592
1172 7.7368357468
1276 7.6975589048
1293 7.6935617204
1300 7.6702046906
1335 7.6429663764
1338 7.6093784891
1376 7.5192410260
1426 7.4637181527
1437 7.4547789167
1508 7.3996773764
1555 7.3563724067
1577 7.3473191596
1625 7.3341415451
1697 7.3314783417
1813 7.3172673951
1899 7.3066472616
2081 7.3025371897
2100 7.2986876674
2141 7.2952950355
2178 7.2873160509
2240 7.2871618327
2286 7.2869969147
2307 7.2844352393
2366 7.2842886092
2368 7.2836198523
2379 7.2795000256
2492 7.2762599644
2603 7.2757859050
2641 7.2743430588
2751 7.2743067550
2800 7.2742302639
2847 7.2739589700
2940 7.2739132565
2967 7.2730346924
2990 7.2729827585
3004 7.2728757194
3041 7.2725639256
3151 7.2725292617
3218 7.2724687745
3231 7.2723757837
3264 7.2723511552
3271 7.2722870973
3278 7.2722843826
3405 7.2720916366
3479 7.2720853101
3493 7.2720302824
3504 7.2719850230
3554 7.2719835550
3580 7.2719068029
3636 7.2718909288
3662 7.2718463698
3688 7.2718111305
3730 7.2717948291
3794 7.2717633845
3804 7.2717342459
3809 7.2717140244
3997 7.2716809038
4173 7.2716647415
4312 7.2716605063
4333 7.2716572845
4466 7.2716534678
4467 7.2716492189
4543 7.2716483392
4598 7.2716464824
4627 7.2716423455
4687 7.2716409285
4704 7.2716399585
4771 7.2716369558
4893 7.2716355736
4977 7.2716326158
5072 7.2716319954
5173 7.2716319029
5203 7.2716316405
5206 7.2716316194
5218 7.2716312884
5294 7.2716311698
5316 7.2716308112
5333 7.2716301928
5512 7.2716301348
5538 7.2716298275
5563 7.2716298163
5604 7.2716296605
5722 7.2716294810
5882 7.2716294794
5902 7.2716293975
6036 7.2716293417
6080 7.2716293256
6101 7.2716293034
6178 7.2716292989
6255 7.2716292794
6306 7.2716292745
6341 7.2716292743
6344 7.2716292582
6414 7.2716292535
6424 7.2716292509
6469 7.2716292437
6552 7.2716292423
6564 7.2716292351
6656 7.2716292300
6686 7.2716292248
6698 7.2716292190
6755 7.2716292180
6800 7.2716292148
6849 7.2716292122
6929 7.2716292115
6958 7.2716292063
7040 7.2716292062
7044 7.2716292035
7067 7.2716292026
7095 7.2716292009
7124 7.2716291989
7182 7.2716291989
7249 7.2716291977
7280 7.2716291975
7312 7.2716291974
7329 7.2716291970
7412 7.2716291970
7415 7.2716291967
7425 7.2716291964
7448 7.2716291962
7498 7.2716291958
7504 7.2716291957
7553 7.2716291957
7598 7.2716291956
7648 7.2716291955
7656 7.2716291953
7659 7.2716291950
7664 7.2716291949
7686 7.2716291948
7734 7.2716291945
7833 7.2716291942
7898 7.2716291942
7956 7.2716291940
8014 7.2716291940
8080 7.2716291939
8172 7.2716291938
8294 7.2716291938
8303 7.2716291938
8318 7.2716291938
8399 7.2716291938
8454 7.2716291938
8485 7.2716291938
8501 7.2716291937
8524 7.2716291937
8541 7.2716291937
8552 7.2716291937
8573 7.2716291937
8580 7.2716291937
8742 7.2716291937
8782 7.2716291937
8850 7.2716291937
8876 7.2716291937
8968 7.2716291937
9020 7.2716291936
9068 7.2716291936
9077 7.2716291936
9081 7.2716291936
9196 7.2716291936
9298 7.2716291936
9303 7.2716291936
9338 7.2716291936
9344 7.2716291936
9347 7.2716291936
9411 7.2716291936
9453 7.2716291936
9485 7.2716291936
9516 7.2716291936
9570 7.2716291936
9588 7.2716291936
9749 7.2716291936
9762 7.2716291936
9875 7.2716291936
9978 7.2716291936
10002 7.2716291936
10055 7.2716291936
10070 7.2716291936
10076 7.2716291936
10200 7.2716291936
10201 7.2716291936
10241 7.2716291936
10283 7.2716291936
10320 7.2716291936
10330 7.2716291936
10429 7.2716291936
10525 7.2716291936
10576 7.2716291936
10591 7.2716291936
10596 7.2716291936
10649 7.2716291936
10657 7.2716291936
10724 7.2716291936
10791 7.2716291936
10949 7.2716291936
10966 7.2716291936
11053 7.2716291936
11190 7.2716291936
11238 7.2716291936
11412 7.2716291936
11557 7.2716291936
11801 7.2716291936
12262 7.2716291936
evaluations raw_y
1 91.4491962920
13 89.2084073911
14 87.4628076237
36 86.5163759935
83 86.4445419689
107 86.3400674948
117 86.2293887952
124 86.2020146075
126 85.9101436569
135 84.9146367785
150 82.5216986234
171 82.1907630334
182 77.0426138095
201 73.7599956351
290 69.0657779874
317 66.7807427287
363 62.4476931634
419 53.2707197923
420 50.9196051171
499 42.5744978648
526 31.7955777058
730 29.8833208954
750 29.6408401475
770 28.4683942735
775 28.1947765764
802 25.6058105846
824 24.3932017863
881 23.8221778946
887 23.8172138079
927 23.4224623778
938 23.2689171728
1009 23.0168064829
1083 22.8431470039
1124 22.7640939635
1150 22.6699900047
1153 22.5176336159
1286 22.5165248638
1291 22.3859728793
1383 22.3449716062
1458 22.3410664091
1480 22.2340804763
1527 22.1237301626
1530 22.0881807567
1581 22.0868521074
1586 22.0160856256
1669 21.9902482735
1713 21.9648484052
1787 21.9533951389
1803 21.9334470455
1822 21.9012145325
1844 21.8949924909
1903 21.8843960362
1912 21.8655446147
1972 21.8418284706
2008 21.8377571229
2097 21.8360022307
2116 21.8139098504
2183 21.8128700262
2202 21.8097907671
2232 21.8086180523
2245 21.8027927625
2384 21.7990171713
2425 21.7937304220
2577 21.7844631828
2804 21.7843027639
2854 21.7841544440
2860 21.7835405233
2867 21.7822982323
2996 21.7821261735
3077 21.7819210853
3091 21.7816733744
3151 21.7807456846
3217 21.7805309610
3375 21.7804380734
3377 21.7803126139
3470 21.7801596296
3490 21.7799323730
3590 21.7798107151
3681 21.7798004976
3735 21.7797771404
3749 21.7797524826
3751 21.7796843388
3777 21.7796743658
3854 21.7796675216
3859 21.7795966170
3983 21.7795788815
4049 21.7795269150
4279 21.7795228679
4458 21.7795145656
4459 21.7795080425
4467 21.7795047263
4503 21.7794881460
4702 21.7794843901
4748 21.7794827250
4753 21.7794768120
4794 21.7794737499
4805 21.7794734021
4933 21.7794690838
5031 21.7794681600
5100 21.7794666977
5150 21.7794646373
5190 21.7794641161
5466 21.7794637204
5511 21.7794636422
5551 21.7794632060
5562 21.7794631674
5589 21.7794628242
5715 21.7794626682
5717 21.7794626220
5746 21.7794624665
5794 21.7794623727
5993 21.7794623307
5998 21.7794622777
6048 21.7794622771
6073 21.7794622080
6081 21.7794622036
6106 21.7794621236
6262 21.7794621105
6279 21.7794620991
6282 21.7794620989
6331 21.7794620602
6505 21.7794620586
6509 21.7794620367
6550 21.7794620311
6645 21.7794620296
6662 21.7794620246
6682 21.7794620224
6725 21.7794620163
6790 21.7794620135
6906 21.7794620111
6959 21.7794620109
6961 21.7794620087
6967 21.7794620048
6998 21.7794620033
7073 21.7794620029
7163 21.7794620007
7331 21.7794620005
7343 21.7794620001
7359 21.7794620000
7409 21.7794620000
7410 21.7794619989
7494 21.7794619987
7533 21.7794619985
7585 21.7794619980
7591 21.7794619980
7634 21.7794619976
7761 21.7794619974
7766 21.7794619973
7825 21.7794619973
7830 21.7794619972
7837 21.7794619970
8033 21.7794619969
8087 21.7794619969
8101 21.7794619968
8126 21.7794619968
8132 21.7794619968
8162 21.7794619968
8187 21.7794619967
8257 21.7794619967
8266 21.7794619967
8313 21.7794619967
8338 21.7794619966
8392 21.7794619966
8469 21.7794619966
8490 21.7794619966
8541 21.7794619966
8543 21.7794619965
8619 21.7794619965
8744 21.7794619965
8768 21.7794619965
8788 21.7794619965
8800 21.7794619965
8832 21.7794619965
8840 21.7794619965
8844 21.7794619965
8861 21.7794619965
8887 21.7794619965
8940 21.7794619965
8947 21.7794619965
9000 21.7794619965
9003 21.7794619965
9019 21.7794619965
9033 21.7794619965
9054 21.7794619965
9239 21.7794619965
9267 21.7794619965
9326 21.7794619965
9334 21.7794619965
9348 21.7794619965
9353 21.7794619965
9385 21.7794619965
9520 21.7794619965
9664 21.7794619965
9744 21.7794619965
9770 21.7794619965
9829 21.7794619965
9867 21.7794619965
9887 21.7794619965
9912 21.7794619965
9967 21.7794619965
10012 21.7794619965
10156 21.7794619965
10192 21.7794619965
10257 21.7794619965
10357 21.7794619965
10372 21.7794619965
10478 21.7794619965
10673 21.7794619965
11219 21.7794619965
11493 21.7794619965
evaluations raw_y
1 99.8098111148
2 86.2401415529
21 86.1866705761
60 85.8320013618
81 85.5575946509
98 84.8763226473
100 84.6010374323
114 81.5059770246
132 79.8520916207
205 74.4004218606
258 70.6287167907
279 68.2813335823
440 67.2390625923
477 67.1066294489
478 66.0158222030
496 60.8730235237
546 59.0952597061
571 51.4764146523
650 50.9422223144
653 50.1976501607
661 46.3166175393
677 42.3367057606
688 41.3808797592
691 38.5238369702
721 37.5724153504
744 34.0956438924
763 32.1284772935
845 31.7549894969
853 28.7274474776
947 27.5816711696
965 27.4078481820
993 27.1383597863
1036 26.0422347562
1038 24.9647961582
1094 24.3903302033
1172 24.1717634621
1190 23.4158536318
1611 23.3432651258
1652 23.0379515517
1683 22.8876695372
1703 22.6926541406
1782 22.5900031598
1949 22.4500281005
2001 22.4420039955
2003 22.3805696679
2004 22.3677288914
2052 22.2530044822
2100 22.2212526441
2149 22.1269980237
2225 22.1194977911
2236 22.0183456708
2335 21.9836699468
2375 21.9834461832
2386 21.9603820821
2508 21.9434392391
2518 21.9434379857
2539 21.9391843417
2572 21.9235553686
2590 21.9132926773
2594 21.9110715109
2648 21.9018995618
2657 21.8783641196
2712 21.8245907125
3035 21.8153500529
3147 21.8100732901
3182 21.8098993618
3188 21.8064770941
3223 21.7986138034
3294 21.7971465581
3388 21.7958541530
3466 21.7881599821
3651 21.7868462051
4033 21.7857574723
4037 21.7836857888
4104 21.7823379432
4207 21.7822454283
4240 21.7819268891
4319 21.7807579144
4467 21.7804765221
4527 21.7803915592
4665 21.7802614622
4675 21.7801144182
4756 21.7801119701
4877 21.7798487886
4962 21.7797318630
5118 21.7796951631
5178 21.7796907573
5180 21.7796767920
5200 21.7796264805
5317 21.7796151317
5324 21.7795850860
5405 21.7795850841
5435 21.7795720610
5471 21.7795590709
5481 21.7795451125
5601 21.7795232307
5616 21.7795199221
5618 21.7795179709
5649 21.7794875554
5857 21.7794814960
6065 21.7794782836
6081 21.7794775123
6145 21.7794767989
6150 21.7794766456
6170 21.7794766187
6178 21.7794752179
6231 21.7794737048
6279 21.7794721781
6378 21.7794682824
6472 21.7794672278
6583 21.7794660827
6600 21.7794642651
6729 21.7794641971
6784 21.7794639656
6821 21.7794636670
6901 21.7794635109
6933 21.7794630940
7144 21.7794627760
7273 21.7794627160
7277 21.7794626547
7286 21.7794626127
7289 21.7794625325
7344 21.7794624838
7370 21.7794624495
7459 21.7794624005
7460 21.7794623861
7497 21.7794623377
7500 21.7794623027
7570 21.7794622855
7585 21.7794622421
7587 21.7794622322
7668 21.7794621580
7770 21.7794621461
7803 21.7794621324
7946 21.7794621177
7991 21.7794621122
8080 21.7794621024
8100 21.7794620731
8119 21.7794620713
8142 21.7794620647
8196 21.7794620609
8254 21.7794620432
8373 21.7794620423
8408 21.7794620389
8410 21.7794620368
8446 21.7794620144
8667 21.7794620104
8788 21.7794620098
8793 21.7794620072
8799 21.7794620065
8870 21.7794620044
8902 21.7794620043
8903 21.7794620019
8916 21.7794620018
9075 21.7794620017
9099 21.7794620017
9101 21.7794620014
9124 21.7794620009
9181 21.7794620008
9187 21.7794620007
9204 21.7794619990
9288 21.7794619987
9412 21.7794619984
9430 21.7794619980
9436 21.7794619974
9744 21.7794619973
9888 21.7794619972
9889 21.7794619971
9939 21.7794619971
10030 21.7794619970
10068 21.7794619969
10083 21.7794619969
10158 21.7794619967
10257 21.7794619967
10446 21.7794619966
10466 21.7794619966
10534 21.7794619966
10545 21.7794619965
10829 21.7794619965
10926 21.7794619965
10933 21.7794619965
11010 21.7794619965
11023 21.7794619965
11112 21.7794619965
11141 21.7794619965
11184 21.7794619965
11236 21.7794619965
11249 21.7794619965
11307 21.7794619965
11367 21.7794619965
11380 21.7794619965
11498 21.7794619965
11525 21.7794619965
11588 21.7794619965
11600 21.7794619965
11780 21.7794619965
11903 21.7794619965
11957 21.7794619965
11989 21.7794619965
12004 21.7794619965
12154 21.7794619965
12334 21.7794619965
12399 21.7794619965
12451 21.7794619965
12664 21.7794619965
12680 21.7794619965
12771 21.7794619965
12802 21.7794619965
12928 21.7794619965
13065 21.7794619965
13258 21.7794619965
13502 21.7794619965
13836 21.7794619965
evaluations raw_y
1 87.7591366819
10 87.7548437093
11 87.4595288699
13 86.0113234892
32 85.9864703456
41 85.7107009018
75 85.4661937672
80 85.0047614933
89 84.5729975301
97 84.0086321107
113 83.9659796275
118 83.5246426286
128 82.7797355156
132 82.5143227012
160 81.6122085572
177 81.3513483912
184 80.6642761244
194 73.2422540203
251 72.0607044345
261 71.9007466015
267 68.3977900714
289 65.5775147220
432 64.0126572947
442 63.3867488763
457 54.5732943544
492 44.9102303315
535 39.2767173119
554 35.9355302645
671 34.3913293851
691 31.5463573397
701 30.4774569503
708 29.4657029411
712 28.7878312477
868 28.5549398909
872 28.0807567459
873 27.2638980044
933 26.9895225098
972 26.9648438733
1002 26.6698954282
1062 26.3700519681
1222 25.8715443064
1565 25.8332546578
1641 25.8086590853
1647 25.7885448963
1695 25.7664438508
1696 25.6869583755
1751 25.6587168276
1856 25.6522176142
1921 25.6180169721
1946 25.6126217227
1969 25.5833481053
2049 25.5667870416
2097 25.5317711802
2130 25.5242258049
2355 25.5004140265
2548 25.4980696230
2634 25.4969790288
2653 25.4956888794
2681 25.4942035472
2685 25.4938647024
2737 25.4922651869
2766 25.4883655876
2848 25.4864564686
2971 25.4851635898
2978 25.4823300216
3098 25.4813718501
3231 25.4802350953
3271 25.4800326557
3420 25.4795855692
3426 25.4795648106
3441 25.4785321366
3520 25.4785317937
3541 25.4781582687
3577 25.4779530523
3609 25.4778804528
3675 25.4778650086
3729 25.4778268244
3785 25.4777090526
3850 25.4775378085
3894 25.4774682149
4072 25.4773281332
4089 25.4772953312
4206 25.4772291074
4304 25.4770781082
4503 25.4770587209
4524 25.4770291417
4641 25.4769962068
4841 25.4769897762
4924 25.4769761456
4939 25.4769739333
5106 25.4769678825
5178 25.4769673498
5193 25.4769660724
5235 25.4769580276
5532 25.4769543363
5737 25.4769539252
5769 25.4769538188
5778 25.4769533567
5860 25.4769530138
5885 25.4769529255
5938 25.4769528347
5986 25.4769527152
6006 25.4769526907
6021 25.4769523237
6049 25.4769520629
6158 25.4769518606
6190 25.4769516722
6210 25.4769515599
6233 25.4769515488
6257 25.4769515015
6288 25.4769514222
6316 25.4769513921
6380 25.4769512715
6426 25.4769512551
6505 25.4769511740
6531 25.4769511015
6599 25.4769510966
6648 25.4769510961
6668 25.4769510857
6673 25.4769510697
6681 25.4769510612
6693 25.4769510586
6705 25.4769510416
6709 25.4769510336
6717 25.4769510280
6721 25.4769510084
6729 25.4769509724
6777 25.4769509576
6804 25.4769509525
6809 25.4769509369
6868 25.4769508962
6897 25.4769508764
6926 25.4769508664
7038 25.4769508626
7097 25.4769508468
7133 25.4769508404
7143 25.4769508403
7189 25.4769508364
7197 25.4769508349
7235 25.4769508327
7244 25.4769508226
7285 25.4769508209
7288 25.4769508179
7331 25.4769508147
7371 25.4769508069
7538 25.4769508061
7625 25.4769508024
7842 25.4769508021
7844 25.4769508003
7957 25.4769508002
7963 25.4769508000
7969 25.4769507995
7991 25.4769507986
8005 25.4769507972
8054 25.4769507966
8082 25.4769507962
8095 25.4769507957
8213 25.4769507950
8266 25.4769507949
8339 25.4769507946
8347 25.4769507945
8406 25.4769507941
8502 25.4769507939
8587 25.4769507937
8659 25.4769507936
8678 25.4769507935
8720 25.4769507935
8747 25.4769507935
8777 25.4769507935
8844 25.4769507934
8945 25.4769507934
8986 25.4769507934
8994 25.4769507933
9077 25.4769507933
9135 25.4769507933
9139 25.4769507933
9164 25.4769507933
9176 25.4769507933
9199 25.4769507933
9217 25.4769507932
9237 25.4769507932
9305 25.4769507932
9464 25.4769507932
9500 25.4769507932
9503 25.4769507932
9514 25.4769507932
9545 25.4769507932
9612 25.4769507932
9629 25.4769507932
9828 25.4769507932
9911 25.4769507932
9976 25.4769507932
9992 25.4769507932
10167 25.4769507932
10288 25.4769507932
10327 25.4769507932
10380 25.4769507932
10391 25.4769507932
10534 25.4769507932
10561 25.4769507932
10571 25.4769507932
10687 25.4769507932
10726 25.4769507932
10819 25.4769507932
10826 25.4769507932
10942 25.4769507932
10977 25.4769507932
10992 25.4769507932
11017 25.4769507932
11142 25.4769507932
11180 25.4769507932
11188 25.4769507932
11232 25.4769507932
11238 25.4769507932
11302 25.4769507932
11333 25.4769507932
11405 25.4769507932
11599 25.4769507932
11708 25.4769507932
11888 25.4769507932
12438 25.4769507932
evaluations raw_y
1 83.2557284895
28 82.8397058836
30 78.4658458015
52 77.7474888822
62 76.5009516563
83 72.0025742817
105 70.1955449282
111 64.8667129850
156 63.6152327601
175 63.2350197365
268 60.3367317638
271 56.9624724676
300 47.1080481706
316 42.7222962582
335 38.8298190116
362 37.0274191513
367 33.0529972130
373 27.1180926647
387 23.9444782697
413 17.9465227697
494 15.3310249993
530 10.4455237761
546 9.7526015340
722 9.4855660042
743 9.1402912016
752 8.9318516658
799 8.4360755210
807 8.3663865246
825 7.8078437043
866 7.7492263032
884 6.5027825284
907 6.1641837131
911 5.8034486552
918 5.0002446619
963 3.6023032780
1092 3.2501380156
1094 2.8038981681
1169 2.7168281993
1380 2.4568055315
1398 2.3225484782
1451 2.2793955375
1534 2.1832293574
1551 2.1261054692
1670 2.0982162583
1812 2.0432803587
1819 2.0376840323
2001 2.0108867405
2108 2.0101222340
2247 2.0087476812
2365 1.9995242062
2526 1.9858558944
2725 1.9850104085
2728 1.9843257605
2786 1.9843165782
2796 1.9822721058
2840 1.9772850057
2856 1.9764961444
2875 1.9748886789
2926 1.9746347221
2935 1.9689750928
3052 1.9670025608
3062 1.9664535442
3178 1.9652336130
3205 1.9619014592
3239 1.9615118864
3368 1.9601587380
3460 1.9600496528
3506 1.9596026679
3524 1.9594035659
3538 1.9578324542
3738 1.9578063889
3766 1.9576268867
3797 1.9572256512
3798 1.9564797290
4027 1.9563366426
4029 1.9561413628
4100 1.9559534237
4123 1.9558900364
4126 1.9557407965
4207 1.9557357574
4209 1.9556355702
4297 1.9556021176
4321 1.9554225873
4506 1.9554034630
4574 1.9553739737
4596 1.9552492580
4681 1.9551700652
4906 1.9551369932
4979 1.9551369509
5114 1.9551097882
5222 1.9551001059
5232 1.9550872310
5237 1.9550722184
5342 1.9550640130
5429 1.9550604154
5477 1.9550508716
5489 1.9550459730
5572 1.9550432750
5580 1.9550336308
5778 1.9550324598
5803 1.9550306410
5844 1.9550277149
5855 1.9550240369
5874 1.9550240151
5886 1.9550207505
5896 1.9550206347
5902 1.9550190325
5941 1.9550138263
5971 1.9550127565
6057 1.9550112808
6083 1.9550047964
6446 1.9550027575
6566 1.9550018328
6683 1.9550014818
6788 1.9550003777
6842 1.9550002847
6924 1.9550002555
6972 1.9550002187
7007 1.9550000143
7028 1.9549996006
7031 1.9549994638
7084 1.9549992052
7479 1.9549991418
7531 1.9549990849
7536 1.9549989877
7677 1.9549989645
7733 1.9549989507
7870 1.9549989481
7925 1.9549989406
7930 1.9549989070
8122 1.9549988990
8142 1.9549988983
8261 1.9549988958
8277 1.9549988922
8341 1.9549988850
8344 1.9549988757
8440 1.9549988747
8514 1.9549988733
8565 1.9549988708
8579 1.9549988702
8584 1.9549988676
8782 1.9549988671
8783 1.9549988667
8813 1.9549988661
8858 1.9549988654
8873 1.9549988639
8879 1.9549988630
8988 1.9549988629
8997 1.9549988627
9042 1.9549988625
9052 1.9549988618
9116 1.9549988610
9222 1.9549988607
9375 1.9549988606
9416 1.9549988604
9623 1.9549988604
9633 1.9549988602
9699 1.9549988602
9727 1.9549988600
9770 1.9549988600
9878 1.9549988599
9915 1.9549988598
9953 1.9549988597
10010 1.9549988597
10074 1.9549988597
10131 1.9549988597
10148 1.9549988597
10218 1.9549988596
10245 1.9549988596
10282 1.9549988596
10385 1.9549988596
10547 1.9549988596
10566 1.9549988596
10635 1.9549988596
10659 1.9549988595
11127 1.9549988595
11148 1.9549988595
11170 1.9549988595
11246 1.9549988595
11251 1.9549988595
11276 1.9549988595
11292 1.9549988595
11296 1.9549988595
11310 1.9549988595
11317 1.9549988595
11321 1.9549988595
11436 1.9549988595
11450 1.9549988595
11520 1.9549988595
11533 1.9549988595
11552 1.9549988595
11583 1.9549988595
11590 1.9549988595
11670 1.9549988595
11745 1.9549988595
11806 1.9549988595
11811 1.9549988595
11879 1.9549988595
11940 1.9549988595
11956 1.9549988595
11958 1.9549988595
11989 1.9549988595
12209 1.9549988595
12271 1.9549988595
12289 1.9549988595
12361 1.9549988595
12408 1.9549988595
12605 1.9549988595
12649 1.9549988595
13241 1.9549988595
13492 1.9549988595
evaluations raw_y
1 87.2851584165
5 86.8918595981
20 86.3514917172
24 85.0843377576
69 81.1641673663
100 80.0056093491
130 78.2043132681
136 74.1055170014
184 72.0134606916
194 58.7778820561
373 46.5129805898
376 41.2011100760
418 29.5264632377
444 28.2733682865
478 26.0463079554
502 23.3277313935
510 22.3615602373
533 18.1533403674
564 17.0890539303
570 15.8800765916
594 13.9241563444
653 12.9055530658
664 7.8068891028
688 7.5483625761
713 7.2553944744
718 6.1751714154
733 6.1105273004
794 5.4704231153
823 5.4142318226
831 5.2137494973
845 3.5216479321
848 3.2187691310
878 2.9807388513
905 2.5646204311
915 2.5264539524
929 2.2929206590
987 2.2615765017
994 2.2141655493
1031 2.2004222789
1066 2.1927358275
1129 2.0612797512
1236 2.0548790451
1271 2.0501801834
1300 2.0334912268
1370 2.0194491990
1413 2.0114538282
1459 2.0050305218
1557 2.0033680685
1589 1.9970515506
1619 1.9923023782
1640 1.9889847759
1670 1.9888236746
1677 1.9848392087
1719 1.9843422543
1735 1.9722806093
1759 1.9721817207
1925 1.9680995165
1987 1.9680184202
2056 1.9673272079
2060 1.9668758532
2123 1.9639588833
2128 1.9636873331
2179 1.9617212603
2291 1.9608132115
2314 1.9593547602
2422 1.9593229308
2463 1.9581340840
2480 1.9575301338
2555 1.9571652553
2588 1.9569722484
2624 1.9569362778
2627 1.9565220035
2670 1.9560930165
2795 1.9558210653
2955 1.9558083303
2988 1.9557638274
3013 1.9554241456
3243 1.9552946240
3329 1.9552124963
3416 1.9551812442
3487 1.9551514165
3514 1.9551169722
3635 1.9551006259
3664 1.9550609275
3802 1.9550467791
3869 1.9550384485
3974 1.9550276289
4124 1.9550225431
4154 1.9550128982
4281 1.9550108045
4295 1.9550105573
4420 1.9550078832
4425 1.9550072462
4453 1.9550071920
4475 1.9550052475
4518 1.9550030342
4730 1.9550027052
4778 1.9550024524
4838 1.9550023235
4866 1.9550021182
4896 1.9550017043
4941 1.9550015230
4945 1.9550011986
4965 1.9550010986
4979 1.9550008877
4999 1.9550007269
5035 1.9550005944
5061 1.9550004641
5064 1.9550004561
5077 1.9549995041
5326 1.9549994256
5419 1.9549994215
5450 1.9549993256
5452 1.9549993163
5464 1.9549992174
5493 1.9549991999
5502 1.9549991432
5564 1.9549990960
5676 1.9549990609
5732 1.9549990239
5745 1.9549990123
5769 1.9549989716
5890 1.9549989553
5977 1.9549989442
6012 1.9549989315
6015 1.9549989234
6092 1.9549989085
6156 1.9549988979
6276 1.9549988915
6332 1.9549988862
6404 1.9549988795
6453 1.9549988739
6485 1.9549988738
6529 1.9549988720
6589 1.9549988692
6658 1.9549988664
6717 1.9549988658
6787 1.9549988658
6801 1.9549988648
6888 1.9549988633
6898 1.9549988623
6930 1.9549988622
7091 1.9549988619
7096 1.9549988616
7140 1.9549988612
7248 1.9549988609
7272 1.9549988606
7339 1.9549988604
7344 1.9549988604
7417 1.9549988603
7454 1.9549988603
7463 1.9549988600
7607 1.9549988600
7630 1.9549988599
7719 1.9549988599
7748 1.9549988598
7791 1.9549988598
7880 1.9549988597
7934 1.9549988597
7971 1.9549988597
8012 1.9549988597
8035 1.9549988596
8186 1.9549988596
8300 1.9549988596
8310 1.9549988596
8332 1.9549988596
8364 1.9549988596
8382 1.9549988595
8560 1.9549988595
8734 1.9549988595
8736 1.9549988595
8809 1.9549988595
8961 1.9549988595
9014 1.9549988595
9093 1.9549988595
9106 1.9549988595
9130 1.9549988595
9157 1.9549988595
9177 1.9549988595
9180 1.9549988595
9232 1.9549988595
9234 1.9549988595
9369 1.9549988595
9457 1.9549988595
9472 1.9549988595
9584 1.9549988595
9589 1.9549988595
9703 1.9549988595
9729 1.9549988595
9869 1.9549988595
9880 1.9549988595
9973 1.9549988595
10083 1.9549988595
10329 1.9549988595
10557 1.9549988595
10981 1.9549988595
evaluations raw_y
1 101.0298088013
2 87.7306967151
5 87.2033978459
13 86.6491377288
17 86.2071736067
28 85.2144326036
37 84.8665964792
52 84.0327203996
56 78.4615450410
89 78.2648437544
144 73.8915076885
205 71.9400622703
215 65.1564758211
254 62.8781470120
271 47.5969876167
291 46.2276220236
324 43.2716515410
336 37.1395223231
337 28.3181547514
344 22.0852375417
471 19.3618801220
489 16.0889876637
507 14.6198129057
528 14.1579368761
584 10.5429315477
605 9.2707315853
625 8.7147093908
644 8.6764802142
668 8.3977974797
674 7.4566292208
684 7.2532186984
725 6.8479141402
752 6.0576580143
775 5.7117193918
916 4.7673361942
939 3.8856504292
1299 3.8478023617
1378 3.8154234595
1418 3.6959569848
1464 3.5240709304
1573 3.3463683407
1612 3.2916747643
1717 3.2709934949
1719 2.9638627735
1862 2.8742794222
2009 2.8412785347
2079 2.8049590766
2095 2.7701591632
2103 2.7613733821
2142 2.7501826806
2177 2.7455685951
2198 2.7454948871
2199 2.7230350347
2239 2.7219618753
2276 2.7119575726
2286 2.6738527840
2306 2.6550574172
2613 2.6503129810
2649 2.6368862199
2680 2.6313788148
2752 2.6232764176
2806 2.6165545724
2813 2.6043522258
3160 2.6035169393
3223 2.6023466802
3225 2.5980784349
3257 2.5964841609
3417 2.5953164704
3771 2.5936978114
3799 2.5934967285
3801 2.5927629502
4032 2.5922146983
4051 2.5921286042
4247 2.5912685209
4407 2.5912514037
4448 2.5912300866
4462 2.5912069388
4615 2.5911967761
4616 2.5911632865
4638 2.5911186488
4666 2.5911176855
4681 2.5911057202
4687 2.5910740495
4704 2.5910546812
4708 2.5910021374
4736 2.5909473332
4797 2.5909381734
4826 2.5908436683
4862 2.5908351989
4867 2.5907723479
5044 2.5907609858
5058 2.5907565526
5070 2.5907514294
5080 2.5907284390
5090 2.5907036490
5154 2.5906753447
5176 2.5906615186
5309 2.5906434935
5319 2.5906428671
5325 2.5906316299
5334 2.5906280871
5429 2.5906192046
5431 2.5906153371
5506 2.5906126165
5528 2.5906120110
5532 2.5906104108
5548 2.5906028006
5560 2.5905996869
5627 2.5905964544
5651 2.5905946221
5666 2.5905918747
5696 2.5905900184
5731 2.5905780018
5767 2.5905733510
5768 2.5905722090
5857 2.5905637836
5973 2.5905560859
6181 2.5905553693
6330 2.5905551837
6334 2.5905550414
6354 2.5905543980
6375 2.5905524272
6378 2.5905520311
6380 2.5905510306
6521 2.5905507515
6575 2.5905505042
6581 2.5905503499
6603 2.5905503495
6627 2.5905498773
6646 2.5905496761
6710 2.5905494971
6732 2.5905494223
6835 2.5905492772
6852 2.5905491013
6900 2.5905489880
6910 2.5905489543
6961 2.5905489212
6964 2.5905489208
6983 2.5905487550
6990 2.5905486793
7031 2.5905484930
7097 2.5905484563
7104 2.5905483896
7111 2.5905483661
7115 2.5905482308
7214 2.5905481699
7237 2.5905481643
7247 2.5905481107
7250 2.5905480202
7350 2.5905480084
7378 2.5905479891
7403 2.5905479679
7423 2.5905479533
7434 2.5905479296
7526 2.5905478986
7546 2.5905478923
7551 2.5905478879
7563 2.5905478707
7580 2.5905478439
7595 2.5905478353
7628 2.5905478258
7688 2.5905478203
7707 2.5905478071
7880 2.5905478030
7892 2.5905477937
7923 2.5905477909
7938 2.5905477876
7971 2.5905477851
7994 2.5905477811
8016 2.5905477754
8020 2.5905477669
8101 2.5905477657
8121 2.5905477527
8170 2.5905477500
8212 2.5905477458
8253 2.5905477439
8289 2.5905477427
8311 2.5905477426
8349 2.5905477409
8403 2.5905477392
8499 2.5905477381
8507 2.5905477369
8642 2.5905477361
8700 2.5905477356
8719 2.5905477345
8777 2.5905477335
8913 2.5905477333
8975 2.5905477331
8988 2.5905477329
9005 2.5905477320
9079 2.5905477314
9217 2.5905477309
9527 2.5905477309
9531 2.5905477309
9539 2.5905477308
9557 2.5905477307
9567 2.5905477306
9595 2.5905477306
9634 2.5905477304
9730 2.5905477304
9734 2.5905477304
9773 2.5905477303
9891 2.5905477303
10049 2.5905477303
10103 2.5905477302
10121 2.5905477302
10199 2.5905477302
10295 2.5905477302
10349 2.5905477302
10361 2.5905477302
10375 2.5905477302
10379 2.5905477301
10539 2.5905477301
10654 2.5905477301
10680 2.5905477301
10765 2.5905477301
10800 2.5905477301
10902 2.5905477301
10984 2.5905477301
10995 2.5905477301
10996 2.5905477301
11002 2.5905477301
11036 2.5905477301
11102 2.5905477301
11160 2.5905477301
11186 2.5905477301
11226 2.5905477301
11349 2.5905477301
11371 2.5905477301
11406 2.5905477301
11436 2.5905477301
11548 2.5905477301
11552 2.5905477301
11571 2.5905477301
11886 2.5905477301
12118 2.5905477301
12126 2.5905477301
12197 2.5905477301
12350 2.5905477301
12362 2.5905477301
12376 2.5905477301
12440 2.5905477301
12485 2.5905477301
12570 2.5905477301
12593 2.5905477301
12663 2.5905477301
12735 2.5905477301
12921 2.5905477301
12930 2.5905477301
13058 2.5905477301
13439 2.5905477301
13906 2.5905477301
evaluations raw_y
1 91.7793044606
2 87.7055487741
8 86.4177266732
28 84.1091663355
51 82.9457964694
70 82.5048207049
76 82.2561027469
77 80.2317316151
88 79.5015366904
105 78.9565076561
109 78.7319881458
113 76.8879034712
164 75.9291769260
198 74.3990955910
268 72.9247579580
288 71.2738774457
377 67.6729794270
389 66.5593136915
394 64.6393219926
401 64.6065368336
402 56.9031596213
468 50.3919209531
493 49.2184906837
517 39.0353518524
556 37.8340167853
619 31.1019036567
642 26.4600240692
682 23.9532384781
713 23.0623960402
748 22.3346792328
755 22.3014647453
839 22.1893297506
867 21.6041593426
871 20.4579214912
938 20.1531682256
998 20.0948182840
1031 19.9860845038
1060 19.7464509149
1074 19.3412793907
1144 19.3331797761
1218 19.1336101556
1251 19.0318702923
1395 18.8755073425
1518 18.4854258048
1813 18.4703084285
1845 18.4377098265
1917 18.4356275411
1924 18.4261860853
2020 18.4160440354
2030 18.3885735695
2088 18.3823899487
2207 18.3768716298
2224 18.3705360974
2238 18.3595853452
2271 18.3475104731
2318 18.3459151296
2363 18.3426045630
2371 18.3317494970
2409 18.3266953849
2447 18.3214340900
2475 18.3213609374
2501 18.3164741520
2537 18.3113252712
2584 18.3096323520
2672 18.3072970441
2741 18.3062279176
2755 18.3042526696
2771 18.3040382292
2815 18.3028947639
2845 18.3015412613
2851 18.3004504318
2901 18.2997452488
2936 18.2990745854
2948 18.2974221448
2969 18.2921940780
3247 18.2917171566
3305 18.2914100520
3331 18.2913279077
3361 18.2909214435
3391 18.2902325404
3546 18.2900809182
3566 18.2896140518
3658 18.2895894120
3668 18.2893026055
3693 18.2892701826
3840 18.2890768131
3873 18.2889133829
4043 18.2889109392
4049 18.2885357707
4238 18.2884890956
4420 18.2884714853
4435 18.2884435769
4478 18.2884037589
4555 18.2883923920
4600 18.2883840075
4646 18.2883797688
4652 18.2883309466
4784 18.2883273260
4911 18.2883258151
4943 18.2883243451
4993 18.2883207073
5037 18.2883180527
5085 18.2883121582
5181 18.2883088140
5265 18.2883082982
5270 18.2883067098
5306 18.2883046063
5336 18.2883042045
5348 18.2883024075
5354 18.2883020387
5357 18.2882995102
5447 18.2882990752
5466 18.2882984383
5470 18.2882982881
5565 18.2882982628
5614 18.2882965269
5725 18.2882960873
5757 18.2882949003
5804 18.2882946978
5822 18.2882943010
5908 18.2882942754
5947 18.2882940328
5987 18.2882938852
6071 18.2882937108
6096 18.2882935804
6131 18.2882933513
6166 18.2882928422
6417 18.2882927719
6482 18.2882927625
6552 18.2882926876
6597 18.2882926742
6603 18.2882926368
6656 18.2882926313
6669 18.2882926235
6693 18.2882926071
6709 18.2882925836
6716 18.2882925779
6806 18.2882925609
6838 18.2882925307
6898 18.2882925170
6939 18.2882925131
6982 18.2882925039
6992 18.2882925004
7010 18.2882924884
7127 18.2882924822
7132 18.2882924738
7241 18.2882924734
7243 18.2882924726
7258 18.2882924692
7328 18.2882924687
7334 18.2882924673
7386 18.2882924662
7389 18.2882924620
7425 18.2882924572
7593 18.2882924552
7659 18.2882924547
7718 18.2882924537
7745 18.2882924531
7826 18.2882924524
7872 18.2882924519
7918 18.2882924509
8053 18.2882924508
8072 18.2882924507
8089 18.2882924504
8098 18.2882924501
8129 18.2882924498
8428 18.2882924497
8432 18.2882924496
8538 18.2882924495
8557 18.2882924495
8697 18.2882924494
8823 18.2882924494
8868 18.2882924494
8917 18.2882924494
8982 18.2882924494
9051 18.2882924493
9145 18.2882924493
9158 18.2882924493
9216 18.2882924493
9414 18.2882924493
9450 18.2882924493
9514 18.2882924493
9516 18.2882924493
9554 18.2882924493
9572 18.2882924493
9593 18.2882924493
9615 18.2882924493
9672 18.2882924493
9675 18.2882924493
9783 18.2882924493
9822 18.2882924493
9862 18.2882924493
9917 18.2882924493
10006 18.2882924493
10077 18.2882924493
10195 18.2882924493
10222 18.2882924493
10264 18.2882924493
10269 18.2882924493
10311 18.2882924493
10314 18.2882924493
10317 18.2882924493
10450 18.2882924493
10571 18.2882924493
10667 18.2882924493
10686 18.2882924493
10765 18.2882924493
10815 18.2882924493
10933 18.2882924493
11037 18.2882924493
11053 18.2882924493
11071 18.2882924493
11084 18.2882924493
11295 18.2882924493
11498 18.2882924493
11539 18.2882924493
12036 18.2882924493
12327 18.2882924493
evaluations raw_y
1 88.3589785930
2 86.9663044420
28 86.7777566975
30 86.3338027677
42 86.0121461918
45 85.9856095357
53 85.8193418491
55 85.2788433777
57 84.9841900864
68 83.7676700568
88 83.0687899254
122 82.9919738522
131 79.5303940403
155 78.2303792236
223 76.3260109329
260 76.1165074429
261 70.0065939357
280 62.6480381297
349 61.2707360715
353 54.8696935522
396 46.2628008374
466 43.4323091824
517 42.0019692688
529 29.5418365565
549 26.3577942085
569 26.1906277839
574 21.2465998573
740 18.6576811013
744 16.5685126005
771 16.1281686875
773 15.8786893658
798 14.7653696764
803 13.3930838062
827 12.2802454051
867 11.5609247427
874 11.4494511849
905 11.3710788971
955 10.9426623035
964 10.7299661575
979 9.6246353575
1076 9.4339775151
1356 9.1655654875
1415 9.1205042141
1427 9.1083367252
1520 9.0500393699
1637 9.0152633807
1662 8.9367619147
1751 8.9356921132
1798 8.9045153893
1868 8.8837237908
1904 8.8283486073
1953 8.8121794803
2110 8.7969252203
2257 8.7964273420
2285 8.7914329759
2330 8.7870008410
2355 8.7796037796
2469 8.7764664436
2482 8.7723407377
2495 8.7655946862
2557 8.7654237938
2579 8.7587506835
2601 8.7564954539
2687 8.7532501331
2833 8.7487356267
2849 8.7477684916
3102 8.7460783893
3213 8.7450715896
3352 8.7443309128
3446 8.7443125542
3497 8.7442177457
3573 8.7439079836
3614 8.7438748350
3616 8.7436396462
3640 8.7434135208
3862 8.7432994185
3877 8.7432678617
3908 8.7432514209
3921 8.7431373674
3977 8.7430626765
4027 8.7430069158
4138 8.7429845902
4142 8.7429630470
4170 8.7429402202
4220 8.7429350401
4249 8.7428836130
4363 8.7428768967
4380 8.7428731573
4420 8.7428333781
4581 8.7428155549
4625 8.7428106239
4723 8.7427986780
4774 8.7427768186
4954 8.7427754951
4974 8.7427693326
5059 8.7427603737
5206 8.7427597015
5243 8.7427590357
5304 8.7427587929
5321 8.7427583617
5355 8.7427557372
5441 8.7427547975
5659 8.7427536840
5782 8.7427527200
5834 8.7427526948
5844 8.7427525231
5949 8.7427523950
6022 8.7427523814
6029 8.7427517984
6033 8.7427516703
6207 8.7427514386
6325 8.7427513069
6384 8.7427511387
6448 8.7427511356
6466 8.7427510397
6515 8.7427510310
6544 8.7427510182
6553 8.7427509615
6596 8.7427508429
6686 8.7427507541
6735 8.7427506597
6846 8.7427505879
7255 8.7427505777
7325 8.7427505762
7347 8.7427505749
7393 8.7427505729
7440 8.7427505696
7448 8.7427505665
7487 8.7427505608
7488 8.7427505605
7497 8.7427505594
7539 8.7427505538
7555 8.7427505537
7605 8.7427505533
7655 8.7427505510
7668 8.7427505494
7682 8.7427505483
7693 8.7427505476
7706 8.7427505457
7722 8.7427505395
7902 8.7427505393
7906 8.7427505375
8022 8.7427505374
8050 8.7427505361
8099 8.7427505357
8118 8.7427505354
8153 8.7427505349
8205 8.7427505347
8242 8.7427505344
8250 8.7427505340
8355 8.7427505336
8409 8.7427505333
8474 8.7427505332
8487 8.7427505331
8531 8.7427505330
8567 8.7427505329
8713 8.7427505328
8795 8.7427505325
8835 8.7427505324
8992 8.7427505324
8993 8.7427505323
9030 8.7427505322
9108 8.7427505322
9283 8.7427505322
9363 8.7427505321
9482 8.7427505321
9619 8.7427505321
9828 8.7427505321
9875 8.7427505321
9877 8.7427505321
10002 8.7427505321
10006 8.7427505321
10061 8.7427505321
10121 8.7427505321
10243 8.7427505321
10278 8.7427505321
10303 8.7427505321
10326 8.7427505321
10375 8.7427505321
10413 8.7427505321
10432 8.7427505321
10677 8.7427505321
10684 8.7427505321
10755 8.7427505321
11014 8.7427505321
11016 8.7427505321
11086 8.7427505321
11200 8.7427505321
11212 8.7427505321
11235 8.7427505321
11378 8.7427505321
11387 8.7427505321
11410 8.7427505321
11423 8.7427505321
11458 8.7427505321
11475 8.7427505321
11646 8.7427505321
11839 8.7427505321
11884 8.7427505321
11972 8.7427505321
11973 8.7427505321
12066 8.7427505321
12531 8.7427505321
12704 8.7427505321
evaluations raw_y
1 105.6196187761
2 93.8869889765
3 87.5707757734
19 86.3840384409
20 86.1596295010
32 86.0159829342
35 84.0259999274
54 82.2088402029
83 79.9245188218
106 77.0890643579
114 76.2849644349
131 71.2735538811
145 62.3880881776
256 57.4095587354
288 57.0260569560
303 56.4425817665
305 52.6954344164
313 37.7926981271
329 28.4803655891
416 23.4280452041
423 18.9391871470
457 17.6300207480
506 16.7559566716
534 12.1042816123
566 11.5229861561
569 10.7963437121
580 9.7693247397
697 9.3696138814
752 9.0730900681
765 8.7856526616
769 8.4521658532
870 8.4261799863
877 8.3094862447
886 8.0060666630
957 7.9887537082
989 7.9078412252
1029 7.8117880594
1091 7.7649277560
1219 7.7442950333
1230 7.6502395542
1319 7.6391793088
1332 7.6344733381
1357 7.5373344476
1365 7.4866353551
1385 7.4737614825
1488 7.4650503314
1521 7.4614826991
1570 7.4348001568
1583 7.4219906187
1667 7.4017755865
1696 7.3895799166
1706 7.3510228331
1852 7.3410566090
1862 7.3265410623
2057 7.3243855939
2080 7.3226118413
2102 7.3203501565
2103 7.3189307009
2126 7.3089790058
2159 7.3062380669
2165 7.2994027929
2207 7.2989116035
2213 7.2982775303
2262 7.2899583344
2285 7.2887707935
2337 7.2858646495
2511 7.2812135743
2679 7.2789015922
2692 7.2777075088
2709 7.2771796705
2797 7.2770512708
2810 7.2761560505
2908 7.2755545217
2937 7.2755100134
2951 7.2745204767
3024 7.2742358672
3072 7.2733952258
3128 7.2733419856
3175 7.2729633124
3254 7.2729283121
3255 7.2727226591
3310 7.2725194069
3370 7.2725115506
3399 7.2724875523
3420 7.2723736925
3459 7.2721356571
3576 7.2720782395
3600 7.2720256504
3610 7.2720076741
3612 7.2719551884
3615 7.2719547759
3671 7.2719259101
3676 7.2718755476
3741 7.2718701302
3759 7.2718439377
3767 7.2718007026
3871 7.2717595578
3915 7.2717147133
4013 7.2717054655
4145 7.2717010934
4149 7.2716848371
4198 7.2716763380
4278 7.2716694906
4333 7.2716528580
4554 7.2716495676
4606 7.2716466876
4615 7.2716443520
4662 7.2716441908
4689 7.2716421060
4736 7.2716408572
4745 7.2716380388
4777 7.2716369848
4819 7.2716364751
4833 7.2716364054
4869 7.2716354235
4997 7.2716333361
5006 7.2716331681
5041 7.2716321864
5173 7.2716314198
5278 7.2716308876
5353 7.2716307808
5371 7.2716305957
5375 7.2716303138
5491 7.2716299742
5538 7.2716299529
5593 7.2716299377
5627 7.2716299225
5677 7.2716298216
5726 7.2716296971
5751 7.2716295148
5861 7.2716294817
5908 7.2716294534
5949 7.2716294526
5977 7.2716294498
5987 7.2716294278
6014 7.2716293516
6017 7.2716293313
6112 7.2716293255
6212 7.2716293196
6217 7.2716293026
6218 7.2716293010
6219 7.2716292954
6232 7.2716292920
6244 7.2716292791
6305 7.2716292758
6312 7.2716292736
6333 7.2716292621
6340 7.2716292614
6346 7.2716292383
6444 7.2716292327
6537 7.2716292324
6556 7.2716292318
6583 7.2716292158
6755 7.2716292134
6804 7.2716292059
6966 7.2716292019
6986 7.2716292012
7115 7.2716291986
7323 7.2716291985
7339 7.2716291957
7609 7.2716291957
7678 7.2716291955
7685 7.2716291954
7719 7.2716291950
7745 7.2716291949
7755 7.2716291946
7780 7.2716291946
7816 7.2716291945
7892 7.2716291942
8019 7.2716291941
8089 7.2716291939
8163 7.2716291939
8167 7.2716291938
8221 7.2716291938
8251 7.2716291938
8381 7.2716291938
8464 7.2716291937
8576 7.2716291937
8665 7.2716291937
8672 7.2716291937
8677 7.2716291937
8694 7.2716291937
8721 7.2716291937
8776 7.2716291937
8831 7.2716291937
8875 7.2716291937
8940 7.2716291936
9021 7.2716291936
9044 7.2716291936
9079 7.2716291936
9227 7.2716291936
9279 7.2716291936
9329 7.2716291936
9346 7.2716291936
9407 7.2716291936
9412 7.2716291936
9516 7.2716291936
9588 7.2716291936
9659 7.2716291936
9679 7.2716291936
9768 7.2716291936
9821 7.2716291936
9867 7.2716291936
10005 7.2716291936
10006 7.2716291936
10069 7.2716291936
10089 7.2716291936
10247 7.2716291936
10256 7.2716291936
10286 7.2716291936
10345 7.2716291936
10352 7.2716291936
10369 7.2716291936
10375 7.2716291936
10405 7.2716291936
10547 7.2716291936
10623 7.2716291936
10690 7.2716291936
10699 7.2716291936
10727 7.2716291936
10843 7.2716291936
10897 7.2716291936
11107 7.2716291936
11118 7.2716291936
11155 7.2716291936
11265 7.2716291936
11336 7.2716291936
11374 7.2716291936
11503 7.2716291936
11824 7.2716291936
11915 7.2716291936
12331 7.2716291936
evaluations raw_y
1 86.9299239835
2 86.6915924752
3 86.4608215324
5 86.3789967193
26 85.5665319015
62 84.7726756460
63 84.1881553163
70 82.7300297071
80 82.5762572076
81 79.9999947470
115 79.1892359290
128 77.8310802769
176 77.3056241763
192 74.2309033583
198 72.6065805885
200 71.9838257481
203 68.9508282369
261 67.3423272467
329 67.2595526265
351 67.0922311708
363 67.0506221316
370 62.1271525930
387 61.2332506666
395 60.1130138226
430 58.7126706948
453 56.7069715003
517 56.4732596947
544 56.3261805986
545 56.0406715885
562 55.2726050583
566 53.9779135985
600 53.7131067544
619 53.4300500945
627 53.2389444145
655 53.1133561943
659 53.0351778271
664 52.0562645315
696 51.7146569983
718 51.6269821081
868 51.4395377182
897 51.3511711034
898 51.1499382443
918 50.7092547563
1083 50.5710822916
1234 50.5680593338
1237 50.5161500843
1317 50.4163908611
1453 50.3918468952
1555 50.3884006819
1578 50.3736561322
1587 50.3205472555
1639 50.3100386019
1657 50.3071182416
1690 50.2768357585
1720 50.2640751046
1721 50.2410477126
1877 50.2113147844
1997 50.2086447545
2012 50.1978251512
2021 50.1977518370
2092 50.1916468211
2122 50.1879422967
2139 50.1848052298
2161 50.1834338616
2233 50.1822827021
2251 50.1803698903
2281 50.1802663143
2318 50.1748401343
2424 50.1737707002
2446 50.1718893246
2483 50.1716411659
2524 50.1710421333
2556 50.1705431509
2569 50.1704055499
2597 50.1690263008
2625 50.1679576685
2725 50.1678021797
2738 50.1674384257
2747 50.1672022902
2751 50.1672005704
2762 50.1652316118
2963 50.1649219156
3034 50.1648761816
3074 50.1648485416
3076 50.1645250582
3164 50.1644132553
3187 50.1641481760
3346 50.1641213807
3381 50.1640225011
3384 50.1639162139
3410 50.1638356204
3574 50.1637957443
3625 50.1637820332
3685 50.1637343879
3749 50.1637199514
3815 50.1636836881
3842 50.1636771186
3844 50.1636423337
3953 50.1636314107
3972 50.1636185740
4011 50.1636147276
4051 50.1636144956
4063 50.1636127428
4088 50.1636082036
4105 50.1636072001
4110 50.1635960246
4114 50.1635932595
4159 50.1635902540
4164 50.1635830562
4242 50.1635727611
4272 50.1635649083
4368 50.1635640991
4378 50.1635637896
4388 50.1635543329
4393 50.1635535549
4569 50.1635530944
4581 50.1635513881
4587 50.1635512307
4654 50.1635500366
4710 50.1635499115
4750 50.1635486478
4757 50.1635445719
4835 50.1635444689
4857 50.1635444056
4880 50.1635433091
5008 50.1635431677
5015 50.1635423431
5022 50.1635418228
5055 50.1635408058
5127 50.1635405150
5280 50.1635404349
5289 50.1635399263
5323 50.1635395456
5485 50.1635395038
5553 50.1635393960
5578 50.1635390779
5656 50.1635388599
5685 50.1635387731
5917 50.1635387625
5970 50.1635387596
5983 50.1635387438
6015 50.1635387319
6065 50.1635387166
6113 50.1635386838
6147 50.1635386567
6221 50.1635386514
6245 50.1635386488
6252 50.1635386467
6289 50.1635386095
6408 50.1635386009
6486 50.1635386004
6490 50.1635385988
6534 50.1635385964
6560 50.1635385943
6569 50.1635385935
6612 50.1635385876
6620 50.1635385868
6664 50.1635385844
6685 50.1635385732
6709 50.1635385725
6890 50.1635385715
7008 50.1635385700
7053 50.1635385677
7077 50.1635385674
7140 50.1635385672
7159 50.1635385668
7179 50.1635385664
7228 50.1635385662
7282 50.1635385662
7309 50.1635385657
7339 50.1635385655
7393 50.1635385655
7398 50.1635385649
7407 50.1635385646
7493 50.1635385643
7531 50.1635385638
7628 50.1635385638
7708 50.1635385637
7766 50.1635385634
7809 50.1635385634
7848 50.1635385633
7858 50.1635385631
8032 50.1635385631
8045 50.1635385631
8061 50.1635385631
8109 50.1635385630
8116 50.1635385630
8137 50.1635385630
8161 50.1635385630
8195 50.1635385630
8219 50.1635385630
8238 50.1635385630
8248 50.1635385629
8256 50.1635385629
8275 50.1635385629
8343 50.1635385629
8478 50.1635385629
8482 50.1635385628
8677 50.1635385628
8720 50.1635385628
8756 50.1635385628
8878 50.1635385628
8956 50.1635385628
8984 50.1635385628
8998 50.1635385628
9030 50.1635385628
9067 50.1635385628
9111 50.1635385628
9138 50.1635385628
9283 50.1635385628
9326 50.1635385628
9366 50.1635385628
9451 50.1635385628
9460 50.1635385628
9467 50.1635385628
9480 50.1635385628
9583 50.1635385628
9718 50.1635385628
9754 50.1635385628
9758 50.1635385628
9780 50.1635385628
9816 50.1635385628
9852 50.1635385628
9882 50.1635385628
9930 50.1635385628
10012 50.1635385628
10099 50.1635385628
10100 50.1635385628
10154 50.1635385628
10333 50.1635385628
10346 50.1635385628
10547 50.1635385628
10562 50.1635385628
10637 50.1635385628
10911 50.1635385628
11138 50.1635385628
11666 50.1635385628
evaluations raw_y
1 89.2664113142
2 84.9403368290
30 84.8624297701
31 84.7575522658
54 83.5080241637
59 83.2714618843
70 80.9295201705
77 79.9706091267
91 76.0919335834
100 75.0384659646
118 74.8441547503
145 74.1895452372
185 68.5509764183
280 67.1036659899
315 62.1622864148
341 59.7665139850
349 53.0471502307
357 51.8685097352
361 47.6625925365
382 43.2579709013
394 41.9554170902
397 36.8513262409
409 34.3108299011
465 32.3021975279
511 30.7394522293
522 28.5635590589
536 28.5354137390
540 24.9151382739
545 24.8115747993
615 24.0178487544
621 22.7041192362
628 22.4250311029
653 22.3374832458
679 20.5504934660
705 20.5323478580
825 19.5788660753
843 19.5074028638
921 19.2808662805
968 19.2009077612
1156 19.1303457290
1249 18.8101872163
1301 18.7627749042
1350 18.7151864108
1387 18.7132379922
1412 18.6070221082
1486 18.5949776137
1510 18.4448363450
1640 18.4390259035
1644 18.4134005243
1755 18.3835705518
1822 18.3769051648
1859 18.3712624377
1871 18.3504610331
1883 18.3300121945
2084 18.3191211259
2155 18.3153026962
2193 18.3104481963
2273 18.3067628686
2318 18.3044585378
2425 18.3018248843
2496 18.3018248327
2509 18.2969294492
2604 18.2968412098
2643 18.2965841666
2663 18.2941760445
2796 18.2926997999
2879 18.2921881436
2888 18.2920378932
2911 18.2909708035
2960 18.2908439826
2985 18.2905748094
3045 18.2905298461
3098 18.2903988249
3126 18.2899892620
3129 18.2896409982
3161 18.2896298279
3173 18.2895071816
3249 18.2894254055
3264 18.2893498239
3268 18.2892877227
3310 18.2892689786
3311 18.2892270193
3363 18.2889814392
3374 18.2889496123
3505 18.2887301915
3573 18.2886876463
3682 18.2886720402
3684 18.2886084696
3741 18.2886066683
3762 18.2885523331
3782 18.2885097473
3797 18.2884743906
3863 18.2884430188
3999 18.2884377030
4041 18.2884359749
4074 18.2884243241
4078 18.2884220438
4090 18.2883917995
4178 18.2883835730
4254 18.2883730386
4263 18.2883477362
4375 18.2883362487
4417 18.2883311381
4474 18.2883293793
4483 18.2883293148
4530 18.2883193882
4591 18.2883143432
4650 18.2883118612
4653 18.2883113906
4659 18.2883108755
4683 18.2883087103
4699 18.2883063089
4718 18.2883059877
4732 18.2883029454
4817 18.2883014791
4821 18.2882991856
4911 18.2882989097
4969 18.2882984425
4983 18.2882981590
5007 18.2882980296
5069 18.2882975243
5072 18.2882954064
5266 18.2882953585
5270 18.2882952256
5320 18.2882952007
5335 18.2882949494
5364 18.2882938764
5527 18.2882936321
5611 18.2882933520
5612 18.2882933285
5691 18.2882932940
5724 18.2882931133
5777 18.2882930871
5812 18.2882929639
5827 18.2882929272
5857 18.2882927694
5919 18.2882927672
6050 18.2882927026
6099 18.2882926829
6141 18.2882926460
6169 18.2882926426
6179 18.2882925597
6404 18.2882925483
6407 18.2882925471
6427 18.2882925453
6440 18.2882925443
6443 18.2882925327
6481 18.2882925325
6498 18.2882925238
6506 18.2882925217
6529 18.2882925197
6567 18.2882925185
6573 18.2882924864
6587 18.2882924857
6694 18.2882924816
6741 18.2882924793
6815 18.2882924785
6828 18.2882924733
6871 18.2882924694
6884 18.2882924694
6941 18.2882924684
6975 18.2882924662
7006 18.2882924659
7022 18.2882924658
7042 18.2882924656
7045 18.2882924635
7049 18.2882924595
7053 18.2882924586
7088 18.2882924581
7092 18.2882924561
7220 18.2882924559
7248 18.2882924551
7284 18.2882924543
7330 18.2882924535
7360 18.2882924529
7471 18.2882924523
7509 18.2882924519
7540 18.2882924517
7614 18.2882924510
7690 18.2882924508
7761 18.2882924505
7834 18.2882924503
7850 18.2882924503
7915 18.2882924502
7950 18.2882924501
7987 18.2882924500
8028 18.2882924499
8033 18.2882924496
8109 18.2882924496
8202 18.2882924496
8280 18.2882924495
8418 18.2882924495
8453 18.2882924494
8482 18.2882924494
8504 18.2882924494
8562 18.2882924494
8584 18.2882924494
8587 18.2882924493
8700 18.2882924493
8909 18.2882924493
8936 18.2882924493
8963 18.2882924493
8998 18.2882924493
9039 18.2882924493
9082 18.2882924493
9094 18.2882924493
9159 18.2882924493
9217 18.2882924493
9251 18.2882924493
9361 18.2882924493
9418 18.2882924493
9516 18.2882924493
9591 18.2882924493
9666 18.2882924493
9667 18.2882924493
9942 18.2882924493
9974 18.2882924493
9999 18.2882924493
10155 18.2882924493
10179 18.2882924493
10225 18.2882924493
10326 18.2882924493
10424 18.2882924493
10482 18.2882924493
10529 18.2882924493
10730 18.2882924493
11269 18.2882924493
