evaluations raw_y
1 192816.3961431074
8 105472.6211050185
11 17669.9384587870
31 15516.0542551460
35 15043.0207149778
37 10193.6432373984
46 5181.4145318030
52 2539.6747089334
60 721.7807666636
75 680.8743426314
205 545.7856413506
211 336.2657868446
273 138.8855502755
327 130.8999185769
332 70.1770574102
343 67.7772464625
354 51.0098879633
361 26.9299783194
380 25.0562990876
383 24.3598133146
386 23.6185413047
392 22.1804980768
397 21.4964714830
401 13.8102499472
422 5.6478701452
510 5.2111041886
568 4.8382619999
570 4.6525489344
637 4.5602037990
735 4.5448276455
842 4.5087288956
868 4.4871472155
874 4.4342202070
931 4.4262744623
959 4.3836437866
976 4.3743720009
1054 4.3541630936
1073 4.2922587147
1280 4.2697218680
1359 4.2602469918
1370 4.2259272326
1386 4.2171827585
1488 4.1852588484
1490 4.1251830382
1714 4.1167612195
1743 4.0800243233
1922 4.0697796784
1932 4.0401473635
2030 4.0328538544
2042 4.0267338268
2048 4.0250793506
2060 4.0175406958
2105 4.0004704148
2174 3.9954346685
2204 3.9802919069
2223 3.9579347923
2452 3.9519160593
2652 3.9346725752
3021 3.9341381522
3154 3.9324001942
3447 3.9311095526
3653 3.9310448282
3702 3.9310350980
3762 3.9310299540
3811 3.9309411810
3905 3.9309351904
3956 3.9309302690
3958 3.9309167997
3991 3.9309080388
4014 3.9308743707
4154 3.9308562974
4272 3.9308541235
4334 3.9308519490
4413 3.9308470515
4496 3.9308447577
4533 3.9308446298
4534 3.9308436966
4609 3.9308411047
4748 3.9308406355
4840 3.9308400912
4868 3.9308400000
4869 3.9308398077
5076 3.9308396406
5111 3.9308396182
5113 3.9308395100
5203 3.9308394956
5250 3.9308394895
5278 3.9308394842
5314 3.9308394754
5375 3.9308394629
5444 3.9308394534
5531 3.9308394495
5575 3.9308394435
5635 3.9308394380
5780 3.9308394370
5804 3.9308394359
5947 3.9308394347
6083 3.9308394346
6234 3.9308394345
6290 3.9308394343
6338 3.9308394343
6379 3.9308394343
6469 3.9308394342
6595 3.9308394342
6651 3.9308394342
6676 3.9308394341
6752 3.9308394341
6829 3.9308394341
6838 3.9308394341
6886 3.9308394341
6983 3.9308394341
6986 3.9308394341
7060 3.9308394341
7146 3.9308394341
7290 3.9308394341
7391 3.9308394341
7497 3.9308394341
7687 3.9308394341
7785 3.9308394341
7919 3.9308394341
7933 3.9308394341
7972 3.9308394341
8330 3.9308394341
evaluations raw_y
1 29157.3029745081
2 3675.4501113865
11 1330.6300272974
26 1291.0483962413
31 595.4280137306
72 137.4042898004
84 59.8457932470
119 40.1775251138
135 26.4724650094
145 11.0858695724
264 10.8557086640
277 7.8165199487
281 7.4214394839
314 6.8418899622
325 6.7344908146
329 5.6521072358
339 4.7998054527
489 4.7976537760
494 4.7665839203
497 4.6848531034
564 4.2986938937
664 4.0976348682
954 3.7652539177
1101 3.4422656289
1222 3.2550206760
1470 3.1866464763
1521 3.1459399495
1535 3.0971257974
1560 3.0786784473
1588 2.9994401430
1639 2.8470260105
1831 2.8297051692
1848 2.4751344460
1886 2.2238690452
2005 1.8429092137
2118 1.6960652918
2319 1.6543053910
2377 1.2782526961
2714 1.0968230699
2800 0.9723542609
3009 0.8485193037
3102 0.8198695033
3138 0.6916106363
3182 0.5750711114
3388 0.5441539168
3393 0.5368271753
3441 0.5129845856
3467 0.4283827450
3634 0.4273510922
3704 0.4179923230
3907 0.3787614334
3949 0.3748716562
4006 0.3230728710
4019 0.3186466891
4044 0.3077844256
4063 0.2650152738
4232 0.1996577208
4392 0.1568945587
4534 0.1481247171
4576 0.1275300363
4707 0.1219263832
4750 0.1040755546
4758 0.0877151973
4772 0.0767170685
4976 0.0593491713
5029 0.0573331089
5087 0.0511706153
5091 0.0499003886
5128 0.0379922497
5440 0.0288697209
5525 0.0097406648
5674 0.0083917780
5803 0.0058749324
5890 0.0054453908
5952 0.0022773450
6113 0.0016458199
6169 0.0014254118
6230 0.0013439976
6269 0.0009517489
6303 0.0007914590
6342 0.0007287898
6396 0.0006745748
6397 0.0006430057
6445 0.0002095805
6479 0.0001583721
6536 0.0001284036
6694 0.0000807850
6795 0.0000182932
6961 0.0000158292
7089 0.0000044159
7342 0.0000039906
7368 0.0000025809
7377 0.0000023948
7455 0.0000018275
7556 0.0000008508
7641 0.0000006386
7659 0.0000005184
7715 0.0000004954
7766 0.0000000663
7946 0.0000000590
8044 0.0000000588
8130 0.0000000550
8155 0.0000000253
8201 0.0000000215
8307 0.0000000210
8315 0.0000000120
8409 0.0000000071
8449 0.0000000047
8676 0.0000000038
8698 0.0000000026
8717 0.0000000009
8839 0.0000000007
8857 0.0000000004
8895 0.0000000002
9111 0.0000000002
9128 0.0000000002
9264 0.0000000001
9370 0.0000000000
9415 0.0000000000
9429 0.0000000000
9531 0.0000000000
9538 0.0000000000
9541 0.0000000000
9826 0.0000000000
9955 0.0000000000
10045 0.0000000000
10057 0.0000000000
10201 0.0000000000
10225 0.0000000000
10235 0.0000000000
10244 0.0000000000
10315 0.0000000000
10365 0.0000000000
10411 0.0000000000
10494 0.0000000000
10649 0.0000000000
10662 0.0000000000
10665 0.0000000000
10924 0.0000000000
11243 0.0000000000
evaluations raw_y
1 269429.3396386143
2 148783.3033131883
4 63174.2064236408
6 30058.9468630070
12 12953.0444018734
15 1002.8963377268
43 452.3866505787
97 364.4565937682
142 158.8073915311
240 155.8617405251
251 118.1645016200
267 113.8307571162
272 49.4707720533
354 13.8462057384
439 10.2775102583
447 9.8688668684
466 9.3643072270
476 7.0217819610
488 2.8779277976
531 2.2305113838
556 0.8262032192
662 0.7390755828
664 0.2417891380
817 0.1736791387
940 0.1493429099
982 0.1327902890
1035 0.1155594600
1144 0.1126381429
1148 0.1047257888
1245 0.0970234097
1367 0.0842372540
1514 0.0763035360
1573 0.0738590819
1576 0.0672292809
1651 0.0605037919
1663 0.0535457757
1704 0.0263249220
1980 0.0205235959
2094 0.0201103740
2141 0.0150163095
2154 0.0067998798
2375 0.0036167852
2451 0.0027081744
2530 0.0011001472
2700 0.0008779425
2715 0.0004247648
3017 0.0003743087
3041 0.0003554464
3047 0.0002301223
3078 0.0001951022
3082 0.0001586898
3163 0.0001445829
3243 0.0001184071
3266 0.0000493721
3376 0.0000414366
3538 0.0000381947
3539 0.0000045498
3918 0.0000041259
3939 0.0000009438
4065 0.0000009407
4066 0.0000008172
4100 0.0000005207
4230 0.0000002493
4299 0.0000001907
4422 0.0000001876
4434 0.0000001640
4442 0.0000000719
4557 0.0000000625
4624 0.0000000501
4642 0.0000000286
4680 0.0000000049
4959 0.0000000044
4972 0.0000000035
4985 0.0000000033
4998 0.0000000020
5079 0.0000000014
5145 0.0000000013
5190 0.0000000003
5316 0.0000000002
5585 0.0000000001
5589 0.0000000001
5593 0.0000000000
5739 0.0000000000
5758 0.0000000000
5786 0.0000000000
6029 0.0000000000
6031 0.0000000000
6082 0.0000000000
6307 0.0000000000
6362 0.0000000000
6389 0.0000000000
6447 0.0000000000
6707 0.0000000000
7095 0.0000000000
evaluations raw_y
1 58988.7309387380
2 52928.4787804910
4 22269.9681719302
10 9792.1308124785
13 3819.5094305558
20 3629.1023522065
23 3044.2538242979
38 2991.1542250426
49 2807.4551668969
67 1774.9315138250
88 705.5747885125
107 171.6747941184
133 56.3093348612
205 47.3295303416
216 24.9211812983
276 22.1162656040
277 16.4109142881
288 10.4500524007
319 9.4340930118
344 6.3649475033
403 5.1948507832
407 5.0944148182
448 4.3282874738
473 4.0917006436
574 3.9468005152
598 3.8736670424
644 3.7924066731
646 3.6175144280
656 3.3626775049
796 3.0120051274
978 2.8935973208
997 2.8392437791
1099 2.4797684196
1360 2.2794451096
1507 2.2348309672
1509 2.1352979219
1569 2.0255581609
1663 1.8497645753
1761 1.7057718130
1794 1.6314837661
1833 1.5602044707
1938 1.4418711791
2072 1.4045298489
2102 1.1856262115
2107 1.1235588734
2312 1.0129973951
2343 0.9829495563
2352 0.9685693992
2455 0.8579675726
2481 0.7593948325
2674 0.7252995857
2828 0.6912532581
2830 0.6772593146
2842 0.6691313621
2869 0.5876754255
2973 0.5714943591
2979 0.5483267879
3060 0.5209580603
3075 0.5091607260
3173 0.4733863933
3186 0.4454564856
3200 0.3896193640
3328 0.3328863005
3531 0.3247685569
3550 0.3022046234
3575 0.2119948277
3917 0.2119681838
3941 0.1850356886
3975 0.1705469444
3982 0.1489457690
3985 0.1276825727
4089 0.1252328758
4109 0.1232131480
4165 0.1200167956
4172 0.0972378423
4320 0.0737155396
4335 0.0643680170
4376 0.0540062786
4443 0.0466703211
4476 0.0327913517
4503 0.0266943053
4668 0.0216802071
4707 0.0192034201
4717 0.0186014613
4763 0.0145674797
4848 0.0081297466
4977 0.0076576592
5044 0.0029138991
5428 0.0012030680
5659 0.0009784354
5678 0.0007230451
5723 0.0006842045
5919 0.0006234749
5951 0.0001217520
6002 0.0000219547
6359 0.0000207555
6433 0.0000185684
6511 0.0000059661
6538 0.0000043279
6764 0.0000033113
6789 0.0000023226
6879 0.0000016055
6944 0.0000003659
7175 0.0000000404
7634 0.0000000399
7675 0.0000000335
7676 0.0000000256
7682 0.0000000221
7718 0.0000000116
7748 0.0000000084
7829 0.0000000013
8246 0.0000000011
8272 0.0000000011
8275 0.0000000007
8321 0.0000000005
8351 0.0000000004
8363 0.0000000003
8387 0.0000000003
8442 0.0000000001
8557 0.0000000001
8686 0.0000000000
8711 0.0000000000
8720 0.0000000000
8950 0.0000000000
8976 0.0000000000
9038 0.0000000000
9200 0.0000000000
9240 0.0000000000
9322 0.0000000000
9371 0.0000000000
9375 0.0000000000
9484 0.0000000000
9583 0.0000000000
9604 0.0000000000
9648 0.0000000000
9748 0.0000000000
9805 0.0000000000
9978 0.0000000000
10004 0.0000000000
10007 0.0000000000
10132 0.0000000000
10506 0.0000000000
evaluations raw_y
1 641382.2680295340
2 430050.0572995453
3 304220.1222643326
6 122994.7266458823
10 76328.2500722441
21 31092.8386740884
40 7881.3560199222
46 2723.2626132158
99 1563.3753739218
141 1430.3604883387
147 1158.0931927469
165 841.3268749546
171 775.5135265999
180 228.4017551790
216 59.7047988510
257 59.2465169589
260 49.8137889140
267 36.0416189546
307 19.6571575669
320 11.6298656076
360 5.3710804324
382 4.3175454973
459 4.1275449080
508 3.7409487658
539 3.3924699165
555 3.2803872049
595 3.2529483867
602 3.0399134689
609 3.0063447134
619 2.8846975331
653 2.7385500603
660 2.4925433535
712 2.2154264513
746 1.9387265614
945 1.7650607250
953 1.7047957421
977 1.2474446199
1260 1.2390924150
1274 1.0251211815
1391 0.9102525213
1438 0.7203294243
1695 0.6240707238
1845 0.6064387616
1874 0.5341195992
1973 0.4875305874
2142 0.4553492822
2169 0.4282408501
2221 0.4048685508
2240 0.3523005740
2249 0.3142635923
2356 0.2982504255
2359 0.1630957989
2708 0.1255823413
2837 0.0794722608
2986 0.0707359302
3030 0.0352503692
3279 0.0306096181
3311 0.0254373512
3479 0.0149646060
3698 0.0128638134
3856 0.0121084465
3866 0.0114100870
3943 0.0088303257
4034 0.0082652751
4079 0.0080473661
4081 0.0077782227
4087 0.0037724419
4268 0.0031226428
4334 0.0012696548
4385 0.0010141428
4484 0.0008318878
4579 0.0006404531
4611 0.0006365849
4619 0.0005882156
4674 0.0003988688
4704 0.0000991021
4869 0.0000675528
5158 0.0000401302
5220 0.0000342490
5260 0.0000254185
5305 0.0000225779
5417 0.0000128923
5477 0.0000089831
5504 0.0000048291
5518 0.0000035711
5572 0.0000018751
5850 0.0000014496
5854 0.0000010556
5967 0.0000008463
6000 0.0000005152
6026 0.0000001736
6165 0.0000000351
6358 0.0000000082
6603 0.0000000054
6691 0.0000000008
7152 0.0000000006
7177 0.0000000004
7225 0.0000000002
7312 0.0000000001
7388 0.0000000001
7493 0.0000000001
7503 0.0000000000
7636 0.0000000000
7639 0.0000000000
7665 0.0000000000
7745 0.0000000000
7763 0.0000000000
7773 0.0000000000
7783 0.0000000000
7797 0.0000000000
7903 0.0000000000
8020 0.0000000000
8130 0.0000000000
8185 0.0000000000
8324 0.0000000000
8337 0.0000000000
8413 0.0000000000
8437 0.0000000000
8613 0.0000000000
9052 0.0000000000
evaluations raw_y
1 132070.0494344426
2 70534.0736743773
6 15043.8222626125
13 5334.9505798925
16 2479.2903701352
42 359.2476865874
101 305.2816641129
111 194.3476748819
130 117.1623065162
170 47.5626220649
187 46.8147073588
198 25.1227572990
224 14.2082721875
236 8.4624744381
268 7.4341803935
285 7.2222217672
294 5.9956040739
309 5.2695583439
352 5.2124163278
355 5.1507545881
356 4.1265973709
377 3.8348510588
411 3.8311585550
469 3.8201828120
567 3.8068059954
622 3.6227369207
715 3.6073219206
823 3.4837665909
880 3.4372404687
951 3.4284416201
959 3.3118065191
1008 3.1970483111
1040 3.1392402292
1098 3.1280605928
1105 3.0007106541
1201 2.6126606664
1225 2.3966688329
1284 2.3090412224
1560 1.8676686194
1618 1.7770214024
1678 1.6507949054
1696 1.5669991233
2065 1.4672287987
2078 1.4303576275
2089 1.4291696034
2150 1.3539172546
2226 1.3251573845
2258 1.1637603141
2432 1.1504712574
2454 1.0796407986
2575 1.0540538442
2578 1.0496584205
2603 1.0316933849
2731 1.0124349585
2732 0.8500289273
2825 0.8399039783
2994 0.7868729815
3004 0.7543270324
3026 0.6896022711
3124 0.6539010236
3176 0.5206646076
3278 0.4455907708
3477 0.4075457840
3532 0.3636681117
3610 0.3500639882
3690 0.3385481707
3694 0.3207763434
3722 0.3153962968
3773 0.3152345063
3776 0.2816942834
3811 0.2540283704
3843 0.2116827140
3935 0.2106949177
4057 0.2031126676
4085 0.1663269849
4162 0.1245827728
4291 0.0933394795
4347 0.0788689324
4358 0.0658316030
4451 0.0619018133
4464 0.0582077890
4538 0.0526914488
4679 0.0440361056
4708 0.0375613084
4805 0.0351371202
4869 0.0236983393
4895 0.0209931875
5025 0.0165993490
5145 0.0151587831
5212 0.0151298973
5237 0.0107044382
5281 0.0081422178
5306 0.0068850953
5344 0.0031693431
5710 0.0009749746
5770 0.0003274803
5928 0.0003186441
6060 0.0002473771
6180 0.0001811509
6218 0.0000721005
6319 0.0000481266
6330 0.0000387883
6376 0.0000252370
6430 0.0000228578
6464 0.0000226723
6479 0.0000194856
6480 0.0000142586
6490 0.0000116404
6541 0.0000111856
6576 0.0000100914
6583 0.0000045919
6776 0.0000017780
6910 0.0000015806
6956 0.0000014652
6957 0.0000010039
6998 0.0000005326
7149 0.0000003917
7207 0.0000003061
7280 0.0000001980
7320 0.0000001655
7332 0.0000000644
7580 0.0000000262
7707 0.0000000231
7708 0.0000000132
7839 0.0000000102
7885 0.0000000061
7913 0.0000000051
8033 0.0000000043
8056 0.0000000042
8093 0.0000000036
8102 0.0000000033
8143 0.0000000013
8200 0.0000000012
8244 0.0000000003
8460 0.0000000002
8565 0.0000000001
8588 0.0000000001
8612 0.0000000001
8684 0.0000000001
8695 0.0000000000
8746 0.0000000000
8952 0.0000000000
9074 0.0000000000
9191 0.0000000000
9316 0.0000000000
9319 0.0000000000
9456 0.0000000000
9515 0.0000000000
9675 0.0000000000
9772 0.0000000000
9961 0.0000000000
10034 0.0000000000
10333 0.0000000000
10774 0.0000000000
evaluations raw_y
1 677769.6086790580
2 475157.9322693172
3 192113.4157353003
8 157509.6781005526
13 34784.1671308259
45 943.3628904432
156 627.7890602906
169 278.8982788903
190 188.5645529393
265 120.0705488905
290 16.7848609634
329 15.1916127947
333 14.6006938378
409 11.2435635844
490 11.1910319240
500 4.9859891974
501 4.6606436361
553 4.2493832178
584 4.1502332661
595 4.0114866170
626 4.0086746496
636 3.8321783401
639 3.7425299436
666 3.6240128674
686 3.5607930002
688 3.4141418872
719 3.3627706677
741 3.2630560168
861 3.2472795814
897 3.1126780858
948 3.0597448223
960 3.0384613820
1013 2.9348255033
1111 2.8895187524
1115 2.7794087331
1153 2.7685584596
1177 2.7268730039
1186 2.6674790865
1226 2.5926048737
1233 2.4893023639
1360 2.3043319628
1399 2.2736247797
1423 2.0311528677
1485 1.9419593969
1582 1.6228630278
1784 1.5030988396
1865 1.4802810309
1875 1.2485871483
2025 1.2117019785
2071 1.1919612096
2139 1.0505814793
2153 0.9944439692
2285 0.9493838859
2308 0.9142572739
2310 0.8260707660
2311 0.7504378252
2432 0.7349059143
2625 0.6906153256
2697 0.6807879007
2702 0.6596750814
2767 0.6474276346
2779 0.6165861171
2855 0.4154004371
3026 0.3992355154
3035 0.3948431709
3137 0.3030127759
3151 0.2842981576
3294 0.2588269658
3343 0.1561508223
3672 0.1047236435
3710 0.0931419037
3926 0.0868678494
3936 0.0799706028
4067 0.0703631888
4115 0.0167163626
4584 0.0135185241
4645 0.0084510401
4658 0.0078415542
4755 0.0078071800
4799 0.0073288402
4856 0.0066365650
4892 0.0054233933
4894 0.0053570456
4940 0.0049411090
4943 0.0033852919
4950 0.0031052801
5018 0.0017172529
5041 0.0013312480
5294 0.0011561398
5327 0.0010120758
5334 0.0010058464
5335 0.0005441685
5419 0.0004079422
5610 0.0001804725
5629 0.0001617056
5658 0.0001180441
5815 0.0000408831
5953 0.0000017839
6489 0.0000014715
6537 0.0000013231
6614 0.0000006296
6715 0.0000005864
6740 0.0000004262
6803 0.0000002234
6895 0.0000001454
7005 0.0000001311
7082 0.0000001058
7126 0.0000000168
7394 0.0000000128
7563 0.0000000070
7627 0.0000000041
7638 0.0000000040
7657 0.0000000020
7669 0.0000000008
7921 0.0000000004
8030 0.0000000003
8089 0.0000000002
8104 0.0000000002
8120 0.0000000001
8125 0.0000000001
8236 0.0000000001
8272 0.0000000001
8289 0.0000000001
8302 0.0000000000
8514 0.0000000000
8656 0.0000000000
8671 0.0000000000
8761 0.0000000000
8901 0.0000000000
8953 0.0000000000
8962 0.0000000000
8994 0.0000000000
9070 0.0000000000
9186 0.0000000000
9326 0.0000000000
9534 0.0000000000
9599 0.0000000000
9863 0.0000000000
10148 0.0000000000
evaluations raw_y
1 232152.9792919057
3 131565.7147097954
10 111384.9749162766
12 63695.3171272647
23 16434.1936803206
37 13400.8382412515
45 7101.6100362837
55 734.4741706722
116 243.1596575471
165 170.6294726635
231 89.9740973940
285 34.6803021096
308 10.3524652169
389 7.6630383334
396 4.5584003855
512 4.5168137996
543 4.4737320181
547 3.9960197158
559 3.7669724487
832 3.6716501833
898 3.5290737080
899 3.5252068663
953 3.5195659841
1004 3.2867302699
1017 3.2520986899
1020 3.1940131794
1271 2.8035850533
1404 2.5765679334
1482 2.3939219799
1569 2.3683044319
1586 2.1805169393
1645 2.0539851209
1686 2.0456125004
1760 1.7152209997
2079 1.4799630161
2161 1.3881205069
2207 1.2051595918
2463 1.0452389657
2508 1.0411603820
2559 0.9838421404
2617 0.8920604472
2765 0.6391144940
2882 0.6143059801
2891 0.6140465319
2941 0.4974120021
2954 0.4713957478
3079 0.3896883060
3149 0.3409679105
3200 0.2705726668
3358 0.2613314773
3547 0.2329580079
3612 0.2014088622
3626 0.1398182203
3827 0.1326967232
3902 0.1068432209
4014 0.0982648193
4053 0.0777889683
4309 0.0754370363
4369 0.0724117306
4376 0.0635251315
4446 0.0596781360
4466 0.0503203220
4489 0.0473983332
4523 0.0456037820
4555 0.0453663188
4604 0.0193034119
4697 0.0185344854
4733 0.0131612788
4926 0.0104168475
5080 0.0074109286
5102 0.0065877619
5103 0.0026354558
5186 0.0023990457
5293 0.0006548040
5443 0.0005126261
5529 0.0004272372
5614 0.0003217136
5654 0.0002864375
5673 0.0000739927
5817 0.0000512643
5824 0.0000284532
5922 0.0000066839
6019 0.0000048030
6022 0.0000029654
6265 0.0000025979
6278 0.0000013480
6355 0.0000009290
6444 0.0000008474
6565 0.0000003581
6750 0.0000003396
6769 0.0000003028
6785 0.0000002389
6786 0.0000001209
6830 0.0000000792
6847 0.0000000763
6916 0.0000000622
7032 0.0000000600
7049 0.0000000524
7085 0.0000000488
7097 0.0000000485
7128 0.0000000104
7149 0.0000000032
7311 0.0000000026
7612 0.0000000022
7616 0.0000000012
7636 0.0000000007
7688 0.0000000005
7745 0.0000000003
7750 0.0000000003
7809 0.0000000001
7907 0.0000000001
8065 0.0000000001
8112 0.0000000000
8268 0.0000000000
8304 0.0000000000
8315 0.0000000000
8414 0.0000000000
8437 0.0000000000
8526 0.0000000000
8581 0.0000000000
8615 0.0000000000
8677 0.0000000000
8682 0.0000000000
8698 0.0000000000
8938 0.0000000000
9051 0.0000000000
9066 0.0000000000
9133 0.0000000000
9281 0.0000000000
9304 0.0000000000
9356 0.0000000000
9451 0.0000000000
9526 0.0000000000
9558 0.0000000000
9963 0.0000000000
evaluations raw_y
1 56527.0060107667
6 9166.9348507063
17 3408.9105613637
21 2016.8581482008
38 1735.7594166983
48 1652.1389384832
54 685.2315365602
83 347.0486696279
180 105.0773444708
215 92.7610442367
231 84.0395858841
259 63.1861933566
286 23.7124529812
446 23.5315139895
449 17.9693130187
471 13.9974419731
494 9.8983478790
521 8.6979171936
539 6.7356627241
542 5.4153131382
578 4.5510693975
771 4.4448423117
930 4.4357364101
956 4.4247404300
962 4.4090033490
963 4.3473962498
1143 4.2844763150
1247 4.2817704081
1366 4.2737634868
1369 4.2539705841
1422 4.2359202382
1473 4.2064821343
1488 4.2043381395
1495 4.1922478626
1529 4.1250387710
1734 4.0862594593
1797 4.0266064926
1845 3.9986230078
2204 3.9980761267
2246 3.9851724853
2349 3.9818664100
2394 3.9756372008
2398 3.9730432418
2466 3.9643277603
2476 3.9535788948
2633 3.9467579283
2731 3.9453576103
2881 3.9409036868
2943 3.9380332085
3007 3.9379975095
3058 3.9372191333
3088 3.9343897552
3125 3.9325710727
3313 3.9325543837
3478 3.9324821657
3484 3.9313795041
3545 3.9313711521
3586 3.9312600104
3643 3.9312487327
3665 3.9311474154
3739 3.9311416818
3754 3.9310122500
3870 3.9309921895
3873 3.9308819624
3986 3.9308814452
4120 3.9308650467
4276 3.9308600725
4286 3.9308510653
4317 3.9308487156
4324 3.9308478885
4334 3.9308432268
4412 3.9308430161
4430 3.9308427667
4562 3.9308408879
4653 3.9308399939
4727 3.9308399777
4949 3.9308395296
5192 3.9308394819
5237 3.9308394711
5363 3.9308394565
5499 3.9308394521
5574 3.9308394504
5583 3.9308394475
5630 3.9308394467
5636 3.9308394382
5786 3.9308394374
5833 3.9308394353
6019 3.9308394347
6078 3.9308394342
6409 3.9308394342
6639 3.9308394342
6680 3.9308394341
6737 3.9308394341
6932 3.9308394341
7018 3.9308394341
7105 3.9308394341
7238 3.9308394341
7255 3.9308394341
7315 3.9308394341
7317 3.9308394341
7334 3.9308394341
7466 3.9308394341
7502 3.9308394341
7541 3.9308394341
7716 3.9308394341
7803 3.9308394341
8011 3.9308394341
evaluations raw_y
1 208531.5081994119
4 89083.9636098026
6 11793.8590586705
9 2669.3378520913
25 1845.5583579031
29 1140.8135862074
37 781.5540807971
93 770.1886953580
102 703.3603807671
104 458.0283549251
106 359.8347234205
108 337.8553720436
117 257.1396666383
125 19.3314202897
179 8.1927530038
273 4.4560655004
327 4.3121385702
356 4.2267103756
361 3.9444862091
379 3.4898104760
474 3.3696325019
498 3.1586418452
546 2.8539909301
739 2.7293711417
762 2.7048609336
783 2.4918645911
854 2.3494595928
855 2.3194132133
889 2.3056523836
997 2.2641584959
998 2.0112505558
1091 1.7756146234
1100 1.5523113033
1122 1.4325814184
1419 1.4268688703
1443 1.1522181109
1740 1.0034254100
1749 0.8705750011
1810 0.7510832050
1899 0.6497346294
2091 0.5564254211
2323 0.5345020434
2357 0.5202130442
2459 0.4004171507
2497 0.3787156151
2753 0.3611760158
2755 0.3427011104
2792 0.3149996918
2817 0.2699339606
2835 0.2499415792
2859 0.2322844578
2899 0.1260270391
3119 0.0763620286
3470 0.0609929350
3545 0.0417313611
3613 0.0349121133
3779 0.0267477695
3824 0.0152350158
3914 0.0132619282
4120 0.0071614415
4172 0.0071564123
4262 0.0069118763
4278 0.0041738038
4458 0.0041724222
4481 0.0040650084
4493 0.0038387249
4521 0.0035262605
4570 0.0034245686
4591 0.0025131044
4600 0.0005972417
5013 0.0005848512
5032 0.0005484055
5076 0.0002213847
5142 0.0000710407
5152 0.0000442248
5531 0.0000269396
5580 0.0000131695
5717 0.0000083557
5745 0.0000056310
5886 0.0000020029
5938 0.0000012960
6102 0.0000003895
6247 0.0000002716
6271 0.0000002058
6414 0.0000001104
6550 0.0000000628
6667 0.0000000447
6740 0.0000000397
6747 0.0000000288
6770 0.0000000276
6785 0.0000000225
6805 0.0000000217
6817 0.0000000122
6846 0.0000000119
6936 0.0000000118
6937 0.0000000097
6974 0.0000000036
7010 0.0000000033
7118 0.0000000015
7143 0.0000000007
7305 0.0000000005
7311 0.0000000005
7353 0.0000000004
7453 0.0000000002
7527 0.0000000001
7536 0.0000000001
7572 0.0000000001
7613 0.0000000000
7783 0.0000000000
7833 0.0000000000
7917 0.0000000000
7964 0.0000000000
8010 0.0000000000
8016 0.0000000000
8073 0.0000000000
8102 0.0000000000
8136 0.0000000000
8141 0.0000000000
8151 0.0000000000
8252 0.0000000000
8386 0.0000000000
8439 0.0000000000
8590 0.0000000000
8914 0.0000000000
9169 0.0000000000
9488 0.0000000000
evaluations raw_y
1 171181.7437687855
2 84154.3232715373
6 73321.8355241515
12 34294.4518977483
18 864.9715074863
149 687.0836139327
180 306.3365925450
233 295.3393036064
235 129.1423535471
243 82.6559572295
258 49.2849772910
260 42.0038591523
281 19.4715824040
305 11.9601129139
311 8.5262139472
378 6.9855171532
406 6.2406090057
407 5.6006825286
431 4.9020473954
449 3.9050516524
529 3.4161694836
608 3.3163771300
807 3.1028254937
839 3.0382434179
910 2.8894524292
935 2.8698116375
969 2.8500231000
1034 2.6988579257
1103 2.5598439081
1153 2.5321689885
1235 2.5310056326
1321 2.3457429367
1361 2.0318858496
1387 1.9906576534
1449 1.6983492366
1664 1.6744699031
1789 1.6603216866
1802 1.5746034683
1834 1.5652424305
1836 1.3791516415
1957 1.2688477788
1973 1.2264340171
2075 1.1013878909
2087 0.9249900400
2345 0.7937613075
2478 0.7259910656
2587 0.7173847365
2592 0.5822710272
2730 0.4629787909
2825 0.4333613480
2934 0.3675849483
2944 0.2268311022
3314 0.1882857166
3428 0.1381533032
3461 0.1357336412
3626 0.1104409763
3685 0.0855230883
3779 0.0844170592
3841 0.0693361639
3952 0.0619330568
3986 0.0516505952
4076 0.0498915587
4116 0.0352333210
4147 0.0343320488
4159 0.0330642175
4280 0.0268758463
4296 0.0102319321
4547 0.0069257150
4847 0.0043786173
4848 0.0042651595
4854 0.0037031045
4895 0.0003970832
5427 0.0001118761
5564 0.0000703746
5758 0.0000153186
5906 0.0000130991
6029 0.0000101626
6086 0.0000060782
6195 0.0000038749
6307 0.0000022533
6420 0.0000020558
6454 0.0000012246
6535 0.0000010037
6567 0.0000009049
6594 0.0000008265
6604 0.0000003693
6664 0.0000001544
6925 0.0000001332
6950 0.0000001043
6973 0.0000001031
6990 0.0000000655
7034 0.0000000467
7063 0.0000000445
7065 0.0000000359
7097 0.0000000328
7152 0.0000000132
7182 0.0000000125
7194 0.0000000124
7210 0.0000000070
7274 0.0000000020
7460 0.0000000015
7585 0.0000000009
7604 0.0000000006
7729 0.0000000005
7748 0.0000000002
7827 0.0000000002
7853 0.0000000001
7950 0.0000000000
7953 0.0000000000
8073 0.0000000000
8143 0.0000000000
8196 0.0000000000
8209 0.0000000000
8286 0.0000000000
8505 0.0000000000
8676 0.0000000000
8716 0.0000000000
8761 0.0000000000
9059 0.0000000000
9080 0.0000000000
9391 0.0000000000
9497 0.0000000000
evaluations raw_y
1 264591.0421905485
3 201798.8048489587
4 113037.7875390484
11 112993.4791162746
12 96560.7667539846
17 32550.4396891690
23 1674.1319695059
48 1338.3339129725
77 293.8986567452
205 229.9957052226
224 194.9296134095
299 153.8743657538
498 151.6362292053
524 148.5637233626
552 146.6120824092
561 143.2887571176
577 139.6673866077
581 135.7017522807
645 128.2588342715
676 126.5500440715
683 116.9504207180
686 115.0239226658
706 109.1068660863
717 94.3291786359
747 62.2293649505
751 59.7450615951
792 58.6440396296
817 54.3758215637
859 30.0427168695
877 27.5949474145
903 22.0752384626
926 21.2402729585
929 20.3109296090
933 9.7999282710
975 4.6685042369
998 4.4461750801
1035 4.0838763185
1039 2.9152307081
1051 2.4945406070
1092 2.1190089860
1134 1.9055619774
1160 1.8041835148
1272 1.7950891187
1276 1.7460216673
1294 1.5790722654
1310 1.5278053841
1315 1.4115679295
1343 1.3765810978
1415 1.2766246040
1430 1.2429933304
1492 1.0323876516
1606 0.7389433085
1623 0.6995832296
1767 0.5541075261
1861 0.4788684933
1929 0.3762619780
1956 0.3395240119
1990 0.3386046776
2009 0.2863824629
2081 0.2764553554
2135 0.2678218558
2137 0.2042057746
2306 0.1859734747
2317 0.1336580805
2428 0.1225829335
2579 0.0961841012
2717 0.0696142150
2748 0.0606716080
2836 0.0602430310
2845 0.0496670633
2884 0.0325826829
2972 0.0304469036
3015 0.0290677749
3030 0.0265628113
3099 0.0195621258
3179 0.0158372794
3245 0.0088628847
3261 0.0037528050
3392 0.0026040078
3858 0.0024572698
3917 0.0023390678
3959 0.0007565750
4028 0.0001363214
4249 0.0001172651
4353 0.0000471058
4409 0.0000337984
4458 0.0000296705
4552 0.0000180780
4701 0.0000147363
4889 0.0000133946
4919 0.0000047075
4932 0.0000031906
5070 0.0000019115
5143 0.0000014011
5204 0.0000013380
5212 0.0000004300
5322 0.0000003395
5332 0.0000002238
5510 0.0000001636
5515 0.0000001123
5689 0.0000000864
5723 0.0000000326
5850 0.0000000237
5897 0.0000000071
6066 0.0000000033
6118 0.0000000017
6282 0.0000000012
6427 0.0000000004
6451 0.0000000004
6601 0.0000000002
6647 0.0000000002
6649 0.0000000002
6684 0.0000000002
6730 0.0000000001
6847 0.0000000001
6920 0.0000000001
6927 0.0000000000
6985 0.0000000000
6997 0.0000000000
7161 0.0000000000
7190 0.0000000000
7298 0.0000000000
7323 0.0000000000
7707 0.0000000000
7874 0.0000000000
7937 0.0000000000
8013 0.0000000000
8088 0.0000000000
8097 0.0000000000
8144 0.0000000000
8282 0.0000000000
8580 0.0000000000
8836 0.0000000000
evaluations raw_y
1 319267.7163876030
2 171000.8769574437
6 14159.8847241944
17 2926.8130544757
40 425.8191239522
124 198.5945180143
168 174.6243188781
190 155.3012815579
201 109.6245814439
207 66.6268649351
223 45.4913196447
241 4.4047698542
518 4.2863720190
522 4.1966471494
542 4.1144475695
603 3.8555921418
650 3.8240138809
719 3.5028878722
849 3.4254912184
949 3.4156201199
1036 3.2364218476
1123 3.1007631259
1129 3.0711384002
1173 2.9914051524
1245 2.8219254881
1307 2.8197776710
1383 2.7280351840
1424 2.6866577371
1431 2.6511952783
1494 2.5543581571
1496 2.4849682113
1547 2.4691963534
1570 2.1912002935
1626 2.0359225455
1719 1.9636138798
1739 1.9551418126
1782 1.6623142764
1985 1.5743202935
2016 1.5587052617
2018 1.5236661309
2116 1.2495026378
2170 1.2367951869
2204 1.0812617762
2303 1.0356372060
2494 0.9385689223
2653 0.6897899714
2685 0.6803122014
2712 0.6384522545
2787 0.5544299179
2809 0.5399210706
2900 0.4811297765
3237 0.4654766233
3255 0.4492116702
3296 0.3938037008
3400 0.3868220214
3408 0.3427319283
3500 0.2890645652
3542 0.2721129773
3723 0.2560196974
3765 0.2235410468
3807 0.2009086648
3858 0.1465324788
3868 0.1453551131
4117 0.1180418595
4148 0.0974232506
4163 0.0948714787
4265 0.0781843218
4270 0.0477922938
4337 0.0310693099
4617 0.0308753034
4634 0.0144645136
4689 0.0092208045
4868 0.0087289131
4923 0.0076164238
5053 0.0051323787
5086 0.0050766718
5094 0.0032969177
5238 0.0022287220
5383 0.0022093538
5438 0.0020971187
5459 0.0004101197
5766 0.0002265677
5881 0.0000651336
6109 0.0000644077
6140 0.0000611120
6145 0.0000493278
6193 0.0000065631
6386 0.0000039916
6563 0.0000029134
6623 0.0000009688
6717 0.0000009058
6766 0.0000007877
6843 0.0000005275
6853 0.0000003069
6936 0.0000002497
7049 0.0000002470
7105 0.0000001524
7175 0.0000000264
7355 0.0000000224
7487 0.0000000109
7799 0.0000000047
7857 0.0000000042
7892 0.0000000032
7911 0.0000000030
7948 0.0000000028
7997 0.0000000022
8074 0.0000000010
8104 0.0000000004
8208 0.0000000002
8388 0.0000000002
8392 0.0000000002
8419 0.0000000002
8453 0.0000000000
8509 0.0000000000
8673 0.0000000000
8681 0.0000000000
8859 0.0000000000
8921 0.0000000000
8929 0.0000000000
9049 0.0000000000
9156 0.0000000000
9300 0.0000000000
9346 0.0000000000
9351 0.0000000000
9385 0.0000000000
9396 0.0000000000
9444 0.0000000000
9454 0.0000000000
9521 0.0000000000
9527 0.0000000000
9599 0.0000000000
9686 0.0000000000
9763 0.0000000000
9843 0.0000000000
9848 0.0000000000
9927 0.0000000000
10031 0.0000000000
10338 0.0000000000
evaluations raw_y
1 26134.8746185285
14 20588.8989929958
16 18526.7157628386
23 15706.1162409124
26 2363.0383678434
52 2271.7489879088
87 999.0999542161
95 917.1001962417
114 441.1915487497
136 123.4073433775
173 114.5312324881
179 82.2942903882
186 31.8871927022
211 15.6997921201
226 8.8071773649
246 6.8743910808
329 4.7312957223
439 4.2365789648
516 3.8982753141
517 3.8879866716
521 3.7101714346
544 3.5912922717
634 2.9903000906
787 2.5980945724
875 2.5738194962
1047 2.5490385591
1134 2.5111992680
1189 2.4149593966
1227 2.2786923832
1260 2.2428570698
1316 2.2241392397
1398 2.2162941369
1429 2.0802332040
1625 1.8185460750
1791 1.7164739999
1846 1.6929395452
1857 1.5225943945
1885 1.5121101333
1891 1.4541656150
1907 1.3096594054
2053 1.2257366827
2103 1.1946215825
2183 1.1880471180
2248 1.1153441152
2281 1.0303722797
2295 1.0294869321
2325 1.0293324546
2354 0.9217691020
2455 0.8564372711
2513 0.8314246436
2547 0.8308472604
2560 0.7527182450
2567 0.6894832873
2684 0.6703668541
2741 0.6432597198
2821 0.6324145110
2889 0.6174996580
2902 0.5785514451
2987 0.5120155913
3037 0.4392765467
3160 0.4224665645
3199 0.3360755169
3251 0.3065791412
3260 0.2649278854
3385 0.2213361240
3579 0.1824774689
3647 0.1767414684
3732 0.1031905798
4021 0.0947948375
4024 0.0944704385
4048 0.0787166697
4116 0.0403750236
4459 0.0363704846
4489 0.0339451250
4491 0.0321331712
4565 0.0290076890
4591 0.0255259590
4629 0.0254003864
4683 0.0243862657
4708 0.0166149861
4723 0.0046581399
5056 0.0034093610
5113 0.0010701824
5208 0.0008136970
5376 0.0005759892
5485 0.0004893898
5500 0.0003359210
5603 0.0003067924
5607 0.0002613563
5719 0.0001714010
5762 0.0001228690
5822 0.0001042804
5841 0.0000992109
5861 0.0000419441
6058 0.0000244895
6121 0.0000240089
6158 0.0000104187
6239 0.0000067499
6327 0.0000009191
6788 0.0000008538
6813 0.0000005638
6861 0.0000002325
6948 0.0000002284
7024 0.0000001473
7111 0.0000001219
7139 0.0000000554
7249 0.0000000539
7298 0.0000000450
7301 0.0000000216
7381 0.0000000186
7433 0.0000000119
7515 0.0000000074
7522 0.0000000043
7656 0.0000000010
7821 0.0000000006
7871 0.0000000003
8049 0.0000000002
8163 0.0000000002
8192 0.0000000001
8218 0.0000000001
8249 0.0000000000
8432 0.0000000000
8488 0.0000000000
8496 0.0000000000
8610 0.0000000000
8646 0.0000000000
8705 0.0000000000
8858 0.0000000000
8970 0.0000000000
9028 0.0000000000
9085 0.0000000000
9098 0.0000000000
9289 0.0000000000
9456 0.0000000000
9971 0.0000000000
evaluations raw_y
1 257020.3776314934
2 238364.1463475186
3 124399.0050052871
8 57630.8779490002
10 19112.0274438588
37 13467.5650797422
38 11144.4458644260
46 9136.8404569546
50 6651.8192331334
59 5982.4764230843
64 3273.4397695234
69 885.0171163401
82 859.0771279307
96 669.5058276494
105 628.3996495411
110 504.7400209876
120 265.1010720076
147 138.9443226319
178 65.1223359436
230 23.8699069764
238 16.3228004984
277 11.0110301964
306 7.9752192329
356 4.9126644984
439 4.5562109684
484 4.0781213222
495 3.5599941986
719 3.5402489285
754 3.5328979084
782 3.5071123626
784 3.4041215870
800 3.3573466710
815 3.3081082950
885 3.2490370859
906 3.0487479942
916 3.0219295575
979 3.0100184841
1077 2.9475636537
1175 2.8709838572
1232 2.8083237467
1364 2.8072528968
1370 2.6315640081
1376 2.5402539941
1418 2.4600535395
1449 2.4330281006
1451 2.3501201733
1501 2.2620829056
1503 2.1773341198
1592 2.0275824417
1629 1.9757408608
1748 1.9753463841
1787 1.8078398534
1843 1.7765036770
1860 1.7131597358
1861 1.6364067526
1970 1.5951419684
2022 1.2656963717
2091 0.8769701480
2220 0.7830107440
2679 0.6674602426
2812 0.6342407430
2816 0.6324402042
2888 0.6224946304
2932 0.6071588793
2933 0.5756534610
3027 0.5344408276
3046 0.5221712116
3067 0.4687009969
3168 0.4446125170
3180 0.4416182018
3191 0.3806626860
3272 0.3794537646
3317 0.3555468361
3367 0.3525020402
3397 0.3427960728
3445 0.3195371227
3451 0.3026486166
3478 0.2349874529
3679 0.1845428938
3835 0.1463764065
3936 0.1264560725
4050 0.1260942468
4165 0.1255635710
4178 0.1009870328
4207 0.0907401764
4251 0.0897688331
4320 0.0723652473
4364 0.0675195642
4414 0.0622459482
4516 0.0475407238
4550 0.0363770892
4594 0.0286523704
4771 0.0259116528
4811 0.0249878859
4819 0.0207160565
4962 0.0188317945
4992 0.0176995791
5002 0.0131373871
5050 0.0056098011
5137 0.0029207519
5318 0.0025831273
5328 0.0014334610
5438 0.0006975664
5495 0.0005486628
5598 0.0004458078
5622 0.0002986133
5649 0.0002160115
5704 0.0002158171
5711 0.0002003084
5772 0.0001479978
5815 0.0000466518
6060 0.0000334856
6103 0.0000219885
6107 0.0000196936
6150 0.0000184194
6213 0.0000090517
6261 0.0000067511
6376 0.0000067168
6424 0.0000059949
6438 0.0000003264
6799 0.0000002895
6835 0.0000001966
6964 0.0000001922
6978 0.0000001424
6993 0.0000001187
6997 0.0000000745
7001 0.0000000602
7159 0.0000000491
7197 0.0000000448
7215 0.0000000371
7217 0.0000000166
7252 0.0000000096
7287 0.0000000093
7386 0.0000000056
7478 0.0000000022
7621 0.0000000018
7645 0.0000000006
7831 0.0000000003
7945 0.0000000001
8123 0.0000000001
8138 0.0000000000
8341 0.0000000000
8389 0.0000000000
8448 0.0000000000
8537 0.0000000000
8709 0.0000000000
8853 0.0000000000
9011 0.0000000000
9096 0.0000000000
9104 0.0000000000
9182 0.0000000000
9370 0.0000000000
9729 0.0000000000
