evaluations raw_y
1 31201.3520919557
5 25310.1570255376
7 21076.4981890655
8 1799.9914678088
19 1734.0707112710
21 819.5949125504
74 573.0443718394
132 469.2801423438
162 425.6836275772
206 308.9764556504
260 304.4246586366
299 281.4096336714
409 273.4659725116
428 273.2278491508
433 270.2917606344
437 268.4878023155
446 267.7910433190
457 265.6943498155
458 264.9787589040
465 257.5540342437
471 254.8625151180
476 242.6277918847
501 236.0086130748
507 234.5573666100
512 214.5661932923
521 192.1179695984
539 187.5371727243
542 164.9669211081
546 157.4952310410
559 134.5141130899
574 129.8158455872
589 114.0056948358
595 94.4646405094
609 87.3465574044
620 70.0917798506
625 65.4270903830
639 64.3511287123
644 64.0667602793
648 57.5198998122
665 38.0384709955
716 20.8822013233
757 19.2016945847
762 12.8195029643
794 9.5753787529
832 8.4174569309
839 7.9850633367
848 6.5486751785
859 4.9137794074
866 4.7170531547
911 4.6893314404
921 4.5603580515
951 4.5414646787
974 4.5091494526
987 4.4660509559
994 4.3032068823
1028 4.2920302398
1037 4.2768770240
1044 4.2430392343
1070 4.1899982394
1090 4.1815177934
1092 4.1543428171
1106 4.1328011006
1112 4.1103920175
1113 3.9796546680
1149 3.9673822622
1154 3.8448832816
1167 3.7947561749
1170 3.6969867514
1187 3.6518439668
1254 3.6263572761
1275 3.6248028029
1285 3.6082846872
1295 3.6069992580
1309 3.5823951200
1313 3.5691882076
1315 3.5483002382
1332 3.5477218379
1333 3.5199073500
1337 3.5140619241
1342 3.5134329822
1345 3.5006209334
1353 3.4998348358
1357 3.4708224202
1359 3.4635639440
1365 3.4324172282
1370 3.4257656254
1371 3.3733687952
1392 3.3648984768
1393 3.3237851428
1401 3.3109754197
1407 3.2974842145
1411 3.2231912211
1413 3.2145156692
1426 3.0839736968
1429 3.0711759173
1434 3.0707194540
1442 2.8461513813
1455 2.8149691785
1457 2.7758985287
1469 2.7704214255
1503 2.7104218246
1514 2.6497057317
1522 2.6070791792
1527 2.4889533935
1536 2.4109631878
1539 2.2621281104
1551 2.2326753690
1555 2.0497626409
1582 1.8616376812
1643 1.7978350785
1652 1.7821736994
1663 1.7242934252
1673 1.6039518245
1701 1.5958454219
1711 1.5740295629
1719 1.5598631513
1728 1.3850596583
1732 1.3607330947
1753 1.3384784087
1756 1.3242045981
1762 1.3148888853
1768 1.2904475203
1771 1.2862759610
1777 1.2307252076
1788 1.1708179209
1816 1.1072511046
1822 1.0954595429
1831 1.0263200836
1853 0.9947931802
1855 0.9907686180
1860 0.9124484066
1867 0.8502303662
1878 0.8250595582
1888 0.8016329711
1893 0.7948208848
1907 0.7167032148
1920 0.6888566795
1924 0.6275845417
1930 0.6192255681
1937 0.6051590625
1948 0.5930681327
1949 0.5792003087
2000 0.4995220415
2053 0.4708301749
2059 0.4665176709
2076 0.4485634972
2083 0.4425905107
2084 0.4360228606
2096 0.4080725712
2101 0.3739439938
2126 0.3296460368
2159 0.3196355623
2162 0.2887927674
2177 0.2741064504
2184 0.2578156385
2197 0.2474426333
2201 0.2448747511
2210 0.2362562592
2219 0.2310431039
2228 0.2274758535
2238 0.2118972851
2246 0.2086850569
2249 0.1960138256
2261 0.1664753748
2270 0.1600021860
2271 0.1380901674
2335 0.1318917815
2337 0.1317670107
2339 0.1067171892
2345 0.0996819705
2365 0.0907770908
2374 0.0701962272
2422 0.0638146550
2425 0.0619076542
2438 0.0592678910
2441 0.0557626786
2449 0.0524776370
2450 0.0380428832
2475 0.0331123103
2476 0.0303316222
2486 0.0220707029
2502 0.0189909688
2506 0.0028487576
2663 0.0023768118
2717 0.0021479430
2727 0.0018877063
2743 0.0017423230
2753 0.0015208990
2760 0.0014066614
2767 0.0012588998
2768 0.0011548418
2783 0.0010827281
2784 0.0010062067
2787 0.0004711076
2805 0.0000514591
2882 0.0000176459
2926 0.0000068433
2942 0.0000030279
2986 0.0000023480
3000 0.0000005529
3052 0.0000005187
3056 0.0000003582
3061 0.0000002750
3065 0.0000002445
3068 0.0000001918
3070 0.0000001549
3088 0.0000001372
3101 0.0000000844
3115 0.0000000035
3192 0.0000000026
3214 0.0000000005
3224 0.0000000002
3296 0.0000000001
3323 0.0000000001
3330 0.0000000001
3332 0.0000000000
3335 0.0000000000
3364 0.0000000000
3410 0.0000000000
3426 0.0000000000
3440 0.0000000000
3441 0.0000000000
3449 0.0000000000
3458 0.0000000000
3462 0.0000000000
3481 0.0000000000
3489 0.0000000000
3503 0.0000000000
3505 0.0000000000
3515 0.0000000000
3523 0.0000000000
3532 0.0000000000
3542 0.0000000000
3561 0.0000000000
3584 0.0000000000
evaluations raw_y
1 55689.9495796657
2 28307.7253515351
4 26084.4582519928
10 10011.6687481250
21 6237.0588653138
35 3863.9201582023
41 2923.0607515572
42 546.4985838138
54 324.8934277114
103 299.3025059955
122 117.6070780103
164 39.7487577555
172 30.4661230061
177 14.8843773515
201 8.1799504524
245 5.9142001840
302 4.4029149120
328 4.3675911910
332 4.2078828054
368 4.1969764096
370 4.0929671418
384 4.0705155153
389 4.0480075319
392 4.0343876464
400 3.9223112461
402 3.8997162311
409 3.8558405566
420 3.7469338446
432 3.6315425092
471 3.5917246472
474 3.5222313199
476 3.5127992789
485 3.2715550047
533 3.1569053966
534 3.1342057958
539 3.0329942924
571 2.9769043195
579 2.7836442935
596 2.7322621383
619 2.6640870899
632 2.5937435409
639 2.5777671890
650 2.5443391209
659 2.5340796297
663 2.4990617833
691 2.4372200844
716 2.4174079634
720 2.4054000277
721 2.3804371849
728 2.3625986437
730 2.3440462022
736 2.3061917777
747 2.2831630331
761 2.2175051268
770 2.1609720545
774 2.1591600420
776 2.1276492074
785 1.9465118431
786 1.9218967219
797 1.8891885188
798 1.8744552742
840 1.8470021502
847 1.7870206805
852 1.7820198308
865 1.6525643809
888 1.6080577586
890 1.5347918258
897 1.5279812506
904 1.4960749828
910 1.4791951105
921 1.4257760137
940 1.4203558655
941 1.3826234689
954 1.3467781360
955 1.3395015005
963 1.3303138676
967 1.2350472320
980 1.2298675228
981 1.1847258456
985 1.1838078021
989 1.0796360692
994 1.0346146198
1030 0.9691716164
1044 0.8523716967
1059 0.8343450494
1065 0.7915889291
1071 0.6462729724
1169 0.5906037447
1186 0.5574805918
1202 0.5155959084
1209 0.4654632760
1212 0.4649576405
1223 0.3953198522
1259 0.3450914277
1267 0.3276336567
1275 0.2598033661
1309 0.2588577326
1326 0.2271801201
1330 0.2256262553
1333 0.2123668290
1354 0.2115384485
1364 0.2097954294
1371 0.1924244596
1377 0.1542571722
1413 0.1517004230
1418 0.1388969972
1424 0.1310009639
1428 0.1222567328
1452 0.1183343585
1460 0.1062861300
1466 0.1052366398
1468 0.1006755365
1473 0.0864110338
1498 0.0840239312
1499 0.0717390999
1509 0.0686017396
1540 0.0582242052
1548 0.0541702055
1550 0.0483404160
1557 0.0479723496
1570 0.0474806352
1578 0.0407792036
1606 0.0386557267
1611 0.0350639344
1613 0.0271960384
1665 0.0254208297
1684 0.0199438013
1688 0.0198766798
1693 0.0189361997
1703 0.0185102421
1704 0.0155367981
1726 0.0133743447
1738 0.0130234669
1748 0.0109489313
1753 0.0108108388
1755 0.0083799720
1785 0.0072525340
1799 0.0043988216
1800 0.0042980017
1805 0.0038972964
1827 0.0031616113
1839 0.0018550361
1877 0.0009814450
1894 0.0002353529
1953 0.0001517980
1975 0.0001460361
2000 0.0000921265
2001 0.0000684746
2017 0.0000593275
2026 0.0000341456
2033 0.0000256817
2034 0.0000215153
2035 0.0000083726
2051 0.0000057463
2067 0.0000052519
2100 0.0000034136
2120 0.0000026790
2140 0.0000024179
2143 0.0000012227
2173 0.0000004546
2185 0.0000003342
2194 0.0000000990
2196 0.0000000675
2246 0.0000000212
2255 0.0000000165
2284 0.0000000061
2289 0.0000000037
2321 0.0000000028
2323 0.0000000013
2325 0.0000000007
2364 0.0000000006
2370 0.0000000005
2372 0.0000000002
2396 0.0000000001
2398 0.0000000001
2405 0.0000000000
2419 0.0000000000
2426 0.0000000000
2457 0.0000000000
2461 0.0000000000
2463 0.0000000000
2499 0.0000000000
2506 0.0000000000
2553 0.0000000000
2585 0.0000000000
2606 0.0000000000
2614 0.0000000000
2622 0.0000000000
2635 0.0000000000
2650 0.0000000000
2670 0.0000000000
2710 0.0000000000
2736 0.0000000000
evaluations raw_y
1 23701.5024461651
9 1919.7678190827
18 1448.9371434873
19 874.4882234442
22 574.8586464024
77 452.6985750752
157 444.2095290344
165 429.1229156074
169 311.6359880634
170 247.6703057011
195 245.6447956660
211 145.3079360899
217 138.3582350498
230 109.8153335676
235 84.4367111714
238 23.7178011286
282 8.5257935759
331 5.6946734873
346 5.2275159280
358 4.7621011044
361 4.6820620579
376 4.2310585025
390 3.5042135962
450 3.4485091234
456 3.4469370627
461 3.4262391422
469 3.3658730741
494 3.2809383142
513 3.2453642159
520 3.2337094735
529 3.2027478773
552 3.2023700334
553 3.1956462564
557 3.1341591720
570 3.0747766997
582 2.9632083828
605 2.8827418647
609 2.8452048416
624 2.7934208099
637 2.6981002240
646 2.6933807715
650 2.6917753419
659 2.6882700408
662 2.6701867590
667 2.5628115170
700 2.4518630264
712 2.4023846691
713 2.3805412303
716 2.2693062942
731 2.2241088136
732 2.1376603502
746 2.1140360246
748 2.0494815926
784 2.0259035965
807 2.0152631007
813 1.9779753402
816 1.8827743183
822 1.8688673097
825 1.8564404893
828 1.8335313442
833 1.6761437202
877 1.6597606804
879 1.6472844289
888 1.6267465385
897 1.6169974173
908 1.6094587793
910 1.5831814111
912 1.5805182020
915 1.5390419959
917 1.5254011547
921 1.4983336320
925 1.4760280679
935 1.4733313140
945 1.3977094412
954 1.3949249089
963 1.3364755712
970 1.3360879829
976 1.2937867812
981 1.2338531994
982 1.2209861116
984 1.2124335408
1005 1.1696292481
1011 1.1569813810
1017 1.0995714931
1031 1.0055673761
1043 0.9600055003
1050 0.9286530789
1052 0.8674974666
1093 0.8504963353
1097 0.8281273703
1100 0.8251918330
1121 0.8220966927
1143 0.7922111643
1146 0.7904511135
1159 0.7569802471
1177 0.7466529990
1185 0.6945373189
1197 0.6920537744
1202 0.6538286308
1211 0.6340810964
1220 0.6296109032
1222 0.5842935586
1232 0.5339409106
1234 0.4836925018
1299 0.4318775905
1313 0.4126447130
1316 0.3413994728
1337 0.3237710240
1353 0.2708546068
1361 0.2567176098
1375 0.2423902398
1382 0.2413952130
1417 0.2344768937
1418 0.2183930620
1438 0.2174802188
1446 0.2104149587
1451 0.1961123359
1459 0.1927485599
1466 0.1902290689
1472 0.1845632110
1482 0.1785710923
1486 0.1682529255
1497 0.1629712873
1505 0.1563487040
1517 0.1531363430
1524 0.1512271091
1528 0.1491289799
1531 0.1443035881
1537 0.1207162782
1561 0.1138259807
1574 0.1091985392
1584 0.0867706999
1585 0.0862742896
1593 0.0828540615
1594 0.0770720518
1615 0.0762686960
1619 0.0620681427
1631 0.0606585837
1653 0.0453682977
1674 0.0390187321
1683 0.0313996123
1696 0.0297503247
1709 0.0288784708
1711 0.0225121142
1730 0.0152207252
1752 0.0145362674
1757 0.0114348817
1794 0.0109493667
1803 0.0083489998
1825 0.0043888300
1866 0.0027042126
1876 0.0022843508
1892 0.0019860218
1907 0.0019204149
1910 0.0017159253
1919 0.0008533209
1964 0.0001139199
2006 0.0000508276
2043 0.0000328264
2060 0.0000302113
2061 0.0000136322
2084 0.0000049193
2124 0.0000039463
2126 0.0000039294
2142 0.0000035791
2153 0.0000010974
2171 0.0000002195
2185 0.0000001931
2242 0.0000001802
2243 0.0000000771
2274 0.0000000497
2298 0.0000000224
2307 0.0000000220
2314 0.0000000207
2317 0.0000000177
2342 0.0000000170
2344 0.0000000085
2350 0.0000000080
2362 0.0000000047
2367 0.0000000036
2380 0.0000000034
2383 0.0000000010
2420 0.0000000005
2423 0.0000000004
2441 0.0000000004
2443 0.0000000003
2452 0.0000000002
2454 0.0000000000
2484 0.0000000000
2564 0.0000000000
2570 0.0000000000
2600 0.0000000000
2614 0.0000000000
2637 0.0000000000
2648 0.0000000000
2654 0.0000000000
2663 0.0000000000
2673 0.0000000000
2695 0.0000000000
2697 0.0000000000
2726 0.0000000000
2792 0.0000000000
evaluations raw_y
1 85125.2207131679
3 28858.3565926983
4 24968.6120045029
9 8488.8391702429
19 6066.9000136075
37 5163.4044960896
42 2483.7329078224
52 1224.0719630720
64 1047.2315730075
87 921.4297523419
91 419.4127568322
94 370.2081246974
100 350.7802134118
102 245.2964428659
108 234.7992046159
111 162.4578889755
116 69.9306408654
144 48.0271831217
147 32.5793339299
164 30.4914832349
168 19.8346872141
203 13.9493711534
204 13.7768765232
236 6.3879812593
277 5.2996883764
280 4.9309356812
323 4.6674814696
340 4.6524127604
366 4.5443459935
406 4.5417689014
435 4.5354664068
460 4.5228712736
462 4.5155073101
466 4.5075711678
474 4.5034625855
479 4.4879494051
517 4.4871293095
521 4.4614670838
524 4.4607256541
530 4.4416979447
537 4.4227650321
545 4.4175268368
546 4.3715358520
555 4.3467753119
568 4.3284965798
573 4.3231459712
582 4.3224575089
588 4.2748281494
596 4.2218947850
613 4.2017597812
622 4.1824433668
627 4.1722815996
628 4.1703450894
639 4.1340134401
641 4.0993712903
643 4.0984358262
644 4.0557332287
679 4.0326077482
683 4.0218726899
698 4.0035134002
706 3.8937966915
715 3.8930946835
717 3.8498388754
738 3.8251455227
748 3.7731415611
765 3.6626876165
769 3.6355430168
789 3.5789508654
792 3.5398301742
807 3.5166622439
812 3.4940387224
813 3.4420275401
834 3.4194159520
842 3.3186657767
855 3.2316666198
873 3.1855106161
883 3.0540833637
893 2.9717051188
911 2.9424084962
915 2.7712386216
925 2.5294367968
962 2.4950383700
976 2.3520288491
977 2.3493309929
991 2.3210290061
997 2.1123902228
1049 2.0166211694
1057 1.8937308051
1064 1.8735908440
1085 1.7419480470
1175 1.6967810645
1182 1.5993913196
1185 1.5900910912
1194 1.5594683446
1201 1.5315242686
1209 1.4427243323
1225 1.3518831365
1271 1.2760228161
1289 1.2433958890
1308 1.1429851962
1328 1.0925215908
1330 1.0804875409
1333 0.9659416351
1345 0.9550929858
1374 0.9224681677
1377 0.9112876384
1387 0.8080194150
1398 0.7623939379
1429 0.7601971487
1430 0.6899144589
1445 0.6852376947
1461 0.6794072828
1466 0.6468367679
1475 0.6391811386
1505 0.6026853579
1516 0.5988243131
1517 0.5875355355
1527 0.5760662260
1555 0.5730425529
1562 0.5546820204
1569 0.5540051968
1576 0.5341057852
1578 0.5247158232
1583 0.5062879291
1585 0.4907711053
1586 0.4511688326
1597 0.4322880103
1605 0.4187224731
1650 0.3535876010
1665 0.3275672232
1671 0.3120228353
1676 0.2884443954
1681 0.2824945461
1710 0.2763707500
1715 0.2572823948
1721 0.2542188378
1736 0.2530803367
1754 0.2496226183
1756 0.2481658284
1761 0.2217644189
1779 0.2178137672
1787 0.2022418278
1807 0.1948173093
1811 0.1880014342
1818 0.1855493717
1829 0.1719812590
1842 0.1678052684
1847 0.1454084335
1867 0.1370448646
1879 0.1336522130
1887 0.1256503051
1890 0.1056911634
1908 0.1047703697
1912 0.0999197535
1926 0.0904264311
1928 0.0811275221
1938 0.0750416211
1955 0.0744951635
1971 0.0718689312
1978 0.0712634385
1985 0.0687539260
1999 0.0569667751
2005 0.0495028929
2019 0.0429103240
2025 0.0371404313
2042 0.0239777024
2055 0.0217586673
2057 0.0177198624
2102 0.0162147353
2138 0.0156924850
2139 0.0139525697
2149 0.0102172231
2165 0.0099495764
2186 0.0087703689
2202 0.0078542860
2215 0.0017083538
2276 0.0016004195
2288 0.0008457693
2292 0.0006392677
2309 0.0005283889
2334 0.0003519866
2357 0.0003271132
2372 0.0002717738
2388 0.0002609878
2393 0.0001838293
2395 0.0001654291
2396 0.0001486819
2400 0.0000738504
2432 0.0000508380
2443 0.0000335649
2455 0.0000193272
2473 0.0000022511
2528 0.0000021665
2557 0.0000019409
2571 0.0000006726
2588 0.0000006615
2600 0.0000005165
2633 0.0000001859
2647 0.0000000985
2653 0.0000000775
2682 0.0000000369
2721 0.0000000255
2742 0.0000000186
2749 0.0000000179
2750 0.0000000108
2766 0.0000000049
2786 0.0000000045
2787 0.0000000041
2790 0.0000000017
2845 0.0000000015
2864 0.0000000010
2866 0.0000000006
2888 0.0000000005
2892 0.0000000001
2920 0.0000000000
2931 0.0000000000
2933 0.0000000000
2952 0.0000000000
2976 0.0000000000
2980 0.0000000000
2983 0.0000000000
2992 0.0000000000
3038 0.0000000000
3062 0.0000000000
3069 0.0000000000
3073 0.0000000000
3082 0.0000000000
3102 0.0000000000
3105 0.0000000000
3119 0.0000000000
3122 0.0000000000
3139 0.0000000000
3171 0.0000000000
3216 0.0000000000
evaluations raw_y
1 7092.7607726142
7 4477.5063405555
12 4264.5936454851
22 1960.6442958704
30 1335.7524710177
36 744.8282722517
45 494.0358059401
50 322.6735538559
60 233.5383694788
73 104.9089195616
118 18.7309060103
201 14.7422470862
204 7.1272621876
241 6.7988970087
252 6.1841340695
253 4.9174067782
258 4.0024750746
293 3.5148219303
327 3.3597888073
338 3.3516543798
343 3.2555759468
371 3.2048033446
378 3.1177319853
385 3.0578608987
408 2.9668890555
410 2.8308187499
429 2.7813724454
450 2.6921231882
457 2.6339181344
470 2.5453960215
482 2.3355867522
493 2.3347663199
514 2.0916141446
525 1.9567266874
539 1.8455846610
552 1.8287268547
559 1.8084177910
587 1.7741367257
591 1.7068138932
602 1.7062488997
604 1.6797250714
611 1.6635605653
621 1.5997734594
639 1.5877398380
645 1.5695455907
655 1.5447424495
664 1.5061333356
675 1.4966890848
694 1.4468668597
702 1.4458786430
703 1.4275148375
706 1.3717497831
724 1.3593262594
739 1.3568059202
743 1.3513743427
747 1.3370551609
748 1.2962990611
755 1.2834438394
759 1.2782493765
761 1.2627425703
768 1.2566915290
771 1.1856244577
784 1.1059484681
789 1.0543434828
804 0.9909060460
813 0.9167531143
820 0.8916378911
836 0.8842310283
840 0.8836447619
844 0.8261489712
847 0.7814518109
873 0.7751007907
876 0.7626257162
884 0.7335881111
897 0.7130126513
899 0.7015458262
906 0.6548578690
908 0.6465851692
933 0.6361907093
935 0.6126455577
956 0.6076302653
961 0.5753448197
970 0.5536633655
983 0.5328597871
1010 0.5176871846
1015 0.5151190582
1028 0.4962435830
1056 0.4345084120
1067 0.4314248812
1078 0.4258695116
1081 0.3755494349
1082 0.3464787163
1155 0.3056429848
1211 0.3009134702
1216 0.2926271017
1219 0.2734077496
1231 0.2697127636
1232 0.2413079527
1234 0.2346499332
1239 0.2299307330
1244 0.2181869263
1253 0.2086783377
1258 0.2060527753
1267 0.1760448602
1301 0.1744042909
1308 0.1554182572
1322 0.1340958244
1324 0.1285549907
1327 0.1168471083
1349 0.1082437758
1368 0.0945296400
1369 0.0875847569
1373 0.0851644150
1377 0.0800605765
1410 0.0714196313
1427 0.0656845720
1433 0.0587565923
1446 0.0546476702
1460 0.0521871730
1484 0.0485513561
1489 0.0480635287
1490 0.0451203577
1500 0.0417963069
1503 0.0414208918
1504 0.0413239688
1505 0.0307761574
1532 0.0303974806
1534 0.0197833413
1540 0.0189699246
1563 0.0161641455
1582 0.0156425598
1591 0.0085630149
1610 0.0076188687
1620 0.0051916197
1636 0.0051778666
1637 0.0038265612
1639 0.0029601382
1643 0.0011146197
1666 0.0010887206
1674 0.0007196933
1686 0.0004646862
1695 0.0003789931
1706 0.0003596381
1725 0.0002717064
1730 0.0002148915
1752 0.0001976020
1758 0.0001805897
1765 0.0001716984
1770 0.0001250299
1775 0.0000305465
1815 0.0000287291
1822 0.0000153865
1826 0.0000125121
1861 0.0000053051
1874 0.0000035656
1887 0.0000033221
1889 0.0000027982
1894 0.0000019984
1929 0.0000005126
1962 0.0000003841
1972 0.0000000812
2018 0.0000000666
2038 0.0000000659
2041 0.0000000541
2051 0.0000000075
2063 0.0000000029
2137 0.0000000015
2148 0.0000000013
2162 0.0000000012
2166 0.0000000005
2201 0.0000000004
2204 0.0000000004
2206 0.0000000004
2211 0.0000000003
2215 0.0000000002
2217 0.0000000002
2242 0.0000000001
2259 0.0000000000
2289 0.0000000000
2292 0.0000000000
2308 0.0000000000
2315 0.0000000000
2327 0.0000000000
2329 0.0000000000
2350 0.0000000000
2368 0.0000000000
2402 0.0000000000
2405 0.0000000000
2420 0.0000000000
2452 0.0000000000
2466 0.0000000000
2467 0.0000000000
2474 0.0000000000
2475 0.0000000000
2484 0.0000000000
2488 0.0000000000
2519 0.0000000000
2527 0.0000000000
2576 0.0000000000
evaluations raw_y
1 38058.9570197911
4 6273.2751789758
14 3686.6524279774
21 797.6625037474
47 579.9507706009
50 426.8238976475
58 362.3365361444
78 110.0970038473
105 41.0768638102
139 31.3689770894
153 6.6381738400
268 3.3610570730
299 2.5225207424
314 1.9805210242
388 1.7979455647
417 1.7114650210
429 1.6308729090
433 1.5340548701
481 1.5138315846
487 1.4800204202
494 1.4748241148
495 1.4661893938
503 1.4467631206
505 1.4376022239
506 1.3952767753
517 1.3783757488
530 1.3433064110
537 1.3166163025
540 1.2997424925
549 1.2804125439
558 1.2614954066
559 1.1872764435
581 1.1723697212
602 1.1606439586
604 1.0887608123
611 0.9982892016
618 0.9497692074
625 0.9072499705
640 0.8039990092
651 0.7880918897
684 0.7046307753
717 0.6906447131
727 0.6809644927
733 0.6793301344
734 0.6761236832
739 0.6674791697
740 0.6642729151
747 0.5795334672
770 0.5758850411
774 0.5741217257
778 0.5593554591
795 0.5518862684
803 0.5206306995
838 0.5170235993
841 0.4865403289
847 0.4794448461
854 0.4587042777
857 0.4513681932
869 0.4279898403
877 0.4271115097
888 0.4145109907
891 0.3982456960
901 0.3939415646
906 0.3831038205
912 0.3698496112
919 0.3604287132
929 0.3375265503
941 0.3268477205
946 0.3067739866
970 0.3059019492
972 0.3002944910
974 0.2947151573
980 0.2629286106
991 0.2472064818
1017 0.2163612351
1027 0.2077889003
1031 0.1986815898
1035 0.1884598900
1040 0.1806233356
1117 0.1774371302
1125 0.1744708965
1142 0.1718636099
1148 0.1680608853
1154 0.1676498747
1160 0.1669742008
1162 0.1635529069
1174 0.1632564328
1175 0.1568249039
1179 0.1560006865
1185 0.1545232962
1187 0.1455234512
1193 0.1437937601
1199 0.1437552012
1201 0.1245940791
1211 0.1116973655
1219 0.0965116962
1263 0.0937853922
1269 0.0841330108
1273 0.0820531828
1279 0.0775633470
1285 0.0651995376
1292 0.0591664752
1293 0.0452315136
1346 0.0334530703
1354 0.0305226316
1361 0.0275891694
1368 0.0244424916
1377 0.0181147109
1424 0.0170668763
1440 0.0143008803
1441 0.0132937781
1450 0.0057522382
1464 0.0051139871
1486 0.0038466075
1491 0.0024477678
1492 0.0021016677
1506 0.0011415261
1548 0.0011095724
1557 0.0010651175
1566 0.0003034819
1625 0.0001811114
1631 0.0001747932
1634 0.0001338311
1639 0.0000801162
1692 0.0000664600
1705 0.0000291009
1726 0.0000255684
1777 0.0000221054
1788 0.0000212732
1799 0.0000191615
1812 0.0000163294
1822 0.0000068459
1823 0.0000067989
1827 0.0000052208
1833 0.0000045255
1836 0.0000020329
1848 0.0000002989
1887 0.0000002764
1926 0.0000001853
1935 0.0000001570
1949 0.0000001468
1955 0.0000000395
1992 0.0000000295
1996 0.0000000232
1999 0.0000000052
2042 0.0000000042
2048 0.0000000041
2050 0.0000000015
2062 0.0000000013
2075 0.0000000001
2153 0.0000000001
2154 0.0000000001
2167 0.0000000000
2172 0.0000000000
2193 0.0000000000
2250 0.0000000000
2256 0.0000000000
2312 0.0000000000
2343 0.0000000000
2347 0.0000000000
2353 0.0000000000
2370 0.0000000000
2398 0.0000000000
2401 0.0000000000
2402 0.0000000000
2421 0.0000000000
2504 0.0000000000
evaluations raw_y
1 137933.1984955030
4 119377.7051885081
5 97505.7684322555
6 3346.3099798056
17 2838.9646554549
22 859.0532349486
46 504.5704153134
50 379.8660673387
68 275.3920503753
77 119.3998948343
85 42.3904136438
115 38.0982926479
128 11.5429724329
174 11.5194145176
175 10.8062288632
177 8.8441540901
185 7.5312733968
187 6.1394480313
199 5.0323939812
233 4.6618952245
266 4.6372631968
270 4.5588619386
277 4.4247523131
283 4.3446112701
287 4.2426529400
305 4.0081413408
360 3.8323396185
362 3.7959263793
388 3.7907490886
390 3.7160698330
403 3.6389112446
410 3.6198309229
413 3.5273434732
423 3.4512853776
433 3.2762439595
461 3.0883255745
469 2.9926082206
531 2.9785920096
533 2.9362477693
544 2.8138073874
568 2.8080908462
582 2.7004389490
586 2.6576886566
606 2.6188395534
618 2.5982230035
633 2.5538015386
642 2.5502532236
644 2.4616445012
652 2.4335292161
661 2.3445150260
686 2.2630766876
696 2.1798598314
702 2.1777747103
705 2.0824438001
724 1.9219340224
733 1.9193536203
745 1.7980668561
752 1.7473012767
753 1.7171944594
765 1.6764663328
779 1.6315094493
817 1.6086708322
827 1.5462881859
843 1.5417633752
844 1.4834841453
853 1.4588343853
857 1.4563358243
860 1.4458932532
865 1.4404574060
872 1.4017860825
873 1.3593126433
891 1.3462464388
894 1.2590654253
907 1.2207481751
928 1.2105206614
934 1.2018207582
937 1.1997565256
949 1.1969308876
960 1.1543353777
978 1.0972548373
988 1.0960508704
989 1.0563912454
995 1.0475250256
1001 1.0082478629
1033 0.9969171284
1036 0.9939551772
1037 0.9182489735
1045 0.9115479917
1057 0.8236891332
1065 0.7694539300
1075 0.7588885303
1077 0.7285132716
1083 0.6613651945
1084 0.6223283143
1169 0.5977675363
1177 0.5954481453
1187 0.5754537191
1196 0.5735816534
1199 0.5238597003
1216 0.5181096420
1238 0.4927582470
1254 0.4732455712
1260 0.4704687133
1265 0.4493584229
1267 0.4418430049
1273 0.4333166925
1274 0.4304444083
1281 0.4023162430
1315 0.3932238406
1319 0.3896640674
1324 0.3833360139
1326 0.3598860262
1356 0.3569140392
1372 0.3548963033
1374 0.3471345114
1377 0.3457233866
1381 0.3390105237
1387 0.3283225989
1393 0.3281111769
1394 0.3268185937
1403 0.3168726539
1413 0.3071560284
1417 0.3017521672
1419 0.2999357893
1428 0.2909734632
1435 0.2897076178
1446 0.2872760714
1450 0.2644701769
1455 0.2537219920
1458 0.2354031385
1462 0.2291438321
1467 0.2241699349
1486 0.2011564511
1496 0.1767927834
1508 0.1652118985
1545 0.1583411391
1554 0.1383030186
1568 0.1322945208
1576 0.1168563749
1597 0.1136950025
1600 0.1065368893
1604 0.1021079669
1605 0.1006236284
1606 0.0918702963
1612 0.0883202467
1616 0.0834755347
1662 0.0717771878
1667 0.0712269053
1688 0.0704426778
1692 0.0674590388
1700 0.0651827014
1719 0.0636173908
1722 0.0618185343
1728 0.0605263984
1730 0.0597198106
1741 0.0589006537
1743 0.0541348292
1749 0.0533422363
1755 0.0498231763
1761 0.0495220875
1762 0.0392694235
1791 0.0349727727
1817 0.0176722996
1837 0.0150138927
1856 0.0111711220
1859 0.0032483407
1959 0.0015011115
1979 0.0011495152
1982 0.0009520861
1993 0.0004309421
2090 0.0003953038
2095 0.0001745157
2120 0.0000913019
2143 0.0000897613
2167 0.0000447176
2228 0.0000181399
2233 0.0000172211
2239 0.0000142401
2250 0.0000028887
2338 0.0000021519
2350 0.0000011869
2368 0.0000010759
2374 0.0000004855
2400 0.0000002896
2410 0.0000002465
2422 0.0000002156
2441 0.0000001893
2474 0.0000001720
2481 0.0000001354
2483 0.0000001020
2488 0.0000000771
2522 0.0000000751
2531 0.0000000324
2539 0.0000000318
2541 0.0000000125
2585 0.0000000123
2593 0.0000000057
2597 0.0000000048
2601 0.0000000011
2642 0.0000000008
2690 0.0000000006
2691 0.0000000006
2703 0.0000000005
2709 0.0000000003
2713 0.0000000002
2727 0.0000000000
2733 0.0000000000
2747 0.0000000000
2812 0.0000000000
2823 0.0000000000
2842 0.0000000000
2844 0.0000000000
2867 0.0000000000
2873 0.0000000000
2881 0.0000000000
2895 0.0000000000
2928 0.0000000000
2932 0.0000000000
2935 0.0000000000
2953 0.0000000000
2979 0.0000000000
3015 0.0000000000
3028 0.0000000000
3080 0.0000000000
3096 0.0000000000
evaluations raw_y
1 74685.8274156351
2 69484.7671000759
3 57438.6668678645
4 5986.9412867441
6 2748.3541622372
21 2386.3131190038
22 2126.4943061834
24 1644.1366268798
41 784.4070917564
56 628.3818919669
77 523.5198981083
87 112.2566382420
96 35.1669618793
132 31.9680195212
133 23.7904286110
184 13.0426578733
188 10.5777452671
194 7.6700986946
239 7.1784721949
244 6.2033942518
266 4.6152405776
276 4.0644420433
292 3.8253542319
307 3.7613902794
317 3.7514312842
320 3.7295685541
325 3.5933143962
334 3.5431587604
335 3.3589682169
390 3.3458304496
391 3.3322536480
393 3.2843364168
405 3.2831696393
407 3.2534133899
413 3.2435515902
421 3.2242022480
428 3.1709317094
435 3.1566355034
436 3.1418585780
437 3.1411051998
446 3.1313340424
466 3.1140287015
467 3.0561267813
471 3.0474159118
475 2.9600917042
515 2.9470213957
523 2.9404045204
527 2.9385351665
535 2.8212102191
547 2.7600345732
560 2.7399189698
561 2.4928646360
578 2.4744603909
586 2.3970951237
596 2.3494113565
605 2.3489494226
607 2.1321073812
626 2.0007079570
633 1.8661660792
681 1.8063770624
691 1.7206827601
703 1.7085385705
723 1.6727881739
756 1.5926628058
763 1.5860779096
766 1.5525799731
771 1.5490394664
776 1.5351728361
781 1.4944981927
793 1.4114755064
797 1.4075087092
802 1.3685530929
821 1.3360303950
825 1.2834843946
833 1.2496063487
836 1.1529432999
840 1.1002644711
859 1.0962684609
867 1.0866310028
872 1.0568393252
912 1.0545986589
917 1.0403506832
922 1.0209001122
932 0.9924222404
941 0.9597277858
963 0.9273196441
974 0.9180877772
980 0.9061359135
982 0.8965517036
989 0.8942768945
990 0.8717618956
1002 0.8189937668
1014 0.8142577215
1018 0.7135058550
1026 0.7124052736
1034 0.6852063952
1046 0.6818014287
1069 0.6323594712
1097 0.6314206520
1098 0.5760383448
1107 0.5640165902
1118 0.5556795905
1135 0.5534795429
1137 0.5512857611
1138 0.5377570413
1145 0.5275051660
1147 0.5205304879
1156 0.5079605610
1161 0.5055122094
1170 0.5038831630
1173 0.4872722497
1178 0.4597140517
1197 0.4589271653
1198 0.4561445916
1202 0.4379242980
1203 0.4249659725
1209 0.4194094818
1216 0.3914358437
1232 0.3825938752
1237 0.3769752051
1245 0.3553933711
1251 0.3506608528
1259 0.3215758036
1261 0.3187892266
1272 0.2798445970
1283 0.2475398642
1293 0.2437208371
1298 0.2398940506
1313 0.2220764635
1319 0.1855239174
1332 0.1826464725
1340 0.1312478631
1389 0.1044863298
1398 0.0743449257
1444 0.0419292450
1458 0.0308219883
1549 0.0244970759
1556 0.0213444630
1567 0.0103402070
1631 0.0097401632
1640 0.0073573862
1651 0.0039515718
1655 0.0026318431
1672 0.0008701999
1711 0.0007686897
1713 0.0007118334
1722 0.0003307831
1749 0.0000570375
1776 0.0000410160
1799 0.0000396556
1816 0.0000215512
1843 0.0000170412
1849 0.0000110852
1861 0.0000086805
1872 0.0000073739
1885 0.0000067759
1890 0.0000053526
1900 0.0000030185
1905 0.0000027356
1912 0.0000024595
1926 0.0000022228
1931 0.0000021039
1939 0.0000018363
1940 0.0000016602
1947 0.0000010116
1950 0.0000009729
1954 0.0000008566
1962 0.0000008439
1963 0.0000005751
1970 0.0000003668
1983 0.0000001923
2004 0.0000000978
2012 0.0000000742
2016 0.0000000732
2022 0.0000000485
2039 0.0000000144
2065 0.0000000111
2074 0.0000000101
2083 0.0000000079
2096 0.0000000061
2097 0.0000000018
2121 0.0000000016
2123 0.0000000010
2140 0.0000000007
2148 0.0000000004
2154 0.0000000002
2174 0.0000000002
2187 0.0000000001
2206 0.0000000001
2212 0.0000000000
2241 0.0000000000
2266 0.0000000000
2271 0.0000000000
2276 0.0000000000
2290 0.0000000000
2323 0.0000000000
2347 0.0000000000
2354 0.0000000000
2356 0.0000000000
2378 0.0000000000
2386 0.0000000000
2403 0.0000000000
2407 0.0000000000
2444 0.0000000000
2461 0.0000000000
2512 0.0000000000
evaluations raw_y
1 90252.4411098454
2 36094.2752022703
4 13333.9898600995
9 7790.6228248981
11 2264.2452702143
25 849.4802327583
33 757.1601684108
41 250.3019621773
62 52.1368525465
119 19.9220032966
181 16.9788618802
182 8.5374526044
186 7.8135246096
210 5.6978899314
236 5.3140887118
245 4.9734202999
271 4.8101886350
305 3.9365739573
316 3.9055307111
436 3.5428355884
459 3.2769715491
508 3.2105084784
512 3.1701750760
522 3.1651351582
523 3.0483564424
532 3.0140790060
536 2.7703444485
537 2.5989239444
584 2.5948971937
587 2.4630020794
597 2.3799039477
606 2.3729867543
609 2.3449412231
614 2.2381492687
615 2.2258382673
617 2.2220985491
631 2.1861702737
634 2.1723956078
650 2.0462900102
668 1.9923207896
671 1.8637180150
705 1.8022238224
753 1.7769291480
761 1.7310138781
772 1.7224948497
774 1.7037873308
777 1.6937023692
788 1.6142019670
791 1.5919216720
808 1.5907255637
810 1.5798236627
830 1.5064190489
846 1.5006190124
860 1.4143810020
888 1.3362909667
889 1.3362559397
898 1.2762024966
911 1.2334336657
913 1.1694338476
922 1.1122733438
954 0.9998454138
974 0.9358514865
986 0.8905043652
996 0.8477398675
997 0.8356263742
999 0.8023656081
1003 0.7532481621
1021 0.7381748984
1027 0.7317895610
1035 0.6534406517
1051 0.5887758076
1081 0.5218719135
1097 0.4937130408
1143 0.4700177486
1146 0.4432547621
1165 0.4404332485
1170 0.4350524749
1178 0.4158452747
1186 0.3852098958
1198 0.3597308574
1203 0.3362131712
1228 0.3361644594
1230 0.3246585257
1258 0.3138534976
1259 0.2757428965
1265 0.2632633310
1287 0.2386350600
1304 0.2208351628
1325 0.2181326825
1329 0.2136972925
1332 0.2077520579
1335 0.2052345184
1343 0.1991590782
1346 0.1889592921
1358 0.1752059808
1369 0.1699099631
1377 0.1419226450
1398 0.1224053590
1410 0.1076721076
1419 0.1057342685
1427 0.0918230220
1449 0.0796017372
1462 0.0780588318
1465 0.0657722826
1470 0.0612363170
1478 0.0408272710
1515 0.0210618809
1570 0.0208324017
1584 0.0147309414
1590 0.0139231869
1616 0.0118137004
1631 0.0102342118
1640 0.0096383314
1656 0.0077365123
1658 0.0067977522
1671 0.0055211478
1686 0.0040197418
1695 0.0039540917
1701 0.0027246661
1706 0.0025428843
1732 0.0022684644
1735 0.0022489159
1746 0.0015328495
1753 0.0013140061
1761 0.0012161156
1776 0.0008971587
1778 0.0005966168
1787 0.0004961308
1817 0.0003403803
1838 0.0001521967
1844 0.0000981544
1868 0.0000969076
1873 0.0000671384
1879 0.0000471831
1932 0.0000360302
1939 0.0000168493
1960 0.0000152164
1978 0.0000079067
2016 0.0000059880
2021 0.0000051138
2036 0.0000021479
2059 0.0000017040
2078 0.0000010866
2085 0.0000005586
2096 0.0000002042
2146 0.0000000973
2149 0.0000000268
2260 0.0000000187
2273 0.0000000180
2286 0.0000000099
2303 0.0000000046
2325 0.0000000035
2333 0.0000000007
2382 0.0000000004
2411 0.0000000002
2414 0.0000000002
2445 0.0000000001
2483 0.0000000001
2485 0.0000000001
2496 0.0000000000
2507 0.0000000000
2525 0.0000000000
2532 0.0000000000
2548 0.0000000000
2560 0.0000000000
2572 0.0000000000
2578 0.0000000000
2579 0.0000000000
2581 0.0000000000
2583 0.0000000000
2628 0.0000000000
2645 0.0000000000
2655 0.0000000000
2676 0.0000000000
2691 0.0000000000
2711 0.0000000000
2737 0.0000000000
2752 0.0000000000
evaluations raw_y
1 42250.7674104866
3 13712.9178276582
4 1952.9824538250
19 592.1277168849
33 503.0841571656
35 397.4666613982
65 294.3685561894
77 149.8213538187
160 111.5955666070
169 100.1429942416
178 89.3511997283
179 57.3676633100
180 47.2197958404
210 24.7520139248
226 6.6879167453
289 6.2824378190
299 3.5649644007
337 2.9641217452
364 2.9597506923
371 2.8931723917
376 2.7365546248
377 2.6080644707
409 2.5058101265
410 2.3409951691
426 2.2319816613
456 2.0890775047
460 1.7138997608
537 1.6579099053
548 1.6261346590
561 1.6053441932
571 1.5669730277
589 1.5402469051
591 1.4899684944
604 1.3879388956
609 1.2821325853
646 1.2523538953
658 1.0200435293
708 0.9696161743
745 0.9548953337
753 0.9436954486
754 0.9100445952
772 0.8890611309
779 0.8717448033
783 0.7809708621
795 0.7722609555
799 0.7565200975
803 0.6951685368
812 0.6562957871
870 0.6004381513
880 0.5890961896
881 0.5591455187
896 0.5401013263
908 0.5036494181
917 0.4584200190
925 0.4210063233
971 0.4155629500
992 0.4094800045
995 0.3775048459
1003 0.3737503663
1012 0.3700453689
1026 0.3605845064
1039 0.3492319863
1040 0.3476866571
1041 0.3267906456
1042 0.3213887721
1050 0.3039061011
1057 0.2747355986
1069 0.2728978940
1098 0.2539310442
1128 0.2528575452
1129 0.2484880583
1131 0.2373343461
1139 0.2172330340
1146 0.1908171728
1162 0.1873017658
1164 0.1869770128
1166 0.1831928855
1170 0.1770663493
1172 0.1715784144
1184 0.1602745275
1187 0.1328968524
1200 0.1308265768
1209 0.1221385039
1214 0.1038091640
1221 0.0796143923
1227 0.0774213631
1236 0.0764547542
1244 0.0683598788
1258 0.0381756296
1273 0.0163985910
1403 0.0123469272
1459 0.0118950683
1462 0.0107880456
1477 0.0105416012
1485 0.0104471213
1513 0.0097253161
1522 0.0095300988
1526 0.0093025034
1528 0.0082195694
1533 0.0072533448
1542 0.0069335856
1552 0.0058795706
1556 0.0057287957
1567 0.0052393940
1571 0.0051096937
1582 0.0049527538
1583 0.0046227927
1588 0.0032463045
1607 0.0028219355
1616 0.0012973883
1626 0.0009602551
1638 0.0008888799
1655 0.0004020847
1675 0.0003856022
1678 0.0003236172
1681 0.0002395936
1683 0.0002217248
1690 0.0001562815
1719 0.0001098739
1722 0.0000917876
1727 0.0000816025
1736 0.0000600991
1748 0.0000411272
1760 0.0000342881
1762 0.0000301679
1770 0.0000268542
1773 0.0000186157
1784 0.0000146134
1800 0.0000088813
1806 0.0000058278
1839 0.0000055316
1862 0.0000048565
1864 0.0000041307
1873 0.0000036568
1874 0.0000028275
1879 0.0000026494
1891 0.0000022611
1905 0.0000014194
1910 0.0000004537
1946 0.0000002135
1966 0.0000001883
1971 0.0000000528
2021 0.0000000250
2065 0.0000000183
2083 0.0000000169
2084 0.0000000097
2090 0.0000000082
2095 0.0000000013
2176 0.0000000005
2225 0.0000000002
2277 0.0000000001
2283 0.0000000000
2315 0.0000000000
2339 0.0000000000
2343 0.0000000000
2368 0.0000000000
2370 0.0000000000
2424 0.0000000000
2429 0.0000000000
2434 0.0000000000
2442 0.0000000000
2449 0.0000000000
2483 0.0000000000
2495 0.0000000000
2528 0.0000000000
evaluations raw_y
1 115634.9105052612
2 48143.8467515749
10 29112.5159814683
16 28191.0338397498
17 21969.7314797337
20 10077.0974876539
26 1388.2885405765
29 497.1864741905
73 329.0571207138
87 295.0902846542
88 255.4289848848
107 190.3708579637
110 121.2800897245
129 61.2453724336
130 10.2907615582
169 9.9366482878
182 6.1418923495
218 6.1046197967
242 5.4626737263
258 4.7204521118
297 4.6706674720
323 4.6406992155
357 4.6279440188
374 4.6194291916
380 4.6123752260
386 4.5900644508
396 4.5810785883
405 4.5807186877
418 4.5806571260
425 4.5658595326
484 4.5643221841
491 4.5584940846
495 4.5565763845
498 4.5429662404
506 4.5414208669
510 4.5330231394
514 4.5287704714
519 4.5211109849
522 4.4740644932
532 4.4479344569
538 4.3733707932
550 4.3140416269
575 4.2828886912
580 4.2549509398
584 4.2354269870
586 4.1606609437
596 4.1477059364
598 3.9707333968
626 3.9622373991
636 3.8860817989
641 3.8577100643
650 3.8500767235
663 3.8116655657
676 3.8074729226
680 3.7245652253
696 3.7091916473
699 3.6925716878
705 3.6059422165
736 3.5474438798
738 3.5442139440
782 3.4521813720
791 3.4413669123
802 3.4289242175
805 3.3161919465
820 3.2126258562
821 3.1107609343
834 2.9864314738
892 2.9344755661
896 2.8257565962
897 2.8076900289
908 2.7858072821
920 2.7555306408
921 2.6979633739
931 2.6315304958
949 2.5878411090
951 2.4743911532
954 2.4459922988
981 2.4367460115
985 2.4098443132
986 2.4095068943
995 2.3820273702
998 2.3612128652
1001 2.3272380368
1003 2.3169683947
1012 2.2276810624
1028 2.2276310372
1031 2.2009750623
1034 2.1790401651
1043 2.1515365780
1047 2.1083950228
1056 2.0866458658
1069 2.0699177143
1076 2.0241036370
1096 1.9459419722
1105 1.9214589485
1112 1.8613189121
1117 1.8582147788
1123 1.8475128743
1133 1.7925282541
1140 1.7745138506
1144 1.7602002404
1151 1.7491358989
1153 1.5938916468
1176 1.5801975874
1196 1.5715214340
1203 1.4803594430
1218 1.4662217274
1223 1.4469717904
1227 1.4075341796
1235 1.3798475377
1242 1.3515674204
1257 1.3130205895
1275 1.2830497469
1281 1.2463433885
1296 1.1454144059
1307 1.1450832455
1310 1.0568456432
1313 1.0513941970
1343 0.9812390539
1358 0.9271431848
1369 0.8847897086
1411 0.8412130539
1417 0.8394394611
1419 0.8114248860
1441 0.7816550930
1442 0.7700596013
1447 0.7607168686
1455 0.7514160271
1470 0.7330406910
1489 0.7086914149
1500 0.6777284037
1508 0.6754715372
1512 0.6715323131
1513 0.6507120244
1529 0.6358849969
1530 0.6074897804
1540 0.6018036554
1543 0.5653706730
1563 0.5603385556
1575 0.5227127986
1578 0.4880629127
1602 0.4757381883
1627 0.4681126796
1629 0.4633846128
1640 0.4133151760
1669 0.4066064321
1678 0.4059565632
1681 0.4026747202
1683 0.3742950835
1689 0.3717231962
1697 0.3454035864
1707 0.3360302241
1709 0.3210146389
1727 0.3120949019
1730 0.2870943461
1739 0.2544983089
1752 0.2525986758
1754 0.2280658996
1784 0.1894373190
1807 0.1739563348
1812 0.1659155272
1819 0.1588718594
1828 0.1533877472
1831 0.1410710752
1842 0.1147582546
1848 0.1118540046
1880 0.0976096020
1897 0.0907165403
1923 0.0845297156
1929 0.0807850990
1932 0.0770480475
1951 0.0666986151
1952 0.0587275958
1967 0.0580310801
1971 0.0573728498
1979 0.0501900421
1986 0.0367457987
2020 0.0237851905
2061 0.0213663128
2068 0.0165919187
2072 0.0133955903
2075 0.0125571608
2080 0.0111012506
2083 0.0069374980
2093 0.0063286071
2123 0.0046141056
2134 0.0020523591
2177 0.0019741023
2192 0.0012535316
2263 0.0010253071
2279 0.0006715128
2288 0.0004930380
2299 0.0002910019
2319 0.0002228786
2349 0.0002101416
2357 0.0002057427
2364 0.0001164598
2365 0.0000708686
2370 0.0000618899
2388 0.0000589378
2408 0.0000526212
2419 0.0000412240
2436 0.0000305832
2450 0.0000165600
2453 0.0000165429
2457 0.0000161420
2458 0.0000137326
2464 0.0000097055
2467 0.0000087475
2468 0.0000015902
2474 0.0000015603
2515 0.0000012697
2517 0.0000001647
2570 0.0000001347
2576 0.0000001345
2578 0.0000000913
2592 0.0000000889
2597 0.0000000732
2605 0.0000000295
2661 0.0000000126
2691 0.0000000101
2697 0.0000000069
2730 0.0000000066
2732 0.0000000032
2773 0.0000000021
2777 0.0000000012
2790 0.0000000008
2791 0.0000000008
2825 0.0000000007
2826 0.0000000006
2844 0.0000000001
2918 0.0000000001
2924 0.0000000001
2936 0.0000000000
2966 0.0000000000
2970 0.0000000000
2990 0.0000000000
2996 0.0000000000
3011 0.0000000000
3038 0.0000000000
3040 0.0000000000
3043 0.0000000000
3044 0.0000000000
3065 0.0000000000
3073 0.0000000000
3082 0.0000000000
3083 0.0000000000
3118 0.0000000000
3133 0.0000000000
3154 0.0000000000
3186 0.0000000000
3224 0.0000000000
evaluations raw_y
1 44111.2307714990
2 13622.6794316281
12 8244.7174977948
23 2009.7348857011
29 1488.4115347086
72 1272.0293097409
74 898.1363947679
116 722.2401941525
125 490.8311134154
137 213.0290636223
159 70.0388025095
192 21.4758417439
206 18.5984178704
219 13.9018692448
235 9.8130218927
277 4.0307880472
362 3.6586588838
367 2.9800308997
379 2.9430146705
391 2.8705365429
406 2.4825728999
425 2.4384862918
439 2.3906841413
460 2.2574754412
467 2.2365053912
469 2.2287385008
472 2.1266285468
480 2.0264769151
516 2.0134441447
522 1.9780640813
530 1.9223758950
531 1.8570287863
544 1.8248016528
564 1.7513046458
572 1.6483913264
585 1.6058800563
587 1.5666199715
610 1.5220321311
617 1.4324773838
664 1.4313407379
670 1.4100804129
673 1.3520000702
680 1.3317779964
685 1.3266077514
688 1.2956424127
689 1.2219378312
699 1.1313135733
710 1.0290921769
721 0.9953438627
723 0.9870556175
739 0.9846093749
750 0.9145853104
760 0.7902478080
793 0.7300008065
796 0.6090663853
803 0.6083497981
806 0.5569378029
824 0.5557735085
843 0.5366660603
854 0.4866210692
857 0.4803702461
864 0.4436477665
891 0.3475140430
902 0.2862002097
923 0.2313041656
924 0.2100053034
963 0.2027095261
978 0.2017353965
1003 0.1885961664
1009 0.1878970209
1013 0.1680414608
1015 0.1581093129
1017 0.1526714101
1047 0.1476725088
1053 0.1456351833
1066 0.1316084814
1084 0.1253857950
1086 0.1204611626
1101 0.1124542433
1108 0.1121397767
1119 0.1120868505
1137 0.1049991038
1151 0.1034688830
1167 0.1029315063
1168 0.1027076193
1173 0.0964249932
1180 0.0928711028
1186 0.0847523184
1200 0.0821737820
1203 0.0800655199
1216 0.0756251023
1226 0.0736163194
1227 0.0686319178
1230 0.0621997653
1241 0.0561327324
1252 0.0493985165
1266 0.0312917778
1290 0.0294060205
1295 0.0222166847
1318 0.0161176486
1321 0.0132237197
1356 0.0042081371
1401 0.0036199233
1423 0.0034234071
1425 0.0021811705
1447 0.0016489562
1466 0.0012164362
1469 0.0009682737
1477 0.0009573445
1487 0.0006144881
1491 0.0006105449
1501 0.0003725097
1514 0.0001114268
1580 0.0000588816
1591 0.0000334204
1596 0.0000267255
1619 0.0000169443
1645 0.0000132574
1647 0.0000116359
1656 0.0000093047
1658 0.0000091172
1666 0.0000080952
1667 0.0000036218
1681 0.0000028311
1686 0.0000018995
1690 0.0000013870
1710 0.0000010633
1712 0.0000009612
1715 0.0000000888
1802 0.0000000697
1806 0.0000000423
1827 0.0000000365
1828 0.0000000230
1833 0.0000000205
1842 0.0000000094
1857 0.0000000092
1861 0.0000000075
1873 0.0000000048
1879 0.0000000039
1895 0.0000000025
1897 0.0000000019
1907 0.0000000011
1922 0.0000000007
1937 0.0000000006
1963 0.0000000002
1967 0.0000000001
1975 0.0000000001
2036 0.0000000000
2047 0.0000000000
2107 0.0000000000
2135 0.0000000000
2162 0.0000000000
2169 0.0000000000
2183 0.0000000000
2189 0.0000000000
2194 0.0000000000
2205 0.0000000000
2218 0.0000000000
2234 0.0000000000
2245 0.0000000000
2256 0.0000000000
2277 0.0000000000
2292 0.0000000000
2329 0.0000000000
2339 0.0000000000
2360 0.0000000000
evaluations raw_y
1 109570.3596191702
2 33680.2264261255
3 31592.7419090817
5 14639.0670501522
13 9243.0452829195
27 4057.8743221376
34 2055.3729426924
52 993.6826154091
59 578.1681954371
85 480.8532340140
89 286.4430989190
107 108.2185048213
141 52.5986209439
171 50.3380711902
182 39.8015139040
197 21.2368914507
262 18.0934024327
273 15.1815257372
282 13.9282404038
287 10.9050717455
290 9.6830288406
298 7.8694988152
299 5.0552790312
316 4.0823508323
324 4.0636293433
411 4.0601083204
414 4.0433848662
416 3.8404832281
429 3.7303776049
432 3.6437334335
455 3.5974934871
457 3.5798907275
474 3.5553301694
480 3.4694506489
481 3.4387956673
493 3.4167395265
495 3.4088482989
503 3.3807293593
508 3.2779851386
516 3.2093662055
521 3.2015087257
524 3.2002547023
525 3.1272252871
529 2.8811086984
571 2.6935221130
583 2.4549372331
609 2.4161688178
616 2.3187964486
642 2.3004103380
654 2.2511180264
664 2.2207198518
666 2.0976363402
675 2.0566139505
681 1.9635809402
687 1.9575666265
708 1.8498345700
743 1.8133195117
748 1.8024096602
762 1.6996662308
790 1.6667414559
798 1.6478170513
801 1.6082243855
806 1.5774157564
818 1.4945431725
870 1.4356148322
873 1.4112076644
880 1.3928043618
884 1.3857191023
890 1.3588632773
892 1.3416647869
908 1.3212615645
914 1.2838868264
922 1.2813257122
926 1.2452280905
929 1.2391897398
933 1.1640073149
942 1.1033234060
947 1.0332746556
956 0.9844096405
971 0.8972975506
974 0.8403937381
993 0.7902845640
1025 0.7737116481
1037 0.7650596118
1047 0.7505699881
1054 0.7460574781
1068 0.7098089593
1089 0.6925109336
1092 0.6844438632
1093 0.6782420520
1100 0.6706608999
1111 0.6462175246
1112 0.6187171708
1120 0.5902596243
1146 0.5301051261
1169 0.5250865074
1180 0.5217094266
1192 0.5044226521
1207 0.4981227171
1213 0.4966245010
1216 0.4958025412
1220 0.4873560757
1223 0.4781972422
1225 0.4752338859
1232 0.4719379347
1235 0.4664446448
1242 0.4617555674
1246 0.4571441628
1257 0.4510519920
1261 0.4491776375
1263 0.4480007978
1265 0.4333075406
1283 0.4249219193
1284 0.4194618386
1294 0.3866320509
1313 0.3617176995
1314 0.3359827897
1321 0.3052457068
1342 0.2976945107
1354 0.2843416858
1371 0.2571242913
1377 0.2154376979
1420 0.1829478507
1424 0.1555806101
1437 0.1550577385
1451 0.1546134960
1456 0.1485461811
1461 0.1401934384
1473 0.1283452015
1486 0.1237609113
1492 0.1235329935
1501 0.1183963354
1504 0.1045479719
1513 0.0827596085
1529 0.0821893382
1545 0.0729978242
1555 0.0728648464
1562 0.0674731496
1563 0.0664159560
1569 0.0520679663
1586 0.0467812728
1633 0.0461876787
1645 0.0428818292
1664 0.0394906450
1665 0.0315985658
1681 0.0302932829
1700 0.0290266782
1715 0.0210155854
1731 0.0182712506
1754 0.0155726867
1763 0.0154755702
1766 0.0144293384
1769 0.0117151572
1786 0.0093961626
1803 0.0070746166
1811 0.0028609837
1829 0.0024268070
1849 0.0017766521
1873 0.0009845991
1892 0.0007456343
1893 0.0006419001
1897 0.0000924729
1914 0.0000412950
2003 0.0000289484
2013 0.0000129937
2018 0.0000121432
2040 0.0000077783
2049 0.0000035468
2072 0.0000024902
2074 0.0000019480
2087 0.0000017738
2091 0.0000009512
2097 0.0000002420
2123 0.0000001754
2133 0.0000001715
2194 0.0000001135
2199 0.0000000472
2259 0.0000000434
2260 0.0000000381
2263 0.0000000371
2279 0.0000000328
2293 0.0000000292
2300 0.0000000250
2305 0.0000000230
2308 0.0000000041
2340 0.0000000018
2359 0.0000000015
2367 0.0000000013
2373 0.0000000010
2375 0.0000000008
2396 0.0000000003
2417 0.0000000002
2446 0.0000000001
2450 0.0000000001
2468 0.0000000000
2482 0.0000000000
2505 0.0000000000
2523 0.0000000000
2540 0.0000000000
2547 0.0000000000
2549 0.0000000000
2570 0.0000000000
2578 0.0000000000
2634 0.0000000000
2638 0.0000000000
2642 0.0000000000
2657 0.0000000000
2683 0.0000000000
2703 0.0000000000
2709 0.0000000000
2752 0.0000000000
evaluations raw_y
1 3188.1930614456
4 41.5019376784
134 23.8558973474
182 16.9707867711
186 7.8617919170
188 7.6361572566
201 5.6027540954
232 4.1235406940
269 4.1173644345
276 3.8153203666
288 3.5784823430
303 3.4767710450
313 3.3965809340
337 3.3784927684
351 3.2478469624
385 3.2360233867
388 3.1999395769
391 3.0136283092
436 3.0134265110
439 2.9830383645
441 2.9221090165
444 2.8669949630
452 2.8652835566
456 2.8183718061
477 2.7339876511
489 2.6319398873
502 2.5804712851
534 2.5152708424
554 2.4494648183
561 2.3961401346
573 2.3830804791
584 2.3366433020
587 2.2945265505
610 2.2692453175
632 2.2137713802
634 2.2114820638
659 2.1111233811
666 2.0631862751
674 2.0277890642
684 1.9808374986
691 1.9663648686
693 1.9280755220
698 1.8620799794
712 1.7747348247
730 1.7722805319
740 1.7648215905
748 1.7293214563
753 1.7138489429
767 1.7041154881
771 1.6654204585
777 1.6132518833
782 1.5951412061
796 1.5314865137
801 1.4905333878
803 1.4628577013
813 1.4257133339
826 1.3756664147
834 1.3520748414
853 1.2888069329
870 1.2564707134
879 1.2339036969
881 1.1162698615
909 1.0636201175
918 1.0172686326
922 1.0165183824
925 0.9971416019
936 0.9492201763
939 0.8558810738
943 0.7252378800
955 0.5887936531
1007 0.5525072054
1008 0.5451979801
1019 0.5302597880
1041 0.5106128412
1045 0.4384453189
1067 0.4382570839
1069 0.4185151697
1086 0.3784471801
1096 0.3504824692
1121 0.2828214520
1141 0.2360376686
1151 0.2272296140
1155 0.2254696105
1162 0.2002252256
1185 0.1684450974
1194 0.1632312004
1242 0.1473942223
1254 0.1386725645
1258 0.1363478594
1267 0.1278393503
1278 0.1274921670
1279 0.1146015481
1284 0.0992421645
1309 0.0974207775
1337 0.0966352832
1343 0.0915977676
1355 0.0890044221
1357 0.0852800889
1359 0.0768197108
1361 0.0751909620
1369 0.0602465820
1409 0.0565244282
1419 0.0533019802
1431 0.0518288414
1435 0.0441545768
1438 0.0432078858
1450 0.0425369929
1459 0.0362003227
1468 0.0308713171
1486 0.0261480742
1489 0.0239253060
1491 0.0220947111
1499 0.0214812773
1508 0.0181031081
1544 0.0144673340
1555 0.0102166618
1558 0.0099528963
1560 0.0084929537
1578 0.0064606563
1602 0.0054363713
1614 0.0035591674
1617 0.0034736578
1620 0.0031674774
1628 0.0025268960
1641 0.0016912032
1647 0.0010887882
1659 0.0004948263
1710 0.0001114125
1820 0.0000433790
1854 0.0000375268
1859 0.0000316485
1877 0.0000276586
1885 0.0000212987
1888 0.0000208737
1901 0.0000185897
1934 0.0000130520
1940 0.0000071656
1946 0.0000063696
1966 0.0000036378
2009 0.0000017742
2016 0.0000010579
2024 0.0000007612
2056 0.0000006766
2058 0.0000006705
2068 0.0000004684
2075 0.0000003202
2084 0.0000002269
2093 0.0000002084
2102 0.0000002081
2109 0.0000001208
2112 0.0000001170
2121 0.0000000914
2132 0.0000000905
2136 0.0000000775
2138 0.0000000673
2150 0.0000000569
2160 0.0000000418
2161 0.0000000282
2175 0.0000000120
2208 0.0000000095
2232 0.0000000050
2249 0.0000000035
2268 0.0000000023
2277 0.0000000017
2284 0.0000000009
2285 0.0000000007
2288 0.0000000004
2316 0.0000000002
2357 0.0000000001
2371 0.0000000001
2389 0.0000000000
2404 0.0000000000
2422 0.0000000000
2425 0.0000000000
2428 0.0000000000
2434 0.0000000000
2439 0.0000000000
2450 0.0000000000
2474 0.0000000000
2496 0.0000000000
2498 0.0000000000
2525 0.0000000000
2551 0.0000000000
2553 0.0000000000
2565 0.0000000000
2599 0.0000000000
2606 0.0000000000
2609 0.0000000000
2625 0.0000000000
2642 0.0000000000
2653 0.0000000000
2696 0.0000000000
2720 0.0000000000
evaluations raw_y
1 61045.9505643697
2 24342.9710151977
10 5476.3886604107
43 4647.6650152222
51 2406.5024590977
58 1540.6268035884
59 599.8709607739
131 458.0975847381
136 315.4790661925
143 265.5410778757
155 141.6066163834
167 81.3169965442
226 47.4421989266
250 21.9534941693
264 20.6339834679
294 10.4615783589
295 8.2272341720
328 5.9403633012
340 5.2065666037
361 4.5518831335
627 4.5503894895
628 4.5435763271
642 4.5233964369
658 4.5221692605
668 4.4949154051
694 4.4718946679
700 4.4409875633
703 4.3839577585
713 4.3681707305
720 4.3676865688
724 4.3419934067
726 4.2839340038
732 4.2072961393
733 4.1955862002
746 4.1666920165
750 4.1581312154
790 3.9626527628
803 3.8995187001
810 3.8221371361
837 3.7567329568
839 3.6262339466
848 3.5136930677
906 3.3709741484
914 3.2992417378
921 3.2644641559
931 3.1658347404
943 3.1597945381
944 3.1156423921
958 3.0756964718
981 3.0225469917
988 3.0123151067
993 3.0071056457
998 2.9979148794
1001 2.9740446573
1006 2.9451086936
1019 2.8962936634
1021 2.8708948951
1041 2.8670472206
1042 2.8199865116
1062 2.8048965834
1068 2.7661025590
1080 2.7322467142
1086 2.7305730275
1088 2.6630647329
1093 2.6313715858
1099 2.6070741821
1102 2.6011529079
1105 2.5649949360
1106 2.4594536937
1126 2.4278227567
1155 2.4022081020
1158 2.3834518026
1161 2.2891115481
1169 2.2231803583
1227 2.2079744904
1254 2.1911135884
1257 2.1851958170
1266 2.1004342384
1273 2.0981909603
1283 2.0564799465
1288 2.0256159494
1289 2.0188125276
1308 1.9532583145
1314 1.8421516495
1358 1.7885716240
1370 1.7839847613
1378 1.7821924461
1383 1.7452708050
1393 1.6656567563
1405 1.6209999512
1415 1.5953293589
1426 1.5692407802
1437 1.5170515663
1446 1.4949902136
1449 1.4428774898
1453 1.3748732102
1509 1.3036875140
1519 1.2592754415
1529 1.2470948886
1534 1.2023259204
1546 1.1688704007
1560 1.1469731663
1566 1.1314020980
1579 1.1100871264
1580 1.0950914394
1587 1.0326164464
1593 1.0236335951
1606 1.0011426350
1629 0.9945548075
1640 0.9780587637
1643 0.9538982646
1648 0.9426974444
1660 0.9229869452
1666 0.8789307521
1677 0.8655636259
1681 0.8487380007
1685 0.8301605712
1689 0.8003462611
1696 0.7938734343
1700 0.7919477973
1703 0.6796722752
1730 0.6586905568
1741 0.6504825175
1743 0.6041181845
1783 0.5896899857
1784 0.5760479041
1805 0.5091332979
1806 0.5091006487
1822 0.5024819735
1827 0.4587607896
1842 0.4302445806
1843 0.4123076532
1853 0.4062222732
1856 0.4002099460
1872 0.3899376506
1881 0.3620921774
1915 0.3497489965
1926 0.3379936968
1936 0.3374481752
1942 0.3201178507
1943 0.3177418515
1974 0.3075169837
1985 0.3021325397
1995 0.2867344231
2019 0.2864149502
2026 0.2849239986
2034 0.2755922943
2037 0.2743264461
2043 0.2693753997
2049 0.2679852381
2054 0.2644591298
2063 0.2617916076
2068 0.2519565579
2073 0.2458674826
2087 0.2425057084
2096 0.2278248751
2122 0.2228001127
2130 0.2186485992
2143 0.2181782355
2146 0.2115620202
2147 0.2026176103
2153 0.1988766697
2157 0.1947811741
2173 0.1880048731
2177 0.1854071294
2182 0.1794155124
2201 0.1789482547
2203 0.1684420769
2212 0.1673871260
2213 0.1616809463
2218 0.1581145381
2219 0.1557036372
2221 0.1517202679
2225 0.1502156523
2228 0.1488576106
2232 0.1399725769
2240 0.1244780683
2253 0.0966844293
2266 0.0722725277
2298 0.0638784797
2318 0.0580039654
2324 0.0509267937
2327 0.0487791199
2339 0.0275366851
2346 0.0197709861
2377 0.0129607953
2409 0.0119709079
2463 0.0117073082
2468 0.0093339437
2482 0.0092223907
2492 0.0081892998
2493 0.0079646939
2519 0.0073722808
2524 0.0058449314
2525 0.0058273204
2533 0.0049879772
2548 0.0030032177
2576 0.0023003466
2589 0.0016471651
2609 0.0016425803
2616 0.0013901766
2631 0.0013447724
2634 0.0008357402
2637 0.0007383257
2641 0.0006364934
2667 0.0003768272
2673 0.0002959481
2685 0.0002531996
2703 0.0001835197
2716 0.0000914654
2725 0.0000759688
2737 0.0000702143
2740 0.0000311731
2767 0.0000249997
2775 0.0000054281
2810 0.0000042691
2852 0.0000032743
2853 0.0000010834
2876 0.0000008072
2886 0.0000007634
2901 0.0000007471
2904 0.0000007341
2905 0.0000006418
2924 0.0000005846
2938 0.0000002716
2949 0.0000002055
2953 0.0000001232
2976 0.0000001213
2988 0.0000000402
3008 0.0000000208
3012 0.0000000181
3023 0.0000000137
3063 0.0000000101
3070 0.0000000066
3073 0.0000000044
3080 0.0000000018
3085 0.0000000017
3112 0.0000000009
3123 0.0000000004
3127 0.0000000002
3155 0.0000000002
3182 0.0000000001
3186 0.0000000001
3189 0.0000000000
3218 0.0000000000
3226 0.0000000000
3240 0.0000000000
3241 0.0000000000
3244 0.0000000000
3251 0.0000000000
3255 0.0000000000
3283 0.0000000000
3293 0.0000000000
3295 0.0000000000
3341 0.0000000000
3342 0.0000000000
3366 0.0000000000
3373 0.0000000000
3389 0.0000000000
3397 0.0000000000
3402 0.0000000000
3414 0.0000000000
3424 0.0000000000
3461 0.0000000000
3468 0.0000000000
3469 0.0000000000
3474 0.0000000000
3480 0.0000000000
3483 0.0000000000
3514 0.0000000000
3526 0.0000000000
3563 0.0000000000
3616 0.0000000000
