evaluations raw_y
1 10.6510982062
28 10.6179788865
33 9.9803678962
50 8.7781597796
51 6.0884127516
120 5.9867352199
211 5.2845884982
212 5.2801534107
282 4.1914653869
287 1.8197338844
486 0.5632329689
938 0.4787972470
1126 0.4341142853
1132 0.2051321210
1188 0.1725258180
1607 0.1144392560
1777 0.1027756824
1825 0.0933694565
1830 0.0718189259
1841 0.0629286796
1872 0.0299938080
1949 0.0286396196
2160 0.0101815114
2631 0.0101253595
2659 0.0089042783
2671 0.0072079271
2817 0.0068324929
2823 0.0052244391
2847 0.0034546103
2926 0.0027976676
2971 0.0024341293
3020 0.0021755559
3079 0.0013915011
3275 0.0013628801
3289 0.0012210128
3323 0.0012166501
3380 0.0010563006
3401 0.0010312372
3494 0.0008611640
3522 0.0005564917
3680 0.0003081031
3687 0.0001836028
4321 0.0000828056
4444 0.0000344540
4758 0.0000294104
4796 0.0000132865
5449 0.0000124330
5543 0.0000122963
5630 0.0000106065
5689 0.0000100778
5700 0.0000091837
5813 0.0000037000
6004 0.0000034668
6008 0.0000034544
6012 0.0000030316
6038 0.0000024215
6133 0.0000008503
6371 0.0000006164
6547 0.0000006083
6551 0.0000005067
6573 0.0000005035
6642 0.0000004636
6730 0.0000004554
6748 0.0000003828
6795 0.0000003038
6827 0.0000002005
7057 0.0000001562
7234 0.0000001558
7265 0.0000001157
7380 0.0000001020
7407 0.0000000996
7450 0.0000000834
7463 0.0000000750
7513 0.0000000535
7573 0.0000000493
7662 0.0000000476
7663 0.0000000418
7669 0.0000000291
7792 0.0000000270
7821 0.0000000267
7883 0.0000000191
7908 0.0000000112
8050 0.0000000110
8156 0.0000000057
8240 0.0000000026
8336 0.0000000020
8411 0.0000000020
8470 0.0000000019
8570 0.0000000018
8634 0.0000000012
8688 0.0000000011
8706 0.0000000008
8725 0.0000000005
8891 0.0000000004
8922 0.0000000003
8978 0.0000000003
9067 0.0000000002
9133 0.0000000001
9245 0.0000000001
9286 0.0000000001
9294 0.0000000001
9415 0.0000000000
9577 0.0000000000
9703 0.0000000000
9754 0.0000000000
9797 0.0000000000
9940 0.0000000000
10034 0.0000000000
evaluations raw_y
1 41.4249259408
5 15.0963303141
28 10.2643445111
40 5.2068730797
108 4.6312429921
162 2.7051969895
181 1.6177754442
599 1.3667417983
766 1.2793490297
780 0.8941825775
887 0.8119385568
895 0.7253275630
934 0.6304191679
1041 0.4757821909
1082 0.3044950098
1227 0.2820354775
1352 0.1845583809
1430 0.1704324050
1444 0.1529008593
1525 0.1117878683
1631 0.1066602488
1661 0.1028417221
1684 0.0869378155
1764 0.0755030613
1802 0.0679816199
1821 0.0618707886
1858 0.0566346032
1925 0.0529203377
1953 0.0433445628
2026 0.0209761416
2291 0.0200838256
2293 0.0142220641
2350 0.0130998145
2533 0.0107806998
2569 0.0081450828
2604 0.0053648716
2686 0.0052618986
2751 0.0050573463
2794 0.0044238504
2911 0.0037848886
3008 0.0037331268
3092 0.0022860544
3235 0.0014995230
3362 0.0005650782
3609 0.0003194846
3904 0.0003121915
3990 0.0002323301
4039 0.0002122388
4108 0.0001950046
4169 0.0001936986
4225 0.0001470296
4296 0.0001399702
4381 0.0000892838
4517 0.0000325500
4893 0.0000308973
4906 0.0000258605
4989 0.0000220646
5067 0.0000207135
5190 0.0000205513
5426 0.0000163604
5657 0.0000121521
5672 0.0000071969
5778 0.0000014532
6146 0.0000006149
6416 0.0000005527
6445 0.0000005077
6572 0.0000004905
6606 0.0000003161
6840 0.0000002560
6891 0.0000002441
7073 0.0000002291
7085 0.0000001614
7236 0.0000001287
7448 0.0000001224
7475 0.0000000776
7508 0.0000000733
7547 0.0000000531
7647 0.0000000427
7667 0.0000000319
7834 0.0000000312
7843 0.0000000278
7893 0.0000000208
7963 0.0000000171
8029 0.0000000143
8131 0.0000000132
8196 0.0000000121
8220 0.0000000104
8223 0.0000000088
8234 0.0000000075
8313 0.0000000058
8338 0.0000000039
8410 0.0000000036
8421 0.0000000027
8478 0.0000000025
8578 0.0000000019
8633 0.0000000010
8753 0.0000000010
8822 0.0000000010
8852 0.0000000009
8878 0.0000000007
8950 0.0000000006
9028 0.0000000005
9091 0.0000000002
9259 0.0000000002
9278 0.0000000001
9295 0.0000000001
9464 0.0000000003
evaluations raw_y
1 102.6106861239
2 91.8737498547
5 33.9095828356
18 25.1891927099
20 23.9104860269
25 7.2601560244
51 6.9461056340
67 4.7629436514
82 1.7748901421
403 1.1282564851
490 1.0828939498
677 0.9209552443
877 0.8555314931
915 0.8104757279
989 0.6239475653
1060 0.5390531993
1076 0.4990915289
1086 0.4497187163
1114 0.3799277293
1144 0.3281695882
1354 0.3165610561
1365 0.2715661863
1368 0.1296134258
1611 0.1159283366
1687 0.0999822686
1705 0.0937518314
1712 0.0824674783
1742 0.0616451987
1782 0.0462189252
1855 0.0285677988
1929 0.0262871084
2162 0.0252839192
2227 0.0212142995
2246 0.0157033894
2346 0.0130893491
2484 0.0121814970
2561 0.0108779279
2571 0.0081403001
2689 0.0034947646
3001 0.0033229996
3207 0.0022354531
3271 0.0015387317
3335 0.0013957129
3409 0.0008834819
3613 0.0004540539
3774 0.0003438516
3882 0.0003170222
3904 0.0001898085
4182 0.0001664075
4431 0.0001620860
4516 0.0001200386
4560 0.0001127087
4651 0.0000795373
4709 0.0000551958
4748 0.0000332225
4966 0.0000331275
5022 0.0000320425
5145 0.0000303298
5146 0.0000297075
5161 0.0000141137
5474 0.0000138348
5689 0.0000132935
5732 0.0000111449
5779 0.0000089713
5874 0.0000089349
5888 0.0000057462
5918 0.0000040372
6018 0.0000031411
6038 0.0000023906
6226 0.0000021545
6236 0.0000018924
6238 0.0000007383
6477 0.0000005047
6826 0.0000004742
6833 0.0000003867
6891 0.0000003735
6935 0.0000003074
6951 0.0000002917
7052 0.0000002676
7065 0.0000002420
7129 0.0000001811
7269 0.0000001348
7387 0.0000001216
7392 0.0000001092
7540 0.0000000715
7574 0.0000000703
7642 0.0000000519
7705 0.0000000518
7758 0.0000000432
7775 0.0000000390
7850 0.0000000370
7857 0.0000000360
7925 0.0000000214
8095 0.0000000158
8116 0.0000000151
8146 0.0000000110
8183 0.0000000080
8407 0.0000000078
8411 0.0000000064
8423 0.0000000063
8434 0.0000000053
8479 0.0000000049
8499 0.0000000036
8586 0.0000000029
8645 0.0000000027
8654 0.0000000018
8669 0.0000000015
8683 0.0000000009
8871 0.0000000008
8892 0.0000000007
8930 0.0000000007
8935 0.0000000006
8949 0.0000000005
8978 0.0000000004
9147 0.0000000004
9218 0.0000000003
9220 0.0000000002
9252 0.0000000002
9326 0.0000000002
9333 0.0000000002
9346 0.0000000002
9419 0.0000000002
9439 0.0000000002
9443 0.0000000002
9459 0.0000000001
9487 0.0000000001
9503 0.0000000001
9517 0.0000000001
9530 0.0000000001
9587 0.0000000001
9715 0.0000000001
9717 0.0000000001
9743 0.0000000000
9764 0.0000000002
evaluations raw_y
1 62.1260492381
2 50.0624236158
3 14.7675993585
4 17.1998656235
8 10.5708045856
28 9.6906646889
46 9.6262569550
54 8.8158197112
57 8.0212302689
58 7.7086095614
78 5.2008166968
100 4.3688848919
224 4.3311503039
235 3.9682921344
242 3.1165659507
290 3.0771872589
349 2.8731869987
398 2.4686816083
432 2.2309019909
493 2.1828575561
494 2.0877307833
510 1.5008594078
541 1.4345619826
557 0.8228533265
703 0.6816984787
858 0.6544844092
876 0.5714304679
885 0.4210337286
1045 0.3371876354
1114 0.1713945737
1361 0.1300904808
1398 0.1135616968
1634 0.1113495024
1638 0.1018594678
1660 0.0661792351
1693 0.0595631604
1703 0.0313432788
1845 0.0302497870
2107 0.0251289620
2213 0.0190460333
2263 0.0134415376
2297 0.0122484951
2409 0.0117190390
2530 0.0102514328
2686 0.0099504046
2703 0.0088146736
2814 0.0084090269
2850 0.0071245652
2877 0.0061014190
2904 0.0060530050
3045 0.0040095487
3188 0.0038029845
3217 0.0036433512
3263 0.0029381395
3316 0.0022833766
3351 0.0017659344
3369 0.0014325963
3458 0.0011735617
3476 0.0010244219
3489 0.0007005952
3571 0.0004536906
3846 0.0004047615
3913 0.0002740354
4044 0.0002544630
4061 0.0002124928
4280 0.0002057001
4341 0.0001966176
4377 0.0001766414
4405 0.0001545778
4521 0.0001502705
4574 0.0000637003
4655 0.0000424174
4887 0.0000401311
5023 0.0000385447
5122 0.0000282571
5250 0.0000277976
5348 0.0000210740
5455 0.0000208679
5519 0.0000139077
5590 0.0000097437
5748 0.0000096937
5781 0.0000096767
5968 0.0000095983
5995 0.0000060910
5998 0.0000053992
6089 0.0000047905
6113 0.0000040367
6155 0.0000027441
6250 0.0000018077
6295 0.0000009002
6390 0.0000007899
6399 0.0000007100
6425 0.0000004081
6861 0.0000003056
7096 0.0000002149
7418 0.0000001182
7640 0.0000000538
7967 0.0000000328
8121 0.0000000252
8149 0.0000000178
8314 0.0000000137
8438 0.0000000108
8509 0.0000000096
8612 0.0000000069
8649 0.0000000053
8700 0.0000000048
8769 0.0000000046
8784 0.0000000036
8860 0.0000000034
8910 0.0000000033
8914 0.0000000031
8923 0.0000000028
8928 0.0000000015
9098 0.0000000012
9108 0.0000000010
9133 0.0000000009
9219 0.0000000005
9308 0.0000000003
9487 0.0000000002
9492 0.0000000002
9538 0.0000000005
evaluations raw_y
1 23.6069009258
2 17.3391646339
4 16.2901977240
5 13.2633812940
9 7.4629256084
35 7.3674086086
55 5.5428312646
67 4.0189492685
164 3.3062660237
252 3.2251126169
355 3.1352626117
362 0.8570946133
763 0.6577904376
919 0.6236785781
1009 0.4038597110
1200 0.3007642759
1245 0.2873999042
1371 0.2599899712
1422 0.2188737621
1461 0.1907479446
1476 0.1903926282
1524 0.1276086296
1709 0.0611721016
1925 0.0405170678
2200 0.0302291831
2217 0.0285931075
2309 0.0132209362
2640 0.0113788720
2680 0.0110583199
2700 0.0103393842
2769 0.0085456229
2790 0.0057852623
2854 0.0039636614
3104 0.0035834532
3128 0.0028670625
3195 0.0027752775
3207 0.0019881822
3221 0.0013603837
3489 0.0011263143
3825 0.0011166039
3848 0.0011013556
3849 0.0010056387
3865 0.0008057278
3933 0.0003467234
4121 0.0003234225
4144 0.0002945571
4156 0.0002733275
4230 0.0002011836
4405 0.0001703208
4506 0.0001246399
4639 0.0000882852
4652 0.0000864909
4742 0.0000471034
4774 0.0000420484
4901 0.0000327025
5041 0.0000324319
5133 0.0000323242
5154 0.0000304875
5163 0.0000293691
5186 0.0000262792
5205 0.0000230415
5331 0.0000225003
5368 0.0000172623
5413 0.0000166332
5657 0.0000096925
5658 0.0000065207
5850 0.0000045266
5951 0.0000034208
6052 0.0000028012
6117 0.0000021269
6172 0.0000011633
6327 0.0000010706
6367 0.0000008566
6501 0.0000008055
6554 0.0000006238
6609 0.0000005905
6645 0.0000005388
6748 0.0000004278
6901 0.0000004087
6938 0.0000003919
7026 0.0000003839
7030 0.0000003578
7137 0.0000003545
7160 0.0000003173
7202 0.0000002588
7203 0.0000002348
7262 0.0000002213
7316 0.0000001474
7344 0.0000001393
7585 0.0000001312
7612 0.0000001299
7665 0.0000000850
7793 0.0000000659
7854 0.0000000457
7893 0.0000000430
7923 0.0000000400
8058 0.0000000300
8112 0.0000000261
8259 0.0000000234
8266 0.0000000161
8355 0.0000000133
8524 0.0000000089
8546 0.0000000082
8554 0.0000000068
8618 0.0000000061
8621 0.0000000039
8712 0.0000000030
8729 0.0000000028
8873 0.0000000020
8914 0.0000000010
9086 0.0000000008
9233 0.0000000007
9243 0.0000000004
9341 0.0000000019
evaluations raw_y
1 60.3320908253
2 52.2515183954
5 51.5859872147
9 24.2757816744
13 21.0338985903
23 17.3244626536
44 12.8099702683
54 7.7183462413
89 6.1371008551
90 6.8980366338
100 4.7303899112
125 5.3111140548
196 5.1578239953
285 4.2953373756
330 3.1195931463
375 2.7707912797
394 2.4908442214
447 1.8902194368
478 1.3458981491
594 1.3398614140
774 1.2841385241
882 0.8076691092
915 0.8023505898
929 0.5958121174
1202 0.5774765578
1244 0.3784135263
1490 0.3567002260
1501 0.2453874650
1534 0.2015802916
1635 0.1773594872
1721 0.1710277380
1731 0.0934291729
2096 0.0777142089
2097 0.0545875914
2190 0.0348087458
2465 0.0204927732
2747 0.0162230343
2785 0.0120133307
2970 0.0095623306
3126 0.0075328476
3205 0.0059436564
3273 0.0058240870
3365 0.0048691256
3400 0.0041817939
3413 0.0031625538
3453 0.0020496370
3587 0.0011744121
3659 0.0008343404
4045 0.0007647945
4154 0.0004989207
4261 0.0004467681
4351 0.0003976191
4429 0.0003284904
4457 0.0002091454
4524 0.0001634824
4551 0.0000927023
4894 0.0000686718
5027 0.0000368360
5286 0.0000357482
5309 0.0000351975
5311 0.0000332909
5364 0.0000307616
5371 0.0000287949
5422 0.0000248580
5482 0.0000152530
5606 0.0000146278
5791 0.0000112345
5819 0.0000107465
6072 0.0000106488
6098 0.0000085799
6113 0.0000060584
6264 0.0000052943
6370 0.0000052483
6411 0.0000048319
6416 0.0000040819
6500 0.0000037940
6520 0.0000020070
6572 0.0000016724
6621 0.0000008719
6636 0.0000008567
6864 0.0000007332
6878 0.0000006826
6940 0.0000006086
6969 0.0000006006
6997 0.0000005552
7095 0.0000005457
7108 0.0000003897
7260 0.0000003824
7332 0.0000003792
7366 0.0000002918
7386 0.0000002850
7387 0.0000002380
7485 0.0000002078
7542 0.0000001790
7699 0.0000001711
7737 0.0000001699
7757 0.0000001603
7773 0.0000001324
7831 0.0000001073
7938 0.0000001066
7987 0.0000000878
7991 0.0000000650
8164 0.0000000407
8198 0.0000000238
8230 0.0000000152
8502 0.0000000124
8580 0.0000000070
8626 0.0000000064
8627 0.0000000062
8694 0.0000000042
8885 0.0000000025
8977 0.0000000020
9083 0.0000000019
9110 0.0000000013
9228 0.0000000009
9287 0.0000000008
9421 0.0000000004
9454 0.0000000004
9482 0.0000000002
9644 0.0000000001
9810 0.0000000001
9923 0.0000000001
9934 0.0000000004
evaluations raw_y
1 7.5084523855
11 7.1200370341
17 5.2184947070
44 3.7115779917
136 3.9741111864
144 3.8635212874
145 3.7275014939
163 2.2921072336
260 1.4366238612
319 1.3739018605
340 0.7530860768
535 0.4927602775
724 0.4819000944
768 0.4301722725
901 0.3537280487
948 0.2212704672
1145 0.1895882332
1212 0.1333083556
1356 0.1017935123
1547 0.0838975070
1566 0.0581007001
1618 0.0487564962
1803 0.0484967878
1843 0.0477908516
1966 0.0434753994
1996 0.0430829552
2009 0.0240236282
2171 0.0219194291
2212 0.0190757016
2285 0.0103875513
2596 0.0070825889
2726 0.0057625151
2879 0.0051182030
2887 0.0048140745
2911 0.0046193293
2973 0.0037064485
3109 0.0017312245
3294 0.0011595246
3516 0.0011459099
3521 0.0011338986
3582 0.0011338669
3601 0.0006762540
3630 0.0003862341
3811 0.0001348530
3865 0.0001319906
4417 0.0001121835
4457 0.0000865634
4514 0.0000754095
4543 0.0000735537
4573 0.0000314853
4839 0.0000309147
4857 0.0000297528
4883 0.0000248754
4909 0.0000195742
5175 0.0000149865
5229 0.0000132336
5304 0.0000070129
5569 0.0000038230
5907 0.0000031028
5914 0.0000014548
5977 0.0000012985
6036 0.0000010622
6193 0.0000010418
6243 0.0000010265
6257 0.0000009221
6302 0.0000007641
6309 0.0000006824
6331 0.0000006657
6352 0.0000006087
6429 0.0000005515
6465 0.0000005047
6525 0.0000004909
6544 0.0000004247
6583 0.0000003917
6627 0.0000003383
6666 0.0000003289
6697 0.0000002569
6726 0.0000002159
7040 0.0000001699
7082 0.0000001541
7177 0.0000001520
7219 0.0000001292
7267 0.0000000420
7345 0.0000000401
7650 0.0000000343
7662 0.0000000328
7671 0.0000000323
7690 0.0000000281
7734 0.0000000233
7841 0.0000000210
7919 0.0000000195
7927 0.0000000177
7986 0.0000000166
7997 0.0000000138
7998 0.0000000052
8142 0.0000000030
8260 0.0000000017
8399 0.0000000011
8597 0.0000000010
8707 0.0000000010
8766 0.0000000009
8779 0.0000000008
8785 0.0000000004
8796 0.0000000003
9005 0.0000000003
9056 0.0000000007
evaluations raw_y
1 45.4929270442
2 35.2290919883
5 11.5600687403
10 11.3062567963
39 10.2307808781
40 8.2488973189
70 7.0908906720
93 6.8352048568
118 6.3877272672
124 5.5662428954
169 3.5130135595
210 1.7472058508
296 1.2641040132
571 1.2222485611
681 0.8513600237
689 0.7589688247
733 0.6837790862
994 0.5058349893
1046 0.4057420061
1065 0.2473970680
1236 0.2424097811
1281 0.1512736445
1462 0.1388074393
1535 0.1255137411
1549 0.1045141940
1581 0.0983698116
1650 0.0926552881
1716 0.0788287819
1724 0.0719063418
1788 0.0679090657
1822 0.0450676967
1939 0.0299288690
2070 0.0176277436
2239 0.0134071454
2341 0.0100328129
2413 0.0085390985
2491 0.0080299474
2492 0.0075064251
2545 0.0068079078
2699 0.0047852468
2919 0.0032166115
3078 0.0031638177
3105 0.0010127841
3542 0.0008530362
3560 0.0007514941
3563 0.0007341746
3568 0.0005629713
3595 0.0004175476
3771 0.0004117927
3788 0.0001398767
4184 0.0000981625
4254 0.0000903366
4300 0.0000666081
4458 0.0000322863
4485 0.0000316830
4755 0.0000312642
4877 0.0000222899
5101 0.0000146964
5195 0.0000117235
5277 0.0000097704
5444 0.0000087723
5524 0.0000083425
5555 0.0000076529
5622 0.0000059767
5659 0.0000013295
5810 0.0000005471
6254 0.0000005227
6433 0.0000005072
6435 0.0000004890
6499 0.0000004877
6555 0.0000004467
6560 0.0000003904
6599 0.0000002924
6635 0.0000002498
6766 0.0000001618
6949 0.0000001454
6981 0.0000000940
7054 0.0000000835
7305 0.0000000545
7392 0.0000000455
7489 0.0000000415
7543 0.0000000390
7552 0.0000000269
7718 0.0000000185
7770 0.0000000179
7780 0.0000000157
7785 0.0000000148
7797 0.0000000139
7815 0.0000000127
7933 0.0000000123
7940 0.0000000121
7943 0.0000000111
7944 0.0000000061
7985 0.0000000043
8117 0.0000000038
8280 0.0000000031
8289 0.0000000023
8351 0.0000000012
8427 0.0000000011
8592 0.0000000001
9160 0.0000000001
9256 0.0000000001
9258 0.0000000003
evaluations raw_y
1 17.4684281527
5 17.5267717263
9 15.6520566451
10 11.3504619468
12 9.1778956116
45 4.0652929890
83 3.3098658031
486 3.0541610581
505 2.0191115399
519 1.8354264498
593 1.7363005280
678 1.4908256268
679 0.5020002963
946 0.4859812092
984 0.3705312792
1186 0.3146375346
1261 0.2894787294
1307 0.2852215579
1311 0.2693147440
1325 0.2226688094
1389 0.2104106374
1499 0.1211990776
1695 0.1163835303
1786 0.1079631053
1822 0.0550031636
2002 0.0450095780
2038 0.0312164843
2274 0.0220243728
2554 0.0169190186
2591 0.0137374403
2646 0.0124817022
2739 0.0117075252
2787 0.0106638733
2803 0.0080997881
2939 0.0072968190
3038 0.0046771336
3180 0.0046353372
3209 0.0045062324
3213 0.0038440565
3327 0.0025196563
3438 0.0013314514
3645 0.0013044081
3662 0.0012651798
3771 0.0008090694
3826 0.0007876801
3875 0.0007178478
3879 0.0004176102
3899 0.0002230831
4356 0.0002108083
4402 0.0002036282
4471 0.0001880912
4618 0.0001444090
4678 0.0001297972
4749 0.0000964412
4750 0.0000660937
4867 0.0000657600
4881 0.0000581276
4893 0.0000571648
5041 0.0000391996
5185 0.0000370432
5249 0.0000258453
5449 0.0000232867
5513 0.0000231864
5558 0.0000177509
5744 0.0000121199
6051 0.0000107601
6152 0.0000061008
6310 0.0000037977
6311 0.0000033065
6370 0.0000026516
6388 0.0000021296
6424 0.0000008319
6570 0.0000007165
6808 0.0000006594
6853 0.0000005517
6902 0.0000004417
7016 0.0000004404
7073 0.0000004097
7132 0.0000003574
7186 0.0000002410
7572 0.0000001930
7705 0.0000001139
7762 0.0000000936
7780 0.0000000758
8003 0.0000000708
8080 0.0000000698
8084 0.0000000443
8128 0.0000000377
8265 0.0000000361
8350 0.0000000210
8385 0.0000000183
8441 0.0000000141
8536 0.0000000127
8595 0.0000000067
8784 0.0000000061
8860 0.0000000060
8861 0.0000000055
8868 0.0000000032
8988 0.0000000011
9186 0.0000000008
9285 0.0000000004
9567 0.0000000004
9630 0.0000000003
9641 0.0000000002
9667 0.0000000002
9700 0.0000000001
9826 0.0000000001
9836 0.0000000000
10230 0.0000000000
10249 0.0000000000
10293 0.0000000000
10371 0.0000000000
10415 0.0000000000
10423 0.0000000000
10441 0.0000000000
10457 0.0000000000
10458 0.0000000001
evaluations raw_y
1 24.8132929804
6 26.3594545953
8 22.0051267945
12 21.0577462515
16 12.4949305764
30 7.5671701799
63 7.2213214579
72 6.6553876860
75 2.7048706352
398 2.6761862077
414 2.5546880413
435 2.4770991060
437 2.0838894811
439 1.2698891226
596 1.0949433285
643 1.0599939871
738 0.7640952366
811 0.5153553401
889 0.4945455527
1025 0.2619837585
1162 0.2210011131
1228 0.2010152959
1289 0.1401057961
1451 0.1208637300
1479 0.0893322891
1489 0.0742366540
1530 0.0685808137
1571 0.0626612935
1641 0.0598470698
1684 0.0590240747
1704 0.0281288749
1962 0.0180784949
2244 0.0165661840
2418 0.0104439412
2617 0.0093232230
2696 0.0059580016
2718 0.0051056779
2829 0.0049696719
2917 0.0028621872
2955 0.0020522045
3194 0.0015704677
3344 0.0012478555
3410 0.0009722685
3461 0.0008275081
3495 0.0006479162
3618 0.0004501753
3770 0.0004426780
3844 0.0003225166
3903 0.0002955299
4008 0.0002711667
4054 0.0002693340
4093 0.0002595444
4096 0.0002457550
4107 0.0001265247
4392 0.0001236381
4467 0.0000841450
4489 0.0000711826
4513 0.0000323668
4689 0.0000319190
4761 0.0000277931
4820 0.0000187709
4929 0.0000128408
5340 0.0000081330
5430 0.0000063902
5467 0.0000052744
5563 0.0000042471
5604 0.0000032311
5613 0.0000031408
5694 0.0000014175
5799 0.0000009556
6041 0.0000009164
6051 0.0000009062
6091 0.0000006242
6253 0.0000006187
6298 0.0000005617
6407 0.0000004136
6453 0.0000003958
6640 0.0000002531
6892 0.0000002341
6911 0.0000002276
6997 0.0000002076
7023 0.0000001919
7032 0.0000001663
7093 0.0000000914
7310 0.0000000859
7449 0.0000000663
7454 0.0000000649
7467 0.0000000393
7558 0.0000000287
7594 0.0000000239
7816 0.0000000176
7902 0.0000000162
7979 0.0000000050
8175 0.0000000037
8317 0.0000000037
8413 0.0000000036
8442 0.0000000036
8478 0.0000000017
8602 0.0000000014
8640 0.0000000006
8865 0.0000000005
8961 0.0000000003
9036 0.0000000002
9149 0.0000000002
9178 0.0000000002
9190 0.0000000001
9263 0.0000000001
9397 0.0000000001
9405 0.0000000001
9422 0.0000000001
9461 0.0000000000
9530 0.0000000000
9684 0.0000000000
9716 0.0000000001
evaluations raw_y
1 30.0617399442
5 27.7043848601
13 23.9961153719
16 15.7386774449
17 15.6110381710
25 13.8038183276
34 11.5889303227
53 10.6642932176
54 10.5962572440
58 8.7469120560
60 5.5816493554
115 4.0646610372
206 3.9734959695
270 3.1533919743
339 3.0546874853
352 2.9316619416
374 2.6510029883
451 2.2458616750
531 2.2303740295
550 1.7644975184
552 1.0686354008
788 0.8199020659
866 0.7109272992
916 0.6698297595
920 0.5279843549
991 0.3001082831
1187 0.2675688244
1344 0.2401658364
1378 0.1953870450
1505 0.1084960687
1558 0.1066443104
1563 0.0947469183
1739 0.0824485820
1786 0.0681648524
1938 0.0373355511
2089 0.0258744044
2105 0.0248815750
2389 0.0190305254
2546 0.0153690234
2649 0.0152671844
2717 0.0081191324
3082 0.0075962187
3089 0.0057003629
3111 0.0043037822
3242 0.0030030182
3323 0.0024111326
3364 0.0017067524
3451 0.0014400347
3628 0.0012364585
3687 0.0011149420
3728 0.0009785233
3748 0.0005857471
3775 0.0004616890
3985 0.0003085089
4226 0.0002269698
4306 0.0001848005
4391 0.0001134798
4416 0.0001057308
4571 0.0000939529
4683 0.0000690852
4695 0.0000664512
4866 0.0000370275
4903 0.0000300840
5039 0.0000278198
5321 0.0000181530
5477 0.0000167349
5520 0.0000071791
5948 0.0000067964
6098 0.0000066880
6147 0.0000047684
6220 0.0000046577
6233 0.0000032231
6237 0.0000010152
6398 0.0000009545
6428 0.0000006707
6587 0.0000006702
6604 0.0000006521
6617 0.0000006155
6618 0.0000005914
6692 0.0000004741
6700 0.0000004347
6758 0.0000004078
6987 0.0000003837
7043 0.0000003294
7106 0.0000002998
7171 0.0000002123
7401 0.0000001954
7469 0.0000001952
7481 0.0000001886
7501 0.0000001388
7581 0.0000001321
7616 0.0000001048
7669 0.0000000887
7789 0.0000000753
7875 0.0000000666
8006 0.0000000525
8124 0.0000000525
8131 0.0000000433
8156 0.0000000362
8162 0.0000000278
8192 0.0000000217
8328 0.0000000194
8416 0.0000000138
8558 0.0000000117
8605 0.0000000086
8637 0.0000000036
8955 0.0000000028
9010 0.0000000016
9156 0.0000000016
9238 0.0000000014
9256 0.0000000013
9297 0.0000000012
9340 0.0000000008
9349 0.0000000007
9380 0.0000000006
9476 0.0000000022
evaluations raw_y
1 74.4173850916
2 60.6454443382
3 18.4102250240
10 13.3396607035
11 12.6786844428
22 9.0722984166
37 7.3211744511
57 5.5183950755
60 1.9882209489
254 1.8773592910
353 0.9409190338
538 0.8966208603
594 0.3828367722
915 0.3003125013
1057 0.2725845586
1158 0.1674957758
1199 0.1333230846
1293 0.1234645897
1538 0.1231249697
1603 0.0805236509
1648 0.0618111870
1686 0.0578133371
1704 0.0467644339
1754 0.0425526821
1819 0.0398254143
1906 0.0271709973
2044 0.0235169899
2128 0.0108943981
2558 0.0108341407
2617 0.0061883932
2703 0.0059159598
2763 0.0044978628
2789 0.0031318648
3081 0.0021650261
3217 0.0021529538
3295 0.0021323464
3296 0.0011679513
3403 0.0009809689
3610 0.0005890752
3673 0.0004545140
3808 0.0004299546
4010 0.0002746971
4062 0.0002502827
4136 0.0001584390
4361 0.0001143477
4522 0.0001068797
4543 0.0001009743
4613 0.0000969966
4686 0.0000493329
4864 0.0000371823
4974 0.0000184494
5372 0.0000172889
5446 0.0000158950
5514 0.0000148462
5585 0.0000124507
5648 0.0000085599
5670 0.0000057744
5804 0.0000034335
5919 0.0000026048
6101 0.0000016941
6383 0.0000015687
6409 0.0000008082
6493 0.0000006366
6610 0.0000005788
6769 0.0000005475
6803 0.0000004663
6826 0.0000004355
6963 0.0000004273
6966 0.0000003854
7028 0.0000003031
7146 0.0000002686
7257 0.0000002573
7274 0.0000002473
7289 0.0000002285
7328 0.0000002263
7351 0.0000001979
7411 0.0000001424
7532 0.0000001098
7533 0.0000001090
7566 0.0000000892
7808 0.0000000870
7857 0.0000000528
7974 0.0000000209
8123 0.0000000139
8283 0.0000000131
8354 0.0000000130
8409 0.0000000115
8459 0.0000000104
8542 0.0000000064
8546 0.0000000062
8578 0.0000000043
8648 0.0000000035
8649 0.0000000031
8797 0.0000000020
8800 0.0000000014
8813 0.0000000010
8936 0.0000000008
9173 0.0000000005
9293 0.0000000004
9369 0.0000000004
9384 0.0000000004
9385 0.0000000003
9401 0.0000000012
evaluations raw_y
1 71.9972155721
2 10.3815345693
12 12.5362196105
20 9.5846013736
21 8.4721628246
35 8.3022277805
57 5.8718124345
140 4.3481989145
162 3.6457857430
286 2.8463615177
311 2.4597489056
474 1.5698541096
623 0.8839119506
792 0.7117389462
995 0.6655345381
997 0.6029902615
1009 0.5922727899
1035 0.4686521665
1052 0.2791774192
1429 0.1523128730
1648 0.1137070201
1729 0.1011757842
1771 0.0701740511
1773 0.0623234081
1816 0.0438029114
1910 0.0408520572
1952 0.0401350818
1993 0.0298424204
2170 0.0280713216
2237 0.0236399078
2381 0.0124237811
2480 0.0111830289
2576 0.0111790689
2706 0.0106293548
2709 0.0071343963
2787 0.0041282785
2931 0.0040607269
3096 0.0024339104
3339 0.0016430452
3404 0.0014818504
3487 0.0009960167
3606 0.0006763866
3716 0.0005711336
3848 0.0004258612
3851 0.0003877839
4061 0.0003140571
4138 0.0002977601
4140 0.0002538596
4180 0.0002377319
4317 0.0002223799
4323 0.0001844150
4329 0.0001394023
4481 0.0001184200
4618 0.0000879671
4679 0.0000707294
4793 0.0000400631
4811 0.0000240654
5067 0.0000221541
5089 0.0000219914
5143 0.0000207627
5167 0.0000205702
5239 0.0000196279
5410 0.0000170166
5482 0.0000092428
5602 0.0000084693
5618 0.0000081419
5657 0.0000071149
5690 0.0000068977
5762 0.0000055679
5858 0.0000054910
5891 0.0000036155
5982 0.0000017554
6185 0.0000009674
6267 0.0000008639
6369 0.0000007850
6385 0.0000006816
6433 0.0000005788
6584 0.0000005658
6685 0.0000005622
6694 0.0000005513
6705 0.0000004212
6706 0.0000004210
6745 0.0000002771
6761 0.0000002281
7005 0.0000002154
7418 0.0000002115
7439 0.0000001833
7442 0.0000001719
7513 0.0000001324
7661 0.0000000968
7686 0.0000000859
7710 0.0000000803
7747 0.0000000557
7815 0.0000000166
8125 0.0000000066
8248 0.0000000023
8699 0.0000000023
8807 0.0000000023
8819 0.0000000022
8829 0.0000000014
8837 0.0000000010
8868 0.0000000007
9067 0.0000000007
9096 0.0000000006
9132 0.0000000006
9141 0.0000000005
9170 0.0000000003
9367 0.0000000003
9499 0.0000000002
9578 0.0000000001
9690 0.0000000000
9844 0.0000000000
9917 0.0000000000
9970 0.0000000000
10085 0.0000000001
evaluations raw_y
1 34.4970232253
2 43.9083950525
3 45.2781222709
4 19.7775062545
5 16.2572651730
7 13.4082198948
9 13.0735986439
11 11.0708272843
39 8.9909276424
40 6.0458492196
49 4.1922575364
200 2.3366437169
268 1.6690292204
480 1.2018778222
680 0.9014392372
711 0.6862257493
864 0.6650485418
901 0.5329933007
916 0.4620330429
1019 0.2456546553
1151 0.2378363240
1250 0.1542054307
1322 0.0620550288
1690 0.0570229947
1810 0.0449403826
1897 0.0296959497
2175 0.0182408312
2216 0.0170603276
2316 0.0148722109
2347 0.0142086459
2408 0.0130548732
2417 0.0120581273
2501 0.0080706106
2594 0.0079316039
2712 0.0039539872
2854 0.0039022071
3005 0.0032680055
3098 0.0028034688
3159 0.0020525389
3227 0.0012409053
3412 0.0007727387
3423 0.0005707771
3719 0.0005279837
3810 0.0003249347
3894 0.0002069503
4077 0.0001843517
4149 0.0001793582
4324 0.0001599909
4412 0.0001522846
4480 0.0001335984
4509 0.0001194763
4563 0.0001149196
4624 0.0000996763
4681 0.0000833601
4714 0.0000782736
4719 0.0000647632
4766 0.0000586945
4825 0.0000346303
4975 0.0000344492
4986 0.0000333529
5010 0.0000309572
5047 0.0000305296
5223 0.0000278593
5240 0.0000247574
5304 0.0000242183
5347 0.0000231446
5390 0.0000206948
5409 0.0000204094
5429 0.0000156794
5516 0.0000101545
5578 0.0000095783
5583 0.0000052169
5884 0.0000041224
5891 0.0000040395
5943 0.0000013236
6041 0.0000012510
6092 0.0000012510
6098 0.0000009607
6152 0.0000006377
6251 0.0000006049
6491 0.0000005838
6540 0.0000005831
6548 0.0000005757
6553 0.0000005458
6625 0.0000003883
6667 0.0000003343
6814 0.0000003339
6832 0.0000002617
6884 0.0000002320
7040 0.0000001686
7202 0.0000001438
7217 0.0000001434
7277 0.0000001340
7344 0.0000001168
7363 0.0000000694
7525 0.0000000559
7671 0.0000000465
7767 0.0000000366
7774 0.0000000300
7856 0.0000000280
7867 0.0000000215
7920 0.0000000107
8121 0.0000000106
8151 0.0000000106
8193 0.0000000094
8194 0.0000000062
8272 0.0000000061
8363 0.0000000041
8385 0.0000000022
8536 0.0000000018
8635 0.0000000012
8717 0.0000000012
8750 0.0000000004
8996 0.0000000003
9082 0.0000000015
evaluations raw_y
1 78.2555326425
4 65.0486321548
5 40.0671477190
7 6.5015201861
123 6.1196601617
126 6.0674902028
132 4.0795639497
224 3.5069217360
291 1.8333406876
397 1.6261536797
512 1.5931248823
564 1.2300987522
704 0.9456730919
736 0.2078942690
1294 0.1833110644
1443 0.1725666632
1575 0.1322504590
1618 0.1076162684
1637 0.0924691018
1713 0.0725624027
1717 0.0533167649
1855 0.0501304227
1873 0.0463620191
1979 0.0440225470
2014 0.0274225662
2171 0.0141153904
2443 0.0086954801
2736 0.0071170435
2802 0.0052164216
2820 0.0048212903
2838 0.0036866772
3067 0.0033766429
3107 0.0032881576
3113 0.0026016804
3348 0.0022825437
3359 0.0016857844
3392 0.0013195087
3543 0.0011567584
3648 0.0009978787
3649 0.0006285676
3799 0.0006123708
3863 0.0005702621
3932 0.0005504599
3956 0.0004132321
3998 0.0003746088
4062 0.0002996212
4171 0.0002993940
4186 0.0002860554
4195 0.0002815344
4201 0.0002689303
4214 0.0002635154
4240 0.0002437175
4254 0.0002165292
4334 0.0001585252
4408 0.0001567217
4444 0.0001509679
4492 0.0001376558
4502 0.0000831906
4514 0.0000645642
4661 0.0000382233
4662 0.0000328306
4893 0.0000316906
4997 0.0000299095
5065 0.0000228322
5235 0.0000172286
5376 0.0000171352
5390 0.0000154255
5405 0.0000118586
5406 0.0000095319
5570 0.0000080895
5605 0.0000080669
5622 0.0000075919
5724 0.0000058239
5732 0.0000057722
5785 0.0000009892
6183 0.0000007388
6324 0.0000007159
6393 0.0000007114
6401 0.0000006714
6431 0.0000006668
6477 0.0000006045
6547 0.0000005060
6632 0.0000005015
6634 0.0000004962
6663 0.0000003734
6719 0.0000003096
6752 0.0000002766
6836 0.0000002620
6998 0.0000002554
7029 0.0000001965
7190 0.0000001534
7252 0.0000001334
7286 0.0000001266
7328 0.0000001133
7356 0.0000001089
7370 0.0000000630
7555 0.0000000534
7666 0.0000000422
7667 0.0000000395
7710 0.0000000378
7719 0.0000000235
7936 0.0000000198
8004 0.0000000134
8078 0.0000000116
8088 0.0000000099
8111 0.0000000025
8704 0.0000000022
8709 0.0000000018
8749 0.0000000015
8763 0.0000000009
8921 0.0000000006
8955 0.0000000003
9081 0.0000000003
9135 0.0000000003
9151 0.0000000003
9234 0.0000000002
9245 0.0000000002
9359 0.0000000002
9403 0.0000000002
9422 0.0000000001
9496 0.0000000001
9503 0.0000000001
9526 0.0000000001
9623 0.0000000001
9663 0.0000000000
9747 0.0000000000
9898 0.0000000000
9899 0.0000000000
9906 0.0000000000
9945 0.0000000000
10100 0.0000000000
10197 0.0000000000
10319 0.0000000000
10439 0.0000000000
10457 0.0000000000
