evaluations raw_y
1 846.7355428316
2 684.8573834166
7 622.7690435212
15 592.5424846775
21 588.7113682245
22 557.0397416741
29 541.8564352712
34 531.9718039278
42 529.3298423427
47 514.4027592532
54 392.4272166574
74 340.7495286858
85 306.1738459087
93 274.0396234968
122 272.1134760418
173 261.1725203472
184 254.0400796128
190 233.6198053200
194 196.1129540587
204 187.7324530715
229 165.4120696699
259 163.2805522973
261 161.1320542481
269 158.9759869982
274 156.5743991736
276 128.5372744218
282 112.4601444721
291 109.4823359596
316 97.6991476953
330 90.8415240419
342 85.6022026534
371 75.6845770064
390 69.8641704214
402 66.9903427559
415 66.0069667944
449 55.2057985731
479 47.9797307563
492 46.7956424036
497 35.7527232583
544 32.6980116786
568 30.6353685873
579 29.1456338683
587 27.6928738991
588 26.5175957682
598 26.2202870645
599 22.1105333577
608 19.9541143521
629 18.6460966344
647 15.3493767127
650 14.7245501773
666 13.1019055741
686 11.7917905004
690 10.4370310990
732 9.7415505230
739 9.1151295905
759 8.3787650922
780 8.3685078141
789 7.9891240225
792 4.8401398329
882 4.8334615974
890 4.6214988155
916 4.0492985968
936 3.4928241065
972 3.2749440526
973 3.2406462904
990 3.0817561032
1017 2.9849973808
1020 2.8806366621
1027 2.4097757489
1068 2.2766664652
1072 2.2488536899
1087 1.9201446684
1142 1.5898106493
1168 1.5595944009
1186 1.4821780710
1208 1.3272099224
1228 1.0744591045
1268 0.9682022601
1292 0.9616726289
1319 0.9149046748
1359 0.9125565575
1487 0.7249815215
1560 0.6592397564
1669 0.5635180852
1701 0.4647784408
1826 0.4410058858
1829 0.3617492046
1868 0.3165192608
1875 0.3146396782
1894 0.3076326591
1925 0.3029940577
1942 0.2750908769
1944 0.2623699817
1965 0.2247230922
2094 0.2058842820
2150 0.1997313144
2188 0.1765341094
2196 0.1610181681
2243 0.1327205942
2318 0.1321314624
2331 0.1084350551
2332 0.0841583543
2458 0.0807567306
2478 0.0735418849
2489 0.0671150191
2536 0.0612294040
2704 0.0543206779
2716 0.0542818333
2721 0.0377778135
2810 0.0337157288
2852 0.0289795549
3077 0.0284920314
3083 0.0261458369
3115 0.0217685333
3150 0.0216871012
3153 0.0205894921
3178 0.0199484708
3201 0.0187318239
3233 0.0179508386
3238 0.0172576452
3249 0.0159400309
3250 0.0151534999
3257 0.0135313531
3300 0.0134946273
3302 0.0133344988
3314 0.0132920255
3336 0.0129719935
3357 0.0112039474
3371 0.0103195610
3384 0.0095146433
3400 0.0085103474
3422 0.0084985570
3423 0.0083746732
3530 0.0080914934
3599 0.0068893529
3667 0.0064770643
3727 0.0053063877
3792 0.0050305683
3814 0.0049098371
3818 0.0041526494
3824 0.0039803265
3857 0.0038811879
3871 0.0038420317
3913 0.0035028207
3919 0.0035019997
3950 0.0033368845
4001 0.0032601648
4002 0.0022952035
4098 0.0021689767
4136 0.0018439285
4202 0.0016582747
4227 0.0014443018
4261 0.0011797190
4382 0.0011743695
4388 0.0011424534
4390 0.0010270747
4398 0.0009307180
4416 0.0008512057
4481 0.0007671936
4542 0.0007442237
4599 0.0006949451
4612 0.0005971647
4674 0.0005447993
4762 0.0005318613
4771 0.0005105516
4781 0.0004185458
4804 0.0003844315
4806 0.0003362024
4827 0.0003299015
4849 0.0003038329
4902 0.0002953663
4949 0.0002849442
4972 0.0002666996
5012 0.0001930491
5095 0.0001632084
5120 0.0001540229
5173 0.0001385457
5237 0.0001289841
5250 0.0001115756
5275 0.0001086755
5279 0.0001022016
5315 0.0001011999
5329 0.0000728427
5471 0.0000693921
5545 0.0000631656
5584 0.0000617203
5603 0.0000610725
5613 0.0000421973
5727 0.0000411167
5729 0.0000386283
5743 0.0000382508
5753 0.0000377674
5805 0.0000348046
5809 0.0000341552
5817 0.0000339441
5823 0.0000330118
5859 0.0000287936
5861 0.0000281989
5884 0.0000245925
5921 0.0000199195
5951 0.0000194052
5965 0.0000186909
5987 0.0000181066
6006 0.0000158730
6097 0.0000131999
6124 0.0000124064
6207 0.0000119933
6229 0.0000119752
6234 0.0000112689
6243 0.0000101831
6256 0.0000091036
6287 0.0000086718
6299 0.0000071509
6334 0.0000062931
6338 0.0000053088
6523 0.0000052229
6548 0.0000042933
6612 0.0000041623
6621 0.0000040514
6626 0.0000038049
6672 0.0000029895
6736 0.0000024047
6857 0.0000023589
6905 0.0000018612
6933 0.0000016555
6936 0.0000015998
6938 0.0000013652
7081 0.0000010824
7219 0.0000010597
7248 0.0000010556
7264 0.0000009955
7281 0.0000009680
7295 0.0000008112
7352 0.0000007453
7414 0.0000004334
7597 0.0000004274
7627 0.0000004134
7666 0.0000004113
7675 0.0000004033
7694 0.0000003334
7717 0.0000002906
7741 0.0000002688
7775 0.0000002396
7840 0.0000002269
7873 0.0000002249
7878 0.0000002052
7900 0.0000001937
7935 0.0000001906
7946 0.0000001632
7965 0.0000001583
8003 0.0000001470
8009 0.0000001435
8019 0.0000001274
8125 0.0000001222
8216 0.0000000964
8280 0.0000000960
8284 0.0000000821
8287 0.0000000698
8463 0.0000000657
8470 0.0000000624
8471 0.0000000443
8621 0.0000000438
8654 0.0000000350
8765 0.0000000282
8821 0.0000000253
8835 0.0000000190
8932 0.0000000180
9008 0.0000000178
9039 0.0000000136
9111 0.0000000109
9182 0.0000000101
9249 0.0000000069
9370 0.0000000067
9453 0.0000000065
9461 0.0000000057
9490 0.0000000055
9512 0.0000000055
9518 0.0000000053
9525 0.0000000051
9546 0.0000000043
9574 0.0000000042
9580 0.0000000037
9636 0.0000000035
9644 0.0000000034
9666 0.0000000033
9719 0.0000000032
9745 0.0000000024
9800 0.0000000023
9884 0.0000000022
9911 0.0000000018
10050 0.0000000017
10062 0.0000000015
10148 0.0000000010
10216 0.0000000007
10375 0.0000000006
10426 0.0000000006
10450 0.0000000005
10567 0.0000000004
10590 0.0000000004
10634 0.0000000004
10661 0.0000000004
10668 0.0000000004
10669 0.0000000004
10732 0.0000000003
10772 0.0000000003
10776 0.0000000003
10834 0.0000000003
10847 0.0000000002
10909 0.0000000002
10975 0.0000000002
10992 0.0000000001
11068 0.0000000001
11104 0.0000000001
11131 0.0000000001
11166 0.0000000001
11201 0.0000000001
11312 0.0000000001
11315 0.0000000001
11358 0.0000000001
11374 0.0000000001
11375 0.0000000001
11408 0.0000000001
11429 0.0000000001
11450 0.0000000001
11490 0.0000000000
11512 0.0000000000
11540 0.0000000000
11585 0.0000000000
11613 0.0000000000
11652 0.0000000000
11685 0.0000000000
11689 0.0000000000
11794 0.0000000000
11803 0.0000000000
11847 0.0000000000
11857 0.0000000000
11923 0.0000000000
12050 0.0000000000
12143 0.0000000000
12150 0.0000000000
12171 0.0000000000
12207 0.0000000000
12218 0.0000000000
12219 0.0000000000
12255 0.0000000000
12297 0.0000000000
12320 0.0000000000
12421 0.0000000000
12443 0.0000000000
12632 0.0000000000
12781 0.0000000000
12794 0.0000000000
12816 0.0000000000
12847 0.0000000000
12912 0.0000000000
13004 0.0000000000
13005 0.0000000000
13064 0.0000000000
13105 0.0000000000
13220 0.0000000000
13327 0.0000000000
13416 0.0000000000
13442 0.0000000000
13634 0.0000000000
13650 0.0000000000
13687 0.0000000000
13747 0.0000000000
13792 0.0000000000
13865 0.0000000000
13916 0.0000000000
14118 0.0000000000
14181 0.0000000000
14280 0.0000000000
14640 0.0000000000
15150 0.0000000000
evaluations raw_y
1 581.0437628422
4 446.5893014937
17 433.4681166677
29 353.5053207337
43 275.9603166362
67 222.5900991268
93 184.9956590701
152 154.9290261968
166 130.8542939797
192 114.8436893667
248 104.4426651125
287 93.3877793529
298 85.5854245973
316 83.4723601208
317 70.5179374379
335 66.3632483024
348 65.0665660180
359 64.6702987234
364 59.1170469746
368 50.4093381361
381 46.1213123583
423 39.6343092679
442 24.5504113955
530 21.2179411489
552 17.2838314990
581 15.3436928958
665 14.6040589727
668 12.8373052927
672 10.6741863232
675 9.2548485696
693 6.2944676597
808 5.7116024335
835 5.0670804764
859 4.2930510085
869 4.0137586682
886 2.8762782291
911 2.5023314016
979 2.4895766388
999 2.1955814916
1000 1.9509931129
1048 1.3857240914
1236 1.1429227717
1282 1.0363899489
1311 1.0166141801
1389 0.9001629859
1472 0.7482532508
1475 0.6634506801
1539 0.5824271153
1637 0.5703751963
1647 0.5350331840
1656 0.5330437689
1697 0.4029027422
1746 0.3631588250
1809 0.3072608684
1924 0.2669677985
1931 0.2432131436
1982 0.2270122132
2051 0.2212418823
2055 0.2093460673
2067 0.2026959980
2072 0.1995789155
2089 0.1637671344
2147 0.1579453675
2191 0.1438191353
2226 0.1294937794
2265 0.1090439294
2318 0.1088236428
2342 0.0926439933
2412 0.0908543242
2466 0.0888508951
2487 0.0756696337
2557 0.0691133015
2584 0.0637242425
2601 0.0504748504
2686 0.0469081496
2730 0.0448850688
2735 0.0428762218
2751 0.0296654258
2876 0.0273496847
2904 0.0242182594
2936 0.0228590216
2947 0.0221622893
2953 0.0215755629
2992 0.0214693267
3015 0.0201181114
3123 0.0167752556
3209 0.0167212138
3212 0.0146084089
3220 0.0143863885
3264 0.0114705477
3323 0.0114682315
3324 0.0111197410
3325 0.0082149027
3437 0.0077392295
3456 0.0071005244
3482 0.0061345641
3526 0.0057788216
3553 0.0048756299
3578 0.0047027225
3595 0.0044227865
3664 0.0041246265
3739 0.0040179499
3741 0.0034974365
3820 0.0033227841
3839 0.0033025473
3892 0.0025540673
3968 0.0023307433
3972 0.0022888437
4008 0.0021799867
4021 0.0021610371
4057 0.0017868337
4161 0.0015311591
4162 0.0013273114
4253 0.0011641602
4340 0.0009424789
4463 0.0008467369
4524 0.0008238055
4528 0.0007511161
4588 0.0007278257
4591 0.0005730243
4660 0.0004994791
4666 0.0004994107
4669 0.0004452273
4680 0.0004247162
4692 0.0004069409
4824 0.0003622815
4887 0.0002808962
4919 0.0002775140
4924 0.0002721327
4964 0.0002404313
5014 0.0001916559
5086 0.0001894655
5104 0.0001714410
5130 0.0001665936
5151 0.0001645770
5190 0.0001400610
5222 0.0001256096
5302 0.0000992165
5357 0.0000913969
5438 0.0000733860
5528 0.0000696804
5565 0.0000596690
5607 0.0000480502
5689 0.0000464838
5730 0.0000390189
5790 0.0000388858
5800 0.0000382632
5832 0.0000353744
5837 0.0000284780
5899 0.0000279137
5907 0.0000227265
5935 0.0000221466
5963 0.0000206091
5977 0.0000196654
6042 0.0000175150
6151 0.0000173531
6175 0.0000139084
6256 0.0000085321
6432 0.0000076675
6436 0.0000060971
6609 0.0000060708
6632 0.0000048113
6646 0.0000043059
6765 0.0000035854
6809 0.0000033598
6860 0.0000032537
6892 0.0000029835
6927 0.0000028427
6937 0.0000028366
6948 0.0000026301
6973 0.0000024945
6978 0.0000020843
7031 0.0000017339
7126 0.0000014375
7249 0.0000013945
7275 0.0000012644
7298 0.0000012048
7346 0.0000011930
7350 0.0000011137
7362 0.0000010800
7363 0.0000009612
7429 0.0000008553
7455 0.0000007079
7567 0.0000006710
7638 0.0000006223
7723 0.0000006111
7740 0.0000005651
7751 0.0000005059
7764 0.0000004562
7767 0.0000004245
7821 0.0000003761
7891 0.0000003073
7956 0.0000003035
8005 0.0000002446
8052 0.0000002384
8070 0.0000002310
8116 0.0000002178
8172 0.0000001712
8175 0.0000001639
8186 0.0000001343
8283 0.0000001122
8410 0.0000001046
8462 0.0000000967
8496 0.0000000865
8503 0.0000000769
8573 0.0000000601
8673 0.0000000601
8675 0.0000000596
8703 0.0000000480
8735 0.0000000374
8816 0.0000000371
8875 0.0000000280
9083 0.0000000254
9134 0.0000000209
9235 0.0000000198
9256 0.0000000197
9267 0.0000000175
9306 0.0000000173
9323 0.0000000169
9336 0.0000000133
9381 0.0000000102
9499 0.0000000097
9546 0.0000000089
9548 0.0000000086
9567 0.0000000078
9593 0.0000000073
9594 0.0000000069
9647 0.0000000063
9702 0.0000000055
9713 0.0000000053
9721 0.0000000052
9726 0.0000000051
9752 0.0000000046
9776 0.0000000042
9918 0.0000000039
9944 0.0000000029
10022 0.0000000026
10070 0.0000000025
10088 0.0000000025
10127 0.0000000024
10153 0.0000000021
10163 0.0000000021
10192 0.0000000019
10198 0.0000000018
10241 0.0000000018
10274 0.0000000016
10279 0.0000000013
10337 0.0000000013
10343 0.0000000010
10419 0.0000000010
10504 0.0000000009
10518 0.0000000009
10548 0.0000000006
10552 0.0000000005
10663 0.0000000005
10694 0.0000000004
10727 0.0000000004
10740 0.0000000004
10756 0.0000000004
10785 0.0000000004
10793 0.0000000004
10842 0.0000000003
10844 0.0000000003
10897 0.0000000002
10966 0.0000000002
11014 0.0000000002
11033 0.0000000002
11076 0.0000000001
11208 0.0000000001
11274 0.0000000001
11299 0.0000000001
11401 0.0000000001
11463 0.0000000001
11506 0.0000000000
11558 0.0000000000
11612 0.0000000000
11648 0.0000000000
11661 0.0000000000
11696 0.0000000000
11744 0.0000000000
11757 0.0000000000
11772 0.0000000000
11817 0.0000000000
11843 0.0000000000
11918 0.0000000000
11930 0.0000000000
11952 0.0000000000
11961 0.0000000000
11983 0.0000000000
12023 0.0000000000
12059 0.0000000000
12244 0.0000000000
12369 0.0000000000
12406 0.0000000000
12415 0.0000000000
12456 0.0000000000
12467 0.0000000000
12476 0.0000000000
12590 0.0000000000
12596 0.0000000000
12715 0.0000000000
12737 0.0000000000
12738 0.0000000000
12793 0.0000000000
12808 0.0000000000
12965 0.0000000000
12997 0.0000000000
13023 0.0000000000
13143 0.0000000000
13173 0.0000000000
13187 0.0000000000
13331 0.0000000000
13336 0.0000000000
13363 0.0000000000
13398 0.0000000000
13423 0.0000000000
13468 0.0000000000
13469 0.0000000000
13521 0.0000000000
13532 0.0000000000
13620 0.0000000000
13698 0.0000000000
13801 0.0000000000
13810 0.0000000000
13850 0.0000000000
13853 0.0000000000
13855 0.0000000000
13875 0.0000000000
13896 0.0000000000
13924 0.0000000000
13976 0.0000000000
14043 0.0000000000
14058 0.0000000000
14072 0.0000000000
14080 0.0000000000
14149 0.0000000000
14179 0.0000000000
14216 0.0000000000
14281 0.0000000000
14316 0.0000000000
14352 0.0000000000
14412 0.0000000000
14531 0.0000000000
14539 0.0000000000
14584 0.0000000000
14647 0.0000000000
14651 0.0000000000
14742 0.0000000000
14748 0.0000000000
14832 0.0000000000
14836 0.0000000000
14841 0.0000000000
14875 0.0000000000
14956 0.0000000000
14967 0.0000000000
14997 0.0000000000
15097 0.0000000000
15104 0.0000000000
15107 0.0000000000
15154 0.0000000000
15179 0.0000000000
15255 0.0000000000
15360 0.0000000000
15372 0.0000000000
15406 0.0000000000
15407 0.0000000000
15546 0.0000000000
15650 0.0000000000
15745 0.0000000000
15835 0.0000000000
15995 0.0000000000
16219 0.0000000000
16959 0.0000000000
evaluations raw_y
1 803.1191941130
3 649.8172150029
6 633.2971790602
11 520.7467366098
32 508.7525696125
37 495.8740840426
40 487.6231146221
43 422.9652293970
58 394.1725443326
62 373.8163093098
73 350.6984141033
81 307.9405348510
83 304.8449156566
89 297.5718977261
92 287.4859729759
103 281.0304942995
107 274.7391460547
113 211.1474442154
119 192.5901854311
134 184.8864698032
160 163.8178676934
178 156.9745382701
193 129.1567027673
214 102.5984281028
215 96.7167349719
238 89.0121259232
240 73.4625643650
248 69.2647379919
301 61.3675113689
408 56.5217109913
409 55.3405584235
418 54.3400233852
425 53.6459345472
432 51.8943655436
436 37.3170774159
475 30.3016520539
487 30.0862213472
508 26.9798485076
518 24.8552613903
529 24.1224137590
550 22.3818711116
559 22.0100640777
578 18.7813566679
579 17.9516470574
616 17.7801072457
619 16.6722630500
637 15.2199686592
646 12.8266596937
661 12.6972667985
676 11.6985708465
702 7.5958440121
764 5.9109124747
784 5.5924909726
800 4.9984654615
815 4.6177038092
842 4.2425020197
851 3.6511549823
882 3.2439860113
883 2.9748562717
898 2.7530850555
960 2.4218993289
989 2.3457435789
1029 1.7419566377
1055 1.7230821210
1088 1.6278408186
1093 1.3071728541
1124 1.2832354820
1131 1.2542979126
1151 1.2246364832
1203 1.1308513337
1230 1.0724333230
1283 0.9405523800
1347 0.8231682576
1371 0.6290096326
1614 0.6096751805
1689 0.5761239773
1704 0.5680810638
1716 0.5518181155
1741 0.5088510092
1774 0.4888600052
1784 0.4329944222
1794 0.4275047926
1820 0.3641114727
1858 0.3254978011
1920 0.3249083350
1923 0.2769427223
1984 0.2282435119
2001 0.2089646059
2002 0.1751038779
2122 0.1676750366
2129 0.1617271326
2130 0.1612213844
2159 0.1606978584
2184 0.1578980305
2193 0.1571319691
2217 0.1443105009
2255 0.1390493113
2259 0.1319007967
2269 0.1228101685
2340 0.1219931267
2352 0.1105938104
2370 0.0633924235
2588 0.0574746583
2606 0.0543590546
2666 0.0470462447
2731 0.0424919033
2781 0.0391643980
2797 0.0316730285
2892 0.0309869878
2893 0.0308363233
2919 0.0282781290
2923 0.0261261451
2927 0.0221077528
2979 0.0203514463
3049 0.0198057417
3050 0.0178501079
3055 0.0177632334
3066 0.0152394329
3070 0.0137050707
3139 0.0123783404
3266 0.0109788952
3276 0.0101298694
3282 0.0090351978
3334 0.0088247221
3372 0.0086277224
3413 0.0080265706
3414 0.0077649380
3424 0.0058072347
3488 0.0056804770
3494 0.0051965222
3531 0.0049880924
3599 0.0048184902
3637 0.0045474716
3642 0.0041718321
3644 0.0034863315
3736 0.0030440792
3758 0.0029306712
3825 0.0028831926
3870 0.0027185025
3915 0.0024062707
3931 0.0020510885
3974 0.0019976731
4028 0.0017960666
4051 0.0015587248
4134 0.0014873707
4161 0.0012314684
4241 0.0012064758
4244 0.0010330453
4327 0.0007461721
4401 0.0006598650
4476 0.0006041004
4512 0.0004696061
4520 0.0004600859
4552 0.0004585402
4592 0.0003973514
4659 0.0003131107
4735 0.0002626746
4771 0.0002527815
4847 0.0002294128
4849 0.0002094124
4907 0.0001738482
4908 0.0001532516
5011 0.0001113919
5166 0.0001043611
5202 0.0000961551
5283 0.0000933970
5288 0.0000916302
5306 0.0000872358
5335 0.0000855596
5342 0.0000839344
5359 0.0000804563
5362 0.0000770209
5386 0.0000646008
5400 0.0000641785
5434 0.0000581390
5459 0.0000486506
5536 0.0000475526
5558 0.0000430489
5621 0.0000352011
5653 0.0000335234
5672 0.0000290147
5684 0.0000232444
5767 0.0000178041
5913 0.0000172473
5951 0.0000170690
5969 0.0000155556
5985 0.0000152833
6008 0.0000081546
6218 0.0000064333
6435 0.0000057148
6494 0.0000050992
6565 0.0000050738
6598 0.0000046043
6606 0.0000045301
6608 0.0000037279
6675 0.0000035510
6735 0.0000033636
6755 0.0000026409
6788 0.0000025380
6812 0.0000024380
6817 0.0000020905
6940 0.0000017193
7024 0.0000015893
7037 0.0000015370
7053 0.0000010963
7179 0.0000009579
7282 0.0000009532
7307 0.0000009509
7312 0.0000007808
7350 0.0000006304
7387 0.0000006084
7468 0.0000004988
7543 0.0000004114
7643 0.0000003230
7666 0.0000002830
7748 0.0000002046
7774 0.0000001924
7914 0.0000001535
8002 0.0000001441
8016 0.0000001373
8040 0.0000001319
8083 0.0000001088
8117 0.0000001009
8140 0.0000000980
8210 0.0000000946
8211 0.0000000885
8243 0.0000000872
8272 0.0000000798
8274 0.0000000721
8324 0.0000000523
8433 0.0000000502
8496 0.0000000466
8507 0.0000000446
8515 0.0000000421
8546 0.0000000342
8597 0.0000000337
8622 0.0000000325
8647 0.0000000317
8713 0.0000000316
8725 0.0000000237
8815 0.0000000200
8915 0.0000000199
8919 0.0000000191
8946 0.0000000176
8970 0.0000000157
8992 0.0000000084
9279 0.0000000074
9359 0.0000000071
9377 0.0000000051
9453 0.0000000050
9554 0.0000000038
9630 0.0000000037
9641 0.0000000032
9716 0.0000000031
9720 0.0000000028
9771 0.0000000026
9849 0.0000000026
9879 0.0000000020
9941 0.0000000018
9966 0.0000000018
9979 0.0000000017
10039 0.0000000014
10116 0.0000000013
10120 0.0000000013
10163 0.0000000011
10229 0.0000000011
10253 0.0000000010
10261 0.0000000010
10283 0.0000000010
10285 0.0000000009
10304 0.0000000008
10365 0.0000000008
10383 0.0000000007
10407 0.0000000006
10561 0.0000000005
10579 0.0000000004
10688 0.0000000004
10738 0.0000000003
10798 0.0000000003
10824 0.0000000003
10831 0.0000000003
10861 0.0000000002
10889 0.0000000002
10926 0.0000000002
10989 0.0000000002
10991 0.0000000001
11089 0.0000000001
11120 0.0000000001
11165 0.0000000001
11210 0.0000000001
11296 0.0000000001
11322 0.0000000001
11371 0.0000000001
11400 0.0000000001
11411 0.0000000000
11593 0.0000000000
11595 0.0000000000
11618 0.0000000000
11634 0.0000000000
11669 0.0000000000
11766 0.0000000000
11780 0.0000000000
11850 0.0000000000
11864 0.0000000000
11877 0.0000000000
11993 0.0000000000
11996 0.0000000000
12000 0.0000000000
12063 0.0000000000
12084 0.0000000000
12113 0.0000000000
12223 0.0000000000
12249 0.0000000000
12302 0.0000000000
12312 0.0000000000
12335 0.0000000000
12341 0.0000000000
12342 0.0000000000
12376 0.0000000000
12626 0.0000000000
12639 0.0000000000
12674 0.0000000000
12675 0.0000000000
12773 0.0000000000
12775 0.0000000000
12779 0.0000000000
12829 0.0000000000
12902 0.0000000000
12981 0.0000000000
13070 0.0000000000
13085 0.0000000000
13112 0.0000000000
13398 0.0000000000
13408 0.0000000000
13456 0.0000000000
13462 0.0000000000
13497 0.0000000000
13555 0.0000000000
13588 0.0000000000
13686 0.0000000000
13721 0.0000000000
13750 0.0000000000
13801 0.0000000000
13870 0.0000000000
13872 0.0000000000
13915 0.0000000000
14051 0.0000000000
14104 0.0000000000
14121 0.0000000000
14169 0.0000000000
14243 0.0000000000
14272 0.0000000000
14356 0.0000000000
14362 0.0000000000
14459 0.0000000000
14498 0.0000000000
14602 0.0000000000
14729 0.0000000000
14734 0.0000000000
14850 0.0000000000
15189 0.0000000000
15790 0.0000000000
evaluations raw_y
1 698.1679020463
3 587.6017151641
5 565.3067664462
8 538.9997636664
13 507.4256726858
17 492.4491406250
18 444.3168616681
27 429.1656058540
28 361.0149617860
51 330.6789532119
62 272.6321692345
72 255.9407766191
78 250.4245127217
82 234.2321896552
88 210.7962136425
129 186.3199121119
182 148.6305687536
220 147.1000933507
232 123.7621565100
253 108.2029809957
272 96.8019490558
356 85.3712064687
384 80.4615332141
394 77.8220924414
402 76.7460443360
403 67.6862884578
405 60.1027900134
472 56.9987674296
487 47.5097620954
497 47.3559469325
499 46.4599566371
506 41.4777786723
521 38.6300851660
523 38.3912510447
528 34.5653011790
545 33.9375093896
557 31.8188226309
560 30.0733336794
566 27.8150568918
594 27.6543934781
596 23.5839934382
621 19.3268023963
629 18.4623334353
672 17.7615775886
698 16.0219916808
713 13.0706485058
740 11.3270375486
754 10.7090586828
778 10.3116434768
781 8.6213724665
802 6.8738672419
859 5.4259845522
874 5.1396694103
893 3.8218086150
965 3.6531888945
977 2.7381435339
1029 2.6562591418
1031 2.5837140437
1038 2.4145047800
1074 1.8474661473
1078 1.7818259275
1080 1.6568882944
1099 1.6503628510
1163 1.5967223073
1167 1.5247106274
1212 1.4855415026
1252 1.2994581365
1259 0.9971965438
1303 0.8491962720
1321 0.8471626934
1337 0.8113823455
1471 0.7003048475
1503 0.6743377393
1545 0.6335184137
1576 0.5788656276
1661 0.4786544740
1793 0.4326732061
1803 0.3779691448
1816 0.3765713220
1843 0.3354114167
1869 0.3023547859
1928 0.2196518720
2033 0.2041242892
2098 0.1971715283
2108 0.1584753042
2199 0.1583758921
2205 0.1338904581
2242 0.1144672203
2330 0.1057415511
2340 0.0968187918
2436 0.0851874535
2458 0.0688482847
2570 0.0664718093
2583 0.0625259389
2654 0.0598514720
2659 0.0589408567
2667 0.0587851702
2684 0.0491681976
2686 0.0476956531
2760 0.0415109171
2794 0.0332411495
2836 0.0309811655
2890 0.0259087623
3036 0.0231576244
3109 0.0207571245
3120 0.0186231806
3134 0.0182292323
3201 0.0132465481
3234 0.0119415820
3384 0.0112144479
3409 0.0062166770
3654 0.0041826202
3808 0.0035447180
3876 0.0034213026
3956 0.0029728929
3958 0.0029513472
3986 0.0028761662
4025 0.0024324746
4072 0.0022062273
4094 0.0019904790
4115 0.0019855858
4134 0.0018444607
4159 0.0012351920
4211 0.0009538171
4423 0.0009243631
4455 0.0008409633
4514 0.0007376117
4560 0.0006937369
4584 0.0006199736
4587 0.0005658746
4657 0.0004917238
4667 0.0004501630
4767 0.0003868542
4790 0.0003680633
4826 0.0003534286
4847 0.0002684861
4996 0.0002410245
5016 0.0002357791
5017 0.0002344161
5027 0.0002293527
5049 0.0002192855
5061 0.0002174113
5073 0.0001767792
5136 0.0001728791
5157 0.0001223538
5277 0.0000916413
5398 0.0000915024
5446 0.0000697968
5548 0.0000686106
5566 0.0000661659
5587 0.0000566138
5597 0.0000564522
5649 0.0000498850
5680 0.0000494475
5737 0.0000455139
5763 0.0000431615
5823 0.0000408751
5843 0.0000310655
5882 0.0000310463
5935 0.0000245032
5949 0.0000219739
6070 0.0000198678
6081 0.0000157464
6191 0.0000143407
6214 0.0000132040
6227 0.0000109271
6240 0.0000105732
6292 0.0000103633
6328 0.0000101319
6338 0.0000093533
6349 0.0000073408
6445 0.0000070634
6502 0.0000060896
6532 0.0000048300
6686 0.0000044179
6715 0.0000042968
6780 0.0000041272
6793 0.0000041008
6820 0.0000040262
6831 0.0000037709
6871 0.0000032522
6909 0.0000029442
6912 0.0000027375
6917 0.0000024011
7021 0.0000021676
7055 0.0000016658
7131 0.0000013841
7248 0.0000013323
7273 0.0000012410
7275 0.0000011789
7279 0.0000009963
7338 0.0000009424
7392 0.0000008794
7398 0.0000007357
7447 0.0000007279
7448 0.0000007144
7489 0.0000006880
7526 0.0000006787
7559 0.0000006631
7562 0.0000006493
7571 0.0000005910
7581 0.0000005457
7611 0.0000004207
7701 0.0000003418
7780 0.0000002699
7926 0.0000002683
7930 0.0000002427
7979 0.0000002377
8004 0.0000002092
8054 0.0000002011
8070 0.0000001778
8132 0.0000001432
8194 0.0000001422
8200 0.0000001401
8238 0.0000001328
8261 0.0000001314
8264 0.0000001116
8272 0.0000000987
8303 0.0000000754
8397 0.0000000727
8454 0.0000000626
8547 0.0000000602
8586 0.0000000420
8614 0.0000000414
8667 0.0000000409
8721 0.0000000396
8724 0.0000000388
8770 0.0000000330
8805 0.0000000296
8849 0.0000000275
8860 0.0000000236
8915 0.0000000235
8927 0.0000000213
9001 0.0000000206
9002 0.0000000186
9039 0.0000000171
9043 0.0000000166
9095 0.0000000105
9190 0.0000000088
9337 0.0000000080
9354 0.0000000074
9382 0.0000000071
9496 0.0000000066
9502 0.0000000063
9508 0.0000000053
9562 0.0000000045
9643 0.0000000041
9717 0.0000000036
9767 0.0000000025
9868 0.0000000022
9940 0.0000000021
9955 0.0000000021
9987 0.0000000020
10008 0.0000000019
10019 0.0000000014
10132 0.0000000011
10193 0.0000000008
10430 0.0000000007
10501 0.0000000007
10557 0.0000000005
10684 0.0000000004
10703 0.0000000004
10796 0.0000000003
10825 0.0000000003
10893 0.0000000002
10959 0.0000000002
10977 0.0000000002
11006 0.0000000001
11185 0.0000000001
11299 0.0000000001
11307 0.0000000001
11381 0.0000000001
11399 0.0000000001
11413 0.0000000001
11418 0.0000000001
11420 0.0000000001
11497 0.0000000001
11524 0.0000000001
11530 0.0000000001
11547 0.0000000001
11597 0.0000000000
11654 0.0000000000
11704 0.0000000000
11714 0.0000000000
11779 0.0000000000
11797 0.0000000000
11816 0.0000000000
11841 0.0000000000
11907 0.0000000000
11932 0.0000000000
11964 0.0000000000
12064 0.0000000000
12129 0.0000000000
12131 0.0000000000
12139 0.0000000000
12183 0.0000000000
12196 0.0000000000
12280 0.0000000000
12281 0.0000000000
12296 0.0000000000
12314 0.0000000000
12329 0.0000000000
12377 0.0000000000
12427 0.0000000000
12451 0.0000000000
12578 0.0000000000
12692 0.0000000000
12825 0.0000000000
12868 0.0000000000
12882 0.0000000000
12935 0.0000000000
13024 0.0000000000
13048 0.0000000000
13089 0.0000000000
13143 0.0000000000
13229 0.0000000000
13311 0.0000000000
13360 0.0000000000
13370 0.0000000000
13400 0.0000000000
13583 0.0000000000
13712 0.0000000000
13822 0.0000000000
13844 0.0000000000
13969 0.0000000000
14077 0.0000000000
14154 0.0000000000
14273 0.0000000000
14435 0.0000000000
14586 0.0000000000
15368 0.0000000000
evaluations raw_y
1 665.6998560028
2 653.1482296492
3 561.1343257295
6 529.8792664326
13 446.3002614294
34 387.6622959180
48 384.7991231931
64 371.2116697055
68 347.3299918450
76 318.8909263698
95 304.3389491230
98 282.7720627170
108 231.4736533651
109 224.3332243448
123 169.4340431199
126 164.5653224662
159 149.6308847297
167 120.0934958533
199 112.0320368947
211 110.1856882785
228 106.5877705500
281 106.4728922983
292 101.8891838290
302 89.1689748334
311 80.1364523339
344 75.9569877652
355 65.8184986232
359 50.2970330451
380 45.7449945078
422 45.5440325357
466 38.5450107433
492 38.3038025695
496 37.9401321664
515 34.5215511980
519 24.5034541973
536 22.2430400840
551 18.8578917982
580 17.6841142683
583 14.5814782469
620 11.8803817697
635 10.2323897505
681 9.9642303596
694 8.3078118088
710 6.7984835920
730 6.6445906430
736 6.1349767144
750 6.0200730174
770 4.9720427245
775 4.7607421023
811 3.9365276243
859 3.4584248542
873 3.3657758246
883 3.2626334011
898 3.1287316924
902 2.8869322467
903 2.7786435177
906 2.5815969945
924 2.3620524927
928 2.2525449082
932 1.9361853318
963 1.8835327430
973 1.8004938595
977 1.5830371577
1028 1.4544498695
1036 1.3946693517
1061 1.3748525764
1107 1.2644904195
1137 1.1355457450
1255 1.1295530613
1268 1.0496312719
1275 1.0424389354
1294 0.8825863026
1364 0.7405710777
1392 0.5744202812
1605 0.5116581836
1638 0.4748609317
1647 0.4444773661
1663 0.4030240141
1745 0.3550862940
1784 0.3023022393
1938 0.2695696194
1988 0.2494687283
2055 0.2333453554
2118 0.2034420988
2138 0.1672752311
2232 0.1670388826
2240 0.1539204892
2256 0.1493244576
2262 0.1306541621
2302 0.1276828088
2317 0.1023539608
2349 0.0953558251
2391 0.0722110889
2467 0.0698058796
2544 0.0641288710
2594 0.0622525936
2598 0.0462399446
2713 0.0445111580
2726 0.0421074716
2744 0.0365283404
2746 0.0341652417
2782 0.0314044525
2840 0.0308915079
2854 0.0297783873
2919 0.0241512123
2950 0.0235012858
2965 0.0232598744
3001 0.0211645594
3040 0.0150998407
3150 0.0139962471
3151 0.0135653279
3155 0.0111951722
3267 0.0102843796
3294 0.0086719343
3402 0.0081616395
3432 0.0068148419
3448 0.0053952047
3466 0.0053079575
3540 0.0046139434
3629 0.0040638764
3695 0.0040176844
3772 0.0031550479
3836 0.0028702267
3901 0.0021374918
3962 0.0021131385
3964 0.0020709601
3974 0.0019062101
4025 0.0016677541
4028 0.0015967968
4045 0.0014839766
4060 0.0012039799
4097 0.0010836299
4175 0.0006900490
4354 0.0006635005
4448 0.0005867836
4460 0.0004217566
4620 0.0004075690
4644 0.0003330890
4701 0.0003310489
4749 0.0003244191
4751 0.0002839411
4821 0.0002701054
4827 0.0002474881
4855 0.0002124099
4856 0.0001979952
4891 0.0001656183
4979 0.0001437642
5034 0.0001197428
5133 0.0001086783
5196 0.0000888756
5237 0.0000779845
5281 0.0000662936
5337 0.0000629651
5373 0.0000618729
5416 0.0000590088
5472 0.0000573661
5483 0.0000500366
5494 0.0000465720
5527 0.0000459674
5540 0.0000404109
5574 0.0000394063
5584 0.0000339564
5588 0.0000286293
5703 0.0000279316
5720 0.0000224802
5769 0.0000201372
5797 0.0000186601
5886 0.0000163053
5903 0.0000161427
5905 0.0000140954
5929 0.0000108852
6058 0.0000106851
6067 0.0000105643
6086 0.0000086682
6175 0.0000081271
6204 0.0000076941
6212 0.0000070501
6222 0.0000068426
6234 0.0000064610
6285 0.0000064493
6288 0.0000060653
6304 0.0000047403
6382 0.0000036764
6535 0.0000031776
6567 0.0000027489
6596 0.0000026197
6615 0.0000025177
6653 0.0000022462
6717 0.0000018917
6774 0.0000018907
6788 0.0000017020
6800 0.0000016029
6810 0.0000012316
6949 0.0000009633
7012 0.0000009115
7146 0.0000008984
7149 0.0000007655
7186 0.0000007234
7201 0.0000006832
7214 0.0000006677
7264 0.0000006336
7301 0.0000005047
7309 0.0000004580
7333 0.0000003594
7455 0.0000003583
7492 0.0000003376
7605 0.0000003355
7619 0.0000002827
7671 0.0000002571
7696 0.0000002467
7711 0.0000002449
7749 0.0000002053
7780 0.0000002024
7819 0.0000001521
7950 0.0000001370
7961 0.0000001276
7963 0.0000001044
8049 0.0000000876
8122 0.0000000609
8328 0.0000000554
8332 0.0000000490
8390 0.0000000448
8413 0.0000000412
8480 0.0000000401
8491 0.0000000372
8507 0.0000000352
8515 0.0000000301
8551 0.0000000292
8585 0.0000000263
8616 0.0000000212
8698 0.0000000182
8733 0.0000000148
8865 0.0000000108
8920 0.0000000083
9055 0.0000000074
9189 0.0000000060
9275 0.0000000054
9293 0.0000000049
9368 0.0000000047
9382 0.0000000040
9443 0.0000000039
9452 0.0000000033
9462 0.0000000032
9497 0.0000000029
9569 0.0000000024
9654 0.0000000024
9681 0.0000000023
9696 0.0000000022
9705 0.0000000020
9718 0.0000000019
9758 0.0000000018
9765 0.0000000018
9780 0.0000000017
9794 0.0000000017
9795 0.0000000016
9800 0.0000000014
9838 0.0000000012
9940 0.0000000010
10079 0.0000000009
10108 0.0000000009
10141 0.0000000007
10203 0.0000000007
10253 0.0000000005
10353 0.0000000005
10355 0.0000000005
10395 0.0000000004
10403 0.0000000004
10405 0.0000000004
10414 0.0000000004
10485 0.0000000004
10490 0.0000000004
10519 0.0000000004
10520 0.0000000002
10611 0.0000000002
10631 0.0000000002
10707 0.0000000002
10710 0.0000000002
10848 0.0000000001
10892 0.0000000001
10935 0.0000000001
10937 0.0000000001
11032 0.0000000001
11164 0.0000000001
11183 0.0000000001
11211 0.0000000001
11250 0.0000000001
11293 0.0000000001
11313 0.0000000001
11355 0.0000000001
11367 0.0000000001
11441 0.0000000000
11489 0.0000000000
11534 0.0000000000
11613 0.0000000000
11616 0.0000000000
11629 0.0000000000
11709 0.0000000000
11729 0.0000000000
11753 0.0000000000
11774 0.0000000000
11780 0.0000000000
11785 0.0000000000
11856 0.0000000000
11902 0.0000000000
11915 0.0000000000
11954 0.0000000000
11992 0.0000000000
12048 0.0000000000
12071 0.0000000000
12094 0.0000000000
12151 0.0000000000
12154 0.0000000000
12239 0.0000000000
12263 0.0000000000
12341 0.0000000000
12389 0.0000000000
12465 0.0000000000
12487 0.0000000000
12503 0.0000000000
12511 0.0000000000
12578 0.0000000000
12717 0.0000000000
12739 0.0000000000
12752 0.0000000000
12860 0.0000000000
12865 0.0000000000
12877 0.0000000000
12883 0.0000000000
12945 0.0000000000
12980 0.0000000000
12995 0.0000000000
13041 0.0000000000
13049 0.0000000000
13242 0.0000000000
13322 0.0000000000
13355 0.0000000000
13411 0.0000000000
13486 0.0000000000
13499 0.0000000000
13615 0.0000000000
13637 0.0000000000
13673 0.0000000000
13716 0.0000000000
13782 0.0000000000
13866 0.0000000000
14060 0.0000000000
14225 0.0000000000
14350 0.0000000000
15075 0.0000000000
evaluations raw_y
1 699.3099385535
3 695.4872477563
4 669.7049234133
6 596.2344772083
7 584.7713294144
8 499.3037951916
16 418.3437629192
45 409.5332658977
65 405.8503509702
91 395.7212292541
93 308.8842680496
106 298.6460864380
107 258.4857472331
115 219.5896483230
151 207.4860423157
156 202.1587442596
174 189.9410675116
176 167.4112726096
185 167.3883202792
189 163.5990259744
248 141.6851236887
251 124.2028045034
258 107.9237663263
261 106.6477754809
270 99.8500030558
299 83.8445633979
302 78.3828255295
325 59.0462443556
400 58.5583208248
407 48.9216929945
446 44.8530748754
472 38.4169009313
484 36.7826145378
530 28.4330195278
565 26.8380228502
595 19.0791084073
628 18.7443360210
632 17.0112861878
643 16.7510724992
665 15.6190261492
679 15.3511905361
698 15.1517233051
732 13.8538240904
750 11.5523132083
761 11.1736357018
787 10.1617773443
792 8.3927502267
812 7.8330123351
819 7.6297908672
820 7.1880392679
833 6.7224693622
846 6.4477738871
851 6.3709192315
861 5.8231821079
877 5.7653588572
879 5.0839946741
894 4.6146080687
913 4.2419588689
917 4.1733097270
959 3.2023084651
1017 2.9383307272
1049 2.9154963046
1050 2.2645578572
1067 2.0675859102
1108 2.0338835502
1118 1.5958125678
1146 1.4791302435
1183 0.9886028021
1344 0.9181407316
1453 0.9084557079
1468 0.7446512438
1558 0.7436870751
1581 0.7371484886
1588 0.6685924540
1627 0.5120285632
1639 0.4800722598
1658 0.4653731359
1818 0.4001827704
1920 0.3684080756
1932 0.3673973083
1948 0.3339344762
1963 0.2935189336
2014 0.2398378102
2194 0.2385208919
2214 0.1674178200
2308 0.1549579637
2310 0.1418985825
2315 0.1404892419
2400 0.1255205702
2411 0.1090926741
2438 0.1086852969
2460 0.1082748124
2533 0.1044844513
2541 0.1011406587
2549 0.0891220961
2578 0.0883842992
2587 0.0821936369
2632 0.0781101897
2662 0.0678956967
2667 0.0425549862
2822 0.0348359260
2837 0.0277877379
2983 0.0245142490
3041 0.0233293150
3116 0.0204482433
3170 0.0181770007
3203 0.0146054900
3245 0.0137181625
3287 0.0100955214
3472 0.0090636390
3529 0.0084010795
3542 0.0076911548
3615 0.0065083720
3616 0.0052788278
3801 0.0050026395
3835 0.0034067856
3912 0.0033590797
3950 0.0032393522
3971 0.0031274405
3981 0.0030755940
4033 0.0030690359
4039 0.0030223178
4043 0.0029578272
4061 0.0029283053
4063 0.0027719348
4064 0.0025412149
4092 0.0022350219
4122 0.0020890810
4153 0.0020883363
4173 0.0020432264
4186 0.0019478871
4194 0.0017232389
4246 0.0016705117
4251 0.0014317759
4386 0.0014073987
4403 0.0011568752
4436 0.0011430035
4457 0.0011411071
4495 0.0011262913
4508 0.0010262072
4536 0.0009562806
4599 0.0008173701
4601 0.0008117421
4645 0.0007785436
4674 0.0007235727
4690 0.0006180759
4720 0.0005062135
4794 0.0004983620
4807 0.0004913606
4870 0.0004886053
4896 0.0004752426
4897 0.0003800181
4919 0.0003524160
4947 0.0003394415
4967 0.0002223001
5062 0.0002203089
5109 0.0001681065
5264 0.0001555219
5293 0.0001550040
5312 0.0001462676
5347 0.0001424707
5358 0.0001388969
5372 0.0001166987
5402 0.0001115778
5461 0.0000862196
5523 0.0000745220
5627 0.0000742664
5670 0.0000712839
5683 0.0000659988
5707 0.0000582974
5708 0.0000574524
5753 0.0000545091
5765 0.0000516548
5785 0.0000415312
5873 0.0000377384
5884 0.0000316879
6005 0.0000262413
6030 0.0000249608
6071 0.0000245789
6085 0.0000180151
6165 0.0000176265
6205 0.0000156415
6207 0.0000141869
6278 0.0000139488
6298 0.0000118641
6365 0.0000094568
6418 0.0000084112
6458 0.0000058171
6519 0.0000053275
6652 0.0000052741
6677 0.0000047775
6704 0.0000043964
6729 0.0000043351
6733 0.0000043023
6739 0.0000042521
6746 0.0000041089
6793 0.0000031305
6829 0.0000029036
6913 0.0000019216
6999 0.0000016680
7088 0.0000014418
7225 0.0000013036
7267 0.0000011367
7280 0.0000009226
7377 0.0000008802
7401 0.0000007984
7462 0.0000007524
7474 0.0000007144
7495 0.0000007038
7520 0.0000006573
7534 0.0000004985
7621 0.0000004704
7645 0.0000004643
7649 0.0000004184
7698 0.0000004166
7705 0.0000004153
7717 0.0000003257
7880 0.0000002926
7895 0.0000002841
7911 0.0000002739
7918 0.0000002386
7946 0.0000002349
7960 0.0000001954
7998 0.0000001885
8065 0.0000001721
8093 0.0000001643
8123 0.0000001591
8138 0.0000001462
8178 0.0000001382
8189 0.0000001336
8198 0.0000001259
8206 0.0000001075
8318 0.0000001056
8330 0.0000000912
8365 0.0000000871
8370 0.0000000730
8408 0.0000000659
8521 0.0000000648
8525 0.0000000621
8556 0.0000000616
8558 0.0000000556
8564 0.0000000543
8570 0.0000000489
8579 0.0000000417
8680 0.0000000285
8803 0.0000000249
8938 0.0000000209
8957 0.0000000200
9022 0.0000000170
9050 0.0000000135
9137 0.0000000125
9213 0.0000000123
9231 0.0000000119
9265 0.0000000096
9287 0.0000000078
9338 0.0000000077
9367 0.0000000076
9415 0.0000000070
9483 0.0000000069
9490 0.0000000050
9585 0.0000000047
9638 0.0000000034
9786 0.0000000033
9876 0.0000000032
9891 0.0000000023
9936 0.0000000022
9951 0.0000000020
10004 0.0000000015
10076 0.0000000014
10112 0.0000000013
10292 0.0000000012
10329 0.0000000007
10420 0.0000000007
10429 0.0000000006
10490 0.0000000006
10545 0.0000000005
10679 0.0000000004
10687 0.0000000003
10820 0.0000000003
10839 0.0000000003
10855 0.0000000002
10961 0.0000000002
11011 0.0000000002
11013 0.0000000002
11065 0.0000000002
11095 0.0000000001
11111 0.0000000001
11138 0.0000000001
11173 0.0000000001
11188 0.0000000001
11217 0.0000000001
11229 0.0000000001
11376 0.0000000001
11411 0.0000000001
11432 0.0000000001
11439 0.0000000001
11451 0.0000000001
11454 0.0000000001
11496 0.0000000001
11517 0.0000000001
11610 0.0000000000
11689 0.0000000000
11802 0.0000000000
11805 0.0000000000
11829 0.0000000000
11845 0.0000000000
11856 0.0000000000
11996 0.0000000000
12020 0.0000000000
12043 0.0000000000
12049 0.0000000000
12079 0.0000000000
12081 0.0000000000
12100 0.0000000000
12204 0.0000000000
12216 0.0000000000
12230 0.0000000000
12283 0.0000000000
12319 0.0000000000
12380 0.0000000000
12402 0.0000000000
12465 0.0000000000
12513 0.0000000000
12699 0.0000000000
12793 0.0000000000
12815 0.0000000000
12936 0.0000000000
13054 0.0000000000
13084 0.0000000000
13125 0.0000000000
13267 0.0000000000
13430 0.0000000000
13494 0.0000000000
13506 0.0000000000
13575 0.0000000000
13577 0.0000000000
13613 0.0000000000
13637 0.0000000000
13860 0.0000000000
13947 0.0000000000
14266 0.0000000000
14301 0.0000000000
15052 0.0000000000
evaluations raw_y
1 637.1285332216
2 573.3584017834
3 566.6180388553
4 521.0675472449
5 389.0843039005
11 359.4714780786
18 357.7843567277
22 308.5298906019
27 303.7051662479
30 285.9846847106
40 245.4383510384
43 233.2204446248
60 215.3617418878
81 198.6834424324
87 191.1070870195
103 176.6798910802
125 173.0101302140
128 134.7373181773
148 90.4159895844
198 81.2078093522
304 80.1187535025
318 76.4738217891
326 70.7179328561
333 63.2507579555
371 57.2234690827
387 55.1646121290
391 50.4890966256
406 43.4056901345
414 37.8120689236
441 37.3051942209
459 36.9635522320
462 33.9851812564
480 29.9622715075
483 29.9277991845
516 25.3118712015
529 24.9144493142
594 22.8465863306
606 22.3067986429
611 17.8743105845
624 16.3640007953
631 15.1123023144
651 14.5730545052
660 13.9069068992
670 11.5064822380
680 11.3448678959
682 11.0122895812
699 8.5358755992
704 8.3086908121
739 8.0342514159
750 7.0164965732
769 6.7902308281
779 5.2373471027
832 5.2116688291
865 4.8844293043
881 4.8563810978
882 4.2778485231
894 4.1397167237
907 3.5324336194
930 3.0001085092
943 2.7383985730
982 2.3593088707
1005 2.2729384053
1018 2.1256028864
1033 1.2879922589
1085 1.0378730238
1114 1.0287636108
1136 0.9048306266
1269 0.8190010431
1454 0.7366063368
1480 0.7146143564
1523 0.7081885226
1529 0.6943075757
1531 0.6493809958
1532 0.4831571598
1562 0.4791604265
1694 0.4625897212
1697 0.4193425578
1737 0.3762163099
1793 0.3529315910
1813 0.3142394677
1879 0.2600626238
1935 0.2187332873
1938 0.2187293787
2022 0.1981998030
2069 0.1963716548
2093 0.1861748278
2104 0.1794335550
2116 0.1574312946
2176 0.1308861652
2192 0.1295448729
2273 0.0904157995
2370 0.0828191809
2389 0.0818927611
2411 0.0657240472
2452 0.0452515597
2574 0.0450842426
2625 0.0373702388
2662 0.0284959765
2857 0.0282925546
2877 0.0257542866
2929 0.0245462395
2937 0.0240910609
2950 0.0228152532
2951 0.0208464073
2989 0.0173407812
3068 0.0134479147
3216 0.0098973760
3265 0.0083318380
3378 0.0080076552
3444 0.0071436881
3513 0.0064102497
3584 0.0063755815
3589 0.0059712658
3596 0.0046644178
3709 0.0044185656
3727 0.0043015172
3748 0.0036002336
3800 0.0032752815
3862 0.0031148435
3864 0.0030134636
3936 0.0023381607
4014 0.0022639890
4036 0.0021299858
4051 0.0021092011
4066 0.0019987612
4077 0.0016765388
4082 0.0013965094
4225 0.0011837429
4238 0.0009062733
4451 0.0008455095
4464 0.0006961864
4528 0.0006854343
4569 0.0005723583
4581 0.0005489457
4593 0.0003874033
4650 0.0003869986
4714 0.0003716129
4728 0.0003640128
4791 0.0003332796
4812 0.0002818637
4814 0.0002718673
4836 0.0002634654
4916 0.0002540616
4924 0.0002268624
5005 0.0002168135
5036 0.0002113733
5048 0.0001933868
5088 0.0001823419
5152 0.0001749821
5157 0.0001146561
5251 0.0001101828
5286 0.0001012340
5303 0.0001001861
5396 0.0000986317
5432 0.0000864729
5454 0.0000662481
5467 0.0000531173
5581 0.0000472018
5616 0.0000433261
5677 0.0000368117
5746 0.0000347985
5751 0.0000321962
5833 0.0000284482
5854 0.0000258047
5896 0.0000251796
5934 0.0000235750
5945 0.0000217206
5971 0.0000184441
6032 0.0000168259
6091 0.0000166657
6177 0.0000159869
6210 0.0000154821
6221 0.0000144620
6237 0.0000117443
6295 0.0000101752
6373 0.0000065149
6511 0.0000060312
6570 0.0000059769
6605 0.0000059048
6606 0.0000056515
6637 0.0000041135
6754 0.0000039288
6763 0.0000033194
6800 0.0000031428
6872 0.0000026726
6908 0.0000024805
6983 0.0000023731
7075 0.0000021861
7118 0.0000018817
7141 0.0000016447
7198 0.0000013395
7283 0.0000013091
7287 0.0000012382
7332 0.0000011546
7375 0.0000011170
7409 0.0000010610
7415 0.0000009752
7457 0.0000008195
7579 0.0000007011
7606 0.0000006611
7624 0.0000006481
7638 0.0000006385
7676 0.0000005147
7762 0.0000004595
7772 0.0000004528
7773 0.0000004142
7784 0.0000003635
7834 0.0000003525
7894 0.0000003347
7915 0.0000002865
7999 0.0000002767
8005 0.0000002593
8007 0.0000002468
8021 0.0000002351
8041 0.0000002178
8072 0.0000001777
8128 0.0000001735
8135 0.0000001664
8158 0.0000001481
8246 0.0000001326
8282 0.0000001179
8354 0.0000000961
8391 0.0000000716
8465 0.0000000646
8534 0.0000000571
8591 0.0000000525
8677 0.0000000507
8713 0.0000000502
8719 0.0000000460
8732 0.0000000458
8741 0.0000000391
8783 0.0000000376
8805 0.0000000372
8812 0.0000000324
8889 0.0000000299
8924 0.0000000233
8952 0.0000000219
8994 0.0000000203
9004 0.0000000198
9053 0.0000000182
9153 0.0000000174
9168 0.0000000155
9191 0.0000000148
9269 0.0000000138
9273 0.0000000115
9315 0.0000000111
9316 0.0000000084
9393 0.0000000068
9459 0.0000000059
9554 0.0000000055
9603 0.0000000055
9628 0.0000000052
9639 0.0000000037
9787 0.0000000034
9830 0.0000000034
9876 0.0000000031
9890 0.0000000029
9893 0.0000000029
9899 0.0000000029
9923 0.0000000024
10001 0.0000000022
10024 0.0000000012
10278 0.0000000011
10307 0.0000000011
10342 0.0000000010
10352 0.0000000010
10359 0.0000000009
10373 0.0000000009
10376 0.0000000009
10383 0.0000000008
10431 0.0000000008
10439 0.0000000008
10444 0.0000000006
10500 0.0000000005
10541 0.0000000005
10630 0.0000000005
10661 0.0000000004
10681 0.0000000004
10702 0.0000000004
10729 0.0000000004
10778 0.0000000004
10785 0.0000000003
10835 0.0000000003
10884 0.0000000003
10894 0.0000000002
10982 0.0000000002
10986 0.0000000002
11081 0.0000000002
11097 0.0000000001
11121 0.0000000001
11147 0.0000000001
11155 0.0000000001
11195 0.0000000001
11368 0.0000000001
11506 0.0000000000
11565 0.0000000000
11707 0.0000000000
11776 0.0000000000
11843 0.0000000000
11865 0.0000000000
11922 0.0000000000
11967 0.0000000000
12045 0.0000000000
12074 0.0000000000
12090 0.0000000000
12163 0.0000000000
12204 0.0000000000
12262 0.0000000000
12286 0.0000000000
12291 0.0000000000
12304 0.0000000000
12387 0.0000000000
12394 0.0000000000
12432 0.0000000000
12452 0.0000000000
12460 0.0000000000
12651 0.0000000000
12666 0.0000000000
12702 0.0000000000
12835 0.0000000000
12854 0.0000000000
12907 0.0000000000
12924 0.0000000000
13024 0.0000000000
13049 0.0000000000
13179 0.0000000000
13191 0.0000000000
13214 0.0000000000
13220 0.0000000000
13298 0.0000000000
13378 0.0000000000
13380 0.0000000000
13381 0.0000000000
13550 0.0000000000
13626 0.0000000000
13655 0.0000000000
13750 0.0000000000
13754 0.0000000000
13791 0.0000000000
13819 0.0000000000
13866 0.0000000000
13912 0.0000000000
13920 0.0000000000
13964 0.0000000000
14140 0.0000000000
14149 0.0000000000
14215 0.0000000000
14300 0.0000000000
14341 0.0000000000
14353 0.0000000000
14566 0.0000000000
14778 0.0000000000
15451 0.0000000000
evaluations raw_y
1 576.6632098130
6 550.5961875523
12 531.6330564320
23 491.0073858579
30 416.0810039515
40 414.6182523910
42 305.8001718926
84 285.8634926833
108 267.4078860956
131 219.4683578052
142 183.1517860428
193 172.3995288131
204 161.6509697041
207 145.7779262606
209 136.6296389696
217 115.2570597972
240 99.0319231845
281 93.5329863619
320 93.2390965911
324 83.3495158087
336 82.6130208469
358 77.8311113878
362 72.1829307569
380 71.4698997300
383 71.2054392299
397 70.3991811533
400 48.4891942525
429 47.2840808106
439 43.1252488421
455 34.8829589249
491 34.4187844627
528 31.1316376658
533 28.9753616547
540 25.0287623649
552 24.3003461792
577 18.7586530780
595 18.0831544925
602 15.8630795018
608 15.0135986596
626 14.7881212992
646 13.4862825837
678 12.1369065203
683 10.8797621264
697 9.6660932644
707 7.9756014976
719 7.7950389867
732 7.0075236342
781 6.8880646047
790 6.2382710538
793 5.5797317265
797 5.5025357149
803 5.2431980138
804 3.9744048733
826 3.6147137112
856 3.0130071719
858 2.6162236463
907 2.5156536992
913 2.4562221657
952 2.4466132173
956 2.3375281961
964 2.1140478169
971 1.5523587019
1002 1.5315346743
1007 1.3051350855
1073 1.2101012042
1106 1.1930170353
1171 0.9469327331
1208 0.9048066213
1231 0.8430593880
1248 0.7347011188
1359 0.6259519179
1416 0.5731224931
1439 0.5286629876
1546 0.4737886512
1547 0.4406665942
1618 0.3721190553
1654 0.3679251653
1657 0.3670834358
1674 0.3481770101
1700 0.3102130134
1745 0.2771961880
1774 0.1895832867
1929 0.1767328217
1931 0.1476798795
2042 0.1370930011
2087 0.1244298827
2124 0.1077125208
2235 0.1021654470
2241 0.0979807476
2244 0.0798093813
2311 0.0796114414
2320 0.0715071520
2341 0.0505438339
2531 0.0449996122
2575 0.0355667625
2684 0.0320217834
2692 0.0308650491
2731 0.0293835776
2758 0.0266124680
2766 0.0211176454
2798 0.0202989790
2839 0.0202740361
2878 0.0193008791
2884 0.0192411358
2885 0.0189091104
2904 0.0166201080
2946 0.0165461862
2949 0.0143837406
2973 0.0100504124
3140 0.0099033077
3142 0.0090287846
3164 0.0083411729
3233 0.0082322903
3236 0.0075861350
3266 0.0064301188
3344 0.0063664547
3347 0.0058661722
3380 0.0053464070
3417 0.0051039237
3422 0.0046932532
3441 0.0043141094
3509 0.0038856973
3537 0.0034839856
3576 0.0027955591
3627 0.0024615350
3675 0.0024026449
3676 0.0016579354
3826 0.0014549654
3851 0.0011771323
3928 0.0011697687
3979 0.0009695073
4038 0.0008050644
4167 0.0007989119
4168 0.0007691500
4206 0.0006264569
4244 0.0004220863
4479 0.0002829222
4628 0.0002382640
4730 0.0002171426
4748 0.0001978610
4814 0.0001837278
4816 0.0001733181
4842 0.0001478699
4865 0.0001157783
5026 0.0000852511
5160 0.0000689814
5232 0.0000608775
5237 0.0000593106
5253 0.0000485358
5268 0.0000460959
5416 0.0000434109
5426 0.0000424589
5469 0.0000392030
5500 0.0000388655
5520 0.0000388498
5546 0.0000294859
5618 0.0000236301
5663 0.0000235862
5689 0.0000208860
5755 0.0000177448
5786 0.0000164646
5862 0.0000144736
5888 0.0000137911
5956 0.0000137710
5970 0.0000133609
5987 0.0000131243
6014 0.0000109846
6083 0.0000102974
6153 0.0000094920
6156 0.0000075917
6190 0.0000074100
6264 0.0000073131
6266 0.0000064675
6299 0.0000052795
6314 0.0000051772
6347 0.0000048776
6377 0.0000044074
6413 0.0000037287
6432 0.0000036103
6447 0.0000035832
6488 0.0000034589
6511 0.0000033080
6523 0.0000023380
6723 0.0000023035
6724 0.0000015330
6859 0.0000014127
6882 0.0000012535
6934 0.0000011161
6976 0.0000010997
6982 0.0000009552
6996 0.0000008861
7052 0.0000008731
7099 0.0000007373
7117 0.0000006293
7162 0.0000005811
7170 0.0000005732
7235 0.0000005217
7331 0.0000004004
7362 0.0000003962
7368 0.0000003877
7409 0.0000003672
7460 0.0000002554
7568 0.0000002368
7684 0.0000001889
7768 0.0000001696
7780 0.0000001370
7840 0.0000001219
7954 0.0000001180
7968 0.0000000937
7972 0.0000000936
8053 0.0000000911
8062 0.0000000894
8081 0.0000000865
8131 0.0000000736
8189 0.0000000705
8201 0.0000000615
8252 0.0000000522
8272 0.0000000512
8304 0.0000000503
8371 0.0000000425
8419 0.0000000407
8431 0.0000000391
8491 0.0000000325
8504 0.0000000274
8619 0.0000000245
8679 0.0000000233
8685 0.0000000228
8703 0.0000000214
8739 0.0000000201
8772 0.0000000147
8839 0.0000000126
8897 0.0000000118
8923 0.0000000111
8966 0.0000000090
8998 0.0000000087
9096 0.0000000083
9108 0.0000000069
9222 0.0000000068
9233 0.0000000068
9244 0.0000000060
9252 0.0000000053
9302 0.0000000050
9382 0.0000000046
9415 0.0000000038
9501 0.0000000026
9571 0.0000000023
9601 0.0000000016
9686 0.0000000013
9982 0.0000000013
9987 0.0000000012
10019 0.0000000011
10043 0.0000000010
10082 0.0000000010
10085 0.0000000009
10092 0.0000000006
10310 0.0000000004
10337 0.0000000004
10382 0.0000000004
10397 0.0000000004
10455 0.0000000003
10529 0.0000000003
10564 0.0000000003
10635 0.0000000002
10777 0.0000000002
10785 0.0000000002
10812 0.0000000002
10879 0.0000000001
10971 0.0000000001
10979 0.0000000001
10985 0.0000000001
11126 0.0000000001
11238 0.0000000001
11383 0.0000000001
11418 0.0000000000
11515 0.0000000000
11530 0.0000000000
11551 0.0000000000
11557 0.0000000000
11627 0.0000000000
11650 0.0000000000
11724 0.0000000000
11737 0.0000000000
11823 0.0000000000
11966 0.0000000000
12004 0.0000000000
12011 0.0000000000
12078 0.0000000000
12138 0.0000000000
12162 0.0000000000
12321 0.0000000000
12330 0.0000000000
12349 0.0000000000
12361 0.0000000000
12390 0.0000000000
12403 0.0000000000
12406 0.0000000000
12433 0.0000000000
12576 0.0000000000
12655 0.0000000000
12686 0.0000000000
12689 0.0000000000
12746 0.0000000000
12758 0.0000000000
12798 0.0000000000
12819 0.0000000000
12831 0.0000000000
12869 0.0000000000
12960 0.0000000000
13020 0.0000000000
13099 0.0000000000
13134 0.0000000000
13265 0.0000000000
13449 0.0000000000
13488 0.0000000000
13491 0.0000000000
13593 0.0000000000
13846 0.0000000000
13868 0.0000000000
14098 0.0000000000
14881 0.0000000000
evaluations raw_y
1 310.2156450669
22 248.8908857511
25 220.9335161726
49 218.1653516907
85 188.5407416958
104 178.6862218623
141 156.2646248272
157 123.3602424631
187 103.0719775761
224 99.0459239421
234 95.4746987168
235 85.7401443037
240 80.3376645818
249 79.0413187240
252 78.5460258755
256 68.3621247839
258 67.0724125610
259 65.4315277722
261 61.8650268499
278 60.7530389139
288 53.1692038559
333 52.3305651679
341 51.7124926073
345 47.4782214713
361 40.5597748394
398 35.4288908178
417 35.1935659987
426 31.9606870736
431 31.1411457890
436 30.2547189591
437 29.4286342965
438 27.5781526218
458 22.0069042089
504 21.8156173946
506 17.2896311551
523 14.1167113171
586 12.1679690775
606 11.3719712502
607 9.7030024664
640 8.1809541689
673 7.4477798417
706 6.8552721659
719 5.1209226285
772 4.8727778225
852 4.3045320867
868 3.8485000134
898 3.3610804537
903 3.2757795691
910 2.8828327209
945 2.8234752051
949 2.5413999474
976 2.4793827567
987 1.8376008964
1005 1.6822614161
1049 1.6505590311
1053 1.6153957229
1069 1.5810614796
1072 1.2201774083
1154 0.9944471275
1209 0.8790475245
1368 0.7373148771
1477 0.7017428938
1496 0.6340390530
1561 0.4863816740
1734 0.4854693981
1750 0.4288515090
1789 0.4110897293
1800 0.3417132523
1855 0.3123197070
1923 0.3032116515
1925 0.2660719783
1947 0.2453967776
1972 0.2423699664
2014 0.2330434013
2090 0.2155878162
2135 0.2141734206
2156 0.2036596754
2187 0.1979771332
2192 0.1807181252
2214 0.1415175936
2247 0.1414627344
2256 0.1205476738
2283 0.1108173543
2326 0.1100106021
2337 0.1054063623
2369 0.0992313924
2372 0.0842799503
2507 0.0827316982
2513 0.0760608199
2547 0.0719706778
2573 0.0595561577
2585 0.0544736276
2673 0.0461359330
2742 0.0407391811
2778 0.0397040570
2792 0.0372291546
2834 0.0329946290
2890 0.0313165896
2918 0.0267366069
2988 0.0259129029
2995 0.0256587642
3030 0.0237500882
3047 0.0205811923
3104 0.0201013543
3121 0.0193347150
3147 0.0188802267
3157 0.0180702110
3162 0.0143512629
3163 0.0128094738
3316 0.0126703542
3348 0.0122791985
3352 0.0120031530
3379 0.0114539254
3382 0.0082354922
3425 0.0078261453
3494 0.0073229652
3515 0.0067773635
3524 0.0065570036
3586 0.0050850060
3668 0.0050632083
3683 0.0050076718
3720 0.0038307592
3798 0.0030614804
3894 0.0029317647
3913 0.0026785470
4000 0.0025836259
4001 0.0022880359
4004 0.0018355706
4071 0.0018057396
4083 0.0016880992
4094 0.0016702281
4145 0.0016287534
4148 0.0014186637
4215 0.0014112626
4243 0.0012865336
4267 0.0011095448
4277 0.0010077681
4391 0.0009854856
4393 0.0007897796
4398 0.0006733474
4514 0.0005779972
4656 0.0005463695
4660 0.0004142289
4710 0.0003845580
4790 0.0003804028
4794 0.0003166183
4906 0.0002872214
4946 0.0002669963
4949 0.0002436590
4960 0.0001760822
5150 0.0001371277
5255 0.0000917823
5504 0.0000843871
5509 0.0000812453
5533 0.0000794928
5552 0.0000761075
5621 0.0000610922
5737 0.0000597486
5743 0.0000580141
5754 0.0000392365
5880 0.0000319124
5927 0.0000300347
5965 0.0000255239
6011 0.0000203488
6148 0.0000167290
6199 0.0000133430
6234 0.0000098775
6423 0.0000096491
6432 0.0000087514
6491 0.0000083593
6544 0.0000083585
6572 0.0000056924
6661 0.0000054707
6672 0.0000049731
6754 0.0000043339
6769 0.0000043263
6772 0.0000042331
6809 0.0000039932
6872 0.0000035433
6893 0.0000032670
6926 0.0000032400
6956 0.0000025020
6965 0.0000023639
7058 0.0000020424
7078 0.0000017243
7195 0.0000016234
7209 0.0000014715
7264 0.0000012538
7294 0.0000011609
7310 0.0000011400
7345 0.0000009550
7442 0.0000008027
7586 0.0000007891
7612 0.0000007091
7635 0.0000006936
7651 0.0000006423
7687 0.0000004580
7832 0.0000003992
7865 0.0000003417
7920 0.0000002737
7987 0.0000002542
8013 0.0000002498
8036 0.0000002171
8114 0.0000001811
8208 0.0000001762
8239 0.0000001761
8240 0.0000001620
8297 0.0000001580
8321 0.0000001219
8346 0.0000001114
8368 0.0000001013
8488 0.0000000950
8493 0.0000000938
8504 0.0000000913
8510 0.0000000805
8543 0.0000000675
8596 0.0000000655
8623 0.0000000560
8678 0.0000000458
8722 0.0000000403
8827 0.0000000347
8836 0.0000000314
8874 0.0000000284
8916 0.0000000250
9015 0.0000000250
9020 0.0000000220
9100 0.0000000217
9109 0.0000000208
9120 0.0000000173
9155 0.0000000135
9277 0.0000000120
9374 0.0000000106
9418 0.0000000099
9454 0.0000000092
9461 0.0000000091
9463 0.0000000075
9563 0.0000000065
9584 0.0000000058
9623 0.0000000048
9697 0.0000000047
9757 0.0000000039
9764 0.0000000029
9829 0.0000000027
9959 0.0000000025
9963 0.0000000022
9976 0.0000000022
10028 0.0000000021
10057 0.0000000018
10113 0.0000000012
10219 0.0000000010
10234 0.0000000010
10433 0.0000000009
10449 0.0000000008
10511 0.0000000006
10558 0.0000000005
10576 0.0000000005
10612 0.0000000005
10660 0.0000000004
10794 0.0000000004
10868 0.0000000004
10869 0.0000000003
10906 0.0000000003
10947 0.0000000003
10963 0.0000000003
10979 0.0000000003
11016 0.0000000002
11056 0.0000000002
11069 0.0000000002
11103 0.0000000001
11239 0.0000000001
11361 0.0000000001
11363 0.0000000001
11479 0.0000000001
11539 0.0000000000
11647 0.0000000000
11657 0.0000000000
11749 0.0000000000
11751 0.0000000000
11777 0.0000000000
11811 0.0000000000
11812 0.0000000000
11862 0.0000000000
11916 0.0000000000
11930 0.0000000000
11973 0.0000000000
12060 0.0000000000
12088 0.0000000000
12103 0.0000000000
12255 0.0000000000
12297 0.0000000000
12333 0.0000000000
12340 0.0000000000
12362 0.0000000000
12495 0.0000000000
12521 0.0000000000
12568 0.0000000000
12601 0.0000000000
12618 0.0000000000
12672 0.0000000000
12729 0.0000000000
12834 0.0000000000
12898 0.0000000000
12899 0.0000000000
12918 0.0000000000
12921 0.0000000000
12925 0.0000000000
12978 0.0000000000
13001 0.0000000000
13070 0.0000000000
13259 0.0000000000
13266 0.0000000000
13339 0.0000000000
13386 0.0000000000
13413 0.0000000000
13439 0.0000000000
13489 0.0000000000
13494 0.0000000000
13653 0.0000000000
13715 0.0000000000
13737 0.0000000000
13760 0.0000000000
13837 0.0000000000
13867 0.0000000000
13885 0.0000000000
13912 0.0000000000
13951 0.0000000000
14007 0.0000000000
14027 0.0000000000
14042 0.0000000000
14094 0.0000000000
14113 0.0000000000
14166 0.0000000000
14212 0.0000000000
14236 0.0000000000
14292 0.0000000000
14374 0.0000000000
14441 0.0000000000
14522 0.0000000000
14575 0.0000000000
14589 0.0000000000
14691 0.0000000000
14733 0.0000000000
14752 0.0000000000
14794 0.0000000000
14867 0.0000000000
14891 0.0000000000
14965 0.0000000000
15119 0.0000000000
15191 0.0000000000
15303 0.0000000000
15411 0.0000000000
15762 0.0000000000
16298 0.0000000000
evaluations raw_y
1 737.5344600925
2 683.0858526004
3 570.9279421721
5 554.2754843162
15 548.5997948610
16 467.5007854703
27 430.0985952439
33 379.6082875662
44 379.3760889656
45 327.7521347341
53 319.2608404798
69 296.6836603630
74 281.9899939264
80 245.1479244663
82 213.7919335310
85 198.4189796834
94 172.0129114056
124 171.7762686380
139 137.5904041919
151 135.7759558096
176 114.4100622579
202 113.3477566729
234 107.9857947646
250 107.2132703086
259 93.2483324249
271 84.7745118798
281 80.2835209491
292 66.2427086470
334 56.5578714891
351 47.0952287914
358 43.0491059174
369 41.1117777621
400 38.7327606879
463 37.5407512145
465 37.3134814358
475 30.3250984820
484 29.4488658629
486 29.1100506645
488 28.2096037624
492 27.1478712396
512 25.1863361249
557 25.1227702536
578 22.2711179915
602 21.9773917174
607 19.6182833069
636 14.3857938499
710 13.2514280606
711 12.5485294459
727 10.1258932301
752 8.3164187455
766 7.6014011969
783 7.3650688804
821 6.9024847700
831 6.6945734747
838 6.5607494851
841 5.4000161314
873 4.8695856477
886 4.5285219700
898 4.2649170370
925 4.0413248816
941 3.8301737846
942 3.5313729752
966 3.4584653317
969 3.3336346853
1011 2.9286981485
1039 2.6972803847
1063 2.2489234855
1104 1.8760689951
1129 1.8678304984
1148 1.5589289235
1179 1.2020952294
1227 1.1575310406
1240 1.0181861197
1281 0.9759319977
1404 0.9304905414
1467 0.8139319026
1517 0.7860445414
1543 0.7561444133
1577 0.7137633287
1634 0.6996751387
1637 0.6612895923
1649 0.4837888267
1677 0.4441567244
1739 0.4254722367
1844 0.4076997194
1877 0.3867125592
1894 0.3682796552
1912 0.2763408525
1982 0.2720579098
2024 0.2698336485
2032 0.2348703126
2097 0.2245717573
2137 0.2064711053
2140 0.1864535491
2163 0.1702855947
2204 0.1647753967
2228 0.1292400696
2280 0.1229607119
2281 0.1225909820
2283 0.1208833157
2295 0.0961708327
2468 0.0936363204
2473 0.0753115517
2522 0.0703874102
2529 0.0672173244
2580 0.0575043932
2617 0.0540380209
2681 0.0522019476
2743 0.0451472655
2761 0.0390604666
2788 0.0355168529
2808 0.0319178095
2859 0.0306432086
2869 0.0262136952
2903 0.0258503551
2980 0.0245251675
3023 0.0186321883
3031 0.0184325738
3046 0.0155994395
3139 0.0145847410
3159 0.0135272518
3199 0.0110801090
3284 0.0100207614
3374 0.0096278564
3386 0.0084365384
3444 0.0053386747
3544 0.0050621358
3590 0.0045916250
3655 0.0045263673
3712 0.0036415315
3739 0.0033261371
3797 0.0032479152
3818 0.0028546673
3861 0.0027976158
3885 0.0025116710
3923 0.0018772031
4055 0.0017496186
4073 0.0015584419
4110 0.0013942260
4146 0.0013326118
4151 0.0013308207
4181 0.0011388366
4339 0.0008046243
4429 0.0007884866
4453 0.0007846386
4483 0.0006980558
4524 0.0006864312
4540 0.0006827271
4548 0.0005657781
4570 0.0005332989
4577 0.0004489662
4655 0.0003911404
4748 0.0003341184
4782 0.0002931517
4797 0.0002745839
4808 0.0002603855
4915 0.0002486200
4937 0.0002058222
5061 0.0002000477
5068 0.0001724391
5132 0.0001720508
5141 0.0001446330
5228 0.0001276859
5265 0.0001212416
5277 0.0001134161
5308 0.0001126363
5315 0.0001035315
5320 0.0000990427
5351 0.0000710761
5394 0.0000544190
5562 0.0000542835
5613 0.0000515327
5686 0.0000507199
5701 0.0000430140
5705 0.0000364462
5747 0.0000300165
5894 0.0000298514
5913 0.0000294621
5930 0.0000282250
5935 0.0000243704
6035 0.0000224450
6117 0.0000204372
6155 0.0000177947
6204 0.0000173520
6217 0.0000165414
6228 0.0000149518
6247 0.0000132525
6250 0.0000116673
6292 0.0000113580
6342 0.0000104208
6348 0.0000079094
6429 0.0000071135
6519 0.0000070572
6560 0.0000070220
6566 0.0000059293
6683 0.0000047133
6718 0.0000046130
6732 0.0000045041
6745 0.0000044165
6761 0.0000043611
6763 0.0000043117
6764 0.0000038477
6827 0.0000033734
6837 0.0000033509
6838 0.0000030191
6871 0.0000027550
6938 0.0000026556
6953 0.0000025758
6995 0.0000021438
7034 0.0000020896
7096 0.0000019480
7124 0.0000018117
7229 0.0000018051
7237 0.0000015369
7256 0.0000015212
7275 0.0000013658
7332 0.0000013644
7335 0.0000013140
7348 0.0000012623
7362 0.0000010919
7372 0.0000009784
7441 0.0000009137
7462 0.0000008936
7499 0.0000008682
7523 0.0000007944
7526 0.0000007334
7533 0.0000006711
7546 0.0000006441
7561 0.0000006281
7579 0.0000005152
7600 0.0000004705
7626 0.0000004444
7665 0.0000003903
7804 0.0000002905
7877 0.0000002790
7963 0.0000002752
7968 0.0000002326
8071 0.0000002135
8076 0.0000002023
8081 0.0000001776
8109 0.0000001735
8137 0.0000001607
8146 0.0000001299
8221 0.0000001284
8268 0.0000001208
8346 0.0000001187
8358 0.0000001108
8398 0.0000000964
8419 0.0000000868
8456 0.0000000796
8483 0.0000000795
8508 0.0000000734
8520 0.0000000709
8619 0.0000000672
8632 0.0000000625
8646 0.0000000590
8696 0.0000000440
8738 0.0000000423
8769 0.0000000333
8942 0.0000000332
8954 0.0000000322
8957 0.0000000267
8991 0.0000000264
9008 0.0000000260
9083 0.0000000238
9093 0.0000000226
9094 0.0000000193
9123 0.0000000166
9179 0.0000000139
9209 0.0000000125
9233 0.0000000121
9297 0.0000000114
9347 0.0000000107
9400 0.0000000086
9518 0.0000000077
9558 0.0000000070
9565 0.0000000066
9575 0.0000000065
9625 0.0000000061
9673 0.0000000060
9682 0.0000000049
9692 0.0000000044
9742 0.0000000035
9888 0.0000000029
9940 0.0000000028
9951 0.0000000026
10003 0.0000000025
10012 0.0000000023
10039 0.0000000020
10049 0.0000000015
10133 0.0000000013
10146 0.0000000013
10248 0.0000000013
10259 0.0000000011
10299 0.0000000010
10374 0.0000000009
10420 0.0000000008
10500 0.0000000007
10522 0.0000000006
10531 0.0000000006
10610 0.0000000005
10654 0.0000000005
10668 0.0000000005
10680 0.0000000004
10701 0.0000000004
10738 0.0000000004
10837 0.0000000003
10887 0.0000000003
10914 0.0000000003
10937 0.0000000003
10941 0.0000000002
11037 0.0000000002
11061 0.0000000002
11140 0.0000000002
11150 0.0000000001
11208 0.0000000001
11260 0.0000000001
11272 0.0000000001
11370 0.0000000001
11371 0.0000000001
11422 0.0000000001
11438 0.0000000001
11490 0.0000000001
11517 0.0000000001
11568 0.0000000001
11587 0.0000000000
11605 0.0000000000
11731 0.0000000000
11884 0.0000000000
11897 0.0000000000
11929 0.0000000000
11958 0.0000000000
11998 0.0000000000
12016 0.0000000000
12051 0.0000000000
12093 0.0000000000
12158 0.0000000000
12159 0.0000000000
12210 0.0000000000
12320 0.0000000000
12349 0.0000000000
12369 0.0000000000
12380 0.0000000000
12402 0.0000000000
12447 0.0000000000
12501 0.0000000000
12582 0.0000000000
12612 0.0000000000
12621 0.0000000000
12643 0.0000000000
12729 0.0000000000
12747 0.0000000000
12769 0.0000000000
12775 0.0000000000
12918 0.0000000000
12954 0.0000000000
12961 0.0000000000
13115 0.0000000000
13146 0.0000000000
13259 0.0000000000
13320 0.0000000000
13390 0.0000000000
13667 0.0000000000
13720 0.0000000000
13758 0.0000000000
13789 0.0000000000
13793 0.0000000000
13796 0.0000000000
13829 0.0000000000
13912 0.0000000000
14100 0.0000000000
14148 0.0000000000
14218 0.0000000000
14229 0.0000000000
14256 0.0000000000
14341 0.0000000000
14372 0.0000000000
14463 0.0000000000
14655 0.0000000000
14913 0.0000000000
15401 0.0000000000
15652 0.0000000000
evaluations raw_y
1 808.7673258492
2 612.1619843455
18 593.9948719165
24 552.2756198805
36 535.9126643739
41 508.2039865501
43 504.1989209849
49 498.3245551006
62 491.5648041598
69 468.5461710216
74 429.7525182731
90 422.4326339273
98 409.1387833546
100 388.1611969220
107 342.3113272327
116 340.0909379693
120 315.2689797585
121 290.5967419760
131 268.2463306062
138 261.0922425580
141 242.9049638333
142 236.6885821972
158 224.0130155559
160 193.2969869600
171 170.7724500076
213 144.2664020232
247 143.7953091586
263 143.0301667427
266 130.5978241462
272 114.5595328250
281 75.8467184292
334 62.6518910398
375 59.3164720546
390 34.8403148035
415 31.3513347847
442 26.7238019124
467 24.1983708331
500 21.6401657244
580 19.0418427740
593 18.8696951104
606 16.1624176713
623 14.6911328226
629 14.0024294106
642 13.6637180595
669 12.6222752194
671 8.6683193714
704 8.5050208632
707 6.6557330542
765 6.4993441478
767 5.7216951040
772 5.3942051349
803 5.2187897196
822 5.1203699455
823 4.7038202387
835 4.1053798930
856 3.4842309026
881 3.4748599753
890 3.3188532234
891 3.3176051758
909 3.2950450374
916 3.2913856683
921 2.9692415878
944 2.3802199226
1002 2.2085971176
1012 1.9617111342
1061 1.4971820389
1092 1.3914599347
1109 0.9248484821
1273 0.9010942840
1286 0.8445386300
1342 0.7570252096
1413 0.6726620935
1458 0.6297691912
1481 0.5550720879
1513 0.4488371011
1532 0.4403654169
1563 0.3758413883
1601 0.3677001668
1668 0.3526821739
1723 0.3430159866
1785 0.3095138034
1829 0.2565154765
1888 0.2311862478
2023 0.2010842442
2028 0.1961740267
2037 0.1731722748
2046 0.1493166731
2145 0.1314397275
2190 0.1159595875
2250 0.1039713025
2274 0.0996043715
2285 0.0908326996
2298 0.0882169304
2327 0.0737729400
2341 0.0668312577
2371 0.0625772354
2453 0.0565721951
2548 0.0487121608
2593 0.0482056912
2663 0.0445343469
2667 0.0384898830
2708 0.0351722850
2774 0.0298425742
2804 0.0260557491
2857 0.0204333573
2949 0.0196544912
2990 0.0195005808
3026 0.0193259009
3057 0.0178620123
3069 0.0126367841
3217 0.0120178734
3245 0.0092779348
3303 0.0087772579
3323 0.0083050090
3364 0.0081885562
3379 0.0072008568
3420 0.0065376315
3470 0.0052467222
3560 0.0048999254
3580 0.0038850758
3636 0.0033589900
3655 0.0033368931
3690 0.0033088520
3735 0.0031355607
3749 0.0030547700
3752 0.0028263819
3758 0.0024345187
3866 0.0023746552
3877 0.0021519422
3914 0.0016092641
3969 0.0012442053
4125 0.0009896110
4192 0.0008607866
4265 0.0006925917
4383 0.0005654335
4408 0.0004871092
4433 0.0003583788
4587 0.0003359431
4732 0.0003265504
4777 0.0003068530
4792 0.0002943965
4815 0.0002398680
4843 0.0002180217
4912 0.0002152138
4917 0.0001802349
4942 0.0001511046
5083 0.0001357555
5108 0.0001277904
5138 0.0001000637
5167 0.0000909573
5201 0.0000871443
5245 0.0000855445
5262 0.0000785556
5287 0.0000758666
5335 0.0000669166
5355 0.0000652837
5366 0.0000631071
5383 0.0000623049
5421 0.0000588384
5440 0.0000450153
5477 0.0000404265
5498 0.0000388192
5557 0.0000310224
5608 0.0000291651
5639 0.0000283663
5659 0.0000238530
5747 0.0000227703
5763 0.0000223748
5771 0.0000196096
5834 0.0000154963
5858 0.0000147849
5959 0.0000145216
5982 0.0000136635
6016 0.0000125742
6017 0.0000121499
6036 0.0000117819
6081 0.0000105763
6096 0.0000090746
6123 0.0000088379
6188 0.0000075338
6224 0.0000072268
6252 0.0000065456
6276 0.0000055984
6299 0.0000050578
6338 0.0000050307
6381 0.0000049609
6388 0.0000046443
6394 0.0000036860
6428 0.0000035098
6512 0.0000031683
6546 0.0000030757
6695 0.0000027234
6705 0.0000022521
6738 0.0000019600
6750 0.0000018688
6771 0.0000018077
6810 0.0000016670
6827 0.0000015720
6852 0.0000015283
6899 0.0000011175
6999 0.0000009780
7041 0.0000009779
7066 0.0000009241
7081 0.0000008955
7096 0.0000006698
7201 0.0000004760
7400 0.0000004327
7408 0.0000003846
7416 0.0000003701
7454 0.0000003359
7458 0.0000003310
7497 0.0000002626
7592 0.0000002577
7621 0.0000002490
7625 0.0000002237
7646 0.0000001687
7711 0.0000001570
7769 0.0000001525
7850 0.0000001443
7923 0.0000001233
7925 0.0000001223
7938 0.0000001193
7940 0.0000001072
8059 0.0000001024
8072 0.0000001000
8122 0.0000000987
8148 0.0000000871
8155 0.0000000819
8159 0.0000000776
8195 0.0000000757
8241 0.0000000731
8242 0.0000000718
8247 0.0000000692
8253 0.0000000642
8267 0.0000000567
8282 0.0000000520
8302 0.0000000520
8315 0.0000000518
8327 0.0000000443
8399 0.0000000413
8432 0.0000000323
8535 0.0000000207
8692 0.0000000173
8733 0.0000000133
8882 0.0000000108
9022 0.0000000092
9054 0.0000000087
9125 0.0000000084
9140 0.0000000076
9193 0.0000000073
9196 0.0000000067
9225 0.0000000060
9254 0.0000000052
9294 0.0000000048
9316 0.0000000038
9343 0.0000000038
9347 0.0000000035
9393 0.0000000033
9447 0.0000000028
9519 0.0000000028
9604 0.0000000024
9618 0.0000000022
9623 0.0000000020
9727 0.0000000018
9787 0.0000000017
9788 0.0000000015
9795 0.0000000013
9848 0.0000000012
9890 0.0000000011
9923 0.0000000009
9997 0.0000000009
10002 0.0000000009
10056 0.0000000008
10095 0.0000000006
10132 0.0000000006
10153 0.0000000005
10192 0.0000000004
10265 0.0000000004
10272 0.0000000004
10286 0.0000000004
10294 0.0000000004
10345 0.0000000004
10355 0.0000000004
10420 0.0000000003
10440 0.0000000003
10493 0.0000000002
10542 0.0000000002
10571 0.0000000002
10656 0.0000000002
10714 0.0000000001
10722 0.0000000001
10730 0.0000000001
10780 0.0000000001
10784 0.0000000001
10885 0.0000000001
10917 0.0000000001
10938 0.0000000001
10987 0.0000000001
11072 0.0000000001
11107 0.0000000000
11136 0.0000000000
11170 0.0000000000
11196 0.0000000000
11305 0.0000000000
11331 0.0000000000
11417 0.0000000000
11468 0.0000000000
11563 0.0000000000
11566 0.0000000000
11677 0.0000000000
11711 0.0000000000
11715 0.0000000000
11720 0.0000000000
11870 0.0000000000
11918 0.0000000000
11974 0.0000000000
12006 0.0000000000
12075 0.0000000000
12105 0.0000000000
12139 0.0000000000
12165 0.0000000000
12202 0.0000000000
12204 0.0000000000
12271 0.0000000000
12340 0.0000000000
12350 0.0000000000
12398 0.0000000000
12433 0.0000000000
12471 0.0000000000
12510 0.0000000000
12541 0.0000000000
12552 0.0000000000
12568 0.0000000000
12667 0.0000000000
12745 0.0000000000
12775 0.0000000000
12793 0.0000000000
12905 0.0000000000
12922 0.0000000000
12999 0.0000000000
13018 0.0000000000
13024 0.0000000000
13099 0.0000000000
13136 0.0000000000
13168 0.0000000000
13192 0.0000000000
13253 0.0000000000
13436 0.0000000000
13600 0.0000000000
13606 0.0000000000
13701 0.0000000000
13734 0.0000000000
13958 0.0000000000
14108 0.0000000000
14165 0.0000000000
14275 0.0000000000
14509 0.0000000000
15280 0.0000000000
evaluations raw_y
1 624.1538220585
17 583.6609608966
23 546.5812362190
30 512.8476141056
39 491.7530737702
46 463.7513981559
48 401.4097838455
62 380.3301385452
68 360.2430319270
74 320.1922230705
90 265.4952102429
93 265.2566786008
105 257.4375283141
111 242.0725585627
115 225.9769301031
127 224.4816925363
128 208.5806883305
137 190.4513665027
140 183.7026769502
151 180.2856012126
160 123.3898072539
252 94.9489276925
275 92.4865461153
283 79.2368886886
340 74.3840668095
364 72.2437320555
379 66.4825521699
386 57.6697238595
397 51.4972115489
412 42.2393872473
438 35.5050729625
483 34.7531243950
486 30.8330232971
498 30.6100188966
504 29.0527495039
510 27.6009615912
519 24.9420753353
529 23.9149676646
546 23.8944280914
548 14.9417040783
627 14.6909023182
637 13.9200720213
655 11.8812896155
672 11.1166405366
691 10.9602759612
697 10.3592891579
717 7.6632927702
737 5.5661121935
779 5.1858294577
792 4.8478564599
800 3.4957251380
892 3.4838102697
924 3.1538081996
953 2.8809432585
962 2.8061397118
982 2.5323070525
987 2.2366756001
993 2.1839184550
994 1.7377288450
1056 1.5826340811
1060 1.4740335762
1139 1.2867437786
1145 1.0418333989
1194 0.9352506293
1226 0.9211393449
1249 0.9129563764
1267 0.7958124706
1356 0.7385750847
1384 0.7060124927
1447 0.5147315409
1600 0.4928446450
1601 0.4737968006
1613 0.4525286902
1632 0.4312306586
1651 0.3322372758
1774 0.2589147985
1895 0.2014875897
1980 0.1993434185
2047 0.1938207570
2066 0.1841868093
2071 0.1809830508
2120 0.1786063075
2122 0.1718774708
2143 0.1656951376
2147 0.1475265902
2159 0.1328457196
2165 0.1267444508
2254 0.1143482706
2261 0.0983461455
2287 0.0784338015
2407 0.0741665551
2411 0.0674222713
2421 0.0646135875
2451 0.0584229987
2483 0.0577146812
2517 0.0563840880
2559 0.0494930401
2582 0.0396038884
2661 0.0328123493
2792 0.0279335745
2843 0.0242789503
2867 0.0232877846
2873 0.0216049996
2874 0.0193984481
2908 0.0179971242
3016 0.0128790321
3107 0.0114902340
3130 0.0109242057
3146 0.0098323195
3218 0.0087991579
3351 0.0079592175
3377 0.0072912240
3425 0.0064903864
3435 0.0048373048
3480 0.0048150219
3531 0.0035911366
3576 0.0034905944
3620 0.0033664865
3708 0.0032239657
3711 0.0031530590
3748 0.0029683618
3773 0.0029090130
3809 0.0027546693
3813 0.0025700308
3843 0.0022724270
3858 0.0018718587
3934 0.0015936085
3996 0.0015583552
4067 0.0014861062
4081 0.0014039004
4091 0.0013535643
4095 0.0012116973
4158 0.0010693867
4172 0.0009138471
4188 0.0008605666
4237 0.0008018277
4306 0.0007859421
4324 0.0007841248
4354 0.0006877292
4394 0.0006516327
4490 0.0005929815
4498 0.0005640105
4505 0.0005600611
4513 0.0004073803
4534 0.0003762648
4549 0.0003568806
4566 0.0003414863
4719 0.0002014776
4884 0.0001758333
4944 0.0001390580
5067 0.0001359355
5078 0.0001269899
5155 0.0001086065
5178 0.0000940048
5208 0.0000881270
5239 0.0000800732
5320 0.0000781188
5412 0.0000771045
5421 0.0000756668
5423 0.0000755997
5434 0.0000695944
5435 0.0000601042
5450 0.0000501930
5580 0.0000468300
5591 0.0000428348
5595 0.0000315797
5672 0.0000209409
5804 0.0000206395
5862 0.0000200592
5941 0.0000196922
5946 0.0000140707
5963 0.0000114598
6022 0.0000109223
6045 0.0000092866
6173 0.0000078896
6185 0.0000077557
6255 0.0000062990
6257 0.0000061737
6398 0.0000059755
6407 0.0000052489
6427 0.0000048774
6470 0.0000039489
6503 0.0000036829
6504 0.0000035768
6575 0.0000035470
6612 0.0000034530
6632 0.0000030712
6645 0.0000029544
6690 0.0000021227
6788 0.0000017380
6792 0.0000016273
6929 0.0000015601
6965 0.0000014524
6974 0.0000011169
6996 0.0000010441
7016 0.0000009362
7061 0.0000007744
7216 0.0000007722
7234 0.0000006673
7292 0.0000006472
7304 0.0000006180
7336 0.0000005816
7376 0.0000005111
7387 0.0000004429
7424 0.0000004373
7434 0.0000003776
7505 0.0000003457
7547 0.0000003098
7596 0.0000003082
7633 0.0000003048
7639 0.0000002963
7642 0.0000002875
7651 0.0000002814
7652 0.0000002560
7653 0.0000002500
7680 0.0000001974
7748 0.0000001940
7772 0.0000001710
7785 0.0000001408
7923 0.0000001253
7951 0.0000001149
7960 0.0000001096
7984 0.0000000961
8120 0.0000000921
8145 0.0000000708
8154 0.0000000626
8309 0.0000000563
8361 0.0000000559
8363 0.0000000502
8375 0.0000000428
8493 0.0000000322
8523 0.0000000278
8554 0.0000000237
8639 0.0000000193
8650 0.0000000178
8812 0.0000000178
8842 0.0000000167
8850 0.0000000155
8852 0.0000000135
8904 0.0000000123
8906 0.0000000122
8925 0.0000000113
8954 0.0000000109
9019 0.0000000096
9029 0.0000000065
9160 0.0000000060
9231 0.0000000058
9316 0.0000000048
9440 0.0000000041
9443 0.0000000033
9490 0.0000000032
9543 0.0000000032
9591 0.0000000022
9663 0.0000000020
9736 0.0000000017
9797 0.0000000017
9804 0.0000000016
9808 0.0000000015
9824 0.0000000014
9855 0.0000000014
9916 0.0000000013
9926 0.0000000012
9971 0.0000000009
10003 0.0000000008
10132 0.0000000007
10157 0.0000000006
10254 0.0000000006
10274 0.0000000006
10315 0.0000000005
10361 0.0000000004
10378 0.0000000004
10418 0.0000000004
10425 0.0000000004
10426 0.0000000003
10494 0.0000000003
10519 0.0000000003
10597 0.0000000003
10616 0.0000000002
10641 0.0000000002
10673 0.0000000002
10682 0.0000000002
10695 0.0000000002
10698 0.0000000002
10706 0.0000000002
10769 0.0000000002
10835 0.0000000001
10926 0.0000000001
10961 0.0000000001
10963 0.0000000001
10997 0.0000000001
11007 0.0000000001
11028 0.0000000001
11030 0.0000000001
11083 0.0000000001
11112 0.0000000001
11220 0.0000000001
11247 0.0000000001
11320 0.0000000000
11359 0.0000000000
11416 0.0000000000
11443 0.0000000000
11526 0.0000000000
11617 0.0000000000
11632 0.0000000000
11684 0.0000000000
11788 0.0000000000
11803 0.0000000000
11831 0.0000000000
11914 0.0000000000
12052 0.0000000000
12126 0.0000000000
12128 0.0000000000
12150 0.0000000000
12203 0.0000000000
12280 0.0000000000
12339 0.0000000000
12373 0.0000000000
12399 0.0000000000
12413 0.0000000000
12506 0.0000000000
12561 0.0000000000
12663 0.0000000000
12669 0.0000000000
12671 0.0000000000
12704 0.0000000000
12711 0.0000000000
12712 0.0000000000
12753 0.0000000000
12755 0.0000000000
12771 0.0000000000
12772 0.0000000000
12856 0.0000000000
12904 0.0000000000
12939 0.0000000000
13022 0.0000000000
13083 0.0000000000
13093 0.0000000000
13245 0.0000000000
13274 0.0000000000
13306 0.0000000000
13379 0.0000000000
13394 0.0000000000
13435 0.0000000000
13454 0.0000000000
13545 0.0000000000
13695 0.0000000000
13723 0.0000000000
13800 0.0000000000
13888 0.0000000000
13996 0.0000000000
14119 0.0000000000
14153 0.0000000000
14252 0.0000000000
14380 0.0000000000
14399 0.0000000000
14688 0.0000000000
14877 0.0000000000
15051 0.0000000000
15773 0.0000000000
evaluations raw_y
1 688.2757107214
11 654.4542844397
12 597.4584887174
22 554.6765466550
32 500.3524232287
48 468.5111511189
73 449.8443883508
84 446.6112955722
91 425.5518498098
118 397.5083750496
119 365.7639812209
138 333.3568404473
148 260.4037031593
179 259.7006940969
186 233.5524595413
195 233.2569240796
200 202.6806519083
204 198.6774738873
210 172.9579580161
219 156.1338828562
241 141.5299514901
258 131.2607510489
263 128.9879820433
266 120.4765059852
274 114.6495428531
318 104.6148837433
325 87.7063114548
361 71.0358946021
376 62.8957944491
403 57.2705762329
440 52.6171375654
443 52.0264554178
462 48.8462300169
467 44.8709452112
482 42.8081159423
548 42.0669900550
563 21.7657919855
636 20.5419296137
639 20.3959960769
644 18.9500418722
662 18.2413893631
667 16.6551475128
693 14.8693472378
712 13.5717144209
718 11.8965772628
724 11.6336663154
793 10.8083930128
798 10.6550490148
819 9.5066643211
820 9.1066727751
844 7.7419635143
850 7.1729793885
866 6.8246299670
883 6.3259837532
884 6.3246254392
887 5.9145531860
901 5.8835455604
934 4.2312340076
1017 4.1151562310
1028 3.9568586343
1044 3.7204017884
1046 3.5092735769
1060 3.4219562883
1065 2.8231173491
1097 2.1331714728
1110 2.0708288768
1113 2.0410374661
1139 1.9669996709
1146 1.9134769203
1161 1.7989414732
1203 1.6821096379
1204 1.5334204578
1222 1.4554704993
1246 1.4314239901
1279 1.3860987845
1302 1.2977732794
1313 0.9509751928
1441 0.9087226928
1514 0.8797801638
1556 0.8611982497
1631 0.7423530468
1652 0.6590353644
1655 0.5521501463
1774 0.5059060625
1848 0.4056492781
1896 0.3749274552
1968 0.3439174880
1991 0.3013964140
2027 0.2997584081
2028 0.2629617055
2142 0.1928590470
2286 0.1581948376
2294 0.1089600727
2615 0.0954833801
2658 0.0875694685
2668 0.0838638125
2692 0.0832475707
2738 0.0734231110
2791 0.0688810860
2794 0.0552563899
2833 0.0538501110
2860 0.0392410827
2872 0.0358715139
2969 0.0232302599
3177 0.0206569006
3204 0.0164353004
3282 0.0157606673
3334 0.0138791658
3350 0.0133155909
3379 0.0130595399
3449 0.0125532094
3476 0.0117931304
3479 0.0092985709
3539 0.0070106369
3684 0.0057107928
3746 0.0048521101
3928 0.0045811982
3930 0.0045489832
3956 0.0042899304
3987 0.0041677599
4007 0.0037641321
4020 0.0034132744
4042 0.0026142214
4199 0.0023486238
4200 0.0020701879
4270 0.0019631386
4285 0.0017453318
4368 0.0015846877
4370 0.0015123004
4425 0.0013865149
4435 0.0013665516
4479 0.0012612903
4539 0.0012392977
4553 0.0011908401
4554 0.0011798930
4575 0.0010457320
4611 0.0009941058
4637 0.0009805217
4641 0.0007806019
4730 0.0006442262
4745 0.0006220561
4760 0.0006063897
4765 0.0006049471
4769 0.0005682051
4803 0.0005526174
4814 0.0005322045
4817 0.0005084155
4836 0.0004639840
4878 0.0004398131
4930 0.0004156110
4944 0.0003335561
5019 0.0003163643
5053 0.0002802034
5117 0.0002745931
5127 0.0001999107
5191 0.0001720513
5206 0.0001369804
5295 0.0001015553
5486 0.0000971744
5517 0.0000956938
5560 0.0000954773
5561 0.0000900043
5567 0.0000850418
5609 0.0000700299
5611 0.0000649579
5758 0.0000605585
5818 0.0000565228
5838 0.0000561358
5842 0.0000560693
5848 0.0000537711
5852 0.0000453615
5866 0.0000377170
5905 0.0000372484
5915 0.0000359827
5937 0.0000359032
5945 0.0000344679
6037 0.0000338729
6051 0.0000310357
6077 0.0000282860
6112 0.0000225009
6197 0.0000175107
6292 0.0000144839
6346 0.0000134292
6403 0.0000106097
6486 0.0000100303
6559 0.0000078674
6585 0.0000078591
6601 0.0000076179
6627 0.0000072560
6645 0.0000070360
6663 0.0000054725
6747 0.0000048451
6790 0.0000046413
6814 0.0000043280
6832 0.0000041690
6859 0.0000035648
6890 0.0000035147
6892 0.0000032538
7025 0.0000029198
7039 0.0000028408
7044 0.0000026069
7057 0.0000024084
7059 0.0000017372
7212 0.0000016271
7263 0.0000015778
7308 0.0000011288
7463 0.0000011147
7500 0.0000009922
7520 0.0000009295
7551 0.0000007403
7581 0.0000006451
7623 0.0000006425
7634 0.0000004596
7717 0.0000004353
7752 0.0000003979
7842 0.0000003947
7886 0.0000003589
7947 0.0000003339
7959 0.0000003130
7966 0.0000002847
7992 0.0000002580
8032 0.0000002303
8058 0.0000002243
8097 0.0000001762
8231 0.0000001750
8242 0.0000001575
8267 0.0000001552
8299 0.0000001517
8300 0.0000001201
8403 0.0000001201
8404 0.0000001111
8424 0.0000001053
8425 0.0000001041
8435 0.0000000829
8526 0.0000000696
8527 0.0000000593
8633 0.0000000476
8636 0.0000000473
8719 0.0000000435
8775 0.0000000365
8780 0.0000000277
8971 0.0000000276
8997 0.0000000275
9043 0.0000000216
9065 0.0000000211
9099 0.0000000178
9161 0.0000000128
9292 0.0000000121
9342 0.0000000108
9369 0.0000000107
9372 0.0000000092
9407 0.0000000081
9532 0.0000000066
9661 0.0000000063
9687 0.0000000054
9707 0.0000000049
9748 0.0000000048
9816 0.0000000042
9838 0.0000000038
9909 0.0000000028
10008 0.0000000027
10015 0.0000000026
10045 0.0000000017
10163 0.0000000016
10165 0.0000000014
10313 0.0000000012
10380 0.0000000010
10400 0.0000000009
10453 0.0000000009
10470 0.0000000009
10501 0.0000000008
10507 0.0000000008
10521 0.0000000007
10615 0.0000000005
10673 0.0000000005
10698 0.0000000005
10730 0.0000000004
10795 0.0000000004
10845 0.0000000004
10895 0.0000000004
10918 0.0000000003
10953 0.0000000003
10979 0.0000000002
11129 0.0000000002
11155 0.0000000002
11173 0.0000000002
11201 0.0000000002
11234 0.0000000001
11266 0.0000000001
11269 0.0000000001
11351 0.0000000001
11388 0.0000000001
11444 0.0000000001
11494 0.0000000001
11606 0.0000000000
11636 0.0000000000
11684 0.0000000000
11690 0.0000000000
11736 0.0000000000
11780 0.0000000000
11811 0.0000000000
11902 0.0000000000
12006 0.0000000000
12064 0.0000000000
12098 0.0000000000
12149 0.0000000000
12173 0.0000000000
12265 0.0000000000
12299 0.0000000000
12305 0.0000000000
12347 0.0000000000
12408 0.0000000000
12421 0.0000000000
12548 0.0000000000
12639 0.0000000000
12646 0.0000000000
12753 0.0000000000
12763 0.0000000000
12791 0.0000000000
12808 0.0000000000
13070 0.0000000000
13118 0.0000000000
13151 0.0000000000
13174 0.0000000000
13193 0.0000000000
13212 0.0000000000
13258 0.0000000000
13328 0.0000000000
13330 0.0000000000
13340 0.0000000000
13411 0.0000000000
13447 0.0000000000
13471 0.0000000000
13515 0.0000000000
13535 0.0000000000
13553 0.0000000000
13592 0.0000000000
13701 0.0000000000
13776 0.0000000000
13918 0.0000000000
13973 0.0000000000
14009 0.0000000000
14019 0.0000000000
14034 0.0000000000
14119 0.0000000000
14135 0.0000000000
14238 0.0000000000
14259 0.0000000000
14268 0.0000000000
14347 0.0000000000
14441 0.0000000000
14453 0.0000000000
14660 0.0000000000
14801 0.0000000000
14960 0.0000000000
15667 0.0000000000
evaluations raw_y
1 608.5428258872
6 601.9363842042
26 587.5711777595
29 538.9934994111
42 512.5409875793
45 478.3418106786
60 453.5484067513
78 416.0221155932
87 413.0791330010
89 402.3878205431
108 360.2024002504
115 304.2059925981
128 290.7347835578
136 268.1243495837
138 256.9258917858
144 249.8860316758
156 239.5615063839
160 230.0376552416
167 224.7182907441
170 214.2557828724
171 158.9432651286
190 157.6765319588
221 146.8747243142
228 143.8460607625
237 125.8658450106
295 117.4448686231
305 115.4246309128
324 94.2224015689
339 86.0335428416
407 84.4326317257
426 58.5778574993
439 57.5025475939
499 56.2182175564
511 49.9120186830
520 44.1816388064
527 36.5518420938
546 35.6463715723
547 32.7524427630
563 31.6752438758
567 29.8672270502
570 24.0011446909
576 21.8265384408
602 21.4744407150
613 19.4091320388
640 16.8194882629
734 16.2302824982
746 16.1696390743
751 13.9836109122
761 13.7831624960
767 11.8680163161
772 10.2715483386
834 9.7068110582
845 8.9853590429
900 8.7239487502
913 7.9992628466
925 7.8476010267
929 6.2213132015
938 5.3139495684
943 4.8566817469
972 4.3656933975
1028 4.3171480341
1033 3.6531481868
1052 2.4318107080
1076 2.2669687348
1093 1.9267800815
1251 1.7297028691
1265 1.6267061212
1272 1.5890042545
1291 1.5011637430
1322 1.4166255102
1340 1.3162391072
1483 1.3080659103
1527 1.3037855727
1533 1.0332986106
1579 1.0046766943
1598 0.9817019410
1607 0.8057333843
1731 0.7793406049
1778 0.6855925700
1790 0.6771782977
1794 0.5892944764
1828 0.5607468912
1920 0.4984742395
1936 0.4084809915
1960 0.3690185387
1999 0.3577382996
2059 0.3430617736
2079 0.3204981414
2088 0.3133105020
2102 0.2852112293
2144 0.2851955250
2174 0.2569516759
2293 0.1842388056
2455 0.1841093557
2471 0.1548303846
2500 0.1512970278
2509 0.1124766385
2564 0.1123483249
2591 0.1082473704
2636 0.0894103475
2699 0.0891019371
2703 0.0863628575
2711 0.0747837873
2743 0.0693740655
2771 0.0667705230
2806 0.0639318579
2849 0.0535708105
2858 0.0466797726
2920 0.0461152025
2964 0.0314874410
3170 0.0292837167
3177 0.0255421186
3255 0.0164933088
3366 0.0163969765
3391 0.0159916591
3476 0.0154423263
3489 0.0134594371
3521 0.0134470918
3556 0.0134297243
3568 0.0098773895
3639 0.0080233622
3684 0.0067979877
3771 0.0065201350
3844 0.0048823927
3966 0.0048456061
3974 0.0043303643
4013 0.0040689361
4025 0.0039893645
4049 0.0037544741
4051 0.0037143166
4073 0.0036142548
4110 0.0030328587
4172 0.0027301858
4200 0.0023859277
4261 0.0019412438
4385 0.0015553666
4387 0.0015079771
4414 0.0013549152
4461 0.0010433236
4673 0.0009932355
4675 0.0007822759
4716 0.0006853540
4739 0.0006553598
4790 0.0006099977
4835 0.0005908901
4859 0.0004353475
4869 0.0004289840
4916 0.0004221275
4942 0.0004165119
4966 0.0004015699
4990 0.0003920543
4997 0.0003918505
5021 0.0002734196
5080 0.0002716396
5106 0.0001870966
5248 0.0001445488
5271 0.0001383290
5411 0.0001333000
5436 0.0001138181
5496 0.0000914347
5552 0.0000850970
5573 0.0000848980
5588 0.0000765908
5619 0.0000523601
5804 0.0000483338
5823 0.0000434828
5911 0.0000410431
5918 0.0000402379
5933 0.0000373448
5994 0.0000313882
6028 0.0000276867
6121 0.0000240916
6203 0.0000191771
6213 0.0000149518
6346 0.0000138603
6351 0.0000122087
6356 0.0000117338
6427 0.0000110670
6502 0.0000106160
6515 0.0000103426
6546 0.0000102777
6594 0.0000098278
6597 0.0000072179
6658 0.0000060998
6729 0.0000053878
6777 0.0000049977
6843 0.0000048016
6868 0.0000039840
6885 0.0000036242
6975 0.0000033122
7024 0.0000032137
7056 0.0000029667
7138 0.0000029003
7149 0.0000027105
7158 0.0000026892
7164 0.0000023130
7195 0.0000021433
7227 0.0000014275
7364 0.0000014185
7400 0.0000013475
7406 0.0000013088
7415 0.0000011979
7517 0.0000010410
7586 0.0000009793
7590 0.0000007837
7665 0.0000007278
7673 0.0000006332
7722 0.0000005694
7743 0.0000005488
7818 0.0000004864
7834 0.0000003467
7926 0.0000002953
8025 0.0000002617
8109 0.0000002326
8119 0.0000002179
8137 0.0000002114
8204 0.0000001779
8232 0.0000001440
8337 0.0000001148
8392 0.0000000989
8543 0.0000000765
8574 0.0000000719
8629 0.0000000677
8699 0.0000000617
8706 0.0000000599
8729 0.0000000520
8750 0.0000000432
8832 0.0000000412
8835 0.0000000355
8938 0.0000000290
8942 0.0000000232
9048 0.0000000225
9080 0.0000000222
9081 0.0000000208
9085 0.0000000198
9125 0.0000000166
9135 0.0000000114
9319 0.0000000111
9334 0.0000000111
9349 0.0000000099
9363 0.0000000087
9425 0.0000000086
9428 0.0000000084
9477 0.0000000069
9490 0.0000000064
9612 0.0000000056
9629 0.0000000056
9677 0.0000000040
9681 0.0000000039
9724 0.0000000036
9772 0.0000000033
9783 0.0000000032
9784 0.0000000029
9882 0.0000000025
9948 0.0000000022
10015 0.0000000019
10042 0.0000000018
10155 0.0000000018
10183 0.0000000016
10197 0.0000000016
10205 0.0000000015
10215 0.0000000013
10230 0.0000000013
10289 0.0000000012
10297 0.0000000010
10368 0.0000000010
10401 0.0000000009
10455 0.0000000008
10468 0.0000000007
10475 0.0000000007
10568 0.0000000006
10602 0.0000000006
10610 0.0000000005
10684 0.0000000004
10722 0.0000000004
10799 0.0000000002
10920 0.0000000002
10921 0.0000000002
11025 0.0000000002
11100 0.0000000002
11106 0.0000000002
11125 0.0000000002
11152 0.0000000001
11252 0.0000000001
11282 0.0000000001
11301 0.0000000001
11327 0.0000000001
11356 0.0000000001
11386 0.0000000001
11426 0.0000000001
11483 0.0000000001
11515 0.0000000000
11749 0.0000000000
11801 0.0000000000
11844 0.0000000000
11863 0.0000000000
11872 0.0000000000
11921 0.0000000000
11984 0.0000000000
12183 0.0000000000
12207 0.0000000000
12219 0.0000000000
12241 0.0000000000
12309 0.0000000000
12317 0.0000000000
12356 0.0000000000
12369 0.0000000000
12382 0.0000000000
12403 0.0000000000
12439 0.0000000000
12505 0.0000000000
12604 0.0000000000
12689 0.0000000000
12793 0.0000000000
12812 0.0000000000
12832 0.0000000000
12854 0.0000000000
12954 0.0000000000
13057 0.0000000000
13091 0.0000000000
13152 0.0000000000
13195 0.0000000000
13264 0.0000000000
13348 0.0000000000
13357 0.0000000000
13362 0.0000000000
13541 0.0000000000
13573 0.0000000000
13574 0.0000000000
13575 0.0000000000
13701 0.0000000000
13719 0.0000000000
13759 0.0000000000
13832 0.0000000000
13850 0.0000000000
14006 0.0000000000
14081 0.0000000000
14159 0.0000000000
14247 0.0000000000
14277 0.0000000000
14429 0.0000000000
14710 0.0000000000
15428 0.0000000000
evaluations raw_y
1 627.0604192182
4 509.9022825487
6 474.1022363971
16 467.0092379616
23 445.0321590383
24 443.8682309596
25 387.6900831247
29 370.4007427684
41 362.5273421447
46 353.5634439791
53 274.5228511608
68 269.5736321536
78 257.7032005088
98 235.6366061802
127 203.1411637621
141 201.8994862760
145 171.8872953932
178 138.1674244001
184 130.9478176893
194 128.3604742426
206 94.6747763943
218 90.5404047606
277 83.4651997171
301 74.2677831166
312 72.6609143590
330 72.2036892659
345 72.1421382284
367 57.5955640632
380 57.5912368679
383 53.8783611950
387 49.9509027988
429 47.3900924867
437 46.4489910726
443 35.1172217765
455 33.0178789425
466 28.5340846954
480 26.5502531848
481 25.7512399314
493 24.3985231423
505 21.9160410586
559 20.9112287354
564 19.2914765717
574 17.0290053432
587 14.8643732406
611 13.1674177117
633 12.4993738107
645 11.7573732332
657 9.5104590468
681 8.5675543817
683 7.0419302052
720 6.7521934949
722 5.1863036204
793 4.9863553669
830 4.8043432033
833 3.9947289692
845 3.6235182089
850 3.5265724968
879 3.2763968467
916 3.1641326159
918 2.8825210998
922 2.5811119061
955 2.4614832145
958 2.3875052966
986 2.0239651645
1014 1.8320086619
1038 1.5839513526
1093 1.5282240298
1116 1.4960683210
1190 1.4035862633
1223 1.3460662266
1227 1.3273273225
1235 1.0887013761
1267 1.0543421658
1274 0.8804825754
1325 0.8760088882
1340 0.7926440771
1392 0.7294395428
1400 0.5909529629
1531 0.3726613637
1674 0.3664481490
1686 0.3574043424
1719 0.3529923411
1808 0.3496049220
1838 0.3407451275
1839 0.2784730775
1861 0.2627627862
1940 0.2574099647
1953 0.2514356361
1962 0.2181966980
1999 0.1963130333
2004 0.1851327975
2035 0.1826693861
2086 0.1659117294
2120 0.1634338418
2129 0.1626174396
2186 0.1589282650
2194 0.1549898974
2196 0.0911673367
2423 0.0832658224
2489 0.0819283337
2496 0.0616119646
2559 0.0540504433
2594 0.0538333756
2605 0.0534306581
2632 0.0445158155
2635 0.0430965141
2677 0.0340610621
2779 0.0278354296
2847 0.0252777800
2874 0.0250945991
2932 0.0202365598
2974 0.0167300840
3097 0.0138480329
3207 0.0122183398
3227 0.0117468405
3255 0.0112797835
3264 0.0098962869
3296 0.0098237746
3301 0.0096506386
3324 0.0095489121
3332 0.0081697568
3375 0.0078561032
3383 0.0077038125
3398 0.0073243304
3436 0.0065241052
3523 0.0053800298
3531 0.0049585633
3551 0.0039803006
3681 0.0039385770
3685 0.0029572576
3815 0.0025399030
3848 0.0023348623
3896 0.0022765240
3897 0.0022328166
3930 0.0022240913
3952 0.0022140563
4016 0.0021636081
4041 0.0021326258
4051 0.0018806155
4055 0.0014510509
4171 0.0013443030
4228 0.0013144483
4230 0.0012393390
4243 0.0011820747
4273 0.0010593668
4342 0.0010245396
4379 0.0008804331
4387 0.0007761440
4426 0.0006368512
4431 0.0005767262
4545 0.0005136022
4558 0.0005050880
4647 0.0004796397
4659 0.0004679834
4681 0.0004007875
4770 0.0003964567
4779 0.0003823524
4782 0.0003515836
4783 0.0003408338
4819 0.0002784865
4838 0.0002707584
4847 0.0002652369
4871 0.0002603270
4918 0.0002542959
4929 0.0002275868
4977 0.0001944007
4984 0.0001924353
5001 0.0001807119
5025 0.0001786167
5035 0.0001344929
5160 0.0001313723
5219 0.0001289170
5223 0.0001236007
5231 0.0001152469
5290 0.0001134531
5320 0.0001011987
5358 0.0001008229
5389 0.0000982170
5395 0.0000833897
5461 0.0000645946
5539 0.0000645186
5551 0.0000597683
5565 0.0000543011
5616 0.0000485355
5619 0.0000460633
5630 0.0000441374
5646 0.0000423479
5677 0.0000368492
5749 0.0000321762
5900 0.0000267337
5940 0.0000246972
5997 0.0000229224
6017 0.0000228615
6036 0.0000202573
6064 0.0000192649
6072 0.0000177411
6139 0.0000167549
6140 0.0000150128
6185 0.0000136925
6260 0.0000124604
6278 0.0000108977
6303 0.0000078235
6479 0.0000076083
6557 0.0000056212
6563 0.0000055123
6580 0.0000044553
6598 0.0000042731
6639 0.0000036250
6700 0.0000032598
6740 0.0000026476
6809 0.0000023056
6964 0.0000022816
6992 0.0000020554
7032 0.0000016000
7097 0.0000012957
7125 0.0000011854
7284 0.0000010989
7285 0.0000010678
7344 0.0000009543
7348 0.0000009026
7372 0.0000007797
7382 0.0000006529
7402 0.0000006376
7448 0.0000006080
7505 0.0000005115
7627 0.0000004881
7681 0.0000004695
7714 0.0000004304
7723 0.0000004142
7750 0.0000003719
7761 0.0000003568
7763 0.0000003473
7794 0.0000003027
7870 0.0000002796
7886 0.0000002300
7940 0.0000002243
7980 0.0000002003
7983 0.0000001975
8032 0.0000001971
8069 0.0000001917
8099 0.0000001879
8118 0.0000001765
8188 0.0000001683
8197 0.0000001667
8199 0.0000001189
8295 0.0000001186
8296 0.0000001166
8314 0.0000001078
8348 0.0000000986
8365 0.0000000932
8375 0.0000000925
8442 0.0000000851
8449 0.0000000786
8517 0.0000000712
8526 0.0000000685
8553 0.0000000666
8577 0.0000000652
8609 0.0000000627
8614 0.0000000610
8638 0.0000000572
8639 0.0000000544
8661 0.0000000503
8669 0.0000000482
8710 0.0000000466
8770 0.0000000422
8792 0.0000000382
8832 0.0000000347
8841 0.0000000319
8903 0.0000000281
8922 0.0000000276
8936 0.0000000270
8955 0.0000000234
8984 0.0000000224
9048 0.0000000220
9053 0.0000000212
9112 0.0000000179
9117 0.0000000161
9150 0.0000000159
9174 0.0000000147
9192 0.0000000124
9231 0.0000000099
9357 0.0000000096
9400 0.0000000096
9407 0.0000000093
9411 0.0000000088
9412 0.0000000088
9456 0.0000000077
9475 0.0000000067
9561 0.0000000064
9576 0.0000000062
9600 0.0000000060
9610 0.0000000059
9623 0.0000000037
9783 0.0000000035
9793 0.0000000032
9825 0.0000000023
9861 0.0000000021
10014 0.0000000021
10045 0.0000000019
10046 0.0000000019
10051 0.0000000019
10096 0.0000000018
10104 0.0000000017
10157 0.0000000011
10212 0.0000000010
10272 0.0000000009
10326 0.0000000009
10371 0.0000000009
10378 0.0000000008
10391 0.0000000008
10443 0.0000000005
10508 0.0000000005
10565 0.0000000003
10841 0.0000000002
10868 0.0000000002
10895 0.0000000002
10969 0.0000000002
11006 0.0000000002
11009 0.0000000002
11011 0.0000000002
11020 0.0000000001
11138 0.0000000001
11171 0.0000000001
11191 0.0000000001
11237 0.0000000001
11289 0.0000000001
11293 0.0000000001
11378 0.0000000001
11383 0.0000000001
11571 0.0000000000
11584 0.0000000000
11597 0.0000000000
11644 0.0000000000
11675 0.0000000000
11697 0.0000000000
11718 0.0000000000
11722 0.0000000000
11872 0.0000000000
11879 0.0000000000
11913 0.0000000000
12021 0.0000000000
12150 0.0000000000
12229 0.0000000000
12261 0.0000000000
12281 0.0000000000
12397 0.0000000000
12458 0.0000000000
12470 0.0000000000
12508 0.0000000000
12513 0.0000000000
12652 0.0000000000
12673 0.0000000000
12701 0.0000000000
12707 0.0000000000
12744 0.0000000000
12973 0.0000000000
13142 0.0000000000
13356 0.0000000000
13425 0.0000000000
13428 0.0000000000
13527 0.0000000000
13597 0.0000000000
14145 0.0000000000
14714 0.0000000000
