evaluations raw_y
1 317.5566237468
6 292.8496815850
10 234.3619870334
22 209.6626887060
33 204.0374729699
37 180.6305496673
38 170.3100967401
51 167.5066674070
53 147.5680293696
56 113.4614610704
60 106.0440859714
65 103.0146181108
70 102.1658426155
75 88.9453646351
80 73.2640901753
87 73.1394604409
175 70.2559565054
178 47.8121565614
209 43.3927486508
217 35.6402291629
235 23.8185366250
237 23.5705727205
263 18.5802473260
277 16.5438849306
320 12.5482109078
322 10.3602942188
344 8.1258232807
390 3.6853538256
441 3.0715610215
475 2.7746707330
497 2.4830349066
504 2.1697999357
514 1.7435263198
536 1.5683500845
617 1.1638759574
639 1.0948768410
651 1.0826438697
666 1.0392281256
669 0.8478151465
709 0.7852074661
718 0.7130298749
719 0.3364749522
780 0.3076353066
820 0.2350571461
917 0.1843511018
1005 0.1596366070
1095 0.1321698512
1104 0.1309865810
1156 0.1001558978
1231 0.0749777598
1235 0.0600446141
1320 0.0598352698
1338 0.0557643467
1392 0.0524730991
1430 0.0446899594
1484 0.0382643160
1511 0.0304987505
1576 0.0297887027
1608 0.0244437454
1628 0.0193244354
1656 0.0191971706
1689 0.0136876889
1775 0.0126253980
1789 0.0116685874
1812 0.0106304231
1855 0.0100937877
1865 0.0061200675
2008 0.0058857145
2013 0.0058595341
2026 0.0057753453
2040 0.0050880639
2078 0.0044878796
2088 0.0040109828
2093 0.0028634142
2244 0.0017127552
2402 0.0014195926
2425 0.0011751602
2436 0.0010880594
2447 0.0006821558
2559 0.0006599647
2618 0.0003704879
2624 0.0003663130
2736 0.0003633852
2740 0.0002610721
2782 0.0002558700
2845 0.0002286691
2865 0.0002018434
2903 0.0001847357
2927 0.0001196896
2977 0.0001132131
3081 0.0000720377
3108 0.0000596168
3279 0.0000547063
3301 0.0000400695
3341 0.0000391240
3372 0.0000355306
3381 0.0000291185
3416 0.0000246768
3471 0.0000206087
3515 0.0000184118
3576 0.0000179476
3619 0.0000157957
3658 0.0000132623
3681 0.0000092511
3745 0.0000081628
3774 0.0000077702
3818 0.0000066110
3843 0.0000046715
3878 0.0000041550
3969 0.0000040564
3970 0.0000039951
4005 0.0000038520
4030 0.0000029714
4037 0.0000027299
4051 0.0000022581
4078 0.0000021789
4123 0.0000016727
4136 0.0000016670
4137 0.0000015451
4207 0.0000012227
4276 0.0000010722
4323 0.0000010345
4338 0.0000007713
4369 0.0000007048
4431 0.0000006929
4432 0.0000006768
4486 0.0000006686
4488 0.0000006181
4513 0.0000004979
4573 0.0000004477
4584 0.0000002430
4656 0.0000002346
4726 0.0000002312
4757 0.0000001879
4826 0.0000001800
4874 0.0000001356
4898 0.0000001060
4902 0.0000000912
4981 0.0000000690
5078 0.0000000480
5094 0.0000000408
5180 0.0000000401
5189 0.0000000357
5205 0.0000000341
5323 0.0000000312
5330 0.0000000299
5368 0.0000000247
5399 0.0000000209
5449 0.0000000190
5494 0.0000000183
5506 0.0000000180
5541 0.0000000097
5618 0.0000000080
5662 0.0000000071
5702 0.0000000065
5706 0.0000000053
5844 0.0000000051
5862 0.0000000047
5886 0.0000000034
5896 0.0000000031
5934 0.0000000031
6005 0.0000000026
6011 0.0000000019
6116 0.0000000017
6118 0.0000000015
6157 0.0000000015
6165 0.0000000012
6248 0.0000000009
6315 0.0000000007
6338 0.0000000004
6521 0.0000000004
6534 0.0000000003
6615 0.0000000002
6763 0.0000000002
6786 0.0000000002
6807 0.0000000001
6812 0.0000000001
6888 0.0000000001
6944 0.0000000001
6967 0.0000000001
6998 0.0000000000
7077 0.0000000000
7160 0.0000000000
7180 0.0000000000
7188 0.0000000000
7206 0.0000000000
7230 0.0000000000
7264 0.0000000000
7311 0.0000000000
7321 0.0000000000
7352 0.0000000000
7421 0.0000000000
7489 0.0000000000
7592 0.0000000000
7651 0.0000000000
7667 0.0000000000
7716 0.0000000000
7844 0.0000000000
7863 0.0000000000
7902 0.0000000000
7993 0.0000000000
8164 0.0000000000
8442 0.0000000000
8603 0.0000000000
8748 0.0000000000
8902 0.0000000000
9417 0.0000000000
evaluations raw_y
1 227.3328366720
4 208.4717858301
5 190.6223967787
7 171.1134505026
8 168.3794617823
10 160.8437147636
11 102.9713549755
13 89.8284307045
46 66.4607842183
53 64.0271887650
57 61.9394595328
76 60.2932663428
82 54.1957320047
99 52.7156373365
102 31.1939180873
161 25.0187068889
218 24.8288437758
225 20.5828560702
231 19.4715119577
236 17.9763029215
246 16.7129914518
248 16.4786704601
273 14.2370268678
276 12.8295592086
279 11.7007123569
282 5.5369507102
356 5.4138081508
368 5.0220910306
384 2.9639690931
441 2.7360420415
443 2.5895986901
445 2.2891206375
453 2.2094222465
473 1.8140341938
490 1.6391269020
526 1.4362227773
547 1.1601640990
573 0.6505434477
596 0.6072045250
602 0.5952487482
605 0.4945015184
651 0.4866946055
693 0.3438071390
717 0.3410346600
729 0.2759141212
809 0.2211579414
851 0.1672028632
854 0.1641999937
880 0.1511527092
955 0.0985504446
1007 0.0913266828
1096 0.0866444391
1115 0.0842956462
1162 0.0603249389
1186 0.0601203049
1209 0.0581491264
1238 0.0546430693
1239 0.0531862560
1241 0.0498885498
1260 0.0348782657
1302 0.0328594751
1322 0.0294996000
1359 0.0235606580
1423 0.0219253951
1464 0.0205362864
1472 0.0202500450
1497 0.0190306202
1509 0.0146848208
1545 0.0121628210
1642 0.0115987602
1647 0.0115266050
1669 0.0104991675
1698 0.0082063050
1743 0.0079705206
1769 0.0070053967
1844 0.0061670966
1852 0.0052869646
1869 0.0026320753
2056 0.0016225838
2196 0.0013904953
2249 0.0013413898
2263 0.0010059787
2369 0.0008088211
2483 0.0007255878
2516 0.0005895622
2573 0.0005534993
2595 0.0005244382
2624 0.0005061895
2629 0.0004592901
2633 0.0004486993
2636 0.0003513178
2652 0.0002949141
2753 0.0002475121
2772 0.0001874780
2846 0.0001322764
2889 0.0001113492
2941 0.0000860691
3096 0.0000828749
3124 0.0000754079
3148 0.0000625693
3157 0.0000573988
3225 0.0000438671
3275 0.0000240842
3363 0.0000223535
3423 0.0000219227
3467 0.0000201489
3471 0.0000154322
3525 0.0000131181
3593 0.0000123856
3615 0.0000108360
3675 0.0000097904
3705 0.0000094266
3708 0.0000083669
3763 0.0000068548
3806 0.0000049319
3827 0.0000048959
3854 0.0000046273
3912 0.0000044336
3920 0.0000044223
3941 0.0000038373
3993 0.0000032922
4018 0.0000027917
4047 0.0000023265
4127 0.0000021826
4155 0.0000012074
4159 0.0000011424
4208 0.0000009161
4289 0.0000007441
4317 0.0000007189
4360 0.0000006630
4365 0.0000006535
4445 0.0000006078
4463 0.0000005967
4502 0.0000004825
4531 0.0000004606
4533 0.0000004563
4622 0.0000003834
4650 0.0000003752
4662 0.0000003654
4713 0.0000003614
4723 0.0000002876
4742 0.0000002185
4796 0.0000002120
4826 0.0000001531
4906 0.0000001492
4908 0.0000001431
4925 0.0000001388
4926 0.0000001040
4980 0.0000000978
4994 0.0000000869
5131 0.0000000701
5149 0.0000000649
5176 0.0000000609
5179 0.0000000600
5195 0.0000000381
5276 0.0000000342
5367 0.0000000310
5394 0.0000000305
5408 0.0000000285
5428 0.0000000275
5440 0.0000000231
5479 0.0000000183
5484 0.0000000151
5505 0.0000000119
5620 0.0000000116
5638 0.0000000105
5680 0.0000000094
5685 0.0000000092
5710 0.0000000062
5736 0.0000000042
5933 0.0000000040
5943 0.0000000036
5987 0.0000000024
6093 0.0000000015
6114 0.0000000013
6227 0.0000000009
6384 0.0000000009
6388 0.0000000007
6391 0.0000000006
6422 0.0000000005
6435 0.0000000005
6506 0.0000000004
6539 0.0000000004
6583 0.0000000003
6706 0.0000000002
6720 0.0000000002
6743 0.0000000001
6843 0.0000000001
6895 0.0000000001
6936 0.0000000001
6964 0.0000000001
6967 0.0000000001
7016 0.0000000001
7076 0.0000000001
7112 0.0000000000
7196 0.0000000000
7197 0.0000000000
7208 0.0000000000
7224 0.0000000000
7251 0.0000000000
7257 0.0000000000
7262 0.0000000000
7280 0.0000000000
7294 0.0000000000
7306 0.0000000000
7326 0.0000000000
7404 0.0000000000
7441 0.0000000000
7443 0.0000000000
7492 0.0000000000
7699 0.0000000000
7710 0.0000000000
7733 0.0000000000
7770 0.0000000000
7774 0.0000000000
7808 0.0000000000
7810 0.0000000000
7824 0.0000000000
7828 0.0000000000
7849 0.0000000000
7910 0.0000000000
7944 0.0000000000
7978 0.0000000000
7979 0.0000000000
7991 0.0000000000
8029 0.0000000000
8076 0.0000000000
8098 0.0000000000
8146 0.0000000000
8154 0.0000000000
8217 0.0000000000
8249 0.0000000000
8275 0.0000000000
8286 0.0000000000
8439 0.0000000000
8446 0.0000000000
8492 0.0000000000
8519 0.0000000000
8557 0.0000000000
8604 0.0000000000
8620 0.0000000000
8669 0.0000000000
8673 0.0000000000
8675 0.0000000000
8775 0.0000000000
8873 0.0000000000
8988 0.0000000000
9017 0.0000000000
9024 0.0000000000
9060 0.0000000000
9320 0.0000000000
9749 0.0000000000
9807 0.0000000000
evaluations raw_y
1 346.1498446577
3 299.6478401665
4 261.3531656810
11 180.3937147594
27 171.4128303185
33 168.9048167815
34 161.6373623724
37 115.5542066367
48 113.8441864706
59 70.1136989922
77 69.2130439796
80 63.0129951760
91 57.1675896462
96 56.9270690053
100 56.7154834341
105 51.1646353398
118 49.9542157467
122 48.6239339556
134 43.4620138208
152 42.4202013197
154 32.3736605608
172 29.5696973443
203 28.3028360051
222 25.0127952960
246 24.0615655465
247 20.7094471990
258 19.3592435243
268 11.4859647337
277 10.5550556000
293 7.6399638180
333 7.1988069320
335 7.0005762660
342 6.1057593725
377 4.2728924341
418 4.1111012992
423 3.2717176913
431 2.7691765503
439 1.8482361276
507 1.3975704961
519 1.3762348641
529 1.2317014123
577 0.8215032101
590 0.5127507139
639 0.3320600538
757 0.2980345176
813 0.2609013722
874 0.2572587334
915 0.2316524209
931 0.1980575099
952 0.1844953865
956 0.1627117326
969 0.1443764070
1028 0.1351648136
1044 0.1273857105
1093 0.0807235690
1186 0.0754071164
1211 0.0648586899
1298 0.0562263943
1328 0.0496219352
1410 0.0483899341
1430 0.0364742606
1464 0.0283119107
1503 0.0268229086
1509 0.0248113431
1546 0.0235645028
1574 0.0226309055
1593 0.0196076452
1598 0.0179941486
1606 0.0146228091
1645 0.0135245101
1687 0.0135149691
1736 0.0131047991
1801 0.0089130054
1816 0.0076367491
1863 0.0060948187
2024 0.0046623928
2037 0.0046389105
2046 0.0044980929
2082 0.0040695221
2086 0.0036341072
2091 0.0029913924
2153 0.0028415759
2195 0.0027718456
2203 0.0024447640
2229 0.0022604652
2242 0.0020900815
2285 0.0018054095
2309 0.0017798104
2310 0.0016933392
2326 0.0015204506
2348 0.0014772013
2354 0.0011804985
2380 0.0011368459
2395 0.0011242168
2425 0.0011195168
2434 0.0011172099
2445 0.0006135656
2547 0.0005623814
2616 0.0004699125
2635 0.0002082069
2955 0.0000883607
3073 0.0000829413
3151 0.0000800581
3193 0.0000753101
3213 0.0000548166
3265 0.0000453149
3277 0.0000403303
3299 0.0000392767
3339 0.0000336739
3469 0.0000242576
3500 0.0000238665
3542 0.0000238637
3560 0.0000187013
3610 0.0000186886
3644 0.0000146154
3677 0.0000135357
3747 0.0000108964
3748 0.0000100141
3806 0.0000095724
3841 0.0000086341
3868 0.0000077693
3910 0.0000064163
3976 0.0000050003
4035 0.0000033593
4100 0.0000025475
4146 0.0000021551
4185 0.0000020280
4239 0.0000019579
4248 0.0000017568
4367 0.0000015253
4377 0.0000014576
4382 0.0000014300
4401 0.0000007249
4511 0.0000006666
4582 0.0000004585
4654 0.0000004478
4724 0.0000004319
4753 0.0000003925
4755 0.0000003275
4823 0.0000002852
4866 0.0000002639
4926 0.0000002512
4945 0.0000002112
4964 0.0000002052
4979 0.0000001618
5009 0.0000001486
5018 0.0000001333
5043 0.0000000929
5092 0.0000000720
5283 0.0000000616
5328 0.0000000607
5351 0.0000000603
5355 0.0000000540
5367 0.0000000456
5384 0.0000000427
5394 0.0000000349
5417 0.0000000349
5447 0.0000000313
5484 0.0000000307
5492 0.0000000307
5539 0.0000000250
5572 0.0000000242
5573 0.0000000150
5625 0.0000000144
5701 0.0000000140
5727 0.0000000123
5736 0.0000000120
5769 0.0000000103
5841 0.0000000099
5842 0.0000000091
5843 0.0000000061
5921 0.0000000059
5962 0.0000000057
5964 0.0000000056
5995 0.0000000053
6032 0.0000000043
6049 0.0000000043
6102 0.0000000041
6104 0.0000000035
6171 0.0000000030
6196 0.0000000024
6208 0.0000000019
6246 0.0000000016
6336 0.0000000016
6352 0.0000000015
6373 0.0000000014
6378 0.0000000012
6393 0.0000000011
6394 0.0000000010
6449 0.0000000009
6464 0.0000000009
6503 0.0000000005
6521 0.0000000004
6701 0.0000000004
6708 0.0000000004
6728 0.0000000003
6733 0.0000000003
6761 0.0000000003
6784 0.0000000002
6965 0.0000000001
7009 0.0000000001
7046 0.0000000001
7060 0.0000000001
7118 0.0000000001
7210 0.0000000000
7225 0.0000000000
7419 0.0000000000
7422 0.0000000000
7423 0.0000000000
7435 0.0000000000
7487 0.0000000000
7607 0.0000000000
7665 0.0000000000
7672 0.0000000000
7714 0.0000000000
7822 0.0000000000
7845 0.0000000000
7861 0.0000000000
7894 0.0000000000
7934 0.0000000000
7968 0.0000000000
8032 0.0000000000
8119 0.0000000000
8135 0.0000000000
8149 0.0000000000
8162 0.0000000000
8166 0.0000000000
8280 0.0000000000
8343 0.0000000000
8352 0.0000000000
8423 0.0000000000
8572 0.0000000000
8610 0.0000000000
8652 0.0000000000
8697 0.0000000000
8786 0.0000000000
8848 0.0000000000
8922 0.0000000000
8933 0.0000000000
8997 0.0000000000
9038 0.0000000000
9103 0.0000000000
9310 0.0000000000
9601 0.0000000000
10017 0.0000000000
evaluations raw_y
1 478.1030174389
3 334.8638439030
13 269.6743172374
24 256.5652058944
30 221.9949225295
31 189.3312425426
42 157.7861949028
46 136.3973326630
58 116.1896781998
60 105.8818744959
69 93.2151996694
78 67.9782273771
87 65.9919180407
112 62.6938849727
121 37.7666433758
191 33.0593249960
212 31.1935240772
224 29.3065702490
234 28.2146639590
242 25.8585043714
253 16.8867061289
288 16.0424228836
296 15.5294651899
298 15.4868858406
309 12.2546316736
322 7.4462122366
332 6.6125234037
341 3.7879071361
422 3.6031329308
434 3.3447700840
449 2.6282297140
471 2.5789901136
480 2.4342297203
487 1.7178022986
492 1.4879572933
538 1.1002783650
597 1.0666209370
614 0.7356947395
615 0.6619579964
638 0.4911405569
680 0.4295776254
712 0.4204879992
727 0.4057264600
764 0.3799853775
777 0.2851992421
843 0.2488107840
939 0.1549479969
1042 0.0894340772
1268 0.0853377282
1277 0.0732067827
1295 0.0331709866
1458 0.0283987245
1513 0.0235474582
1595 0.0178880632
1600 0.0129964595
1738 0.0102004363
1836 0.0079577670
1904 0.0077123404
1942 0.0071256570
1977 0.0067585292
2000 0.0064795993
2007 0.0057383731
2045 0.0042368763
2054 0.0041196106
2063 0.0027309268
2083 0.0024811371
2192 0.0023553130
2234 0.0017451809
2272 0.0017025078
2290 0.0013352716
2346 0.0012899599
2428 0.0008310699
2446 0.0007372618
2465 0.0007366972
2487 0.0006585690
2577 0.0005408356
2670 0.0004464835
2689 0.0003994380
2760 0.0003794537
2797 0.0003053939
2848 0.0002548681
2975 0.0001667426
3003 0.0001584129
3085 0.0001242494
3098 0.0001166620
3151 0.0001138070
3158 0.0000990569
3198 0.0000967933
3233 0.0000777844
3270 0.0000595106
3301 0.0000538597
3394 0.0000463549
3430 0.0000397157
3436 0.0000380779
3488 0.0000271681
3505 0.0000229482
3604 0.0000204285
3616 0.0000164141
3737 0.0000146064
3779 0.0000123551
3834 0.0000118078
3861 0.0000093122
3913 0.0000085552
3934 0.0000076396
3947 0.0000071169
3975 0.0000064187
4011 0.0000046673
4129 0.0000041076
4133 0.0000033634
4179 0.0000028962
4222 0.0000021925
4323 0.0000016718
4394 0.0000016422
4444 0.0000015388
4483 0.0000014662
4501 0.0000012477
4536 0.0000007340
4587 0.0000006988
4649 0.0000006952
4671 0.0000006867
4709 0.0000006597
4712 0.0000006565
4745 0.0000006505
4749 0.0000006394
4754 0.0000005350
4791 0.0000004191
4830 0.0000003838
4897 0.0000003682
4905 0.0000002976
4950 0.0000001707
4960 0.0000001608
5100 0.0000001571
5137 0.0000001395
5161 0.0000001256
5198 0.0000000935
5258 0.0000000871
5284 0.0000000397
5351 0.0000000330
5534 0.0000000309
5539 0.0000000248
5646 0.0000000237
5655 0.0000000168
5754 0.0000000118
5774 0.0000000079
5844 0.0000000077
5911 0.0000000070
6020 0.0000000062
6025 0.0000000048
6084 0.0000000033
6151 0.0000000025
6164 0.0000000020
6333 0.0000000015
6423 0.0000000013
6468 0.0000000013
6488 0.0000000012
6507 0.0000000011
6511 0.0000000011
6520 0.0000000010
6573 0.0000000007
6618 0.0000000006
6645 0.0000000006
6672 0.0000000006
6692 0.0000000005
6751 0.0000000004
6755 0.0000000004
6821 0.0000000004
6851 0.0000000003
6872 0.0000000003
6898 0.0000000001
7022 0.0000000001
7050 0.0000000001
7173 0.0000000001
7222 0.0000000001
7247 0.0000000001
7282 0.0000000000
7321 0.0000000000
7357 0.0000000000
7403 0.0000000000
7414 0.0000000000
7484 0.0000000000
7526 0.0000000000
7590 0.0000000000
7628 0.0000000000
7634 0.0000000000
7673 0.0000000000
7749 0.0000000000
7760 0.0000000000
7777 0.0000000000
7819 0.0000000000
7844 0.0000000000
7915 0.0000000000
7955 0.0000000000
7978 0.0000000000
8083 0.0000000000
8115 0.0000000000
8224 0.0000000000
8230 0.0000000000
8310 0.0000000000
8353 0.0000000000
8391 0.0000000000
8438 0.0000000000
8471 0.0000000000
8591 0.0000000000
8609 0.0000000000
8679 0.0000000000
8703 0.0000000000
8734 0.0000000000
8798 0.0000000000
9003 0.0000000000
9045 0.0000000000
9141 0.0000000000
9257 0.0000000000
9447 0.0000000000
9861 0.0000000000
evaluations raw_y
1 282.3034611147
2 236.1054263805
6 225.8456465639
16 181.5119898338
24 180.1907267865
29 169.9277636730
31 164.8087432592
35 155.5000366380
45 134.3230650163
48 130.3176231669
63 80.8497442238
68 78.0258280324
85 73.5470410586
96 60.0800790263
113 47.5342483134
118 46.8912061332
139 45.5791297600
158 43.3097825487
165 37.5400441688
172 25.9819730835
188 24.0923669069
192 22.4369851312
233 22.2728523799
257 18.0308010788
259 13.8040855335
280 13.5602972724
349 12.9587674689
350 12.6982826088
352 8.5736886681
383 7.9311079240
392 6.6870193325
393 6.0716551036
410 4.4969371114
429 4.0168532026
442 3.5433386009
443 3.0917230193
458 2.6161351456
466 1.7578030667
507 1.7262775638
540 1.5204199617
567 1.5127638807
589 1.3556363048
615 0.9045986707
647 0.8408347659
650 0.6196536606
663 0.4700265060
679 0.4235085183
801 0.3100969109
872 0.2875844228
923 0.1843714010
936 0.1822838514
1095 0.1616484563
1186 0.1509771226
1204 0.1134955902
1267 0.1024146588
1272 0.0955654067
1296 0.0860599705
1314 0.0728317820
1315 0.0654968486
1378 0.0466073170
1445 0.0277430197
1495 0.0196711688
1650 0.0178636858
1653 0.0171973697
1762 0.0149568733
1777 0.0149255125
1813 0.0082640250
1929 0.0071509864
2002 0.0069283271
2011 0.0049005207
2028 0.0040886637
2176 0.0035359722
2231 0.0031269514
2284 0.0029204824
2320 0.0025132317
2327 0.0022184402
2404 0.0022181246
2409 0.0021776918
2452 0.0020719687
2463 0.0020544989
2465 0.0015306916
2484 0.0013464398
2505 0.0012582065
2572 0.0008109890
2644 0.0006669798
2688 0.0005168581
2822 0.0004578684
2859 0.0004280606
2861 0.0004254724
2867 0.0003407416
2918 0.0002370528
3009 0.0002336885
3036 0.0002150869
3053 0.0001647713
3055 0.0001585230
3115 0.0001471971
3195 0.0001013939
3220 0.0000930654
3304 0.0000754612
3349 0.0000674309
3360 0.0000524586
3387 0.0000489748
3389 0.0000481815
3435 0.0000426213
3503 0.0000384843
3508 0.0000369470
3532 0.0000297713
3560 0.0000258916
3595 0.0000219128
3613 0.0000189645
3665 0.0000176645
3697 0.0000166715
3736 0.0000146344
3745 0.0000136460
3817 0.0000119088
3858 0.0000099170
3893 0.0000093132
3910 0.0000064751
3936 0.0000061274
3983 0.0000047609
4019 0.0000041032
4065 0.0000027512
4199 0.0000026506
4216 0.0000023580
4293 0.0000022848
4319 0.0000020126
4360 0.0000017617
4369 0.0000015784
4395 0.0000014723
4421 0.0000014433
4437 0.0000009610
4463 0.0000009099
4574 0.0000008239
4624 0.0000006007
4690 0.0000005517
4717 0.0000003920
4802 0.0000003612
4829 0.0000003227
4868 0.0000002500
4929 0.0000002241
4965 0.0000001746
4997 0.0000001434
4998 0.0000001365
5037 0.0000001231
5114 0.0000001099
5115 0.0000001024
5152 0.0000000663
5295 0.0000000631
5297 0.0000000614
5338 0.0000000515
5388 0.0000000479
5398 0.0000000434
5422 0.0000000413
5443 0.0000000385
5465 0.0000000330
5466 0.0000000239
5573 0.0000000220
5600 0.0000000191
5648 0.0000000121
5710 0.0000000119
5757 0.0000000113
5793 0.0000000105
5840 0.0000000102
5861 0.0000000101
5867 0.0000000094
5894 0.0000000070
5913 0.0000000038
6030 0.0000000028
6167 0.0000000018
6290 0.0000000018
6293 0.0000000016
6306 0.0000000015
6320 0.0000000010
6456 0.0000000008
6555 0.0000000007
6569 0.0000000006
6578 0.0000000005
6663 0.0000000005
6669 0.0000000005
6734 0.0000000004
6740 0.0000000004
6788 0.0000000003
6792 0.0000000003
6810 0.0000000003
6815 0.0000000002
6875 0.0000000002
6935 0.0000000001
7036 0.0000000001
7078 0.0000000001
7087 0.0000000001
7090 0.0000000001
7091 0.0000000001
7143 0.0000000001
7160 0.0000000000
7268 0.0000000000
7354 0.0000000000
7365 0.0000000000
7433 0.0000000000
7441 0.0000000000
7462 0.0000000000
7534 0.0000000000
7694 0.0000000000
7715 0.0000000000
7733 0.0000000000
7738 0.0000000000
7859 0.0000000000
7880 0.0000000000
7936 0.0000000000
7992 0.0000000000
8016 0.0000000000
8101 0.0000000000
8110 0.0000000000
8239 0.0000000000
8267 0.0000000000
8289 0.0000000000
8386 0.0000000000
8421 0.0000000000
8461 0.0000000000
8500 0.0000000000
8546 0.0000000000
8550 0.0000000000
8578 0.0000000000
8581 0.0000000000
8740 0.0000000000
8747 0.0000000000
8759 0.0000000000
8808 0.0000000000
8835 0.0000000000
8890 0.0000000000
9060 0.0000000000
9133 0.0000000000
9172 0.0000000000
9178 0.0000000000
9353 0.0000000000
9790 0.0000000000
9969 0.0000000000
evaluations raw_y
1 250.8985615805
10 221.0433123145
20 203.7789298324
27 185.4138871886
29 129.4712260900
42 114.5746167169
48 92.3928563084
62 77.0073372509
82 55.8796769696
117 49.1263293960
157 46.9269457406
161 33.7020379627
193 33.5740441802
204 32.3054577208
230 30.5980314073
237 27.9603292092
263 22.9549231735
270 16.9149568509
284 16.1332656956
289 14.7757619144
293 11.6022323980
350 7.3006531055
370 6.8040777825
385 6.4304303686
389 5.9057057518
454 4.3144674790
458 2.9918867690
495 2.0147230311
573 1.7172240270
575 1.5581578550
605 1.5278968023
618 1.3641157809
623 1.2337920587
641 1.1420628376
651 0.8730580259
688 0.7419974826
722 0.5593496087
723 0.5500272408
743 0.5347035795
760 0.5266936509
778 0.5050850391
788 0.4238523673
846 0.3729234169
849 0.3695875290
851 0.2568198194
900 0.2164039720
969 0.1886260436
980 0.1545054572
984 0.1492984357
1003 0.1082138952
1110 0.1057334009
1239 0.0993302322
1255 0.0985019080
1256 0.0690200560
1272 0.0464318339
1360 0.0318280616
1493 0.0308729115
1556 0.0234604991
1561 0.0186007796
1665 0.0174395338
1674 0.0153368863
1679 0.0146540129
1737 0.0140480861
1751 0.0123781785
1757 0.0113862397
1857 0.0111610713
1865 0.0109859509
1883 0.0090323338
1903 0.0085314932
1952 0.0073384508
1989 0.0072712120
2006 0.0062118428
2015 0.0040889653
2044 0.0031849646
2218 0.0024222515
2251 0.0019880916
2297 0.0016855766
2320 0.0016142871
2389 0.0013439098
2460 0.0012740611
2511 0.0011371370
2568 0.0008771525
2625 0.0008256685
2648 0.0007820163
2650 0.0006738251
2661 0.0005836409
2700 0.0005761082
2710 0.0005338473
2748 0.0004925999
2758 0.0003708893
2791 0.0003669767
2820 0.0003582546
2884 0.0003503069
2911 0.0002993676
2984 0.0002188524
3016 0.0001756458
3072 0.0001402125
3194 0.0000867891
3315 0.0000756766
3390 0.0000568402
3429 0.0000480845
3466 0.0000349408
3556 0.0000314825
3577 0.0000270442
3588 0.0000215696
3649 0.0000170162
3759 0.0000139693
3795 0.0000135860
3851 0.0000127672
3874 0.0000117215
3894 0.0000107267
3906 0.0000107231
3908 0.0000094420
3945 0.0000065321
3972 0.0000057042
4048 0.0000052910
4094 0.0000037633
4155 0.0000034532
4214 0.0000032962
4265 0.0000026182
4297 0.0000024785
4355 0.0000016581
4449 0.0000015792
4453 0.0000015133
4462 0.0000013763
4491 0.0000013134
4518 0.0000009026
4528 0.0000007604
4673 0.0000006107
4752 0.0000004757
4777 0.0000004670
4782 0.0000002605
4941 0.0000002319
4951 0.0000002019
4965 0.0000001301
5127 0.0000001272
5170 0.0000001132
5188 0.0000000955
5245 0.0000000623
5262 0.0000000495
5300 0.0000000442
5400 0.0000000333
5474 0.0000000290
5503 0.0000000289
5512 0.0000000198
5667 0.0000000186
5677 0.0000000172
5681 0.0000000118
5717 0.0000000098
5776 0.0000000095
5805 0.0000000094
5856 0.0000000088
5872 0.0000000072
5893 0.0000000072
5911 0.0000000072
5917 0.0000000066
5931 0.0000000064
5981 0.0000000050
6031 0.0000000048
6045 0.0000000038
6112 0.0000000036
6142 0.0000000033
6192 0.0000000029
6237 0.0000000014
6407 0.0000000013
6472 0.0000000008
6586 0.0000000008
6606 0.0000000004
6712 0.0000000004
6769 0.0000000004
6770 0.0000000003
6818 0.0000000003
6859 0.0000000002
6891 0.0000000002
6963 0.0000000001
7011 0.0000000001
7016 0.0000000001
7084 0.0000000001
7134 0.0000000001
7160 0.0000000001
7176 0.0000000001
7183 0.0000000001
7192 0.0000000000
7297 0.0000000000
7340 0.0000000000
7364 0.0000000000
7487 0.0000000000
7606 0.0000000000
7689 0.0000000000
7710 0.0000000000
7796 0.0000000000
7840 0.0000000000
7860 0.0000000000
7904 0.0000000000
7912 0.0000000000
7939 0.0000000000
7974 0.0000000000
7976 0.0000000000
8025 0.0000000000
8244 0.0000000000
8260 0.0000000000
8271 0.0000000000
8314 0.0000000000
8345 0.0000000000
8432 0.0000000000
8441 0.0000000000
8444 0.0000000000
8470 0.0000000000
8618 0.0000000000
8628 0.0000000000
8640 0.0000000000
8652 0.0000000000
8673 0.0000000000
8770 0.0000000000
8818 0.0000000000
8823 0.0000000000
8876 0.0000000000
8937 0.0000000000
9017 0.0000000000
9019 0.0000000000
9053 0.0000000000
9091 0.0000000000
9150 0.0000000000
9165 0.0000000000
9352 0.0000000000
9354 0.0000000000
9519 0.0000000000
9836 0.0000000000
10196 0.0000000000
10450 0.0000000000
evaluations raw_y
1 336.8284041880
2 327.2708002493
3 256.8907314547
5 241.8946295912
14 214.2537272391
28 204.4908324449
37 181.4586352754
38 155.9884132286
47 147.7317454466
50 132.3667001296
52 111.9573684582
74 109.7013883720
75 83.9289376137
80 79.8901192889
95 64.5335861247
140 61.9565111708
144 49.1234017292
145 39.8981468203
170 35.9966745188
207 32.1763105563
223 21.9293113499
244 16.8702218351
257 13.0548740364
269 12.7944644972
283 5.5921164029
392 5.5594958774
394 4.9662501350
396 4.4736940026
412 4.2062290955
421 3.5014025223
435 3.1835501090
457 3.0409669099
460 2.9504721450
469 2.6252865161
476 2.5478376348
490 2.5096978771
493 2.2059874516
501 1.7254946128
541 1.5430840885
545 1.1190929728
590 1.0306468920
592 0.8728454468
615 0.8010493771
624 0.6451675576
638 0.5670277802
667 0.3688682441
686 0.3390933984
774 0.2920227009
785 0.2391566428
845 0.2272393925
899 0.2052546727
902 0.2037060271
920 0.2018292794
921 0.1919328997
941 0.1030982717
1125 0.0929281580
1174 0.0845229073
1197 0.0791370621
1222 0.0766788913
1238 0.0703604900
1239 0.0597008448
1258 0.0529774685
1301 0.0498495536
1339 0.0487164349
1344 0.0320164870
1358 0.0289711255
1454 0.0284737936
1462 0.0212444170
1524 0.0203258962
1529 0.0189158623
1558 0.0185907624
1563 0.0180950276
1633 0.0154089831
1663 0.0113814166
1717 0.0109434430
1719 0.0105238076
1730 0.0101116617
1748 0.0062949715
1861 0.0053924673
1883 0.0039816410
1950 0.0037685494
1985 0.0030916182
2113 0.0027637474
2176 0.0012547919
2356 0.0011481289
2393 0.0008438524
2511 0.0005743350
2589 0.0005190506
2644 0.0004287330
2699 0.0003375102
2703 0.0003356433
2737 0.0002602313
2756 0.0001811636
2810 0.0001705968
2907 0.0001374358
2954 0.0000916144
3020 0.0000866421
3082 0.0000779944
3094 0.0000751662
3127 0.0000702543
3186 0.0000628989
3206 0.0000526869
3253 0.0000525431
3254 0.0000423618
3260 0.0000391683
3279 0.0000356935
3314 0.0000306453
3368 0.0000296338
3408 0.0000178140
3523 0.0000163573
3539 0.0000162400
3559 0.0000138670
3572 0.0000122907
3573 0.0000110311
3651 0.0000065856
3787 0.0000053781
3815 0.0000051971
3868 0.0000039901
3922 0.0000033515
3949 0.0000029001
4020 0.0000023367
4045 0.0000020349
4092 0.0000018515
4155 0.0000016249
4193 0.0000011723
4310 0.0000007019
4364 0.0000006511
4417 0.0000003720
4481 0.0000003492
4606 0.0000002723
4703 0.0000001932
4721 0.0000001582
4785 0.0000001504
4804 0.0000001406
4836 0.0000001164
4848 0.0000001135
4920 0.0000001070
4922 0.0000000879
4977 0.0000000746
5009 0.0000000730
5016 0.0000000645
5054 0.0000000532
5088 0.0000000531
5100 0.0000000512
5144 0.0000000442
5152 0.0000000430
5160 0.0000000387
5165 0.0000000311
5244 0.0000000288
5281 0.0000000113
5505 0.0000000098
5552 0.0000000076
5580 0.0000000070
5634 0.0000000052
5752 0.0000000051
5768 0.0000000047
5774 0.0000000030
5790 0.0000000022
5837 0.0000000019
5887 0.0000000019
5941 0.0000000011
6159 0.0000000008
6222 0.0000000005
6338 0.0000000005
6377 0.0000000004
6403 0.0000000003
6447 0.0000000003
6484 0.0000000002
6498 0.0000000002
6503 0.0000000002
6545 0.0000000002
6616 0.0000000002
6624 0.0000000001
6650 0.0000000001
6663 0.0000000001
6767 0.0000000001
6868 0.0000000001
6917 0.0000000001
6925 0.0000000000
6944 0.0000000000
6954 0.0000000000
7029 0.0000000000
7042 0.0000000000
7103 0.0000000000
7129 0.0000000000
7152 0.0000000000
7299 0.0000000000
7301 0.0000000000
7359 0.0000000000
7372 0.0000000000
7440 0.0000000000
7443 0.0000000000
7470 0.0000000000
7598 0.0000000000
7600 0.0000000000
7604 0.0000000000
7680 0.0000000000
7724 0.0000000000
7745 0.0000000000
7877 0.0000000000
7979 0.0000000000
7996 0.0000000000
8010 0.0000000000
8039 0.0000000000
8090 0.0000000000
8118 0.0000000000
8234 0.0000000000
8338 0.0000000000
8360 0.0000000000
8376 0.0000000000
8452 0.0000000000
8482 0.0000000000
8487 0.0000000000
8541 0.0000000000
8550 0.0000000000
8600 0.0000000000
8684 0.0000000000
8720 0.0000000000
8748 0.0000000000
8767 0.0000000000
8872 0.0000000000
8930 0.0000000000
8939 0.0000000000
8970 0.0000000000
8973 0.0000000000
9019 0.0000000000
9080 0.0000000000
9082 0.0000000000
9224 0.0000000000
9235 0.0000000000
9349 0.0000000000
9450 0.0000000000
9468 0.0000000000
9480 0.0000000000
9485 0.0000000000
9505 0.0000000000
9569 0.0000000000
9585 0.0000000000
9616 0.0000000000
9656 0.0000000000
9729 0.0000000000
9807 0.0000000000
9924 0.0000000000
9928 0.0000000000
10351 0.0000000000
10753 0.0000000000
evaluations raw_y
1 264.8032443813
5 264.2971698183
7 211.4349600011
35 209.9104393537
41 183.9463192784
47 121.4826490512
57 99.2012118041
68 89.3640741235
77 85.3297434840
83 81.8490998137
88 68.5190319092
97 62.3466491697
102 58.4038560112
108 53.5147670507
117 51.3963302996
129 48.3148450699
138 41.7151830468
161 38.1598683198
200 30.6858593390
204 24.7850058067
217 23.6219146832
229 22.2054955200
260 14.0532577021
274 13.8186600583
276 12.8147174841
285 11.0356008014
286 7.2289865498
312 6.1235128677
319 5.7099060644
353 5.4781006954
359 4.4017598526
367 3.9161169623
373 3.4743989618
400 3.1889747390
418 2.9491171122
420 2.4743544319
452 2.4673018669
476 1.7100420321
504 1.5737105864
507 1.2464542496
552 1.2355202726
559 0.8888498806
588 0.8458382851
592 0.7397212376
601 0.6144160632
619 0.6032308448
623 0.5803270902
670 0.4459736604
684 0.4252417062
689 0.4091746528
695 0.2567652015
837 0.2563179299
902 0.2348516870
947 0.2104368002
957 0.1439898703
1100 0.1140129032
1109 0.1087110299
1152 0.0767082670
1279 0.0717046819
1294 0.0706397998
1302 0.0653081099
1353 0.0354247934
1476 0.0283383335
1516 0.0246229431
1563 0.0240522187
1587 0.0213644066
1600 0.0209835912
1638 0.0128125411
1762 0.0124640769
1776 0.0124590618
1796 0.0097889827
1836 0.0094523830
1877 0.0077080106
1929 0.0074438927
1953 0.0067396394
1962 0.0055815129
2016 0.0045909670
2049 0.0041021347
2121 0.0039108658
2132 0.0025538416
2149 0.0025534853
2180 0.0022118117
2293 0.0014307012
2439 0.0013792587
2470 0.0011891600
2484 0.0011593909
2505 0.0010908958
2506 0.0010228099
2510 0.0009684530
2523 0.0008769718
2559 0.0008464696
2587 0.0008298243
2593 0.0007724145
2605 0.0007509932
2635 0.0007363057
2679 0.0005435622
2748 0.0004390574
2797 0.0003958338
2843 0.0002743872
2934 0.0002700903
2939 0.0002614672
2983 0.0002090365
3009 0.0001720062
3034 0.0001326637
3083 0.0001200533
3133 0.0000944540
3179 0.0000694177
3250 0.0000514892
3359 0.0000469794
3384 0.0000400835
3392 0.0000323138
3545 0.0000282665
3547 0.0000234862
3579 0.0000226126
3614 0.0000224379
3616 0.0000199959
3618 0.0000110148
3718 0.0000108987
3838 0.0000069834
3910 0.0000063052
3914 0.0000063018
3948 0.0000054152
3971 0.0000046922
4004 0.0000044456
4006 0.0000032795
4032 0.0000032743
4076 0.0000030029
4183 0.0000029742
4198 0.0000027964
4220 0.0000024846
4237 0.0000023258
4245 0.0000019776
4314 0.0000017774
4322 0.0000017661
4355 0.0000017376
4367 0.0000014698
4381 0.0000012543
4382 0.0000009373
4458 0.0000003772
4595 0.0000003678
4816 0.0000003031
4850 0.0000001879
4919 0.0000001817
4963 0.0000001749
4987 0.0000001578
5003 0.0000001381
5019 0.0000001307
5028 0.0000000817
5198 0.0000000678
5231 0.0000000536
5285 0.0000000522
5318 0.0000000480
5350 0.0000000259
5464 0.0000000218
5509 0.0000000159
5533 0.0000000135
5539 0.0000000133
5715 0.0000000130
5719 0.0000000121
5737 0.0000000108
5772 0.0000000092
5832 0.0000000088
5865 0.0000000085
5866 0.0000000057
5943 0.0000000052
6028 0.0000000050
6034 0.0000000036
6098 0.0000000035
6106 0.0000000032
6116 0.0000000020
6207 0.0000000018
6230 0.0000000016
6311 0.0000000014
6386 0.0000000013
6431 0.0000000012
6455 0.0000000010
6481 0.0000000009
6492 0.0000000008
6494 0.0000000007
6512 0.0000000007
6540 0.0000000007
6542 0.0000000007
6555 0.0000000006
6599 0.0000000005
6627 0.0000000004
6676 0.0000000004
6738 0.0000000004
6755 0.0000000004
6790 0.0000000003
6908 0.0000000002
6912 0.0000000002
6917 0.0000000001
6988 0.0000000001
6992 0.0000000001
7022 0.0000000001
7052 0.0000000001
7057 0.0000000001
7060 0.0000000001
7099 0.0000000001
7189 0.0000000001
7231 0.0000000000
7289 0.0000000000
7419 0.0000000000
7461 0.0000000000
7502 0.0000000000
7559 0.0000000000
7620 0.0000000000
7726 0.0000000000
7754 0.0000000000
7759 0.0000000000
7768 0.0000000000
7771 0.0000000000
7812 0.0000000000
7901 0.0000000000
7942 0.0000000000
8003 0.0000000000
8037 0.0000000000
8084 0.0000000000
8157 0.0000000000
8169 0.0000000000
8239 0.0000000000
8266 0.0000000000
8310 0.0000000000
8385 0.0000000000
8429 0.0000000000
8553 0.0000000000
8561 0.0000000000
8667 0.0000000000
8768 0.0000000000
8823 0.0000000000
8871 0.0000000000
8898 0.0000000000
8983 0.0000000000
9117 0.0000000000
9422 0.0000000000
9799 0.0000000000
evaluations raw_y
1 271.6804427045
15 216.9555962380
26 148.4011190291
42 141.3380822440
52 130.9826253214
55 91.6070977807
70 64.2922872083
71 62.1577299748
85 57.8388002258
87 56.0258841337
97 40.8580357619
146 40.7066925212
176 37.3333070941
183 22.8525391217
210 22.3877799962
245 21.0497710875
248 19.2639523798
253 15.8932112648
290 14.4599276367
292 12.7125849293
304 12.2759659896
306 10.5858435815
315 9.8210543758
329 8.0464318669
331 7.2724887026
362 6.7654317321
371 4.2239563305
401 3.2893058132
441 3.0077800233
480 2.6879255851
493 2.3461726090
494 2.1413196780
510 1.5355579029
515 1.3199755522
576 1.1077164889
581 0.7045316827
662 0.4808687783
693 0.4687323678
707 0.4305611130
714 0.3894600726
715 0.3844572777
719 0.3332234138
729 0.3142225739
794 0.2162221322
849 0.1580337412
956 0.1575983179
992 0.1230139618
1044 0.1126930876
1117 0.0952350253
1186 0.0933134333
1191 0.0799325978
1227 0.0632476482
1245 0.0511641538
1247 0.0496639885
1322 0.0460999748
1358 0.0393496945
1458 0.0215573854
1492 0.0184696142
1563 0.0172560068
1605 0.0147414936
1625 0.0143675246
1654 0.0136573124
1683 0.0092724140
1784 0.0082641649
1850 0.0073340977
1854 0.0063851641
1872 0.0057163779
1883 0.0053381022
1941 0.0046052406
2013 0.0038243236
2041 0.0035975622
2046 0.0031879892
2072 0.0026394142
2185 0.0016893728
2197 0.0016636282
2240 0.0013624350
2310 0.0011450777
2354 0.0011444593
2385 0.0011077890
2433 0.0007328079
2565 0.0006119153
2571 0.0005958519
2605 0.0004977790
2639 0.0004449046
2663 0.0004284817
2675 0.0002872839
2727 0.0002577094
2735 0.0001991744
2875 0.0001506693
2901 0.0001377821
2968 0.0001036115
3071 0.0000628476
3220 0.0000387173
3276 0.0000351021
3337 0.0000326934
3363 0.0000320548
3380 0.0000227623
3416 0.0000227526
3475 0.0000221966
3510 0.0000213832
3531 0.0000197921
3543 0.0000197646
3554 0.0000185303
3569 0.0000179408
3578 0.0000178114
3579 0.0000148722
3585 0.0000123321
3638 0.0000106325
3639 0.0000106124
3660 0.0000090267
3734 0.0000076428
3748 0.0000062126
3802 0.0000058786
3823 0.0000052579
3848 0.0000033175
3898 0.0000019967
4046 0.0000018957
4048 0.0000013705
4112 0.0000013452
4195 0.0000012374
4214 0.0000009415
4249 0.0000008876
4302 0.0000008565
4328 0.0000006908
4344 0.0000006656
4350 0.0000005099
4438 0.0000005027
4472 0.0000003589
4487 0.0000002598
4700 0.0000002459
4730 0.0000002453
4742 0.0000001230
4855 0.0000001069
4893 0.0000000877
4910 0.0000000853
4950 0.0000000687
4969 0.0000000683
4979 0.0000000530
5014 0.0000000387
5123 0.0000000383
5219 0.0000000300
5235 0.0000000292
5242 0.0000000236
5266 0.0000000223
5301 0.0000000134
5393 0.0000000130
5425 0.0000000095
5547 0.0000000095
5596 0.0000000094
5605 0.0000000065
5702 0.0000000054
5718 0.0000000045
5724 0.0000000036
5807 0.0000000025
5923 0.0000000022
5925 0.0000000021
5970 0.0000000019
6008 0.0000000017
6009 0.0000000015
6051 0.0000000014
6078 0.0000000010
6122 0.0000000009
6148 0.0000000007
6234 0.0000000007
6306 0.0000000007
6326 0.0000000007
6337 0.0000000006
6347 0.0000000005
6369 0.0000000004
6386 0.0000000003
6404 0.0000000003
6447 0.0000000003
6459 0.0000000003
6491 0.0000000001
6619 0.0000000001
6676 0.0000000001
6705 0.0000000001
6759 0.0000000001
6804 0.0000000001
6809 0.0000000000
6914 0.0000000000
6949 0.0000000000
6988 0.0000000000
7123 0.0000000000
7149 0.0000000000
7172 0.0000000000
7181 0.0000000000
7185 0.0000000000
7247 0.0000000000
7267 0.0000000000
7279 0.0000000000
7311 0.0000000000
7353 0.0000000000
7375 0.0000000000
7426 0.0000000000
7457 0.0000000000
7463 0.0000000000
7488 0.0000000000
7556 0.0000000000
7558 0.0000000000
7596 0.0000000000
7637 0.0000000000
7647 0.0000000000
7663 0.0000000000
7817 0.0000000000
7834 0.0000000000
7909 0.0000000000
7976 0.0000000000
8049 0.0000000000
8155 0.0000000000
8202 0.0000000000
8374 0.0000000000
8494 0.0000000000
8629 0.0000000000
8790 0.0000000000
8812 0.0000000000
9261 0.0000000000
evaluations raw_y
1 473.7190755262
2 386.1796013167
5 356.9331171145
6 345.4310300410
9 314.8743107120
12 298.9271896248
13 191.3680928757
27 180.7443420875
39 118.9693394573
78 113.8002057917
88 97.4552611560
94 85.4432897768
107 79.6523999455
123 78.7818624097
139 74.1030653990
144 44.9834056405
170 40.8516046132
172 34.8861377526
193 34.3740557797
208 34.2642834528
211 31.3978568426
221 29.9323148242
252 20.1440059715
254 16.6520431220
271 13.8636889968
282 13.6156618782
296 12.3807956014
315 9.7941309437
348 7.1387651538
385 5.5928694306
412 3.2867091643
445 2.8282625316
457 2.8084228151
474 2.4856688581
485 2.1903836489
498 1.6443613550
514 1.5973319440
530 1.5799345147
541 1.1255493534
581 1.0295559017
603 0.9348444683
622 0.8053204826
660 0.6420255815
677 0.5581985310
695 0.5236075276
730 0.4960603928
746 0.4948742135
749 0.4768508709
778 0.4000459461
811 0.3768615843
838 0.2226892696
914 0.1440135810
1038 0.1204927052
1091 0.1010424622
1187 0.0933258228
1194 0.0882695731
1216 0.0684204752
1319 0.0662881991
1382 0.0580672883
1393 0.0564963274
1426 0.0525188938
1429 0.0500218490
1447 0.0356545810
1449 0.0345227905
1470 0.0335837965
1484 0.0304791831
1558 0.0303922187
1560 0.0228742932
1582 0.0210728599
1610 0.0125722982
1752 0.0100799670
1768 0.0068512973
1885 0.0057608448
1930 0.0054782441
1991 0.0052317492
2024 0.0048057985
2056 0.0037046867
2117 0.0031086613
2189 0.0029772274
2215 0.0016116590
2316 0.0014513931
2387 0.0012681843
2442 0.0008930367
2530 0.0007718724
2542 0.0006569815
2580 0.0004036128
2699 0.0003516292
2749 0.0003286881
2801 0.0002658824
2803 0.0001752033
2937 0.0000957777
3033 0.0000743077
3128 0.0000676321
3149 0.0000653131
3161 0.0000630049
3170 0.0000476146
3234 0.0000448165
3241 0.0000433832
3283 0.0000411171
3291 0.0000408471
3293 0.0000402719
3299 0.0000354363
3303 0.0000351729
3334 0.0000305744
3395 0.0000250183
3422 0.0000192761
3464 0.0000182265
3486 0.0000170898
3502 0.0000134019
3508 0.0000119840
3575 0.0000082172
3647 0.0000069323
3710 0.0000065229
3712 0.0000058306
3775 0.0000034726
3812 0.0000031619
3860 0.0000029159
3899 0.0000024114
3950 0.0000015128
4041 0.0000013372
4100 0.0000010954
4163 0.0000009610
4170 0.0000008609
4180 0.0000006997
4274 0.0000006696
4314 0.0000006056
4336 0.0000005158
4347 0.0000004847
4416 0.0000004020
4456 0.0000003412
4494 0.0000003180
4530 0.0000002523
4552 0.0000002015
4571 0.0000001653
4739 0.0000001608
4776 0.0000001551
4802 0.0000001356
4809 0.0000001108
4837 0.0000001018
4894 0.0000000865
4902 0.0000000821
4910 0.0000000596
4956 0.0000000480
5008 0.0000000441
5044 0.0000000379
5086 0.0000000295
5171 0.0000000284
5229 0.0000000267
5267 0.0000000228
5325 0.0000000206
5357 0.0000000147
5379 0.0000000130
5410 0.0000000101
5492 0.0000000075
5505 0.0000000059
5558 0.0000000055
5717 0.0000000048
5793 0.0000000047
5799 0.0000000045
5807 0.0000000032
5825 0.0000000025
5904 0.0000000025
5908 0.0000000024
5920 0.0000000016
5965 0.0000000012
6031 0.0000000010
6145 0.0000000010
6172 0.0000000008
6210 0.0000000007
6236 0.0000000007
6246 0.0000000007
6253 0.0000000005
6301 0.0000000004
6372 0.0000000004
6398 0.0000000004
6402 0.0000000004
6428 0.0000000003
6435 0.0000000003
6500 0.0000000003
6541 0.0000000003
6549 0.0000000003
6559 0.0000000002
6575 0.0000000001
6599 0.0000000001
6624 0.0000000001
6693 0.0000000001
6697 0.0000000001
6743 0.0000000001
6777 0.0000000001
6832 0.0000000001
6849 0.0000000001
6903 0.0000000000
6990 0.0000000000
7006 0.0000000000
7052 0.0000000000
7086 0.0000000000
7148 0.0000000000
7179 0.0000000000
7193 0.0000000000
7275 0.0000000000
7325 0.0000000000
7383 0.0000000000
7411 0.0000000000
7461 0.0000000000
7469 0.0000000000
7480 0.0000000000
7513 0.0000000000
7690 0.0000000000
7786 0.0000000000
7974 0.0000000000
7995 0.0000000000
8056 0.0000000000
8160 0.0000000000
8165 0.0000000000
8269 0.0000000000
8307 0.0000000000
8404 0.0000000000
8448 0.0000000000
8564 0.0000000000
8655 0.0000000000
9129 0.0000000000
evaluations raw_y
1 155.2394268460
4 104.0374045728
30 88.0412633430
31 86.1443530652
35 60.8237680399
96 55.7170150010
117 46.7174141587
133 39.2766995495
141 33.2296815314
145 32.7599120154
154 28.7717391565
177 23.2845293295
194 22.7246601643
204 21.5767122696
215 16.5405472932
225 12.9818330272
251 11.2691079218
281 10.4730526657
296 6.4462722594
346 6.2670622597
364 4.1043992371
377 3.8119309048
390 3.3421946039
404 3.2937740229
414 2.7076123548
443 2.6531918666
445 2.3963860523
495 2.2056425007
496 2.1008077993
502 1.9909583248
509 1.8362788284
515 1.8326923845
526 1.0454347176
578 0.8701454411
620 0.7615372541
641 0.5884810119
649 0.5857114598
655 0.5129553172
720 0.4907988383
725 0.3762673229
728 0.3111087485
791 0.2855194051
874 0.2684274162
908 0.2554256329
954 0.2529971660
977 0.2393653843
997 0.2245036290
1033 0.1371222634
1161 0.1151853758
1200 0.1114904992
1206 0.0759918091
1257 0.0749919576
1278 0.0743441049
1284 0.0692831927
1290 0.0592132372
1303 0.0437198003
1456 0.0329852109
1497 0.0322887020
1498 0.0294121654
1527 0.0197435750
1718 0.0194412992
1771 0.0128833926
1789 0.0087118627
1792 0.0086057851
1905 0.0074329301
1975 0.0051237190
2007 0.0044446327
2055 0.0037220634
2068 0.0029826108
2262 0.0028129330
2306 0.0025738028
2321 0.0025221343
2330 0.0019890415
2332 0.0016374010
2403 0.0016084123
2405 0.0013542987
2435 0.0011185187
2573 0.0010506633
2608 0.0009871142
2644 0.0009532427
2658 0.0008949132
2686 0.0008014423
2715 0.0006755379
2766 0.0006022133
2770 0.0005844789
2776 0.0005720406
2802 0.0004607363
2807 0.0004577030
2808 0.0003688533
2865 0.0002717245
3047 0.0002205596
3067 0.0001986158
3069 0.0001895386
3107 0.0001794965
3120 0.0001448769
3170 0.0001239108
3197 0.0001118795
3198 0.0000967559
3239 0.0000814033
3279 0.0000505006
3374 0.0000504545
3405 0.0000446491
3445 0.0000442889
3465 0.0000353596
3583 0.0000184068
3719 0.0000138875
3741 0.0000126620
3779 0.0000113333
3832 0.0000096695
3847 0.0000086045
3910 0.0000083003
3936 0.0000065094
3971 0.0000062437
4018 0.0000055412
4064 0.0000054159
4074 0.0000032750
4197 0.0000030407
4208 0.0000019804
4268 0.0000016673
4279 0.0000016325
4351 0.0000015901
4359 0.0000014400
4374 0.0000013055
4377 0.0000011760
4414 0.0000010577
4452 0.0000008232
4500 0.0000007750
4544 0.0000007526
4569 0.0000006412
4623 0.0000005931
4642 0.0000005896
4650 0.0000005814
4676 0.0000002728
4838 0.0000002005
5025 0.0000001582
5044 0.0000001560
5068 0.0000001383
5114 0.0000001119
5144 0.0000000884
5181 0.0000000870
5186 0.0000000797
5236 0.0000000768
5254 0.0000000668
5270 0.0000000503
5331 0.0000000307
5424 0.0000000305
5527 0.0000000255
5540 0.0000000152
5641 0.0000000145
5659 0.0000000080
5746 0.0000000075
5811 0.0000000064
5817 0.0000000062
5839 0.0000000039
5910 0.0000000035
5943 0.0000000033
6049 0.0000000028
6146 0.0000000026
6154 0.0000000025
6161 0.0000000025
6172 0.0000000021
6200 0.0000000020
6229 0.0000000019
6286 0.0000000016
6321 0.0000000015
6324 0.0000000013
6353 0.0000000009
6368 0.0000000007
6502 0.0000000006
6583 0.0000000006
6589 0.0000000005
6597 0.0000000005
6636 0.0000000004
6639 0.0000000004
6655 0.0000000003
6692 0.0000000003
6693 0.0000000003
6738 0.0000000003
6742 0.0000000003
6748 0.0000000003
6794 0.0000000002
6804 0.0000000002
6815 0.0000000002
6855 0.0000000002
6871 0.0000000001
6883 0.0000000001
6886 0.0000000001
6922 0.0000000001
7047 0.0000000001
7132 0.0000000000
7184 0.0000000000
7212 0.0000000000
7213 0.0000000000
7249 0.0000000000
7299 0.0000000000
7365 0.0000000000
7369 0.0000000000
7382 0.0000000000
7424 0.0000000000
7433 0.0000000000
7581 0.0000000000
7591 0.0000000000
7652 0.0000000000
7689 0.0000000000
7699 0.0000000000
7765 0.0000000000
7788 0.0000000000
7794 0.0000000000
7857 0.0000000000
7859 0.0000000000
7863 0.0000000000
7939 0.0000000000
7949 0.0000000000
7957 0.0000000000
7984 0.0000000000
8040 0.0000000000
8229 0.0000000000
8238 0.0000000000
8349 0.0000000000
8377 0.0000000000
8509 0.0000000000
8584 0.0000000000
8588 0.0000000000
8735 0.0000000000
8828 0.0000000000
8844 0.0000000000
8857 0.0000000000
8859 0.0000000000
8939 0.0000000000
8964 0.0000000000
8980 0.0000000000
9026 0.0000000000
9171 0.0000000000
9232 0.0000000000
9278 0.0000000000
9409 0.0000000000
9551 0.0000000000
10024 0.0000000000
10300 0.0000000000
evaluations raw_y
1 404.9795206755
4 338.8890930678
5 302.8283561984
6 275.6947115099
15 185.7239848162
22 178.4258674237
26 174.8260970449
31 162.3395525158
33 142.1590016401
38 113.2920103899
43 98.8056101255
50 90.4414823921
58 88.6388888577
66 87.8607521380
74 81.9239699372
75 71.8951245470
83 67.8163095892
90 51.6443234961
113 45.0255206217
206 44.5708621347
228 36.3858113872
245 30.9344933708
263 28.9076911296
274 28.1878587206
279 23.2049761078
286 23.0457714297
298 18.5420394675
307 17.2299531284
317 14.6521197416
322 14.4992567435
328 9.4292045710
351 8.7463627358
357 8.3751080456
367 7.1460389970
370 7.1104905775
372 6.6977965255
400 5.7019346231
428 5.4252204278
452 5.1171094628
461 4.8689325216
472 3.5195684763
477 2.4534998999
504 2.0940003510
550 1.9928987486
580 1.5887204897
591 1.4540733648
617 1.2952208713
635 1.1372098901
641 0.8447232317
647 0.7738027819
663 0.7015003057
676 0.4952526788
745 0.4819100049
772 0.4580213225
774 0.3774168001
847 0.3640072349
853 0.2701164138
911 0.2605299694
916 0.2354896009
1005 0.1984141371
1039 0.1328413395
1074 0.1046795788
1146 0.0959562545
1283 0.0755186402
1305 0.0415180881
1409 0.0414226423
1468 0.0370648078
1518 0.0363040377
1527 0.0285230230
1570 0.0196042506
1610 0.0129958890
1685 0.0111882665
1903 0.0102024360
1906 0.0087518752
1914 0.0064125837
1952 0.0052201791
1996 0.0050858095
2064 0.0046302603
2073 0.0038836678
2084 0.0036820370
2105 0.0036685883
2122 0.0036298713
2132 0.0027703639
2137 0.0027366385
2202 0.0015812464
2300 0.0015017809
2369 0.0010241620
2456 0.0007794916
2544 0.0007677650
2556 0.0006943043
2674 0.0006170708
2699 0.0004056481
2723 0.0003612818
2749 0.0003242003
2840 0.0003188908
2846 0.0002449218
2895 0.0001827479
2930 0.0001656138
3051 0.0001429565
3056 0.0001420796
3065 0.0001136342
3091 0.0001106669
3095 0.0000864056
3232 0.0000434701
3401 0.0000422184
3404 0.0000396242
3440 0.0000369702
3446 0.0000248134
3533 0.0000211980
3570 0.0000193335
3628 0.0000181442
3638 0.0000169247
3663 0.0000144923
3696 0.0000142196
3698 0.0000115007
3781 0.0000113547
3789 0.0000106096
3808 0.0000092549
3850 0.0000086808
3871 0.0000084967
3884 0.0000081263
3893 0.0000072187
3899 0.0000057886
3923 0.0000054793
3926 0.0000040744
3957 0.0000037269
4021 0.0000030223
4106 0.0000028551
4143 0.0000024938
4189 0.0000024616
4228 0.0000020696
4252 0.0000019420
4305 0.0000018141
4314 0.0000017444
4322 0.0000013357
4342 0.0000011788
4429 0.0000009524
4502 0.0000008866
4539 0.0000008039
4548 0.0000006301
4577 0.0000003871
4719 0.0000003810
4759 0.0000003361
4768 0.0000002745
4801 0.0000002273
4831 0.0000001391
5000 0.0000001186
5064 0.0000001102
5105 0.0000000873
5171 0.0000000837
5201 0.0000000566
5233 0.0000000546
5294 0.0000000213
5449 0.0000000165
5549 0.0000000138
5607 0.0000000133
5641 0.0000000133
5709 0.0000000120
5715 0.0000000118
5725 0.0000000106
5730 0.0000000059
5854 0.0000000053
5921 0.0000000045
5985 0.0000000035
6015 0.0000000032
6080 0.0000000030
6094 0.0000000027
6144 0.0000000026
6161 0.0000000024
6174 0.0000000020
6208 0.0000000015
6288 0.0000000012
6297 0.0000000012
6343 0.0000000010
6383 0.0000000009
6433 0.0000000005
6446 0.0000000004
6583 0.0000000004
6627 0.0000000004
6628 0.0000000003
6682 0.0000000003
6707 0.0000000003
6737 0.0000000003
6761 0.0000000002
6764 0.0000000002
6787 0.0000000001
6812 0.0000000001
6887 0.0000000001
6919 0.0000000001
7006 0.0000000001
7032 0.0000000000
7183 0.0000000000
7241 0.0000000000
7338 0.0000000000
7346 0.0000000000
7389 0.0000000000
7413 0.0000000000
7424 0.0000000000
7494 0.0000000000
7600 0.0000000000
7685 0.0000000000
7687 0.0000000000
7711 0.0000000000
7741 0.0000000000
7759 0.0000000000
7919 0.0000000000
7961 0.0000000000
7984 0.0000000000
7988 0.0000000000
8025 0.0000000000
8074 0.0000000000
8082 0.0000000000
8083 0.0000000000
8125 0.0000000000
8240 0.0000000000
8261 0.0000000000
8262 0.0000000000
8320 0.0000000000
8375 0.0000000000
8559 0.0000000000
8669 0.0000000000
8677 0.0000000000
8689 0.0000000000
8701 0.0000000000
8713 0.0000000000
8722 0.0000000000
8819 0.0000000000
8908 0.0000000000
8978 0.0000000000
9055 0.0000000000
9151 0.0000000000
9452 0.0000000000
9850 0.0000000000
evaluations raw_y
1 299.0513049862
2 266.2178693709
4 227.4438823811
12 187.8100185122
18 171.1955886052
23 141.0134684875
29 137.2010591013
38 114.8027190109
40 104.8806238776
48 99.5657481018
49 71.9608660667
61 71.6469362674
78 64.5717217232
80 37.2289196710
105 33.4300643985
111 30.6407059550
125 20.4625870411
200 17.4189620426
225 16.7384127536
243 16.3156260206
261 15.6301004184
284 14.9237425320
291 9.6558054417
341 9.0010450618
354 6.7542598815
367 5.2103603961
375 4.6900871335
377 3.7518485901
389 3.2383736877
405 3.0337258114
430 2.6355360298
453 2.6298953968
479 2.5478355234
490 2.3093979260
491 1.8415415420
501 1.5824073477
505 1.2950345358
520 1.1028397760
524 0.9606112499
532 0.8452082967
600 0.7655350993
607 0.5456522138
639 0.4736844127
649 0.3424397337
743 0.3304661241
769 0.2592140052
773 0.2581207171
798 0.2559141500
805 0.1059530252
1058 0.1027543183
1088 0.0904768036
1157 0.0793795221
1171 0.0441880005
1295 0.0430355766
1343 0.0325117863
1418 0.0241186483
1496 0.0204537882
1541 0.0157285741
1619 0.0142140725
1667 0.0104230250
1762 0.0096307401
1792 0.0087972329
1809 0.0081912272
1828 0.0068306030
1832 0.0066031504
1837 0.0062778609
1851 0.0061086296
1854 0.0053253563
1892 0.0033403923
1998 0.0027348950
2117 0.0027295155
2123 0.0023688266
2139 0.0023565282
2178 0.0019391866
2191 0.0017779805
2210 0.0013314453
2232 0.0012011178
2281 0.0010996135
2340 0.0010733366
2414 0.0008629235
2453 0.0008582800
2469 0.0008581186
2473 0.0007529756
2502 0.0005198873
2519 0.0005170937
2548 0.0004498568
2551 0.0004039947
2594 0.0003534896
2648 0.0003300265
2699 0.0003023178
2735 0.0002650994
2739 0.0002255310
2825 0.0001722291
2884 0.0001568209
2894 0.0001519479
2945 0.0001512809
2946 0.0001356487
2955 0.0000906191
3055 0.0000763640
3089 0.0000731902
3092 0.0000640547
3150 0.0000473185
3201 0.0000437738
3234 0.0000406066
3250 0.0000385860
3272 0.0000370322
3310 0.0000364487
3321 0.0000354147
3323 0.0000280130
3364 0.0000249761
3429 0.0000196621
3452 0.0000167005
3512 0.0000143925
3537 0.0000094303
3625 0.0000080373
3653 0.0000069469
3711 0.0000065902
3718 0.0000060369
3739 0.0000049662
3781 0.0000039816
3789 0.0000024007
3977 0.0000020105
4017 0.0000015914
4062 0.0000014151
4105 0.0000012869
4115 0.0000011441
4163 0.0000009248
4189 0.0000008347
4285 0.0000008207
4300 0.0000007713
4331 0.0000007298
4411 0.0000007202
4412 0.0000006819
4421 0.0000006589
4423 0.0000006017
4451 0.0000004549
4502 0.0000004467
4521 0.0000003550
4555 0.0000002576
4652 0.0000001834
4668 0.0000001365
4724 0.0000000995
4845 0.0000000969
4936 0.0000000687
5064 0.0000000642
5101 0.0000000477
5147 0.0000000427
5154 0.0000000368
5173 0.0000000357
5214 0.0000000278
5273 0.0000000221
5303 0.0000000220
5362 0.0000000209
5418 0.0000000139
5436 0.0000000108
5531 0.0000000074
5620 0.0000000067
5643 0.0000000059
5739 0.0000000054
5778 0.0000000049
5860 0.0000000047
5864 0.0000000045
5889 0.0000000043
5891 0.0000000025
6009 0.0000000019
6042 0.0000000017
6136 0.0000000017
6150 0.0000000016
6160 0.0000000014
6161 0.0000000012
6182 0.0000000009
6220 0.0000000008
6249 0.0000000007
6270 0.0000000007
6308 0.0000000004
6381 0.0000000003
6541 0.0000000002
6662 0.0000000002
6693 0.0000000001
6765 0.0000000001
6801 0.0000000001
6807 0.0000000001
6936 0.0000000001
6994 0.0000000000
7084 0.0000000000
7092 0.0000000000
7138 0.0000000000
7248 0.0000000000
7270 0.0000000000
7298 0.0000000000
7325 0.0000000000
7333 0.0000000000
7373 0.0000000000
7397 0.0000000000
7437 0.0000000000
7447 0.0000000000
7473 0.0000000000
7481 0.0000000000
7499 0.0000000000
7635 0.0000000000
7644 0.0000000000
7661 0.0000000000
7716 0.0000000000
7742 0.0000000000
7755 0.0000000000
7789 0.0000000000
7874 0.0000000000
7965 0.0000000000
8015 0.0000000000
8266 0.0000000000
8324 0.0000000000
8500 0.0000000000
8513 0.0000000000
8534 0.0000000000
8573 0.0000000000
8585 0.0000000000
8594 0.0000000000
8625 0.0000000000
8645 0.0000000000
8803 0.0000000000
8822 0.0000000000
8874 0.0000000000
8893 0.0000000000
8989 0.0000000000
9024 0.0000000000
9118 0.0000000000
9133 0.0000000000
9210 0.0000000000
9220 0.0000000000
9319 0.0000000000
9362 0.0000000000
9552 0.0000000000
9752 0.0000000000
10258 0.0000000000
evaluations raw_y
1 454.1181094195
2 422.5815793331
4 327.9995745569
8 319.4847849377
15 288.6465380316
17 286.0812532919
18 278.3480983986
24 248.3349840642
25 237.6512835878
31 230.2317506404
33 216.3460010054
48 180.4999640905
57 171.6796588895
59 170.7001867749
68 130.5739357795
84 122.2596967385
85 101.6441963937
107 81.5633236521
119 58.5739048701
144 56.8594822880
193 54.0358486275
236 50.1962180194
246 42.2476605851
256 38.7364841244
266 34.1908483542
278 22.2434292085
289 15.1858701866
355 12.9314900365
360 12.6684824840
373 8.7539222792
378 7.8320767322
394 6.6641006590
437 3.7580354081
463 3.7301790899
469 2.7904677549
507 2.6985957370
509 2.4345239273
518 2.2879638739
534 2.1274516744
539 1.5903182428
606 1.5790628256
618 1.4750577417
632 1.2998573843
655 1.0412002690
660 0.9503651600
681 0.8608749572
693 0.7926051387
696 0.7115970630
707 0.4162013324
789 0.3406528217
920 0.2448798033
1021 0.2323851626
1063 0.2197248912
1066 0.1344816758
1219 0.1266768191
1241 0.1217911946
1271 0.0926705446
1418 0.0736823872
1436 0.0691715134
1453 0.0657867361
1472 0.0564485144
1509 0.0430783755
1595 0.0340975204
1635 0.0240220664
1709 0.0204406156
1719 0.0189317433
1765 0.0170210649
1790 0.0149675210
1842 0.0146952124
1852 0.0119270107
1910 0.0091082567
1996 0.0073950038
2048 0.0053502372
2099 0.0053291148
2168 0.0043569306
2240 0.0031471999
2299 0.0030467958
2410 0.0028809617
2412 0.0016962427
2523 0.0016104116
2592 0.0011022270
2605 0.0009744105
2625 0.0008250745
2724 0.0006634825
2798 0.0003337963
2937 0.0003323559
3008 0.0003119768
3017 0.0002482176
3058 0.0001907519
3120 0.0001394593
3195 0.0001025174
3313 0.0000915319
3362 0.0000727340
3456 0.0000696065
3479 0.0000693498
3487 0.0000577259
3490 0.0000555313
3499 0.0000467811
3503 0.0000285744
3670 0.0000224403
3683 0.0000187075
3806 0.0000183466
3863 0.0000146843
3887 0.0000136264
3955 0.0000110817
3957 0.0000089027
3961 0.0000087401
3998 0.0000075442
4075 0.0000068199
4090 0.0000061189
4124 0.0000058576
4125 0.0000041675
4195 0.0000041125
4205 0.0000030834
4275 0.0000027762
4335 0.0000024583
4339 0.0000019031
4422 0.0000017865
4441 0.0000014695
4501 0.0000012802
4572 0.0000011791
4577 0.0000007650
4675 0.0000006832
4699 0.0000005744
4714 0.0000004909
4758 0.0000003881
4857 0.0000002683
4869 0.0000002613
4927 0.0000002415
4969 0.0000001512
5040 0.0000001233
5193 0.0000001145
5196 0.0000000759
5241 0.0000000695
5302 0.0000000599
5343 0.0000000596
5350 0.0000000563
5382 0.0000000423
5400 0.0000000398
5461 0.0000000344
5478 0.0000000282
5528 0.0000000187
5606 0.0000000155
5628 0.0000000117
5745 0.0000000110
5832 0.0000000108
5834 0.0000000105
5838 0.0000000082
5856 0.0000000081
5884 0.0000000073
5945 0.0000000068
6005 0.0000000049
6034 0.0000000049
6056 0.0000000049
6085 0.0000000039
6152 0.0000000038
6153 0.0000000036
6160 0.0000000033
6197 0.0000000028
6202 0.0000000026
6235 0.0000000025
6278 0.0000000016
6340 0.0000000015
6346 0.0000000013
6423 0.0000000013
6427 0.0000000011
6431 0.0000000011
6461 0.0000000010
6486 0.0000000009
6509 0.0000000009
6525 0.0000000008
6600 0.0000000006
6649 0.0000000006
6659 0.0000000004
6795 0.0000000004
6809 0.0000000004
6823 0.0000000003
6834 0.0000000003
6857 0.0000000003
6874 0.0000000003
6928 0.0000000002
6932 0.0000000002
6955 0.0000000002
6963 0.0000000002
6986 0.0000000002
7031 0.0000000001
7036 0.0000000001
7054 0.0000000001
7107 0.0000000001
7173 0.0000000001
7176 0.0000000001
7215 0.0000000000
7265 0.0000000000
7300 0.0000000000
7383 0.0000000000
7408 0.0000000000
7412 0.0000000000
7585 0.0000000000
7594 0.0000000000
7633 0.0000000000
7671 0.0000000000
7709 0.0000000000
7852 0.0000000000
7887 0.0000000000
7890 0.0000000000
8036 0.0000000000
8061 0.0000000000
8203 0.0000000000
8250 0.0000000000
8284 0.0000000000
8285 0.0000000000
8307 0.0000000000
8382 0.0000000000
8429 0.0000000000
8513 0.0000000000
8596 0.0000000000
8680 0.0000000000
8786 0.0000000000
8895 0.0000000000
9039 0.0000000000
9318 0.0000000000
9766 0.0000000000
evaluations raw_y
1 391.2465797961
2 225.4207205355
9 184.7869209646
13 176.9830612506
14 175.7604979291
17 137.8572811586
26 134.5320369151
31 131.5526148545
35 128.3055711194
44 106.8778257748
45 105.3774897353
46 103.8026983543
48 99.7311879680
69 98.4648217110
70 95.3333336011
74 80.1555118829
76 74.4741827514
79 42.5538559419
89 42.5256941419
91 41.4679275828
105 35.1105313418
148 29.2105079540
167 25.4762087674
186 21.1839914899
194 17.6007871914
211 13.6750966662
255 13.2745591952
256 10.4666428223
274 9.1490534074
276 9.0934566257
281 8.8065021514
296 8.5954565534
299 7.8613125721
323 6.5603678391
325 5.0226588594
336 3.8086645587
346 2.8877030548
363 2.8203675786
378 2.6212263430
404 2.5465637234
413 2.0259617829
425 1.7306810462
437 1.6516425341
438 1.4559838268
452 1.2529992152
512 1.2082704141
520 0.9504513696
538 0.9264015542
547 0.8822701414
560 0.5063445716
624 0.4387910928
695 0.3981352805
704 0.3139614977
744 0.2458699078
820 0.2277788326
849 0.2271887291
873 0.2069276667
942 0.2034213990
969 0.1820793558
976 0.1132909970
1083 0.0897247599
1208 0.0621041749
1229 0.0553316790
1295 0.0547914596
1306 0.0512244058
1326 0.0503332912
1342 0.0318738190
1454 0.0317949756
1466 0.0208601169
1547 0.0161498448
1550 0.0118485677
1667 0.0106759813
1712 0.0094955571
1821 0.0080818030
1856 0.0059315491
1925 0.0043276915
2022 0.0028946006
2047 0.0027780152
2056 0.0023964075
2169 0.0022186609
2224 0.0018950158
2312 0.0016203882
2324 0.0015795647
2360 0.0009928097
2481 0.0006123537
2585 0.0005482818
2604 0.0003992046
2694 0.0002826878
2815 0.0002743563
2834 0.0002527322
2866 0.0002088938
2885 0.0001764068
2967 0.0001159115
3016 0.0000957266
3092 0.0000882992
3116 0.0000874320
3144 0.0000803058
3195 0.0000780626
3204 0.0000647963
3245 0.0000632545
3246 0.0000596878
3247 0.0000456444
3260 0.0000308432
3284 0.0000254976
3400 0.0000251814
3439 0.0000230495
3492 0.0000194001
3510 0.0000158693
3561 0.0000150892
3587 0.0000126745
3594 0.0000123516
3611 0.0000091210
3633 0.0000067159
3732 0.0000057258
3755 0.0000053659
3768 0.0000050172
3882 0.0000047809
3910 0.0000045379
3952 0.0000041307
3962 0.0000028079
4041 0.0000027869
4059 0.0000026074
4129 0.0000025894
4132 0.0000021970
4175 0.0000014326
4289 0.0000011424
4334 0.0000010527
4353 0.0000008882
4360 0.0000008212
4401 0.0000007354
4441 0.0000007350
4458 0.0000006421
4588 0.0000005350
4614 0.0000004158
4699 0.0000003850
4726 0.0000002764
4738 0.0000002718
4765 0.0000002144
4814 0.0000002105
4831 0.0000001864
4839 0.0000000980
5113 0.0000000891
5156 0.0000000869
5171 0.0000000529
5287 0.0000000446
5319 0.0000000403
5362 0.0000000297
5363 0.0000000264
5448 0.0000000224
5483 0.0000000204
5531 0.0000000199
5545 0.0000000177
5589 0.0000000168
5607 0.0000000149
5613 0.0000000119
5679 0.0000000103
5772 0.0000000092
5774 0.0000000083
5810 0.0000000059
5863 0.0000000042
5944 0.0000000039
5949 0.0000000034
5983 0.0000000023
6018 0.0000000015
6035 0.0000000015
6146 0.0000000014
6217 0.0000000012
6353 0.0000000011
6359 0.0000000011
6370 0.0000000010
6381 0.0000000009
6406 0.0000000007
6441 0.0000000007
6452 0.0000000006
6466 0.0000000006
6475 0.0000000003
6685 0.0000000003
6711 0.0000000002
6746 0.0000000002
6785 0.0000000002
6835 0.0000000002
6853 0.0000000002
6878 0.0000000001
6915 0.0000000001
6933 0.0000000001
6975 0.0000000001
7017 0.0000000001
7057 0.0000000001
7107 0.0000000000
7133 0.0000000000
7165 0.0000000000
7251 0.0000000000
7263 0.0000000000
7270 0.0000000000
7309 0.0000000000
7319 0.0000000000
7359 0.0000000000
7431 0.0000000000
7524 0.0000000000
7540 0.0000000000
7579 0.0000000000
7612 0.0000000000
7635 0.0000000000
7647 0.0000000000
7711 0.0000000000
7756 0.0000000000
7769 0.0000000000
7833 0.0000000000
7869 0.0000000000
7947 0.0000000000
7961 0.0000000000
7998 0.0000000000
8007 0.0000000000
8033 0.0000000000
8098 0.0000000000
8136 0.0000000000
8186 0.0000000000
8230 0.0000000000
8261 0.0000000000
8358 0.0000000000
8437 0.0000000000
8495 0.0000000000
8543 0.0000000000
8678 0.0000000000
8705 0.0000000000
8785 0.0000000000
8837 0.0000000000
8902 0.0000000000
8957 0.0000000000
8988 0.0000000000
9030 0.0000000000
9075 0.0000000000
9255 0.0000000000
9475 0.0000000000
9855 0.0000000000
