evaluations raw_y
1 451022.0199220933
2 106044.1059480287
4 55403.0913846406
12 54994.2222905081
18 30173.4318769126
23 23176.7114938263
30 20454.7070581445
43 16253.4402542657
62 3021.0749582835
107 2888.1649956321
172 904.3998189768
215 381.9235196664
298 41.9702298570
607 34.8780955077
627 29.4634997676
698 25.5616354873
761 21.7456693025
857 21.1772181632
872 20.8351077870
878 19.6131796982
929 17.0161747714
977 16.6222726668
992 16.1349891176
1011 14.6399866108
1022 14.5557508179
1059 11.7144739949
1201 11.4584336283
1213 10.5763455946
1235 10.2479854011
1308 10.1286068203
1331 9.8016500700
1433 9.6569159427
1489 9.5614899033
1498 9.0526628888
1586 8.3824409771
1821 8.3471235022
1856 8.2727335550
1884 8.2412903932
1893 8.1643142542
1902 7.8658784063
2021 7.8252380247
2096 7.8027328250
2122 7.7243229980
2184 7.7181647103
2200 7.7026763474
2373 7.4857415584
2442 7.3458654903
2537 7.2852930532
2743 7.2492542362
2826 7.0117378460
3100 6.7003700136
3220 6.6854901370
3273 6.6291177257
3429 6.6284627715
3480 6.5676787435
3577 6.1273435664
3640 6.0357300965
3671 5.9154531796
3798 5.8831857732
3935 5.8755547563
3973 5.8638392328
4042 5.8175979438
4085 5.6643665869
4123 5.6267484810
4215 5.5814936875
4437 5.5743171489
4443 5.5547947840
4478 5.4943282862
4480 5.4411382380
4511 5.3756509099
4517 5.2837817987
4561 5.1614205646
4728 5.0709804946
4867 5.0566360952
4926 4.9270565764
4966 4.7011992942
5005 4.6660912718
5187 4.5802181263
5285 4.4385002319
5382 4.3535278498
5592 4.3482031305
5609 4.1495785420
5745 4.1141091010
5759 4.1102556585
5842 4.0689340354
5862 4.0379127009
5894 4.0254246925
5944 3.9617572395
6009 3.8995422800
6081 3.8960750717
6139 3.8718797684
6256 3.7095793382
6333 3.5593787688
6731 3.4679164467
6743 3.4272324877
6797 3.3991626242
6802 3.3674242697
6803 3.3483672107
6879 3.2423031203
6962 3.1789507788
7182 3.1492064105
7192 3.0687196201
7253 3.0016411918
7284 2.9810244988
7355 2.7999891519
7593 2.6011110606
7795 2.5916231636
7845 2.5682583985
7968 2.4769462691
8068 2.4645527431
8076 2.3799466351
8126 2.3593058421
8140 2.2060611433
8280 2.1926891287
8361 2.1774836357
8362 2.0629661231
8484 2.0004976406
8543 1.9877451406
8554 1.9875448662
8651 1.9217988052
8729 1.8526824302
8759 1.6256674116
8854 1.5736729891
9261 1.4689169063
9396 1.4551060369
9413 1.2768041165
9768 1.2153472840
9782 1.1433570697
9908 1.0952904191
9931 1.0515191524
10057 1.0416148623
10086 1.0249663412
10196 0.8978082539
10290 0.8478610428
10635 0.7190326472
10992 0.6949945835
11000 0.6489423957
11084 0.5872759660
11161 0.5142216521
11368 0.4754102969
11423 0.4682999160
11506 0.4665290513
11559 0.4554641304
11624 0.4433282574
11715 0.4178320832
11788 0.3649248639
11847 0.3611859351
11952 0.3211740252
12090 0.3161133301
12280 0.2373238401
12321 0.2349339611
12341 0.2296106442
12343 0.2084308324
12432 0.2021140111
12526 0.1859619369
12569 0.1625340714
12840 0.1397221816
12931 0.1238329844
13128 0.1222372477
13131 0.0947064703
13171 0.0937632970
13355 0.0897401736
13413 0.0633430199
13798 0.0624568996
13830 0.0443978544
13922 0.0438354319
14053 0.0251095135
14495 0.0197850040
14582 0.0135398245
14688 0.0082244329
14737 0.0079348980
14765 0.0063512730
14820 0.0063484965
14894 0.0041379715
14934 0.0033182392
15153 0.0016045790
15361 0.0010040834
15602 0.0009967809
15672 0.0008402593
15787 0.0004890898
15847 0.0004290843
15962 0.0003749056
15964 0.0002980338
16102 0.0002756521
16129 0.0002748818
16135 0.0002526278
16158 0.0002324697
16215 0.0001816163
16259 0.0001715892
16281 0.0001084035
16308 0.0000915987
16333 0.0000534054
16481 0.0000462398
16527 0.0000421758
16577 0.0000320175
16803 0.0000258699
16810 0.0000214425
16840 0.0000207334
16885 0.0000079411
17000 0.0000078491
17073 0.0000076325
17077 0.0000071904
17129 0.0000052472
17246 0.0000052262
17274 0.0000029583
17367 0.0000025125
17443 0.0000017503
17458 0.0000014203
17576 0.0000008400
17699 0.0000007397
17740 0.0000004396
17802 0.0000004080
17878 0.0000003200
17910 0.0000002825
17961 0.0000002722
18001 0.0000001255
18065 0.0000000477
18419 0.0000000435
18443 0.0000000301
18462 0.0000000166
18719 0.0000000047
18937 0.0000000045
18988 0.0000000042
19025 0.0000000040
19036 0.0000000037
19039 0.0000000032
19043 0.0000000022
19097 0.0000000018
19224 0.0000000015
19308 0.0000000010
19422 0.0000000007
19507 0.0000000004
19618 0.0000000003
19630 0.0000000003
19686 0.0000000002
19690 0.0000000002
19722 0.0000000002
19771 0.0000000001
19783 0.0000000001
19797 0.0000000001
19920 0.0000000001
19989 0.0000000000
19998 0.0000000000
20037 0.0000000000
20118 0.0000000000
20133 0.0000000000
20210 0.0000000000
20245 0.0000000000
20491 0.0000000000
20571 0.0000000000
20613 0.0000000000
20739 0.0000000000
20765 0.0000000000
20885 0.0000000000
21003 0.0000000000
21006 0.0000000000
21027 0.0000000000
21221 0.0000000000
21257 0.0000000000
21346 0.0000000000
21348 0.0000000000
21469 0.0000000000
21505 0.0000000000
21578 0.0000000000
21649 0.0000000000
21657 0.0000000000
21844 0.0000000000
21932 0.0000000000
22177 0.0000000000
22398 0.0000000000
22691 0.0000000000
evaluations raw_y
1 146799.7859829270
12 88692.0008955675
14 75276.5204138791
22 36811.9440478216
40 31241.8922295287
53 20604.1881132511
68 15462.8527624625
72 11128.5273602843
78 9781.9175515847
97 9494.3544779283
124 7965.3395287025
128 5731.9304343206
132 3161.8507475865
166 1375.6726090184
241 1001.8558423591
254 592.3830164745
314 496.8417033180
327 170.2640417023
364 163.5848232088
410 72.5335709949
468 43.7797843290
586 39.6153676204
600 28.0370159561
792 23.6893254691
991 19.8108637846
1074 16.8485608390
1161 15.9972399215
1258 11.6784459432
1430 10.9780559719
1475 10.9191710686
1561 10.5664048114
1691 10.0671986314
1808 10.0621619794
1875 9.8652859285
1884 9.6319453179
1930 9.5539991353
2092 9.1573531942
2209 8.7668952443
2383 8.5677545979
2731 8.5178389285
2785 8.4523606512
2844 8.4165803744
2850 8.3743347230
2949 8.3626092317
2968 8.3242587305
2989 8.2048527537
3006 8.0435701502
3153 8.0352654357
3188 7.9989730342
3334 7.9711649615
3402 7.8888031471
3431 7.7549703991
3579 7.6692001296
3697 7.5518145665
3708 7.4930811128
3731 7.4346179057
3849 7.3979806669
3866 7.1524980472
4037 7.1173327863
4052 7.0843294027
4181 6.9651497954
4200 6.9432986949
4209 6.7473539866
4343 6.7098102883
4522 6.5948089609
4577 6.5643871884
4583 6.5053493650
4630 6.4034538694
4982 6.1408690798
4990 6.0720898122
5200 5.9953652379
5307 5.8555252018
5500 5.8122587097
5540 5.7796472761
5552 5.6382036874
5650 5.5901182859
5674 5.4611846927
5853 5.4149764963
6056 5.4062004756
6079 5.1958123209
6080 4.9689484908
6419 4.9362249613
6467 4.8364679080
6552 4.8129587517
6610 4.7465900532
6618 4.7076864278
6740 4.6980812596
6805 4.5863529203
6889 4.5859846211
6917 4.4621792309
7052 4.3874024741
7094 4.3867333316
7095 4.3506434896
7176 4.2425754721
7460 4.2415641505
7516 4.0944321372
7557 4.0693839517
7608 4.0349055569
7663 4.0311593158
7687 3.9677593484
7838 3.9476872897
7886 3.7284432481
8015 3.6853691924
8303 3.3980331656
8478 3.3645280729
8531 3.3136442712
8543 3.3136252928
8711 3.1816053904
8807 3.1587892926
8819 3.0713514809
8856 3.0067457248
9022 2.8901998390
9128 2.8582076345
9399 2.7943030329
9404 2.7169484620
9454 2.7107503467
9528 2.4039476971
9985 2.2377017568
10395 2.1203866110
10509 1.9060951509
10565 1.8747858292
10604 1.7919971348
10726 1.7266505064
10850 1.6981739224
10976 1.6706938605
11036 1.5924592015
11148 1.5444888551
11246 1.4945475365
11307 1.4737722012
11310 1.3293668329
11437 1.3287236662
11483 1.2504593157
11565 1.1477977296
11684 1.0496776229
11774 0.9684144556
11984 0.9302658742
12013 0.8132217037
12067 0.7665218722
12525 0.7256173656
12590 0.5896675939
12731 0.5624050828
12937 0.5328506006
13001 0.5261729718
13111 0.5220506301
13188 0.4754229143
13305 0.4493209137
13397 0.4352384132
13400 0.4279701084
13449 0.4233192474
13456 0.4218244661
13467 0.3839151944
13469 0.3679683930
13543 0.3642595008
13622 0.3495992211
13768 0.3333251385
13830 0.3325790266
13859 0.3136603138
13889 0.3040408839
14142 0.2719643189
14283 0.2665286451
14289 0.2638438711
14295 0.2572149715
14297 0.2420158435
14408 0.1971885744
14450 0.1417760788
14616 0.0968993520
15008 0.0911975372
15201 0.0820609157
15203 0.0653030724
15398 0.0616803526
15440 0.0539646838
15472 0.0527579440
15488 0.0501338733
15529 0.0458672824
15536 0.0457920349
15576 0.0404270122
15706 0.0402727709
15749 0.0401010647
15757 0.0294002363
15846 0.0219709985
16129 0.0196693879
16137 0.0180860208
16152 0.0172910643
16202 0.0149255378
16321 0.0143165608
16370 0.0103848884
16602 0.0095875169
16665 0.0077423715
16757 0.0074853054
16760 0.0064100058
16782 0.0029002711
17092 0.0027259618
17195 0.0019479190
17217 0.0014500260
17368 0.0011478497
17439 0.0011224879
17460 0.0009023387
17469 0.0008661387
17493 0.0005141983
17632 0.0004396730
17645 0.0004017657
17774 0.0002978886
17784 0.0001971049
18033 0.0001922229
18268 0.0001878229
18365 0.0001741544
18427 0.0001738638
18443 0.0000781206
18581 0.0000698929
18616 0.0000354655
18743 0.0000191070
18842 0.0000166867
18919 0.0000146355
18932 0.0000145924
18988 0.0000116134
19032 0.0000073043
19093 0.0000069020
19119 0.0000044066
19160 0.0000021795
19386 0.0000018839
19408 0.0000009379
19495 0.0000005302
19649 0.0000003966
19659 0.0000002273
19678 0.0000001141
20021 0.0000000917
20029 0.0000000742
20066 0.0000000711
20085 0.0000000552
20117 0.0000000514
20132 0.0000000508
20169 0.0000000308
20274 0.0000000201
20376 0.0000000048
20687 0.0000000041
20708 0.0000000038
20813 0.0000000034
20829 0.0000000033
20869 0.0000000029
20875 0.0000000022
20876 0.0000000018
20877 0.0000000017
20916 0.0000000012
20932 0.0000000008
21128 0.0000000007
21230 0.0000000007
21245 0.0000000006
21252 0.0000000005
21291 0.0000000005
21328 0.0000000004
21337 0.0000000004
21382 0.0000000003
21383 0.0000000003
21408 0.0000000003
21467 0.0000000002
21490 0.0000000002
21538 0.0000000001
21682 0.0000000001
21723 0.0000000001
21798 0.0000000001
21894 0.0000000000
21912 0.0000000000
22021 0.0000000000
22058 0.0000000000
22106 0.0000000000
22187 0.0000000000
22222 0.0000000000
22280 0.0000000000
22363 0.0000000000
22371 0.0000000000
22611 0.0000000000
22622 0.0000000000
22715 0.0000000000
22771 0.0000000000
22791 0.0000000000
22823 0.0000000000
22857 0.0000000000
22914 0.0000000000
22978 0.0000000000
23086 0.0000000000
23252 0.0000000000
23298 0.0000000000
23337 0.0000000000
23357 0.0000000000
23375 0.0000000000
23535 0.0000000000
23709 0.0000000000
23952 0.0000000000
24466 0.0000000000
evaluations raw_y
1 369210.2203307833
2 249082.4575525412
3 234897.5671766373
4 197346.7171793926
6 192314.0584649511
7 82586.5182606505
10 75113.8639807388
12 27507.2017012174
28 25628.6534161847
30 15583.1295926700
35 10170.9464511633
45 2094.2301498131
264 1477.7338110128
337 1470.9744159716
340 1055.4768613735
359 997.8969935600
386 603.3448045240
442 468.7689375661
487 371.3072127693
502 348.2024484512
509 346.4771648355
585 303.0895799479
705 297.8664066855
786 218.3622282334
889 157.7912917713
928 110.1733236675
941 103.5363680459
945 56.0576213712
1005 54.9993314316
1049 31.5053950619
1185 27.0758087764
1352 18.5242243474
1634 17.1748470067
1703 11.9720588196
1787 11.3125206543
1823 11.2819344029
1854 10.9084968573
1867 10.2991344897
2013 10.1219317910
2038 10.0024822324
2091 9.9486326641
2186 9.5616203013
2263 9.4792433364
2301 9.3014730147
2309 9.2502977551
2320 9.0574186851
2512 8.8274485817
2614 8.7365532406
2737 8.6085047344
2929 8.5100633650
2974 8.4546101997
3111 8.3935543402
3167 8.2459070971
3398 8.1928701520
3421 8.1880747141
3538 7.9634003868
3681 7.8308476301
3759 7.7027723072
3781 7.6238571738
4240 7.4846151604
4243 7.3480484111
4289 7.3254973329
4334 7.1698006448
4359 7.1452322901
4543 6.8588527162
4755 6.7396039208
4785 6.7150991677
4853 6.6193207876
4934 6.5867966049
4988 6.4295475049
5067 6.3855054966
5149 6.2987293156
5287 6.1345566930
5380 6.0934671203
5381 6.0902070453
5414 6.0792917082
5415 6.0324734006
5459 5.9588278186
5512 5.8796450513
5601 5.6753628645
6008 5.6502325834
6050 5.6089246137
6063 5.5362468480
6141 5.5175300490
6245 5.1655237452
6502 5.0350658714
6823 4.9331592451
6951 4.8199981916
7133 4.7856534844
7212 4.5318404535
7356 4.2590882537
7672 4.1849707443
7700 4.1427579849
7824 4.1244713192
7938 4.0661034894
8016 4.0435329619
8029 3.9272509706
8094 3.6994132959
8553 3.6363351658
8652 3.4197701638
8722 3.4079357079
8793 3.3375536954
8798 3.2471762198
8864 3.1441084511
8982 3.0847252258
9113 3.0422172265
9384 2.9403224435
9501 2.8081462986
9525 2.5966676340
9677 2.5639042313
9737 2.5339893256
9740 2.5201536074
9895 2.4668291228
9913 2.4275330926
9994 2.3303129543
10035 2.2131782943
10085 2.2086175576
10109 2.0629652763
10549 1.9761308960
10593 1.9602684016
10613 1.8340726068
10659 1.8075989256
10816 1.5828421962
10839 1.3852766103
11135 1.2518481972
11242 1.1056857345
11366 1.0284648918
11711 0.9977868604
11791 0.9971700787
11817 0.9574095752
11882 0.9152757468
11951 0.9085500209
11983 0.9027775612
12002 0.8617590280
12040 0.8504401842
12058 0.8369597315
12137 0.7850065463
12179 0.7754190656
12300 0.7595195358
12312 0.7402903207
12614 0.6428218818
12769 0.6388105382
12803 0.6239183442
12818 0.5419831136
13062 0.5109819544
13134 0.4954406109
13235 0.4941055623
13251 0.4826295313
13283 0.4704137992
13351 0.3902903985
13646 0.3313962181
13693 0.3091570363
13705 0.2643950915
13901 0.2369847181
14079 0.2083826821
14230 0.2006149706
14295 0.1938449419
14340 0.1886254389
14392 0.1115241358
14618 0.1011884454
14960 0.0968780782
14979 0.0809714441
15106 0.0658129081
15195 0.0621247753
15197 0.0584786927
15287 0.0558952639
15367 0.0517399425
15399 0.0504487348
15477 0.0465957863
15489 0.0420461113
15514 0.0407867855
15517 0.0381014526
15559 0.0366758822
15630 0.0330790487
15676 0.0315258521
15692 0.0221222071
15817 0.0219118342
15832 0.0189531469
16039 0.0168792220
16189 0.0121462614
16313 0.0101147325
16442 0.0099753674
16489 0.0072889761
16659 0.0061642853
16849 0.0056512816
16862 0.0051673362
16998 0.0044690492
17041 0.0021912314
17182 0.0003636042
17709 0.0002923303
17887 0.0002724701
17964 0.0002430903
18010 0.0002269714
18071 0.0001715081
18079 0.0001231477
18194 0.0000739655
18221 0.0000706169
18252 0.0000651119
18335 0.0000526708
18342 0.0000505510
18347 0.0000452000
18416 0.0000426668
18430 0.0000384159
18452 0.0000213290
18540 0.0000205744
18543 0.0000159518
18568 0.0000142414
18653 0.0000121145
18678 0.0000120767
18704 0.0000073036
18775 0.0000050917
18867 0.0000043774
18889 0.0000040318
18913 0.0000027007
18940 0.0000020325
19064 0.0000011544
19282 0.0000010348
19323 0.0000008911
19330 0.0000007418
19373 0.0000006269
19415 0.0000005836
19426 0.0000003835
19515 0.0000002905
19541 0.0000002844
19621 0.0000002708
19625 0.0000002647
19653 0.0000001105
19722 0.0000000592
19921 0.0000000452
20061 0.0000000360
20071 0.0000000355
20126 0.0000000293
20142 0.0000000182
20234 0.0000000150
20282 0.0000000089
20345 0.0000000056
20451 0.0000000052
20487 0.0000000044
20547 0.0000000044
20594 0.0000000037
20671 0.0000000036
20680 0.0000000034
20688 0.0000000030
20790 0.0000000029
20803 0.0000000025
20810 0.0000000019
20827 0.0000000015
20895 0.0000000008
21154 0.0000000006
21174 0.0000000005
21191 0.0000000003
21237 0.0000000002
21389 0.0000000002
21414 0.0000000001
21437 0.0000000001
21542 0.0000000001
21568 0.0000000000
21711 0.0000000000
21712 0.0000000000
21747 0.0000000000
21838 0.0000000000
21903 0.0000000000
22113 0.0000000000
22191 0.0000000000
22222 0.0000000000
22281 0.0000000000
22351 0.0000000000
22414 0.0000000000
22417 0.0000000000
22422 0.0000000000
22494 0.0000000000
22522 0.0000000000
22584 0.0000000000
22614 0.0000000000
22661 0.0000000000
22683 0.0000000000
22684 0.0000000000
22794 0.0000000000
22886 0.0000000000
23100 0.0000000000
23197 0.0000000000
23250 0.0000000000
23456 0.0000000000
23786 0.0000000000
24176 0.0000000000
evaluations raw_y
1 158359.9195000935
9 57379.6788943540
16 55080.7732788733
26 26451.1499169761
32 17687.1609450209
50 9769.9035263950
56 7684.0512598529
66 3230.9693620952
67 3101.8471981280
102 2636.5059048904
122 1610.6174235660
236 714.5853382668
255 358.8834893008
316 203.8117979952
407 200.9256764981
433 174.9505976392
434 163.2587319877
453 143.4484309468
474 132.7699483831
490 100.8095860254
506 95.0742817979
581 94.0057399198
583 74.0904661934
610 70.6469260218
630 61.2587615431
761 48.3800679389
803 44.0799880239
849 40.1477314466
929 36.5355499661
1063 29.5816606440
1094 25.5702444999
1140 24.0650400764
1165 21.5095205346
1284 18.4727002038
1322 18.0411880068
1439 16.3823208031
1451 14.1367648603
1616 13.1275552586
1648 12.5957858602
1710 12.5035811010
1853 10.9958508231
1863 10.6555369290
1895 9.9630612255
1935 9.7914309450
1980 9.2407362586
2128 9.0147685242
2182 8.6727592465
2388 8.4995264817
2398 8.4125858115
2406 8.3050785965
2461 8.2759656428
2473 8.1843481307
2482 8.0343671319
2548 7.8471227120
2622 7.7915696944
2672 7.6982649406
2883 7.4342176125
2974 7.2675654008
3242 7.2644614436
3283 7.0982466692
3334 6.9641965581
3381 6.9272093919
3465 6.8944062411
3495 6.6858512793
3539 6.6357627818
3598 6.5891379782
3665 6.5271413196
3717 6.3852885328
3802 6.3848409281
3873 6.3370893749
3949 6.0223414617
4089 5.9297977953
4100 5.9067273741
4213 5.6987121838
4340 5.5229584684
4420 5.4665459644
4500 5.4113271497
4556 5.2609292649
4621 5.2598410889
4886 4.9353511106
5184 4.7598875401
5219 4.7275489756
5283 4.6069034573
5483 4.5331525935
5497 4.5081551041
5501 4.4446052036
5510 4.4045231140
5553 4.3696918965
5588 4.3171564028
5814 4.2290524067
5973 4.1997044306
6022 4.1931254260
6031 4.1916674731
6049 4.1580498928
6083 4.0357197214
6085 3.9894186456
6119 3.9652134168
6208 3.9313619227
6250 3.8859283436
6444 3.8231308640
6633 3.6790202124
6761 3.5603726773
6903 3.4737740354
6921 3.4715147735
6978 3.3855698399
7026 3.3686900271
7027 3.3015491154
7087 3.3011178147
7110 3.1929982142
7172 3.0642636412
7248 3.0045900496
7426 2.9804989041
7434 2.9382336562
7463 2.8679374521
7492 2.6951601915
7545 2.6110616220
7669 2.6029890717
7766 2.4592886047
7869 2.4477991870
7926 2.4171737901
8211 2.3889103599
8278 2.1705135474
8485 2.1586815165
8543 2.0797594689
8583 1.9840588561
8613 1.9345626679
8664 1.9188418750
8772 1.8513381408
8995 1.8274956913
9038 1.6884513665
9099 1.5961088713
9139 1.5695598344
9207 1.4303009946
9280 1.4223641676
9548 1.4052520116
9553 1.3299587778
9562 1.3080670078
9667 1.2992908479
9720 1.1843024051
9811 1.0423906162
10105 0.9578620095
10186 0.8304371004
10241 0.8288139974
10378 0.7945381398
10415 0.7721798764
10532 0.6906700294
10800 0.6663713638
10825 0.6535143865
10914 0.6187276305
10981 0.5846112776
11087 0.4587258550
11381 0.4395280852
11430 0.4002103631
11565 0.3903478695
11716 0.3893755873
11742 0.3427612711
11752 0.3263969284
11878 0.3133738998
11926 0.3096265005
11949 0.3061333605
12016 0.2939773614
12035 0.2737319277
12106 0.2347302838
12327 0.2266186850
12340 0.1937070646
12460 0.1918214963
12519 0.1785573280
12622 0.1709743757
12682 0.1577568750
12932 0.1515148327
12986 0.1104653523
13225 0.0950236453
13442 0.0832962439
13723 0.0816517593
13731 0.0791985486
13751 0.0756375873
13763 0.0734027344
13787 0.0519493133
13818 0.0382361120
13977 0.0320612713
14119 0.0256723634
14323 0.0255261225
14358 0.0199285742
14364 0.0170041437
14533 0.0099165423
14624 0.0089641462
14683 0.0058851299
14962 0.0042152083
15179 0.0033416320
15359 0.0029641856
15360 0.0028863338
15407 0.0027951674
15414 0.0022152738
15490 0.0020686415
15516 0.0018927933
15526 0.0016349989
15531 0.0013328583
15597 0.0006436066
15707 0.0005948740
15799 0.0002508792
16048 0.0001031366
16323 0.0000888881
16476 0.0000774634
16499 0.0000546335
16515 0.0000391602
16602 0.0000380933
16652 0.0000352040
16682 0.0000266531
16733 0.0000249693
16838 0.0000218455
16875 0.0000129816
17012 0.0000103192
17145 0.0000098176
17165 0.0000074553
17218 0.0000055916
17292 0.0000047404
17306 0.0000025337
17524 0.0000022188
17531 0.0000011619
17626 0.0000010033
17694 0.0000006501
17772 0.0000004423
17831 0.0000003725
17871 0.0000002290
18044 0.0000001308
18062 0.0000001259
18140 0.0000001137
18150 0.0000000695
18198 0.0000000608
18227 0.0000000524
18350 0.0000000469
18376 0.0000000451
18398 0.0000000338
18424 0.0000000325
18466 0.0000000263
18518 0.0000000255
18580 0.0000000244
18586 0.0000000215
18587 0.0000000208
18612 0.0000000116
18678 0.0000000091
18680 0.0000000028
18961 0.0000000023
19007 0.0000000022
19038 0.0000000011
19139 0.0000000010
19214 0.0000000008
19249 0.0000000008
19285 0.0000000008
19300 0.0000000003
19361 0.0000000003
19448 0.0000000003
19452 0.0000000002
19457 0.0000000001
19546 0.0000000001
19561 0.0000000001
19678 0.0000000001
19770 0.0000000001
19835 0.0000000001
19863 0.0000000001
19875 0.0000000001
19886 0.0000000001
19894 0.0000000000
19897 0.0000000000
20039 0.0000000000
20087 0.0000000000
20168 0.0000000000
20298 0.0000000000
20313 0.0000000000
20376 0.0000000000
20430 0.0000000000
20435 0.0000000000
20443 0.0000000000
20489 0.0000000000
20530 0.0000000000
20602 0.0000000000
20633 0.0000000000
20697 0.0000000000
20736 0.0000000000
20766 0.0000000000
20789 0.0000000000
20850 0.0000000000
20905 0.0000000000
21015 0.0000000000
21372 0.0000000000
21686 0.0000000000
evaluations raw_y
1 102969.0819063855
2 75782.7464754725
11 42926.8205144314
20 22275.4586096993
31 16584.1862887719
33 12769.1105872809
46 6087.5769908428
59 5052.6053225291
100 4946.4684629778
122 2733.4211444685
141 1393.4836484802
181 1232.7799090010
243 396.2983554538
401 316.2893842861
403 302.3239493830
421 218.7724702719
457 194.1169741969
532 171.3799427297
592 152.1042342109
612 151.1316900243
817 130.5776717279
1071 127.6946675643
1112 126.5332556291
1253 121.2601168400
1305 117.6471824455
1332 110.9478695703
1384 89.4028538628
1826 89.0595810636
1876 88.0466912729
1919 87.0532718963
1927 85.7108472808
2015 83.0234105701
2018 81.6383408016
2308 79.7390457368
2364 78.2301619056
2369 78.0923238213
2472 76.8882378150
2486 75.6586244649
2654 74.1357560002
2874 73.0272973389
2893 70.3230128938
2953 69.3075529451
3040 51.5816930277
3092 33.1771829447
3563 27.1958977294
3590 21.4638717829
3603 17.8646935615
3914 16.4324674359
3952 14.0797194725
3955 13.0803136886
3975 12.4948315101
4180 12.0976092077
4277 11.5035225149
4472 10.4873095239
4528 10.3652359759
4543 9.6780350666
4629 8.8185491824
4796 8.6168752736
4855 8.5428621188
5051 8.2848741626
5215 8.1063212979
5341 8.0995461878
5346 8.0297083899
5390 8.0100351788
5492 8.0088363900
5554 7.9849409887
5581 7.9679496507
5654 7.9361418719
5686 7.7775788605
5752 7.7695336340
5824 7.6244862209
5869 7.5969388517
5978 7.5795544552
6101 7.5303853367
6293 7.2596244244
6342 6.8333029689
6600 6.7914754443
6740 6.7740957548
6743 6.6151331275
7031 6.5713980963
7042 6.3552350834
7192 6.1906566016
7243 6.1420603256
7434 6.1340135278
7563 5.9387328996
7566 5.8418455397
7664 5.7282236397
7709 5.5967608365
7919 5.4916749606
7956 5.4323181968
8081 5.4294595995
8114 5.2224825271
8270 5.0926364168
8550 5.0845724813
8575 4.8790386785
8714 4.8468381248
8797 4.8457542001
8890 4.6785196452
9216 4.5926338198
9234 4.5921965391
9268 4.5422043408
9274 4.3764323117
9375 4.3480808556
9403 4.3406613842
9652 4.2704005783
9679 4.1947648708
9706 4.0244966931
9818 4.0202117974
9918 3.9868817384
9925 3.9849698356
9950 3.9413909384
9966 3.8777041002
10047 3.7256138691
10166 3.4659232084
10363 3.4348164828
10478 3.3554217289
10510 3.3223183661
10612 3.2623581092
10690 3.2363286902
10911 3.1510508981
11030 3.0605574290
11040 3.0409581832
11058 2.8758294882
11316 2.6321667267
11638 2.5380594087
11808 2.5099330887
11823 2.4753264404
11835 2.3995596522
11902 2.2982587782
12087 2.2023871700
12156 2.1210579130
12346 2.0441733994
12376 1.9725979951
12445 1.7823596291
12504 1.7658505379
12568 1.7050886863
12718 1.5146818128
12952 1.4081580360
13181 1.3309129098
13205 1.2445325066
13405 1.0918881865
13522 1.0501730070
13638 1.0236126532
13798 0.9091451355
13958 0.7010108384
14192 0.6706109411
14209 0.6202826364
14353 0.6039238152
14402 0.5434244346
14632 0.5287917922
14788 0.5117569617
14791 0.4972894538
14809 0.4934418835
14830 0.4856585055
14906 0.4394532266
15123 0.4003640322
15195 0.3304354992
15435 0.3190235599
15438 0.3066969950
15474 0.3021667876
15543 0.2907744294
15552 0.2883790448
15554 0.2690574022
15628 0.2276448836
15691 0.2223600074
15734 0.2193268818
15801 0.1886733104
15836 0.1866578666
15980 0.1634741414
16239 0.1449980727
16339 0.1248753197
16488 0.1066202927
16651 0.0790613062
16878 0.0754342597
16933 0.0730170567
17016 0.0633815416
17051 0.0565181214
17092 0.0496138973
17128 0.0470587203
17174 0.0437603886
17178 0.0421583045
17187 0.0258179591
17207 0.0249255313
17415 0.0234071414
17595 0.0139849698
17786 0.0130076745
17843 0.0115670645
17863 0.0074795484
18113 0.0048108893
18390 0.0033701487
18395 0.0024984835
18437 0.0019248312
18604 0.0013479805
18811 0.0013413451
18877 0.0013124517
18893 0.0011496598
18894 0.0010641159
18903 0.0009450350
18930 0.0006765400
19017 0.0003623901
19195 0.0003354963
19310 0.0003251679
19323 0.0002926809
19367 0.0002314462
19414 0.0001968352
19432 0.0001238382
19563 0.0001190499
19607 0.0000758222
19726 0.0000746525
19818 0.0000693655
19988 0.0000423378
20030 0.0000394509
20117 0.0000327261
20196 0.0000154134
20275 0.0000143996
20313 0.0000079477
20329 0.0000047914
20477 0.0000047906
20617 0.0000029822
20657 0.0000012458
21005 0.0000011424
21047 0.0000006508
21150 0.0000004294
21206 0.0000004168
21226 0.0000001432
21377 0.0000000823
21491 0.0000000508
21632 0.0000000432
21668 0.0000000335
21722 0.0000000295
21810 0.0000000159
21947 0.0000000104
22067 0.0000000039
22285 0.0000000035
22384 0.0000000033
22391 0.0000000020
22502 0.0000000016
22572 0.0000000014
22621 0.0000000009
22722 0.0000000009
22724 0.0000000008
22838 0.0000000007
22852 0.0000000007
22855 0.0000000006
22895 0.0000000004
22978 0.0000000004
23034 0.0000000002
23038 0.0000000002
23119 0.0000000001
23131 0.0000000001
23277 0.0000000001
23346 0.0000000001
23373 0.0000000001
23398 0.0000000000
23448 0.0000000000
23466 0.0000000000
23470 0.0000000000
23481 0.0000000000
23492 0.0000000000
23523 0.0000000000
23538 0.0000000000
23558 0.0000000000
23636 0.0000000000
23645 0.0000000000
23663 0.0000000000
23700 0.0000000000
23717 0.0000000000
23758 0.0000000000
23839 0.0000000000
23842 0.0000000000
23919 0.0000000000
23926 0.0000000000
23931 0.0000000000
23946 0.0000000000
23961 0.0000000000
24046 0.0000000000
24067 0.0000000000
24103 0.0000000000
24113 0.0000000000
24287 0.0000000000
24375 0.0000000000
24451 0.0000000000
24510 0.0000000000
24514 0.0000000000
24569 0.0000000000
24595 0.0000000000
24605 0.0000000000
24612 0.0000000000
24656 0.0000000000
24694 0.0000000000
24696 0.0000000000
24826 0.0000000000
24828 0.0000000000
24853 0.0000000000
24926 0.0000000000
25005 0.0000000000
25110 0.0000000000
25198 0.0000000000
25292 0.0000000000
25724 0.0000000000
evaluations raw_y
1 407313.3230573558
7 195906.5259045298
11 60388.4756309251
29 30591.3442071117
42 19507.8448099201
45 17101.4461459847
70 7251.5164722455
102 5678.5450941828
120 3742.2085289255
177 3039.8625567891
186 2496.8460110377
191 1907.0205853155
237 497.9406130394
333 220.2659720381
339 210.5006040471
342 165.1688306179
394 126.3000358206
437 87.8805889232
490 52.4670047078
509 41.6585454162
675 37.8867269554
678 32.7016247304
690 22.9877758591
809 20.3552076993
852 19.5872777308
891 18.2159899515
920 15.4219772539
923 13.8900210694
927 13.2543880065
1218 12.2992103375
1237 11.4335616067
1249 11.2454064498
1425 11.1647049937
1430 10.8390534164
1478 10.2890407462
1523 10.0470931117
1595 9.6226355262
1610 9.0637452424
1647 8.4272940688
1654 8.0081195086
2005 7.9021864088
2033 7.7561426477
2089 7.7477245696
2263 7.6616068439
2310 7.5476596769
2311 7.5173113461
2332 7.5153023545
2421 7.4739606648
2533 7.4076316671
2579 7.2084277615
2611 7.1216426101
2712 7.0219160104
2739 6.7733839107
2878 6.6992515194
3261 6.5604557190
3356 6.3998451063
3473 6.3839137315
3475 6.2652433563
3476 6.2625083207
3493 6.2409074462
3557 6.1744759541
3599 6.0707815385
3625 5.9048395955
3847 5.7689191326
4077 5.7116148401
4226 5.6222162633
4274 5.5377412713
4375 5.4896822951
4414 5.3729679098
4482 5.1565139503
4615 5.0727662811
4755 4.9782975382
5051 4.9440244478
5064 4.6747316416
5163 4.6293589139
5240 4.5596599923
5306 4.3384609718
5391 4.1751574526
5673 4.1413115383
5930 4.0174881484
5973 3.9594588945
5983 3.9561524151
5998 3.9309322895
6108 3.6903954518
6217 3.5648841484
6403 3.5637862916
6497 3.5353933884
6520 3.5300683197
6592 3.4813460234
6599 3.4730928096
6717 3.3602647983
6768 3.2872922211
6804 3.1838375755
6909 3.1412967399
7004 3.1214144623
7015 2.8475932169
7425 2.6300385137
7539 2.3931752211
7785 2.3811202857
7786 2.3701650974
7908 2.3452920575
7933 2.2885684126
7968 2.2774989391
8075 2.1840077801
8150 2.1669939145
8156 2.1276738732
8215 2.0499794601
8405 2.0430936260
8449 1.8928491016
8519 1.8885746339
8528 1.8136958685
8655 1.5907484250
8947 1.4707512199
9221 1.4573394244
9228 1.4019236311
9297 1.1578572697
9618 1.0383813113
9929 0.8569384438
10109 0.6526001657
10471 0.6254776060
10593 0.6230500842
10626 0.5288097682
10865 0.5188661899
10908 0.5097752552
10963 0.4849062445
10967 0.4459372226
11334 0.4017825764
11360 0.3707367941
11582 0.2278481209
12041 0.2001431725
12162 0.1716615017
12389 0.1475265525
12444 0.1391895017
12617 0.0882496971
12942 0.0796159982
13045 0.0725890674
13170 0.0717738392
13249 0.0629684816
13315 0.0540110770
13379 0.0456260752
13526 0.0419318920
13535 0.0417050244
13561 0.0296136482
13856 0.0255265111
13883 0.0181605108
14117 0.0118447622
14217 0.0087140621
14237 0.0086995602
14412 0.0079073804
14457 0.0075468346
14530 0.0032746897
14878 0.0031340693
14993 0.0020958508
15075 0.0018375987
15127 0.0014759979
15191 0.0014192866
15254 0.0010164206
15278 0.0008125790
15402 0.0007703628
15423 0.0006652122
15471 0.0003219590
15623 0.0001684090
15671 0.0001334105
15800 0.0000943935
15919 0.0000750614
16151 0.0000357607
16225 0.0000138794
16541 0.0000137388
16571 0.0000126991
16622 0.0000056292
16762 0.0000051003
16820 0.0000046649
16973 0.0000044386
16975 0.0000044049
16976 0.0000041263
16977 0.0000012918
17076 0.0000012856
17118 0.0000008410
17269 0.0000007002
17342 0.0000002715
17381 0.0000002571
17426 0.0000002428
17467 0.0000002276
17551 0.0000001659
17561 0.0000001261
17658 0.0000000774
17665 0.0000000270
17967 0.0000000206
17986 0.0000000117
18268 0.0000000107
18305 0.0000000104
18336 0.0000000039
18365 0.0000000038
18454 0.0000000032
18581 0.0000000025
18610 0.0000000018
18683 0.0000000009
18719 0.0000000007
18827 0.0000000007
18957 0.0000000005
18965 0.0000000003
18968 0.0000000003
19047 0.0000000002
19183 0.0000000001
19213 0.0000000001
19216 0.0000000001
19293 0.0000000001
19443 0.0000000000
19490 0.0000000000
19527 0.0000000000
19616 0.0000000000
19694 0.0000000000
19696 0.0000000000
19740 0.0000000000
19774 0.0000000000
19906 0.0000000000
19952 0.0000000000
20011 0.0000000000
20134 0.0000000000
20151 0.0000000000
20211 0.0000000000
20219 0.0000000000
20262 0.0000000000
20311 0.0000000000
20357 0.0000000000
20374 0.0000000000
20395 0.0000000000
20464 0.0000000000
20486 0.0000000000
20529 0.0000000000
20893 0.0000000000
21082 0.0000000000
21520 0.0000000000
evaluations raw_y
1 117876.2810649405
6 115429.5859819047
7 102303.9021339660
9 41391.0018763443
12 36844.7268631178
14 20021.9131487463
43 5527.9171606481
51 3272.1000206386
262 2555.1725207202
264 1509.0730136994
275 1354.7059061716
303 1136.7111668369
305 615.5431523563
325 601.4120175753
334 551.7670918756
348 511.4032079286
386 329.5590378864
432 324.4027451306
453 311.1099599235
454 292.8788743698
462 198.8501915979
506 153.6077849976
507 117.2946008488
511 107.1057970785
525 94.0070281843
591 93.7803708648
629 81.0922565485
631 52.1386290557
757 35.2446147729
970 27.3347007901
1095 21.0520925900
1098 20.1044858256
1122 14.9063114607
1254 13.7193100526
1280 11.5031061169
1582 11.3810873040
1590 11.0805996048
1600 10.7724344721
1689 10.4414175148
1720 10.3826803765
1735 10.3222704043
1795 10.2005076851
1822 10.1133096621
1841 9.5819376669
1931 9.5285674787
1978 9.2843650827
2140 9.2807399382
2183 9.0586336891
2277 9.0170734255
2478 8.9869919329
2571 8.8605496845
2640 8.8087637276
2771 8.7626928270
2830 8.7444114616
2880 8.7257069763
2903 8.7108773216
2974 8.7034077680
2997 8.6719539905
3002 8.5754679622
3097 8.5146071866
3139 8.3578089169
3283 8.2986858369
3387 7.9889995813
3737 7.9641427077
3821 7.7650465745
3892 7.6164958650
4028 7.5305455289
4267 7.3256927316
4454 7.3210405797
4501 7.2991099466
4502 7.2693458503
4562 7.2282608283
4594 6.9237792928
4699 6.7002593097
5218 6.5647014954
5277 6.3857395895
5307 6.3448622879
5381 6.0524608480
5587 5.9312140502
5669 5.9008815670
5808 5.7842162269
5830 5.6855194086
5872 5.5031524879
6067 5.4870126634
6161 5.3981141449
6212 5.3233078277
6353 5.1193599720
6698 4.9736499467
6768 4.9499740491
6918 4.9088184603
6999 4.7917775351
7040 4.7680805224
7061 4.7577375095
7124 4.6679285880
7163 4.6612304780
7265 4.6464017639
7390 4.5653135560
7410 4.5395562469
7429 4.4256546757
7493 4.3788864420
7560 4.3511330851
7625 4.3499149516
7707 4.2024572319
7826 4.1580833244
7928 4.1551242233
7986 4.0975779045
8050 4.0102924977
8114 4.0010138777
8185 3.8416137847
8281 3.7834307034
8394 3.7727176575
8413 3.6986471520
8560 3.5586272087
8644 3.4476045364
8847 3.3281949552
8943 3.3043759700
8995 3.2948335503
8997 3.0610417854
9149 3.0583398647
9163 2.9849600059
9358 2.9717942395
9371 2.9702371086
9395 2.9335014535
9487 2.8141586012
9515 2.7606281347
9574 2.7379371224
9661 2.7089950192
9689 2.6559028646
9797 2.6336026756
9805 2.2843027104
10162 2.2801937378
10183 2.2761234342
10205 2.1053914141
10615 1.9860452318
10687 1.9533312528
10714 1.6942816254
10783 1.6899139838
10860 1.6818970333
10919 1.6504322338
10993 1.5465330161
11207 1.5197899304
11249 1.4809460007
11366 1.4485510375
11429 1.4276447149
11478 1.4025124008
11518 1.3632849030
11564 1.3068083842
11641 1.2361957555
11644 1.1955400762
11650 1.0297245399
11954 1.0140128490
11969 0.8592550988
12224 0.8509685522
12232 0.7715687981
12301 0.7708123823
12302 0.7355405862
12526 0.7240979759
12559 0.6850768187
12668 0.6716588526
12688 0.6279904260
12759 0.6165840977
12838 0.5650926991
13064 0.5616002787
13069 0.5372089285
13225 0.5346378381
13242 0.4671054617
13496 0.4536991571
13537 0.4518012575
13549 0.4212289022
13556 0.4205318813
13612 0.3837621610
13622 0.3195232880
13903 0.2943785951
13910 0.2916770698
13946 0.2532762226
13972 0.2451088756
14024 0.2431998116
14125 0.2394316362
14166 0.2149227342
14309 0.2147260283
14333 0.1977623211
14376 0.1970447567
14408 0.1741049257
14531 0.1581535955
14644 0.1406623644
14881 0.1366044392
14916 0.1114715093
15127 0.0993627869
15273 0.0859873249
15305 0.0580538123
15628 0.0547908300
15660 0.0523349031
15663 0.0452920943
15707 0.0431087105
15717 0.0368111341
15782 0.0288464914
15792 0.0278606269
15949 0.0225474435
16018 0.0204380904
16303 0.0175481562
16378 0.0167760285
16380 0.0154484022
16413 0.0133570985
16449 0.0116797276
16473 0.0097873845
16624 0.0078102204
16666 0.0066722181
16834 0.0057442782
16885 0.0041390788
16967 0.0035784343
17054 0.0032148707
17086 0.0031624209
17148 0.0026552926
17229 0.0023885430
17344 0.0019755402
17410 0.0018151581
17467 0.0012839265
17510 0.0009747610
17556 0.0007024612
17690 0.0006942567
17763 0.0006175004
17781 0.0003609529
17868 0.0003462621
17911 0.0002737201
17990 0.0002289092
18272 0.0001942421
18277 0.0001435462
18320 0.0001161516
18417 0.0000569946
18559 0.0000563073
18576 0.0000519090
18615 0.0000481446
18618 0.0000437672
18624 0.0000354401
18667 0.0000114365
19002 0.0000107520
19022 0.0000081449
19049 0.0000077601
19227 0.0000047220
19237 0.0000033669
19307 0.0000026827
19388 0.0000025195
19404 0.0000024895
19428 0.0000023844
19444 0.0000014747
19481 0.0000009934
19654 0.0000008141
19713 0.0000006756
19779 0.0000004716
19908 0.0000004042
19927 0.0000003955
19986 0.0000001423
20026 0.0000001219
20192 0.0000000906
20216 0.0000000779
20315 0.0000000437
20396 0.0000000366
20452 0.0000000362
20471 0.0000000274
20516 0.0000000261
20704 0.0000000232
20763 0.0000000220
20770 0.0000000210
20775 0.0000000191
20792 0.0000000174
20847 0.0000000167
20857 0.0000000126
20939 0.0000000125
20954 0.0000000101
20958 0.0000000078
20976 0.0000000074
20979 0.0000000064
21044 0.0000000029
21121 0.0000000029
21203 0.0000000016
21276 0.0000000013
21355 0.0000000008
21478 0.0000000006
21561 0.0000000004
21589 0.0000000003
21698 0.0000000003
21793 0.0000000003
21803 0.0000000001
21868 0.0000000001
21957 0.0000000001
21988 0.0000000001
22008 0.0000000001
22065 0.0000000000
22096 0.0000000000
22210 0.0000000000
22217 0.0000000000
22286 0.0000000000
22361 0.0000000000
22405 0.0000000000
22459 0.0000000000
22586 0.0000000000
22649 0.0000000000
23006 0.0000000000
23052 0.0000000000
23057 0.0000000000
23133 0.0000000000
23185 0.0000000000
23216 0.0000000000
23239 0.0000000000
23253 0.0000000000
23329 0.0000000000
23407 0.0000000000
23480 0.0000000000
23487 0.0000000000
23496 0.0000000000
23714 0.0000000000
23947 0.0000000000
24339 0.0000000000
evaluations raw_y
1 288189.2522238765
3 132005.7331951394
12 86314.2402066963
15 78652.6030547489
17 34837.5934327063
73 31111.4740539337
85 15637.4708712036
126 10990.2601354114
150 10279.5012092518
163 9449.5973903284
182 9352.1634732206
195 2708.4833014458
205 1482.5702371786
267 924.8641180091
285 192.6283173057
448 160.3408578148
524 136.5389482664
529 117.9458514679
533 116.6421819301
570 71.3696988050
739 41.7204623850
911 30.3284873701
1001 29.9396536748
1111 29.6280746996
1136 19.3402164203
1215 18.9602503875
1220 11.7838498539
1330 10.5668603622
1521 10.2565870523
1648 9.8436272336
1735 9.5931143713
1772 9.5709617692
1773 9.3285470233
1883 9.0774935640
1885 8.9504754293
1905 8.8530980098
1910 8.7506325439
1946 8.7365712968
1957 8.6833047931
2004 8.6813618895
2076 8.6089084586
2136 8.6077657791
2154 8.5525248938
2288 8.5481383676
2323 8.4431150839
2348 8.2980006625
2367 8.2015388809
2393 8.1147100719
2588 8.0387770089
2697 7.9357844173
2786 7.7401224398
2868 7.7288302161
3009 7.7150063792
3123 7.0225987277
3511 6.9589599781
3628 6.8526670758
3713 6.7340342413
3801 6.7026387273
3832 6.5827172521
3991 6.4168282972
4048 6.3235095027
4196 6.2824305102
4198 6.2520309307
4349 6.2316232469
4354 6.2043484459
4365 6.1696843097
4385 6.1486854881
4401 6.1105514247
4450 5.9590435612
4649 5.8581655738
4691 5.6946553550
4740 5.6593667490
5001 5.4982225631
5180 4.9919042430
5320 4.9553246545
5382 4.9427917779
5651 4.8384098168
5718 4.7918608309
5803 4.7053790255
5813 4.6927518853
5842 4.5897802139
5957 4.4553306830
6038 4.2936710292
6218 4.2618403006
6348 4.2099163137
6366 4.1849705050
6396 4.1515254689
6537 4.0292101316
6575 3.9417434964
6662 3.7314540157
7075 3.7072614466
7111 3.6316679273
7293 3.6296448147
7296 3.5342167317
7344 3.3258483790
7412 3.2710408741
7522 3.2447980453
7747 3.2398937767
7755 3.2283825216
7756 3.0761780861
7895 2.9951177954
7915 2.9644729549
7978 2.8608497151
8040 2.8500171951
8165 2.7089149281
8479 2.6330661765
8526 2.5484891272
8529 2.5457743523
8561 2.3971084073
8664 2.3782069819
9004 2.2974144074
9017 2.2835585446
9054 2.1863269151
9151 2.1766685509
9173 2.0593076315
9232 2.0278668798
9296 2.0241035350
9378 1.7651088833
9544 1.7543448066
9606 1.7223298515
9611 1.6868923338
9831 1.5803243245
9914 1.4748971910
10029 1.4476591468
10047 1.3547602246
10207 1.2945243100
10211 1.2135991016
10317 1.2073324911
10344 1.1560195873
10367 1.1510878329
10710 0.9067778605
10756 0.8774097943
10786 0.7267447821
11291 0.6619706740
11457 0.6313589083
11461 0.6242571656
11463 0.6092731408
11709 0.6054839496
11764 0.5946193149
11767 0.5585925871
11774 0.5487985590
11811 0.5382397287
11833 0.4818461909
12047 0.4792467821
12106 0.4639484220
12122 0.4312778072
12162 0.4251822451
12215 0.4223153182
12231 0.3951381604
12385 0.3676900196
12533 0.3331554270
12849 0.2695980327
13010 0.2498409723
13105 0.2473378675
13182 0.2330503733
13197 0.2321461276
13243 0.2226914647
13246 0.2191597245
13251 0.1994053341
13292 0.1919879573
13366 0.1889763969
13382 0.1873054657
13442 0.1790996194
13502 0.1773425081
13504 0.1679495778
13617 0.1599221197
13651 0.1510919976
13682 0.1371367085
13872 0.1003508218
13926 0.0928998887
13944 0.0660559372
14489 0.0461653007
14706 0.0340906078
14902 0.0331372990
14903 0.0326995254
15056 0.0315909082
15069 0.0304766168
15081 0.0169695768
15242 0.0164814016
15285 0.0151145643
15298 0.0141645143
15343 0.0136750657
15395 0.0130393909
15414 0.0127788271
15470 0.0119257893
15472 0.0105711345
15500 0.0102301204
15577 0.0089861244
15613 0.0089277791
15831 0.0088706214
15840 0.0056645560
15938 0.0041850826
15990 0.0038663459
16134 0.0032765559
16165 0.0019901031
16332 0.0015677570
16437 0.0014742829
16555 0.0014038734
16582 0.0010603530
16699 0.0009302288
16793 0.0006815710
16799 0.0005241780
16803 0.0003726028
16900 0.0002467884
17057 0.0001211111
17284 0.0001185686
17427 0.0001133976
17433 0.0000938275
17464 0.0000768618
17475 0.0000758946
17484 0.0000610362
17503 0.0000574546
17517 0.0000465355
17531 0.0000404335
17537 0.0000212876
17744 0.0000181805
17808 0.0000160136
17828 0.0000137490
17841 0.0000115116
17889 0.0000090113
17954 0.0000065561
18005 0.0000048056
18060 0.0000042518
18215 0.0000040689
18223 0.0000037728
18263 0.0000034525
18346 0.0000015717
18411 0.0000014940
18435 0.0000012711
18503 0.0000007151
18614 0.0000005611
18657 0.0000005123
18802 0.0000003246
18835 0.0000002137
19018 0.0000001637
19100 0.0000001401
19108 0.0000000729
19239 0.0000000699
19245 0.0000000609
19278 0.0000000341
19299 0.0000000111
19605 0.0000000110
19678 0.0000000086
19797 0.0000000059
19919 0.0000000052
19946 0.0000000049
20000 0.0000000037
20077 0.0000000035
20093 0.0000000033
20096 0.0000000030
20131 0.0000000029
20142 0.0000000019
20188 0.0000000019
20250 0.0000000016
20271 0.0000000016
20302 0.0000000015
20310 0.0000000014
20370 0.0000000012
20391 0.0000000010
20409 0.0000000008
20489 0.0000000008
20518 0.0000000008
20525 0.0000000003
20566 0.0000000002
20835 0.0000000001
20965 0.0000000001
20974 0.0000000001
20976 0.0000000001
21090 0.0000000000
21164 0.0000000000
21179 0.0000000000
21339 0.0000000000
21350 0.0000000000
21386 0.0000000000
21400 0.0000000000
21480 0.0000000000
21494 0.0000000000
21537 0.0000000000
21636 0.0000000000
21737 0.0000000000
21785 0.0000000000
21786 0.0000000000
21943 0.0000000000
22002 0.0000000000
22045 0.0000000000
22059 0.0000000000
22067 0.0000000000
22082 0.0000000000
22097 0.0000000000
22110 0.0000000000
22156 0.0000000000
22297 0.0000000000
22414 0.0000000000
22444 0.0000000000
22557 0.0000000000
22579 0.0000000000
22723 0.0000000000
22789 0.0000000000
22966 0.0000000000
23403 0.0000000000
evaluations raw_y
1 200951.8855410081
3 110856.8679610545
21 42556.6057530831
34 42164.9748873398
52 15424.6008958130
60 10836.4200046935
61 8900.7506509079
75 5951.4195399392
204 4516.9121987953
240 2214.8493337806
254 958.2308967190
306 569.3288555815
349 361.2328106349
423 257.3325233424
468 138.0975960582
591 131.6755493312
630 113.1797896376
640 110.2829711760
665 44.5961397208
870 30.5860191218
966 27.1406530866
1010 23.5719531722
1060 23.1314400575
1090 21.1950509738
1101 21.0187179517
1116 16.7384970394
1305 16.1379594893
1354 13.4774327838
1428 13.0682095362
1458 12.2518182064
1500 11.6024758885
1529 9.9977220844
1587 9.7257212135
1713 8.8044355201
1838 8.6833077080
1935 8.6158756721
1979 8.0603551349
2048 7.8850679045
2408 7.8501132858
2524 7.7486952386
2574 7.7279232775
2642 7.6843295261
2937 7.6136254382
2942 7.5749512392
3014 7.2981735778
3351 6.8547799824
3492 6.6746214823
3581 6.4141738000
3602 6.3792116252
3778 6.1588069994
3863 6.0981076826
3978 6.0625114455
3996 6.0478985822
4016 5.9799488962
4193 5.6789247492
4299 5.6199983931
4427 5.4127882602
4807 5.3188126605
4976 5.2667742440
4983 5.1454037058
5123 5.1350981926
5150 5.1200917683
5188 5.0822580047
5197 5.0432860623
5244 5.0275717806
5290 4.9944464914
5330 4.8944385535
5542 4.8572696834
5580 4.7041811120
5650 4.6530487986
5708 4.6452785017
5815 4.6354132463
5901 4.5347071826
5938 4.5274443496
6031 4.4733717812
6079 4.4637997301
6126 4.4480037010
6145 4.4121503852
6148 4.3955285227
6191 4.2932155688
6346 4.2058731067
6418 4.1762376488
6595 4.0039722442
6756 3.9472923152
6779 3.8403167810
6837 3.6230124478
6869 3.5858161392
7151 3.4168643909
7214 3.3951732151
7241 3.3889485800
7290 3.3165494086
7292 3.1611087168
7299 3.0988446262
7414 2.9834786997
7580 2.9373807343
7710 2.8607069876
7745 2.8459419509
7814 2.8265868804
7881 2.7098012467
7921 2.6783554545
7940 2.6758617704
7951 2.5427068077
7957 2.5000706653
8035 2.4305934101
8464 2.3792709938
8475 2.3380178319
8519 2.3359458958
8521 2.2757749966
8547 2.1892552816
8733 2.1842387117
8734 2.1338844321
8799 1.9842226495
8869 1.9163444670
9077 1.8881049676
9109 1.8640333365
9255 1.8567116351
9308 1.8176883757
9369 1.7716109752
9398 1.6988386262
9500 1.6768364956
9611 1.6590770163
9614 1.5340251737
9739 1.4306232169
10143 1.2719256582
10158 1.1983054928
10220 1.1875687048
10238 1.1238690691
10294 1.0406072918
10308 1.0264374897
10386 1.0072571545
10529 0.9872328572
10545 0.9471561704
10584 0.9087162453
10618 0.7637670895
10897 0.6849397596
11154 0.6638069322
11156 0.6018782980
11266 0.5832866882
11308 0.5768784679
11358 0.5409978201
11366 0.5058222870
11435 0.4956019877
11450 0.4686306954
11892 0.4291847248
11928 0.3449706772
12031 0.3352417636
12261 0.2853102545
12407 0.2409884457
12567 0.2409574940
12599 0.2281261171
12740 0.2189841061
12821 0.2048577260
12833 0.1482527624
12910 0.1401378097
13239 0.1368492420
13422 0.1056330579
13555 0.0812506071
13705 0.0697131838
13834 0.0688880968
13868 0.0569687295
13908 0.0493485852
13911 0.0376623345
14032 0.0347357297
14076 0.0297801589
14234 0.0244787241
14275 0.0171699037
14492 0.0165124049
14584 0.0140235652
14627 0.0116522496
14689 0.0091290908
15030 0.0080099142
15125 0.0071889752
15183 0.0070990670
15223 0.0066062721
15225 0.0051098068
15254 0.0048504588
15380 0.0042112710
15395 0.0032879529
15613 0.0028298423
15670 0.0027868940
15712 0.0019880440
15752 0.0019067493
15779 0.0015592024
15809 0.0014816059
15820 0.0014672182
15832 0.0011063007
15935 0.0009090971
15972 0.0008314038
16019 0.0006033555
16097 0.0005100264
16214 0.0002895179
16376 0.0002280449
16445 0.0001630938
16448 0.0001287326
16561 0.0001117396
16591 0.0001064634
16593 0.0000883946
16864 0.0000755667
16887 0.0000682142
16904 0.0000543324
16982 0.0000158937
17138 0.0000132321
17186 0.0000128774
17246 0.0000089051
17344 0.0000049292
17390 0.0000024289
17548 0.0000020069
17745 0.0000019021
17782 0.0000014958
17817 0.0000013771
17866 0.0000005804
17948 0.0000005302
17972 0.0000005225
17984 0.0000004543
18051 0.0000003976
18075 0.0000003850
18116 0.0000003168
18259 0.0000002104
18336 0.0000001858
18337 0.0000001492
18361 0.0000001427
18419 0.0000001037
18479 0.0000000750
18568 0.0000000568
18691 0.0000000552
18692 0.0000000222
18696 0.0000000182
18786 0.0000000179
18833 0.0000000173
19002 0.0000000143
19028 0.0000000103
19096 0.0000000038
19187 0.0000000032
19282 0.0000000031
19309 0.0000000020
19459 0.0000000008
19535 0.0000000008
19621 0.0000000006
19667 0.0000000005
19672 0.0000000003
19742 0.0000000002
19823 0.0000000001
19986 0.0000000001
20051 0.0000000001
20088 0.0000000001
20163 0.0000000000
20233 0.0000000000
20238 0.0000000000
20384 0.0000000000
20398 0.0000000000
20480 0.0000000000
20511 0.0000000000
20544 0.0000000000
20594 0.0000000000
20699 0.0000000000
20711 0.0000000000
20759 0.0000000000
20820 0.0000000000
20852 0.0000000000
20899 0.0000000000
20938 0.0000000000
21158 0.0000000000
21194 0.0000000000
21205 0.0000000000
21265 0.0000000000
21303 0.0000000000
21405 0.0000000000
21489 0.0000000000
21512 0.0000000000
21560 0.0000000000
21667 0.0000000000
21704 0.0000000000
21975 0.0000000000
22362 0.0000000000
evaluations raw_y
1 161396.2325586298
12 98718.3059136189
14 86985.7371698740
15 60582.9543732496
25 26427.8230683128
48 7078.8290613494
172 6035.5036861898
194 4375.5521873705
229 3822.4336385649
234 1719.8298332873
257 1209.9925684931
305 1169.4736098090
327 511.6012717586
380 508.7804760646
396 461.7501668236
458 409.2250046196
459 400.4467155771
467 321.5473789254
480 297.8620105777
500 239.2743853419
534 168.6840217710
544 100.4502075538
1215 99.2384451276
1390 90.7866259270
1645 87.2630874506
1778 86.9870807826
1827 85.8502835565
1969 85.7136257004
1998 85.2465887188
2048 83.8693362336
2058 83.7049252204
2184 82.1664886567
2221 81.6115445447
2571 80.9505029608
2696 80.5752554215
2698 80.2668986732
2748 79.2655661273
3004 78.5436267478
3410 78.5231561811
3428 78.2464828665
3443 78.0217745733
3571 77.9540048560
3777 77.8777849829
3809 77.7902828317
3824 77.7515068440
3922 77.7117971644
3937 77.4741432161
4115 77.4090234204
4132 77.3404034643
4397 77.3251224468
4417 77.1478707440
4572 77.0915932297
4636 77.0703130286
4797 76.8601324064
4937 76.8480862937
4966 76.6004112806
5167 76.3161028974
5265 76.3118850246
5286 76.2735586929
5532 75.6906763726
5785 72.6366804750
5890 70.5077054279
6057 66.6316111212
6462 59.4079221312
6707 58.2758962252
6731 57.6460688201
6735 56.0030575086
6802 55.8685752257
6872 53.6483608496
6883 52.4245099494
6909 44.8159138582
6989 37.3765179533
7244 31.5223953729
7351 23.1160861096
7653 17.5836289515
7754 16.7148633622
7867 14.5406929070
8040 12.7590477083
8149 10.6769558424
8627 10.1888403552
8798 9.7788409706
8843 8.6317117458
9247 8.4807034107
9262 8.2752788935
9421 8.1657213099
9490 8.1228724821
9530 7.9879115319
9568 7.6659873841
9882 7.4885506636
10112 7.3996260455
10176 7.3428384680
10234 7.2936753086
10324 7.2282336659
10394 7.1515030752
10398 7.1370018247
10419 7.1016943693
10422 6.9600111856
10469 6.7716556111
10534 6.7222417727
10616 6.7212810899
10636 6.5818528952
10778 6.5175750989
10900 6.5001670106
10938 6.3480623547
11041 6.2668547303
11181 6.2256997998
11278 6.1109480025
11394 5.9785105143
11656 5.9740694006
11667 5.9439656845
11676 5.8711292277
11721 5.8392018110
11769 5.5150170202
11799 5.4270348874
11995 5.4026528903
12164 5.3336174081
12188 5.2170756051
12191 5.1066805637
12463 4.9606301968
12480 4.8793438165
12699 4.7442274494
12834 4.6233328100
13005 4.4824672389
13255 4.4785947069
13328 4.3415868708
13462 4.1602760833
13585 4.1069527560
13831 4.0741296197
13838 3.9721891987
13842 3.9430963604
13920 3.9188508048
13997 3.7909458059
14016 3.7547112119
14368 3.6810219413
14422 3.6076844232
14435 3.5949505633
14449 3.5772236860
14473 3.4667554191
14584 3.4211130416
14632 3.3050240593
14650 3.1626190180
14685 2.9534304594
14997 2.7979449195
15240 2.7331938676
15410 2.7256362588
15651 2.5150159271
15769 2.1576427915
16087 2.0380578577
16359 1.9383866852
16626 1.9102472317
16778 1.8788689620
16780 1.8785164442
16804 1.8593716253
16808 1.8581217419
16892 1.8565371786
16909 1.8143856935
17060 1.7815040303
17069 1.7746304043
17128 1.6825494846
17233 1.5577940652
17300 1.4026996277
17471 1.3079058526
17724 1.2666111245
17737 1.1574671598
18195 0.9438376574
18239 0.8094093288
18751 0.5809068008
18755 0.5802714785
18776 0.5494585885
18821 0.4503576551
19277 0.4149419707
19319 0.4025021606
19420 0.3116314244
19661 0.3092331776
19662 0.2990535660
19679 0.2721185165
19928 0.2584528922
19978 0.2489499424
20038 0.1976605990
20129 0.1752524897
20430 0.1212723916
20642 0.0802237556
21063 0.0755195237
21099 0.0682906173
21176 0.0624202944
21276 0.0457017827
21293 0.0410006917
21303 0.0356994892
21472 0.0319276644
21505 0.0298612762
21550 0.0288451392
21694 0.0234392672
21894 0.0203142643
21924 0.0135371980
22042 0.0128477535
22070 0.0050192608
22512 0.0050135859
22534 0.0036849067
22553 0.0029832540
22555 0.0028806046
22571 0.0019209217
22582 0.0016405012
22634 0.0015770554
22755 0.0014058688
22835 0.0013973141
22886 0.0013263286
22908 0.0010287529
22926 0.0007339081
22990 0.0002959640
23310 0.0001559036
23415 0.0001303422
23547 0.0000909132
23597 0.0000899879
23644 0.0000287214
23761 0.0000218469
23961 0.0000137776
24022 0.0000088717
24432 0.0000086049
24454 0.0000075031
24472 0.0000056901
24555 0.0000038223
24615 0.0000016062
24708 0.0000013441
24845 0.0000012596
24881 0.0000010367
24950 0.0000009697
24981 0.0000009571
25019 0.0000007881
25043 0.0000007385
25068 0.0000005523
25154 0.0000005361
25170 0.0000003966
25213 0.0000002476
25340 0.0000002472
25346 0.0000002443
25443 0.0000002276
25455 0.0000001367
25538 0.0000000339
25799 0.0000000306
25902 0.0000000239
25931 0.0000000141
26087 0.0000000131
26131 0.0000000097
26182 0.0000000082
26185 0.0000000056
26271 0.0000000031
26430 0.0000000022
26495 0.0000000022
26503 0.0000000018
26516 0.0000000017
26537 0.0000000011
26582 0.0000000008
26744 0.0000000007
26769 0.0000000005
26800 0.0000000005
26816 0.0000000004
26890 0.0000000002
27069 0.0000000002
27078 0.0000000001
27195 0.0000000001
27235 0.0000000001
27238 0.0000000001
27294 0.0000000001
27323 0.0000000001
27413 0.0000000000
27415 0.0000000000
27433 0.0000000000
27444 0.0000000000
27588 0.0000000000
27629 0.0000000000
27661 0.0000000000
27676 0.0000000000
27687 0.0000000000
27700 0.0000000000
27753 0.0000000000
27834 0.0000000000
27868 0.0000000000
27875 0.0000000000
27876 0.0000000000
28196 0.0000000000
28284 0.0000000000
28336 0.0000000000
28357 0.0000000000
28367 0.0000000000
28481 0.0000000000
28529 0.0000000000
28553 0.0000000000
28556 0.0000000000
28618 0.0000000000
28651 0.0000000000
28794 0.0000000000
28838 0.0000000000
28900 0.0000000000
28945 0.0000000000
28978 0.0000000000
29102 0.0000000000
29256 0.0000000000
29722 0.0000000000
evaluations raw_y
1 1699686.2866391076
2 165968.3885639745
12 55965.1338150097
20 52990.9736607105
31 38419.0799676336
37 10787.3484162839
58 7963.2306643552
76 7429.5150907236
166 1633.6552167258
221 1374.2040352259
251 1356.4336271988
283 942.8241231392
321 856.7937923967
322 678.1696774017
332 667.1043385511
343 430.5545728040
347 406.2587395348
356 371.0923444129
365 355.7996677257
366 338.7975645475
381 286.0205418570
400 226.7194638488
469 219.0434775129
470 190.4046543193
480 147.4532504198
504 143.3311638853
517 137.6223812291
530 135.8179601024
532 126.2273439179
540 107.4111271661
607 77.5998340742
635 46.3059435277
905 27.0882561013
1199 21.2357963184
1343 15.9145937386
1535 15.1834375968
1593 12.2660099338
1677 10.4919171618
1708 9.7557145827
1913 9.4205191839
1931 9.2786920245
1962 8.9420242079
2133 8.7479465426
2199 8.4211688403
2305 8.4183665470
2319 8.1778807508
2647 8.0663983797
2867 8.0606043875
2931 7.7872271321
3055 7.7399051394
3375 7.6334630136
3416 7.6208766394
3431 7.3545019325
3529 7.2934401787
3562 7.2789672409
3654 7.1397952190
3737 6.8828981172
3965 6.8015387335
4066 6.7967763334
4169 6.5946283736
4182 6.3782385490
4434 6.2798663941
4501 6.2673934009
4515 6.2308388398
4540 6.1238178791
4675 6.0661726006
4684 6.0173740190
4722 5.9300386993
4764 5.9215901157
4809 5.9174927825
4811 5.8013167584
4968 5.7445907335
5033 5.3859563605
5587 5.3044955100
5630 5.2898450337
5670 5.2629065699
5688 5.1902546033
5781 5.1629743104
5802 5.1510382204
5836 5.1268997647
6001 5.0455057567
6059 4.9421118549
6112 4.8872674144
6224 4.7007462285
6366 4.5294008738
6581 4.5069040523
6604 4.4881706842
6667 4.4844547487
6692 4.4565255838
6834 4.3453221990
6907 4.2556274097
6946 4.0019760111
7283 3.8691818393
7431 3.8347193248
7493 3.6963903249
7517 3.6865477538
7529 3.6672946243
7601 3.5825852204
7727 3.5480661486
7781 3.3605142724
7928 3.3342661669
7972 3.2979644308
8062 3.1289647892
8097 3.0336601876
8378 2.7885175541
8407 2.5709009978
8600 2.5327313695
8836 2.4610320208
8854 2.3830071061
9085 2.3485344515
9241 2.3277552118
9258 2.1279473295
9420 2.0836247275
9452 2.0469180488
9453 1.9697456347
9511 1.8846593343
9534 1.8130264137
9700 1.8108263362
9776 1.7853077156
9908 1.5234775278
10167 1.4497240790
10240 1.4406026805
10269 1.3373319571
10294 1.2433872011
10625 1.0653119704
10991 0.8915073009
11116 0.8279514409
11300 0.7619769390
11596 0.7229528313
11641 0.7088155280
11669 0.6536875964
11721 0.6157196725
11801 0.5975902666
11918 0.5837354291
12012 0.5070373635
12241 0.4811972322
12368 0.4798716831
12394 0.4730228828
12411 0.4541988152
12440 0.4477328549
12463 0.4387961596
12558 0.4326020085
12604 0.4278628565
12692 0.4048537785
12700 0.3678658980
12832 0.2932173725
13069 0.2863315157
13322 0.2706642436
13367 0.2449456959
13369 0.1779212107
13666 0.1749157039
13697 0.1267212154
13876 0.1190582648
14404 0.1130399952
14412 0.1004171059
14439 0.0932547923
14466 0.0924158301
14490 0.0878869642
14545 0.0854177087
14557 0.0797798346
14615 0.0770285253
14639 0.0716026891
14649 0.0470863961
14928 0.0419064110
14940 0.0368063297
15124 0.0338134975
15203 0.0336471805
15243 0.0302917883
15331 0.0290880471
15399 0.0239478387
15457 0.0135748675
15621 0.0128340584
15755 0.0126666837
15799 0.0120606662
15803 0.0108818591
15844 0.0086712228
15846 0.0078728999
15958 0.0066503213
16104 0.0031483530
16343 0.0030372955
16404 0.0027649033
16451 0.0015854941
16656 0.0015094935
16690 0.0013365494
16710 0.0009918294
16751 0.0008792345
16800 0.0008161733
16832 0.0007187507
16959 0.0004341811
16970 0.0004062890
16976 0.0003127542
17011 0.0002538747
17077 0.0002310413
17164 0.0001839482
17178 0.0001515669
17276 0.0001470392
17279 0.0001435808
17335 0.0001066386
17388 0.0000704758
17515 0.0000615702
17528 0.0000374039
17546 0.0000283112
17679 0.0000231447
17756 0.0000206644
17875 0.0000192239
17901 0.0000174572
17902 0.0000143101
17947 0.0000121938
17979 0.0000102573
17995 0.0000089563
18082 0.0000066454
18135 0.0000056786
18162 0.0000039211
18166 0.0000035516
18355 0.0000019680
18492 0.0000015123
18645 0.0000009592
18698 0.0000007365
18768 0.0000007240
18772 0.0000004149
18866 0.0000002870
18976 0.0000002867
19011 0.0000002445
19017 0.0000002214
19027 0.0000001721
19106 0.0000001642
19110 0.0000000732
19237 0.0000000718
19252 0.0000000677
19289 0.0000000654
19294 0.0000000559
19326 0.0000000439
19351 0.0000000410
19395 0.0000000244
19410 0.0000000208
19524 0.0000000206
19525 0.0000000183
19533 0.0000000180
19536 0.0000000170
19542 0.0000000118
19659 0.0000000083
19678 0.0000000069
19707 0.0000000030
19945 0.0000000026
19966 0.0000000025
20029 0.0000000024
20061 0.0000000023
20066 0.0000000021
20067 0.0000000020
20083 0.0000000019
20092 0.0000000014
20119 0.0000000012
20146 0.0000000010
20160 0.0000000004
20384 0.0000000004
20396 0.0000000003
20441 0.0000000003
20466 0.0000000002
20492 0.0000000002
20497 0.0000000002
20518 0.0000000001
20608 0.0000000001
20609 0.0000000001
20619 0.0000000001
20729 0.0000000001
20789 0.0000000001
20841 0.0000000000
20897 0.0000000000
20904 0.0000000000
20913 0.0000000000
20928 0.0000000000
20961 0.0000000000
21026 0.0000000000
21271 0.0000000000
21366 0.0000000000
21377 0.0000000000
21398 0.0000000000
21496 0.0000000000
21519 0.0000000000
21567 0.0000000000
21910 0.0000000000
21923 0.0000000000
22010 0.0000000000
22216 0.0000000000
22269 0.0000000000
22330 0.0000000000
22362 0.0000000000
22385 0.0000000000
22388 0.0000000000
22473 0.0000000000
22570 0.0000000000
22641 0.0000000000
22651 0.0000000000
22682 0.0000000000
22744 0.0000000000
22852 0.0000000000
23041 0.0000000000
23525 0.0000000000
evaluations raw_y
1 463571.1093221095
2 144797.2946454249
3 109221.2760973614
6 55028.6404215497
16 40897.3895852199
29 15793.4612804436
44 10893.0352579628
57 10224.0352535199
72 8020.0908090254
111 4009.6058299032
166 1824.8408712790
217 641.0203557515
257 473.3003581927
288 428.6406128526
290 382.0947218844
297 347.7617975129
308 311.3393414083
314 230.8233089833
331 146.7716163988
359 120.0256106982
376 68.1651670641
485 55.4750348045
504 29.8442996936
694 25.9184530888
764 23.7534411345
782 23.3499898848
843 21.3670691993
854 20.0995461755
858 17.1636697994
894 15.2791321918
985 14.3274241315
1017 11.8492136044
1096 11.2212015006
1104 10.9160266147
1287 9.4697949464
1445 9.3710966128
1456 9.2801308999
1465 9.0576341302
1474 8.9975991689
1525 8.2654057925
1763 8.1302550715
1776 8.0605394398
1834 7.9039917067
1849 7.8194511767
1916 7.7948599757
2177 7.6828027102
2251 7.4270249408
2385 7.2438611826
2603 7.0934815155
2719 7.0787603795
2724 7.0232977852
2743 6.8597926340
2859 6.5239239099
3237 6.5151944361
3266 6.3865709503
3297 6.2992111390
3389 6.2831636946
3429 6.2701505838
3446 6.1206302827
3471 6.0230526114
3619 5.9498053140
3641 5.9365575281
3717 5.8945017241
3732 5.8609211631
3760 5.7034777077
3823 5.5469406467
3921 5.4944146888
3940 5.4226552000
4302 5.0618647294
4360 4.9301089350
4657 4.8463261655
4809 4.7814109617
4841 4.7329881491
4925 4.7174956024
4958 4.7060909895
4966 4.6713070259
5067 4.6658312384
5142 4.5838087541
5147 4.4874968098
5264 4.3780478168
5466 4.3154406154
5534 4.2128856281
5563 4.1795959637
5578 4.1631735440
5745 4.1561688034
5795 4.1389788176
5826 4.0119220065
5827 3.8352775483
5848 3.7545925202
6149 3.6872801870
6150 3.6414239735
6325 3.5935158164
6331 3.3528831819
6513 3.2416172884
6682 3.0369412323
6842 3.0128565654
6860 3.0110244807
6960 2.9917567549
6980 2.9196639444
7062 2.9153493409
7065 2.8569321185
7079 2.8405091687
7166 2.7262577166
7177 2.5991130590
7534 2.3805562065
7664 2.2086635717
7790 2.2051400838
7986 2.0817487205
8065 1.8437656712
8213 1.7880947825
8487 1.7750401101
8509 1.7238994168
8529 1.6941825992
8537 1.5192867493
8617 1.5086538207
8730 1.4859160457
8746 1.4785603201
8779 1.4376730452
8842 1.4093184304
8885 1.3605807419
8959 1.3279618838
8978 1.2912622663
9097 1.2678017124
9127 1.2522779961
9171 1.1919469276
9297 1.1181860143
9507 1.1025429942
9567 1.0967072185
9568 1.0017664408
9578 0.9885811871
9591 0.7355238854
10074 0.7033367216
10219 0.6292153210
10236 0.6121261918
10372 0.5886842375
10559 0.5699995660
10607 0.5606859859
10690 0.5307194346
10695 0.5275874186
10760 0.5141847138
10781 0.4894897111
10834 0.4681376082
10898 0.4643336010
10903 0.4590801660
10912 0.4396326224
10981 0.4215886347
11054 0.4032614346
11069 0.3614099506
11217 0.3368821481
11346 0.3147708705
11400 0.2316596846
11665 0.2240572544
11851 0.2172277909
11919 0.1492594502
12051 0.1404335975
12169 0.1268819049
12180 0.1221692094
12251 0.1221426422
12334 0.1138320417
12431 0.1120727386
12496 0.0915577299
12603 0.0834117779
12636 0.0815258681
12720 0.0692837565
12791 0.0619674580
12879 0.0489325087
12898 0.0474860893
13016 0.0412495676
13140 0.0407393760
13206 0.0330994345
13275 0.0221709145
13475 0.0193359807
13624 0.0069403962
14293 0.0064237761
14296 0.0054333384
14339 0.0048797012
14341 0.0037301323
14486 0.0034669704
14516 0.0024198420
14548 0.0022933324
14649 0.0018238070
14655 0.0017901646
14720 0.0009353252
15002 0.0008211313
15049 0.0004064101
15505 0.0003921759
15522 0.0003093518
15599 0.0002692191
15699 0.0002394788
15724 0.0001465914
15816 0.0001321063
15827 0.0000748190
15858 0.0000673682
15949 0.0000444995
16054 0.0000398537
16170 0.0000327428
16182 0.0000317432
16237 0.0000255889
16272 0.0000202303
16284 0.0000189770
16356 0.0000169683
16372 0.0000147320
16411 0.0000100433
16466 0.0000086241
16494 0.0000046008
16631 0.0000038433
16691 0.0000029252
16716 0.0000029080
16779 0.0000005763
17143 0.0000004911
17189 0.0000004070
17329 0.0000002304
17423 0.0000002280
17465 0.0000002233
17513 0.0000002127
17554 0.0000001896
17586 0.0000001451
17604 0.0000001416
17608 0.0000001162
17624 0.0000001114
17635 0.0000000752
17646 0.0000000704
17671 0.0000000199
17994 0.0000000100
18310 0.0000000090
18337 0.0000000054
18373 0.0000000051
18377 0.0000000043
18430 0.0000000040
18489 0.0000000030
18568 0.0000000029
18619 0.0000000017
18625 0.0000000010
18833 0.0000000010
18837 0.0000000006
18928 0.0000000004
18991 0.0000000004
19061 0.0000000004
19109 0.0000000002
19117 0.0000000001
19460 0.0000000001
19478 0.0000000001
19503 0.0000000001
19506 0.0000000001
19534 0.0000000000
19595 0.0000000000
19664 0.0000000000
19690 0.0000000000
19721 0.0000000000
19853 0.0000000000
19859 0.0000000000
19885 0.0000000000
19913 0.0000000000
20023 0.0000000000
20043 0.0000000000
20098 0.0000000000
20113 0.0000000000
20140 0.0000000000
20219 0.0000000000
20230 0.0000000000
20279 0.0000000000
20457 0.0000000000
20465 0.0000000000
20497 0.0000000000
20675 0.0000000000
20802 0.0000000000
21004 0.0000000000
21220 0.0000000000
21616 0.0000000000
evaluations raw_y
1 545353.9622147073
2 440884.5069793431
3 167261.9016168054
4 95049.6725755259
10 86019.6771591356
11 78692.2006479598
24 34521.5202782003
30 10678.7732832308
35 9741.1308983399
65 7489.0772241226
69 5970.8126558250
76 2557.0342707572
103 2415.2932579882
104 2133.8312176424
107 989.7880323852
316 401.5980440772
403 322.6967958913
430 310.3165815421
433 239.8511152105
436 233.9133294276
445 231.4968811080
481 217.4042113954
485 215.8056206356
501 169.0059330805
519 109.6676996611
521 79.9565422643
557 71.2920650859
609 54.9355057909
1079 31.6329369202
1153 25.1818434952
1237 18.0016615307
1311 15.5160394953
1400 10.1121142200
1727 9.8835943165
1863 9.4634182185
1918 9.4499070409
1945 9.4037287494
1947 9.3710701973
1978 9.1261901490
2114 9.0244319827
2162 8.6948878656
2279 8.6928934873
2362 8.5413340754
2466 8.5362786434
2478 8.4944977477
2508 8.4744113633
2524 8.4472897984
2548 8.3527329739
2764 8.3088216746
2767 8.2871540011
2771 8.1388815001
2793 8.1260073471
3267 7.9892123023
3365 7.9272502105
3381 7.6544900299
3400 7.6215431268
3499 7.4990770411
3504 7.4743848655
3558 7.2995499243
3559 7.1542121267
3599 7.0133441625
3726 6.9506729625
3734 6.9256874579
3772 6.9200224884
3901 6.8870460881
3904 6.7382272276
4013 6.6462214017
4079 6.6096690954
4092 6.5765410872
4164 6.3948309191
4309 6.2675838298
4482 6.2227512198
4597 6.0268017104
4764 5.8760867864
4771 5.8142100374
4788 5.7236972232
5115 5.5580595550
5163 5.5356066825
5167 5.4650466895
5243 5.4283788622
5377 4.7935866330
5758 4.7824608414
5936 4.7105229688
6079 4.5965522475
6105 4.5306511001
6148 4.4630579462
6223 4.3678000659
6395 4.3162229261
6511 4.2170551389
6583 4.0280429102
6615 3.8815421099
6916 3.8791879366
6947 3.7718954805
6983 3.7056107591
7021 3.6973382930
7074 3.6966537219
7092 3.5769684098
7171 3.4442937054
7368 3.2939614079
7515 3.2733491346
7587 3.1767639812
7594 3.0724088136
7644 3.0444430123
7736 2.9803561075
7912 2.9341057450
7918 2.8589009244
8100 2.8571697907
8160 2.8477132788
8165 2.7452703663
8333 2.6805415924
8362 2.6783027641
8364 2.5608622640
8389 2.5509970455
8405 2.5376022271
8432 2.5076240936
8476 2.4068756791
8485 2.2201528835
8718 2.2128876898
8787 2.1333625125
8984 2.1269936104
9023 2.1022832144
9043 2.0989672920
9057 1.9947614794
9107 1.9194274329
9234 1.8782523831
9347 1.8681987848
9420 1.7469061866
9545 1.6990687911
9594 1.5470171170
9703 1.4607937905
9912 1.3678665594
10121 1.3667190103
10135 1.2937484773
10167 1.2266459880
10251 1.2035827711
10516 1.2016514447
10521 1.1926690476
10525 1.1879874815
10530 1.1698176684
10532 1.1425052473
10562 0.8955937732
10854 0.8875761054
10860 0.8867656578
10893 0.8725724987
10911 0.8334174250
10951 0.7868347458
11076 0.7551485640
11086 0.7340107106
11223 0.7243087680
11314 0.6937264304
11356 0.5963450219
11598 0.5933596540
11813 0.5810286398
11854 0.5305751401
11895 0.4599726107
12023 0.4348059857
12112 0.4156667564
12126 0.3927907644
12194 0.3367375892
12265 0.3149351564
12494 0.3101074886
12655 0.2759241183
12702 0.2758168249
12758 0.2465044510
12829 0.2392532686
12846 0.1827188279
13006 0.1318399667
13331 0.1305484930
13356 0.1070794441
13718 0.0852769703
13848 0.0743530150
13868 0.0618950259
14004 0.0406709579
14171 0.0217149725
14737 0.0190193819
14772 0.0149179152
15001 0.0100781909
15051 0.0094119350
15057 0.0088885923
15182 0.0063295537
15370 0.0032359443
15528 0.0025813037
15568 0.0025296603
15627 0.0022358434
15640 0.0017579082
15873 0.0016041630
16053 0.0012050021
16054 0.0010282818
16071 0.0006153651
16278 0.0002358781
16548 0.0001789771
16609 0.0000967259
16739 0.0000582834
16956 0.0000538723
16977 0.0000320589
17166 0.0000260279
17213 0.0000170755
17235 0.0000137269
17403 0.0000133770
17409 0.0000123665
17418 0.0000109011
17472 0.0000055621
17524 0.0000041179
17686 0.0000034784
17702 0.0000029491
17823 0.0000009909
18012 0.0000009477
18032 0.0000007800
18104 0.0000007040
18107 0.0000004710
18161 0.0000004402
18182 0.0000004197
18276 0.0000003655
18293 0.0000003334
18328 0.0000002615
18349 0.0000002186
18428 0.0000001496
18455 0.0000001422
18525 0.0000001123
18667 0.0000001062
18678 0.0000000746
18690 0.0000000395
18743 0.0000000366
18794 0.0000000234
18959 0.0000000187
18985 0.0000000122
19053 0.0000000108
19098 0.0000000098
19139 0.0000000065
19168 0.0000000061
19234 0.0000000056
19244 0.0000000051
19266 0.0000000033
19285 0.0000000023
19457 0.0000000021
19470 0.0000000019
19474 0.0000000014
19540 0.0000000012
19580 0.0000000012
19619 0.0000000012
19621 0.0000000011
19629 0.0000000005
19698 0.0000000005
19780 0.0000000003
19896 0.0000000002
19903 0.0000000002
19997 0.0000000002
20008 0.0000000001
20012 0.0000000001
20108 0.0000000001
20120 0.0000000001
20195 0.0000000000
20253 0.0000000000
20288 0.0000000000
20391 0.0000000000
20397 0.0000000000
20468 0.0000000000
20654 0.0000000000
20656 0.0000000000
20687 0.0000000000
20878 0.0000000000
20957 0.0000000000
21035 0.0000000000
21075 0.0000000000
21107 0.0000000000
21151 0.0000000000
21199 0.0000000000
21348 0.0000000000
21419 0.0000000000
21446 0.0000000000
21661 0.0000000000
21852 0.0000000000
21857 0.0000000000
22009 0.0000000000
22037 0.0000000000
22201 0.0000000000
22665 0.0000000000
evaluations raw_y
1 1021570.1384653904
3 860580.6253120719
4 315199.9627355169
5 285307.9419274871
6 269730.9780723212
8 119396.7041344391
22 77233.2731159335
28 42238.0441842696
33 30622.3131745505
42 22229.0860264465
56 7294.7406751477
75 1548.4654668317
172 827.5948327192
229 487.6883794368
277 429.8005934926
294 346.0563673484
327 197.3365572328
343 162.8487584558
365 138.3899925072
392 95.3635243298
407 89.8982842492
416 76.0168857168
426 61.5903501543
571 47.5972032979
616 41.0263301528
684 37.3918663218
742 33.1980321483
770 32.4534550210
786 30.4255538271
829 21.6914089596
925 16.6169691842
953 14.2959361977
1162 12.5347730675
1167 11.8846299582
1358 11.6996558927
1360 10.8420454338
1383 10.7114313458
1498 10.3443383268
1745 10.1118952904
1778 9.9779967082
1808 9.6389787960
1965 9.4511348574
1970 9.3271440943
2018 9.3170972550
2049 8.9957878344
2195 8.9434581189
2206 8.9338924585
2234 8.7148526059
2523 8.5924910510
2706 8.5872556803
2748 8.4780869182
2785 8.4682179928
2793 8.4558903113
2841 8.4345256056
3040 8.4332427019
3045 8.2925721163
3243 8.2518340183
3255 7.9910671385
3481 7.9435099061
3494 7.7544187507
3726 7.7502506377
3759 7.6582031859
3842 7.4009642563
3962 7.3152545712
4212 7.0208613314
4249 6.9099294412
4450 6.9084714862
4456 6.8404208504
4495 6.7435948324
4528 6.6869583474
4724 6.6857531961
4904 6.4856879407
4976 6.0523933471
5124 5.9837696825
5426 5.9574876681
5449 5.8500407139
5479 5.7175541630
5746 5.6222783685
5757 5.5638158645
5780 5.3155040917
6087 5.2795195112
6138 5.0949233837
6297 4.9982311189
6496 4.9316596630
6625 4.7674157366
6912 4.7165779315
6922 4.5809669579
7047 4.5541870736
7072 4.5250393355
7103 4.4664271663
7160 4.3942970970
7213 4.3896267935
7313 4.3613042612
7342 4.3591411556
7351 4.3568794142
7376 4.2550168580
7422 4.0346421867
7790 3.9998362878
8113 3.8808323702
8139 3.5426178055
8317 3.5143271413
8416 3.5031317541
8426 3.4919737707
8436 3.3833972418
8539 3.3110249498
8816 3.3090378522
8839 3.1082871862
8954 3.1027837812
8970 3.0748572822
9020 3.0738234426
9055 3.0045950804
9164 2.8325204491
9629 2.7615055520
9675 2.6260336615
9708 2.5390263901
9785 2.5118204410
9793 2.4787869291
9857 2.4765493234
9936 2.4493769044
9937 2.3738321739
9974 2.3125270851
9991 2.2125395407
9997 2.1983834399
10056 2.0942934541
10107 1.9303346585
10460 1.9165967316
10466 1.8669457442
10515 1.7629427133
10602 1.7518941651
10704 1.7166097222
10707 1.7047615629
10815 1.6478940633
10874 1.6078668648
10907 1.5433936450
10957 1.5224561050
11100 1.4387627882
11135 1.3603342368
11452 1.2665882442
11493 1.1896971109
11569 1.1429368939
11859 1.0651661448
11949 1.0581222216
11972 0.9948633361
12081 0.9600922199
12158 0.8927705990
12245 0.8666791708
12390 0.8583404892
12419 0.7886236218
12455 0.7702604735
12568 0.7265834983
12803 0.7115460868
12807 0.6397165900
12872 0.6291023778
12972 0.6083534350
13015 0.5933723338
13153 0.5884416468
13160 0.5546392241
13216 0.5371104426
13236 0.4736594665
13577 0.4578233483
13592 0.3614126821
13609 0.3490604580
13847 0.3463553887
13913 0.2795914874
14110 0.2728331629
14174 0.2728087422
14207 0.2710485128
14208 0.2160835289
14248 0.2158595015
14279 0.2142528379
14360 0.2028669641
14472 0.1892238213
14542 0.1743411520
14635 0.1696111369
14641 0.1603448992
14681 0.1467437356
14710 0.1294549094
14886 0.1277127132
14928 0.1222266880
15066 0.1209547205
15074 0.1171067560
15097 0.1127452358
15104 0.0965588167
15111 0.0935510108
15136 0.0761982866
15246 0.0713991599
15274 0.0668184163
15410 0.0522230401
15564 0.0463787101
15719 0.0405164962
15737 0.0397835284
15824 0.0331062640
15838 0.0325209548
15867 0.0309525824
16024 0.0306465198
16031 0.0255891251
16083 0.0253024093
16084 0.0209727870
16181 0.0190235480
16209 0.0142935552
16233 0.0142723089
16337 0.0138902340
16355 0.0134676257
16373 0.0131620486
16464 0.0107636586
16532 0.0078059347
16623 0.0063801976
16723 0.0057522141
16784 0.0040256564
17004 0.0037400658
17171 0.0036016025
17314 0.0032399964
17340 0.0029001710
17376 0.0024659490
17384 0.0016536787
17394 0.0016417233
17416 0.0009191554
17498 0.0007188644
17574 0.0006080086
17669 0.0005951713
17748 0.0004991686
17842 0.0002353563
17942 0.0002228592
17998 0.0001598312
18074 0.0001295420
18075 0.0000875329
18203 0.0000772384
18284 0.0000584014
18408 0.0000552700
18409 0.0000511846
18427 0.0000473598
18486 0.0000422736
18514 0.0000392369
18541 0.0000319753
18576 0.0000258584
18625 0.0000239826
18657 0.0000192446
18660 0.0000125947
18803 0.0000107372
18868 0.0000104119
18873 0.0000101454
18885 0.0000062583
18914 0.0000055337
18932 0.0000048201
18935 0.0000042279
18998 0.0000038235
19000 0.0000016149
19159 0.0000012282
19403 0.0000011670
19408 0.0000011532
19434 0.0000008238
19489 0.0000006949
19517 0.0000005645
19545 0.0000005284
19566 0.0000004618
19584 0.0000004523
19619 0.0000003740
19633 0.0000003398
19728 0.0000002541
19807 0.0000002445
19824 0.0000001147
19865 0.0000000752
20052 0.0000000457
20083 0.0000000452
20210 0.0000000402
20288 0.0000000402
20302 0.0000000388
20304 0.0000000270
20317 0.0000000214
20415 0.0000000136
20505 0.0000000133
20507 0.0000000128
20558 0.0000000112
20604 0.0000000100
20605 0.0000000081
20610 0.0000000078
20631 0.0000000050
20715 0.0000000026
20823 0.0000000021
20965 0.0000000016
20996 0.0000000012
21013 0.0000000011
21028 0.0000000009
21099 0.0000000007
21121 0.0000000006
21217 0.0000000004
21395 0.0000000002
21452 0.0000000002
21577 0.0000000001
21629 0.0000000001
21638 0.0000000001
21706 0.0000000001
21796 0.0000000000
21903 0.0000000000
22001 0.0000000000
22110 0.0000000000
22125 0.0000000000
22170 0.0000000000
22195 0.0000000000
22244 0.0000000000
22352 0.0000000000
22425 0.0000000000
22482 0.0000000000
22574 0.0000000000
22604 0.0000000000
22627 0.0000000000
22651 0.0000000000
22668 0.0000000000
22774 0.0000000000
22859 0.0000000000
22911 0.0000000000
22942 0.0000000000
22946 0.0000000000
23015 0.0000000000
23023 0.0000000000
23029 0.0000000000
23105 0.0000000000
23209 0.0000000000
23334 0.0000000000
23344 0.0000000000
23384 0.0000000000
23514 0.0000000000
23571 0.0000000000
23593 0.0000000000
23705 0.0000000000
23737 0.0000000000
23812 0.0000000000
23933 0.0000000000
24359 0.0000000000
evaluations raw_y
1 408995.7377663956
3 199158.1714696295
9 141841.0702093248
15 120991.4610039751
21 97074.0675537450
25 69408.7712844393
32 29937.6267674375
72 11284.8763330213
93 9870.3075484726
128 5680.8179322399
173 3559.0532668238
192 3360.8831766165
195 1538.6481232383
289 683.5391639004
431 471.9154052949
459 307.8277473913
492 287.2373668319
525 205.4980752752
597 194.4933592688
606 95.9329570980
759 88.1894188210
784 75.8551359056
795 49.6229252991
827 38.0931902840
992 29.5162046287
1052 27.8547791703
1087 17.6457991235
1171 16.4407130808
1183 14.3558595788
1356 13.3996464105
1367 12.5395627720
1409 11.8821235084
1477 11.6456642138
1499 11.6064071430
1539 11.4936672752
1559 11.1250831425
1667 10.9882667187
1675 10.5430138161
1730 10.0253783551
1814 9.8213170736
1863 9.8079405007
1908 9.7964784923
1968 9.7354125668
2005 9.6561782898
2007 9.5724479850
2058 9.5440823841
2174 9.5021794990
2301 9.4308122145
2320 9.4161424445
2395 9.3750321548
2574 9.3504511710
2682 9.2622514560
3008 9.1548347476
3158 9.0993596783
3269 8.9697926114
3349 8.9110356070
3411 8.8396141062
3530 8.8069533412
3535 8.7262656727
3600 8.6294742977
3742 8.5996688935
3791 8.5786320736
3852 8.5625517710
3864 8.3747844962
4049 8.3290764482
4062 8.2714667113
4144 8.2343657719
4175 8.2309377575
4185 8.1491230174
4309 8.1408939006
4312 8.1333246767
4322 8.0996670890
4365 8.0309334356
4374 8.0143371518
4415 7.9657364745
4442 7.9396291286
4480 7.7083921319
4984 7.6889524275
4985 7.5830663349
5157 7.3840254793
5181 7.3141967688
5496 7.3029283617
5513 7.1477308925
5580 7.0375547120
5626 6.9141856650
5628 6.8891618206
5638 6.8028956414
5715 6.7963651682
5813 6.6900543813
6047 6.4551557315
6210 6.3620819132
6279 6.3446858969
6341 6.3399328189
6392 6.3372819575
6454 6.3372664242
6472 6.3004450854
6485 6.1963085978
6494 6.1553312274
6604 5.9902425568
6755 5.7956390485
6955 5.7411926492
7160 5.5964126413
7268 5.4955245613
7306 5.4432073917
7319 5.4095114758
7477 5.3045466779
7491 5.2832042726
7728 5.2703380712
7735 5.1965103901
7765 5.1623900087
7793 5.1245240525
7854 5.0050767283
7855 4.9397757847
7998 4.8140427812
8128 4.6763864424
8155 4.6572206939
8239 4.6115583550
8245 4.6067029346
8270 4.5892155421
8301 4.5342153361
8458 4.4852622218
8463 4.4186275029
8621 4.3578540809
8825 4.3083454832
8832 4.3077213722
8848 4.2773570837
8873 4.2555421950
8887 4.2133484175
8915 4.1035810445
8954 4.0986819161
8965 3.9915592173
9168 3.9101234781
9217 3.9005180995
9231 3.8566430822
9381 3.6565749244
9556 3.6105009126
9603 3.5705227166
9673 3.5158880583
9733 3.4196294345
9753 3.3898993007
9901 3.2219837011
10190 3.1030547412
10260 3.0220654132
10496 2.9860893551
10541 2.9636694666
10545 2.8561356707
10681 2.8531575937
10753 2.8211929819
10814 2.7317328789
10851 2.5607711134
11019 2.5507802301
11054 2.5423085295
11130 2.4115077544
11190 2.3055953948
11386 2.2566377261
11529 2.1766142778
11637 2.1710664831
11752 2.1627031754
11779 2.0731543159
11793 2.0600823859
11817 1.9630205146
11953 1.8837886358
12039 1.8548612811
12118 1.8130739693
12135 1.8055492913
12149 1.7572847257
12150 1.7397069526
12274 1.7144771512
12291 1.6394690097
12313 1.6098259547
12376 1.5687807757
12452 1.5260211521
12583 1.4733375177
12602 1.4699423915
12620 1.4313770276
12764 1.3844031458
12784 1.3702596215
12802 1.3234760487
12861 1.3229730442
12932 1.2492148839
13000 1.2482824484
13007 1.2062642712
13012 1.1951465264
13113 1.1569949561
13472 1.0721492115
13512 1.0490572728
13536 1.0122019263
13588 0.9427196972
13610 0.9024441222
13694 0.8870248956
13785 0.8505941563
13800 0.8281323124
13818 0.7511455124
14011 0.7227926213
14046 0.7138635446
14217 0.6775063985
14343 0.6746168021
14344 0.6027272873
14397 0.5694551436
14520 0.5317392920
14604 0.5225642178
14658 0.4962037440
14735 0.4897839684
14743 0.4756591123
14868 0.4486026051
14925 0.4427708855
14974 0.4378057212
15059 0.4154495092
15316 0.4062393571
15331 0.3576722537
15380 0.3410645269
15459 0.3317412332
15572 0.3078983727
15620 0.2448187461
15817 0.2214978647
16157 0.2149917420
16185 0.1950496655
16221 0.1881480352
16230 0.1786439144
16278 0.1687902720
16426 0.1661013503
16443 0.1518159123
16524 0.1461216738
16533 0.1314973059
16700 0.1101226263
17110 0.0778117876
17310 0.0661460107
17337 0.0624647505
17381 0.0543571277
17428 0.0514504572
17497 0.0395039564
17647 0.0379518428
17656 0.0378165522
17670 0.0374143318
17784 0.0272797315
17848 0.0227927433
17931 0.0222806714
17971 0.0170181767
18071 0.0154226736
18239 0.0109579659
18642 0.0088437380
18720 0.0052611132
18950 0.0042904513
18958 0.0034520262
18995 0.0017448015
19105 0.0010907452
19320 0.0005494167
19474 0.0005330529
19517 0.0002830739
19662 0.0002425815
19731 0.0002187176
19741 0.0002033896
19753 0.0001867267
19767 0.0000791154
20103 0.0000453020
20230 0.0000349749
20309 0.0000298796
20378 0.0000238438
20568 0.0000169887
20583 0.0000084488
20785 0.0000076888
20909 0.0000063275
20947 0.0000054219
21048 0.0000053764
21072 0.0000034603
21112 0.0000030468
21132 0.0000024892
21217 0.0000012423
21227 0.0000012231
21251 0.0000010869
21318 0.0000008778
21358 0.0000004918
21475 0.0000002176
21679 0.0000002105
21732 0.0000002055
21750 0.0000001855
21808 0.0000001737
21814 0.0000001669
21820 0.0000001118
21861 0.0000001098
21914 0.0000000847
21935 0.0000000693
21949 0.0000000365
22162 0.0000000353
22193 0.0000000346
22201 0.0000000237
22276 0.0000000206
22280 0.0000000176
22283 0.0000000170
22314 0.0000000148
22355 0.0000000145
22372 0.0000000138
22416 0.0000000077
22550 0.0000000065
22614 0.0000000056
22732 0.0000000037
22810 0.0000000032
22829 0.0000000030
22839 0.0000000028
22865 0.0000000027
22874 0.0000000021
22898 0.0000000012
22921 0.0000000010
22929 0.0000000008
23032 0.0000000007
23212 0.0000000005
23313 0.0000000005
23405 0.0000000003
23473 0.0000000003
23493 0.0000000003
23504 0.0000000002
23505 0.0000000002
23524 0.0000000002
23538 0.0000000001
23601 0.0000000001
23663 0.0000000001
23717 0.0000000000
23902 0.0000000000
24023 0.0000000000
24034 0.0000000000
24138 0.0000000000
24215 0.0000000000
24320 0.0000000000
24486 0.0000000000
24568 0.0000000000
24668 0.0000000000
24788 0.0000000000
24885 0.0000000000
24936 0.0000000000
24967 0.0000000000
24984 0.0000000000
25253 0.0000000000
25421 0.0000000000
25492 0.0000000000
25582 0.0000000000
25804 0.0000000000
25898 0.0000000000
26237 0.0000000000
26687 0.0000000000
