evaluations raw_y
1 93.1424400614
13 67.7831373034
26 62.2186002373
30 34.8672793365
35 31.6372877120
83 30.2878364745
106 21.2177993247
140 18.6215366908
183 16.5584040999
290 8.0701523797
454 6.0832219054
908 5.1714268243
987 1.8110491313
1275 1.7844821765
1323 1.6767528631
1326 0.8709271207
1558 0.6144265692
1573 0.6124306024
1635 0.5358031205
1654 0.3370214130
1659 0.3298389064
1768 0.3067990758
1912 0.2563157770
1944 0.1350306795
2066 0.1249478676
2178 0.1028810542
2204 0.0942817065
2348 0.0732192700
2530 0.0676773782
2532 0.0505764883
2535 0.0396297090
2589 0.0225166750
2765 0.0144116168
2978 0.0125949183
3082 0.0123791021
3144 0.0070080542
3268 0.0067672402
3303 0.0066005261
3345 0.0057185128
3368 0.0046097918
3440 0.0031945781
3499 0.0024167443
3538 0.0022559753
3598 0.0022456500
3713 0.0021349776
3732 0.0014657398
3752 0.0014202462
3850 0.0011008176
3888 0.0010177880
4028 0.0007333342
4077 0.0003808305
4323 0.0001381553
4557 0.0001350194
4655 0.0000854066
4670 0.0000723424
4819 0.0000706370
4846 0.0000500269
4937 0.0000392389
4970 0.0000259156
5167 0.0000213465
5198 0.0000191832
5280 0.0000129444
5363 0.0000119312
5501 0.0000092744
5599 0.0000077443
5607 0.0000076053
5672 0.0000075719
5673 0.0000061036
5719 0.0000035495
5794 0.0000030765
5875 0.0000028103
5879 0.0000025286
5943 0.0000023236
6043 0.0000018065
6119 0.0000017416
6125 0.0000011508
6222 0.0000008967
6278 0.0000006226
6307 0.0000006192
6338 0.0000005898
6359 0.0000004334
6384 0.0000003614
6440 0.0000003235
6650 0.0000003135
6662 0.0000002788
6685 0.0000002164
6756 0.0000001820
6837 0.0000001330
6895 0.0000001255
6909 0.0000001063
6957 0.0000001006
6959 0.0000000717
7036 0.0000000705
7156 0.0000000381
7346 0.0000000219
7519 0.0000000208
7530 0.0000000197
7543 0.0000000162
7574 0.0000000100
7653 0.0000000070
7843 0.0000000030
8107 0.0000000026
8197 0.0000000021
8248 0.0000000017
8268 0.0000000010
8393 0.0000000010
8499 0.0000000010
8500 0.0000000009
8564 0.0000000009
8573 0.0000000003
8871 0.0000000002
8959 0.0000000002
8972 0.0000000002
9048 0.0000000002
9189 0.0000000001
9210 0.0000000001
9236 0.0000000001
9310 0.0000000001
9382 0.0000000001
9401 0.0000000001
9482 0.0000000000
9576 0.0000000000
9586 0.0000000000
9607 0.0000000000
9643 0.0000000000
9730 0.0000000000
9793 0.0000000000
10118 0.0000000000
10368 0.0000000000
10424 0.0000000000
10496 0.0000000000
10675 0.0000000000
10733 0.0000000000
10748 0.0000000000
11161 0.0000000000
11397 0.0000000000
11496 0.0000000000
11555 0.0000000000
11667 0.0000000000
11752 0.0000000000
11782 0.0000000000
11868 0.0000000000
11944 0.0000000000
12014 0.0000000000
12163 0.0000000000
12284 0.0000000000
12414 0.0000000000
12737 0.0000000000
13551 0.0000000000
evaluations raw_y
1 247.7343754120
2 121.5759931354
13 109.8185717435
21 65.5009080082
24 59.5109380751
80 54.7845882717
83 29.4778240056
105 16.7369691043
166 16.0221080257
828 15.7512914098
829 13.1646670780
880 12.0726978682
908 11.4131842874
933 11.2727085534
947 9.7843748508
987 4.2305733527
1251 2.6587817163
1323 2.3031873046
1384 2.0039692150
1443 1.9188998742
1515 1.8264247490
1534 1.2603498697
1558 0.9293716677
1588 0.7948135357
1659 0.6584534277
1801 0.6554707203
1835 0.5445685111
1905 0.5191730685
1912 0.4297367548
1944 0.3152643375
2040 0.2248736375
2138 0.1424336470
2178 0.1327859450
2348 0.0975153777
2532 0.0635690290
2589 0.0276725942
2938 0.0171397232
3114 0.0107542076
3270 0.0080581426
3368 0.0042751969
3440 0.0032243597
3538 0.0026278641
3705 0.0020425459
3732 0.0016510799
3850 0.0010092404
4077 0.0009541815
4155 0.0007028729
4177 0.0005422309
4323 0.0002980700
4557 0.0002327105
4592 0.0002305073
4642 0.0002283118
4670 0.0001289560
4721 0.0001193070
4770 0.0001114719
4808 0.0001030668
4846 0.0000685704
4937 0.0000369753
5060 0.0000268522
5278 0.0000265833
5340 0.0000219566
5363 0.0000182220
5501 0.0000177448
5583 0.0000147585
5630 0.0000134532
5643 0.0000067276
5738 0.0000048308
5922 0.0000027541
6199 0.0000024166
6222 0.0000016905
6278 0.0000012276
6307 0.0000012021
6440 0.0000010708
6560 0.0000008835
6573 0.0000006191
6650 0.0000004201
6664 0.0000004013
6685 0.0000003944
6756 0.0000003131
6895 0.0000002264
6909 0.0000001663
6957 0.0000001605
7028 0.0000001530
7102 0.0000001339
7156 0.0000000877
7208 0.0000000690
7231 0.0000000492
7371 0.0000000398
7519 0.0000000371
7616 0.0000000346
7626 0.0000000206
7653 0.0000000165
7818 0.0000000160
7843 0.0000000160
7845 0.0000000043
8248 0.0000000033
8268 0.0000000029
8369 0.0000000029
8393 0.0000000026
8455 0.0000000024
8499 0.0000000023
8500 0.0000000020
8573 0.0000000016
8649 0.0000000009
8651 0.0000000009
8754 0.0000000009
8864 0.0000000008
8901 0.0000000005
8972 0.0000000005
9006 0.0000000004
9065 0.0000000004
9102 0.0000000004
9156 0.0000000004
9157 0.0000000004
9167 0.0000000004
9169 0.0000000003
9223 0.0000000002
9310 0.0000000002
9354 0.0000000001
9482 0.0000000001
9510 0.0000000000
9793 0.0000000000
9891 0.0000000000
9930 0.0000000000
10118 0.0000000000
10364 0.0000000000
10424 0.0000000000
10652 0.0000000000
10733 0.0000000000
10748 0.0000000000
10934 0.0000000000
11027 0.0000000000
11110 0.0000000000
11286 0.0000000000
11506 0.0000000000
11517 0.0000000000
11578 0.0000000000
11752 0.0000000000
11883 0.0000000000
12228 0.0000000000
12864 0.0000000000
evaluations raw_y
1 180.4119254704
2 122.6110449529
16 87.9419447157
37 49.0406658836
80 45.4539705883
82 43.4202573170
83 41.2920043704
91 35.8327080466
133 34.0648780653
136 31.6847950911
151 31.3780860255
252 29.6046852911
290 21.6995662775
454 13.9665436681
880 13.2685251428
908 11.2708450688
933 9.9932406284
944 8.9659415387
947 8.1476299056
987 4.3769996835
1173 3.7096633966
1251 1.8924413066
1379 1.5747867047
1448 1.1924310223
1552 1.0891276530
1580 1.0266103303
1586 0.9486321941
1588 0.7997610286
1654 0.7975368455
1659 0.6510365706
1801 0.4579395972
1843 0.3130683331
1912 0.2738051551
1965 0.2140168162
2066 0.1104648835
2178 0.0767478715
2348 0.0588551640
2535 0.0416837326
2589 0.0169925173
2888 0.0162206620
3114 0.0142189178
3275 0.0121356765
3312 0.0119251885
3440 0.0072817889
3499 0.0035440830
3678 0.0029627318
3732 0.0015412364
4077 0.0015171424
4106 0.0009713663
4323 0.0003025203
4670 0.0002809620
4723 0.0002529168
4837 0.0002492713
4846 0.0001262896
4937 0.0000744692
5060 0.0000644083
5268 0.0000630509
5278 0.0000523559
5280 0.0000460754
5338 0.0000227850
5631 0.0000156957
5635 0.0000126546
5753 0.0000126196
5878 0.0000080967
5943 0.0000075145
5972 0.0000071336
6038 0.0000064960
6043 0.0000052258
6124 0.0000043451
6125 0.0000036545
6222 0.0000020152
6278 0.0000016952
6382 0.0000015674
6440 0.0000014101
6560 0.0000011452
6572 0.0000010921
6599 0.0000010282
6650 0.0000004962
6756 0.0000002953
6909 0.0000002527
6957 0.0000002179
6959 0.0000002037
7102 0.0000001900
7120 0.0000001384
7156 0.0000000619
7281 0.0000000390
7634 0.0000000331
7653 0.0000000143
7845 0.0000000104
8155 0.0000000092
8241 0.0000000089
8248 0.0000000044
8393 0.0000000033
8500 0.0000000016
8754 0.0000000010
8770 0.0000000007
8871 0.0000000006
9157 0.0000000004
9198 0.0000000004
9223 0.0000000003
9310 0.0000000003
9354 0.0000000002
9500 0.0000000002
9517 0.0000000001
9576 0.0000000001
9586 0.0000000001
9730 0.0000000001
9793 0.0000000000
9869 0.0000000000
9891 0.0000000000
9896 0.0000000000
9940 0.0000000000
10118 0.0000000000
10239 0.0000000000
10373 0.0000000000
10424 0.0000000000
10441 0.0000000000
10496 0.0000000000
10553 0.0000000000
10652 0.0000000000
10733 0.0000000000
10742 0.0000000000
10748 0.0000000000
10790 0.0000000000
10810 0.0000000000
10946 0.0000000000
11110 0.0000000000
11161 0.0000000000
11286 0.0000000000
11418 0.0000000000
11459 0.0000000000
11545 0.0000000000
11636 0.0000000000
11703 0.0000000000
11782 0.0000000000
11869 0.0000000000
11883 0.0000000000
11944 0.0000000000
12170 0.0000000000
12598 0.0000000000
13286 0.0000000000
evaluations raw_y
1 190.3001235842
2 119.9252712067
12 61.3903787562
22 53.4038860630
48 50.3980718758
83 35.5611559532
85 23.4808124773
183 22.8670015548
454 19.1516810586
467 19.0665949447
598 12.1768401074
880 11.5191723824
908 9.3004846376
972 8.2758417287
987 3.4640052914
1173 3.3412148787
1323 1.9059757571
1326 1.6288101864
1534 1.5623634201
1552 1.1997589867
1558 0.8125772772
1588 0.6018282307
1865 0.5823441114
1912 0.2271130432
2066 0.1512794778
2178 0.1450677261
2321 0.1327741337
2348 0.1255016348
2427 0.0975711717
2532 0.0901278661
2570 0.0827956725
2589 0.0626343645
2654 0.0268153478
2978 0.0228348974
3144 0.0119494655
3277 0.0107391828
3440 0.0102287037
3492 0.0093936207
3499 0.0058999198
3511 0.0046606235
3538 0.0027328335
3912 0.0025725074
3949 0.0024486944
3988 0.0021937843
4018 0.0017907354
4028 0.0017516216
4076 0.0014765335
4159 0.0013938304
4181 0.0013691103
4189 0.0011030026
4216 0.0009302806
4323 0.0007795770
4412 0.0006903064
4456 0.0005499715
4556 0.0004613665
4584 0.0004312910
4629 0.0003920784
4639 0.0003306243
4642 0.0003127459
4670 0.0001383462
4914 0.0001197090
4937 0.0000754818
4938 0.0000638405
5060 0.0000534415
5198 0.0000522337
5248 0.0000485261
5338 0.0000200701
5700 0.0000195123
5719 0.0000127216
5738 0.0000112045
5875 0.0000089461
5922 0.0000079799
5950 0.0000060309
5958 0.0000059030
6043 0.0000053100
6119 0.0000050535
6175 0.0000049621
6220 0.0000039179
6222 0.0000030992
6278 0.0000020731
6323 0.0000014752
6384 0.0000014187
6440 0.0000011483
6560 0.0000010644
6650 0.0000009712
6664 0.0000009466
6685 0.0000007065
6705 0.0000006724
6756 0.0000005753
6809 0.0000005011
6827 0.0000004497
6895 0.0000004014
6909 0.0000001916
7120 0.0000001555
7156 0.0000000652
7403 0.0000000596
7530 0.0000000397
7634 0.0000000326
7653 0.0000000148
7845 0.0000000139
7868 0.0000000139
8091 0.0000000078
8268 0.0000000046
8393 0.0000000035
8444 0.0000000035
8499 0.0000000035
8500 0.0000000020
8573 0.0000000018
8770 0.0000000013
8901 0.0000000008
8972 0.0000000007
8974 0.0000000006
9119 0.0000000005
9312 0.0000000003
9371 0.0000000002
9502 0.0000000002
9510 0.0000000002
9523 0.0000000002
9576 0.0000000002
9586 0.0000000001
9692 0.0000000001
9730 0.0000000001
9793 0.0000000000
10118 0.0000000000
10364 0.0000000000
10652 0.0000000000
10733 0.0000000000
10742 0.0000000000
10748 0.0000000000
11027 0.0000000000
11161 0.0000000000
11286 0.0000000000
11341 0.0000000000
11397 0.0000000000
11496 0.0000000000
11721 0.0000000000
11752 0.0000000000
11868 0.0000000000
11869 0.0000000000
12014 0.0000000000
12093 0.0000000000
12518 0.0000000000
13157 0.0000000000
evaluations raw_y
1 84.9425627146
9 65.3177332404
28 52.6305938877
33 43.2360723852
37 27.9804622084
85 22.4256308514
120 20.1155220643
133 18.4411918983
160 12.0352712243
454 5.2784914049
972 4.3964214721
987 2.0371267889
1275 1.8578827288
1323 1.7236779466
1326 1.3084498765
1379 1.1893105680
1401 0.8959497968
1467 0.8015979136
1552 0.4735218960
1558 0.3531682287
1912 0.2209664294
2066 0.1331299546
2145 0.1298322268
2178 0.0732683082
2354 0.0342962473
2589 0.0314170430
2654 0.0222800799
2765 0.0137683450
2938 0.0134527254
2991 0.0086607748
3144 0.0070876062
3277 0.0035726722
3499 0.0018880632
3636 0.0013693677
3722 0.0010435750
3903 0.0005660850
4155 0.0004270195
4305 0.0004080413
4323 0.0001321192
4592 0.0001007968
4642 0.0000764251
4655 0.0000567413
4808 0.0000497997
4846 0.0000466995
4914 0.0000333189
4937 0.0000243300
5060 0.0000123923
5248 0.0000118130
5338 0.0000101891
5363 0.0000086120
5631 0.0000042031
5719 0.0000033637
5875 0.0000021888
5922 0.0000016864
5950 0.0000014172
6124 0.0000014123
6161 0.0000013860
6222 0.0000006092
6359 0.0000005078
6382 0.0000004371
6440 0.0000003793
6560 0.0000003068
6644 0.0000002302
6705 0.0000002245
6728 0.0000002242
6756 0.0000001788
6893 0.0000001626
6895 0.0000001290
6909 0.0000000844
7105 0.0000000753
7120 0.0000000679
7127 0.0000000566
7156 0.0000000307
7371 0.0000000276
7468 0.0000000248
7506 0.0000000217
7530 0.0000000182
7626 0.0000000179
7634 0.0000000111
7653 0.0000000054
7845 0.0000000023
8197 0.0000000021
8248 0.0000000018
8344 0.0000000017
8364 0.0000000013
8379 0.0000000010
8500 0.0000000005
8770 0.0000000005
8787 0.0000000003
8901 0.0000000003
8974 0.0000000002
9006 0.0000000002
9063 0.0000000002
9065 0.0000000002
9167 0.0000000002
9176 0.0000000002
9198 0.0000000001
9210 0.0000000001
9312 0.0000000001
9403 0.0000000000
9510 0.0000000000
9607 0.0000000000
9663 0.0000000000
9730 0.0000000000
9793 0.0000000000
10032 0.0000000000
10118 0.0000000000
10496 0.0000000000
10748 0.0000000000
10815 0.0000000000
10934 0.0000000000
11136 0.0000000000
11148 0.0000000000
11161 0.0000000000
11286 0.0000000000
11341 0.0000000000
11373 0.0000000000
11423 0.0000000000
11463 0.0000000000
11496 0.0000000000
11502 0.0000000000
11578 0.0000000000
11667 0.0000000000
11797 0.0000000000
11864 0.0000000000
11868 0.0000000000
11906 0.0000000000
11944 0.0000000000
12014 0.0000000000
12163 0.0000000000
12612 0.0000000000
13141 0.0000000000
evaluations raw_y
1 150.4000652584
2 43.2500144632
14 40.1928814373
16 36.7077576256
35 33.0935177225
63 21.5133763270
69 19.1199299066
98 16.5221991641
111 14.3267217502
133 10.5804763874
454 3.6234548326
829 2.9331871922
908 2.4457882534
987 1.5722300736
1252 1.2875659107
1323 0.8947718919
1326 0.6024687857
1533 0.5574280139
1552 0.3478182798
1588 0.3336937460
1659 0.2452020166
1835 0.2306951872
1912 0.2291610774
1925 0.1953447228
1944 0.1548016153
2066 0.1205059835
2109 0.0879411669
2178 0.0486510440
2330 0.0353025395
2532 0.0194153809
2686 0.0183834750
2697 0.0175794108
2745 0.0154303978
2765 0.0104935099
2818 0.0100680240
2938 0.0093209948
3114 0.0087023914
3144 0.0039470510
3277 0.0022737417
3440 0.0013532404
3499 0.0011073096
3622 0.0009208109
3678 0.0006554120
3850 0.0004408806
4077 0.0004378024
4108 0.0003145425
4323 0.0000935172
4670 0.0000755728
4770 0.0000704237
4846 0.0000376986
4914 0.0000298948
4937 0.0000269279
5060 0.0000139750
5278 0.0000132270
5340 0.0000119139
5363 0.0000115866
5561 0.0000073929
5631 0.0000066904
5635 0.0000061143
5685 0.0000049389
5688 0.0000048066
5738 0.0000028307
5878 0.0000025717
5950 0.0000020082
5999 0.0000019059
6043 0.0000019055
6071 0.0000016434
6095 0.0000016414
6124 0.0000012918
6220 0.0000009875
6278 0.0000005882
6338 0.0000005235
6440 0.0000003775
6573 0.0000003495
6599 0.0000003458
6650 0.0000002862
6664 0.0000001713
6756 0.0000001526
6837 0.0000001524
6893 0.0000001515
6909 0.0000000655
7120 0.0000000585
7156 0.0000000206
7281 0.0000000203
7346 0.0000000198
7507 0.0000000197
7519 0.0000000194
7525 0.0000000142
7626 0.0000000110
7634 0.0000000108
7647 0.0000000106
7653 0.0000000052
7845 0.0000000017
8248 0.0000000012
8364 0.0000000010
8393 0.0000000009
8519 0.0000000008
8573 0.0000000008
8585 0.0000000007
8649 0.0000000004
8748 0.0000000004
8752 0.0000000004
8770 0.0000000003
8901 0.0000000002
9006 0.0000000002
9156 0.0000000001
9198 0.0000000001
9281 0.0000000001
9312 0.0000000001
9350 0.0000000001
9510 0.0000000000
9523 0.0000000000
9576 0.0000000000
9586 0.0000000000
9643 0.0000000000
9650 0.0000000000
9730 0.0000000000
9793 0.0000000000
10118 0.0000000000
10424 0.0000000000
10652 0.0000000000
10748 0.0000000000
10810 0.0000000000
10815 0.0000000000
11161 0.0000000000
11286 0.0000000000
11642 0.0000000000
11752 0.0000000000
11782 0.0000000000
11894 0.0000000000
11944 0.0000000000
12414 0.0000000000
12876 0.0000000000
evaluations raw_y
1 171.1983360336
2 107.3063722082
15 106.9630628052
21 92.3979673254
24 87.8593070920
28 48.7171003815
38 47.8935319258
79 42.5907205933
101 30.4808247337
116 16.1124351404
752 10.9348094332
845 9.3243734895
880 8.3625557179
908 7.5144697408
947 6.3404327002
987 4.3681081795
1190 4.1770312291
1251 1.9909134487
1443 1.6273084288
1448 1.4094972270
1558 1.2080373364
1588 0.8085623264
1659 0.6974858223
1772 0.6758744343
1795 0.6725866005
1817 0.6398101208
1822 0.6255318285
1843 0.4141286093
1912 0.3635952957
1944 0.1156884186
2348 0.0756431793
2616 0.0649505364
2654 0.0348728423
2745 0.0276772401
2978 0.0181733875
3114 0.0176167403
3144 0.0093909694
3345 0.0083098039
3440 0.0050686483
3538 0.0034268961
3622 0.0033766488
3636 0.0033456480
3678 0.0013158217
3850 0.0012814146
4077 0.0007563726
4266 0.0005942584
4323 0.0003832677
4469 0.0003701107
4556 0.0002546939
4642 0.0001939426
4721 0.0001739013
4846 0.0000900140
4937 0.0000615327
4970 0.0000516017
5060 0.0000370766
5338 0.0000337179
5340 0.0000282972
5453 0.0000194737
5630 0.0000187643
5631 0.0000133342
5678 0.0000112874
5685 0.0000103973
5719 0.0000077211
5738 0.0000067646
5878 0.0000055393
5943 0.0000054963
5950 0.0000033470
6043 0.0000032505
6119 0.0000022097
6222 0.0000010298
6382 0.0000009854
6384 0.0000009808
6463 0.0000008230
6536 0.0000008058
6540 0.0000006549
6644 0.0000003423
6809 0.0000003325
6835 0.0000003293
6840 0.0000003060
6895 0.0000002265
6909 0.0000001278
6967 0.0000001252
7064 0.0000000886
7120 0.0000000442
7156 0.0000000397
7281 0.0000000395
7299 0.0000000390
7346 0.0000000361
7448 0.0000000342
7454 0.0000000259
7525 0.0000000252
7530 0.0000000208
7651 0.0000000155
7653 0.0000000094
7843 0.0000000081
7845 0.0000000042
8070 0.0000000037
8197 0.0000000027
8248 0.0000000019
8333 0.0000000018
8364 0.0000000011
8573 0.0000000010
8605 0.0000000007
8649 0.0000000007
8787 0.0000000005
8901 0.0000000004
8912 0.0000000003
8972 0.0000000003
9006 0.0000000002
9157 0.0000000002
9198 0.0000000002
9243 0.0000000001
9310 0.0000000001
9354 0.0000000001
9482 0.0000000001
9566 0.0000000001
9576 0.0000000000
9586 0.0000000000
9643 0.0000000000
9650 0.0000000000
9730 0.0000000000
9793 0.0000000000
9930 0.0000000000
10118 0.0000000000
10457 0.0000000000
10489 0.0000000000
10496 0.0000000000
10748 0.0000000000
10790 0.0000000000
10815 0.0000000000
10934 0.0000000000
11110 0.0000000000
11286 0.0000000000
11306 0.0000000000
11496 0.0000000000
11545 0.0000000000
11578 0.0000000000
11636 0.0000000000
11721 0.0000000000
11763 0.0000000000
11782 0.0000000000
11944 0.0000000000
12014 0.0000000000
12044 0.0000000000
12228 0.0000000000
12284 0.0000000000
12335 0.0000000000
12375 0.0000000000
12414 0.0000000000
12479 0.0000000000
12598 0.0000000000
12722 0.0000000000
12737 0.0000000000
12775 0.0000000000
12869 0.0000000000
12891 0.0000000000
12941 0.0000000000
13124 0.0000000000
13169 0.0000000000
13552 0.0000000000
14407 0.0000000000
evaluations raw_y
1 181.2180288630
2 170.2797441880
9 147.1232853353
19 138.7318398233
27 120.8108372477
35 99.4660526063
43 88.0977721795
47 64.1917613380
117 60.3088372198
138 45.2639380245
185 41.7024159872
205 40.4172499150
237 39.4963860011
280 38.9949620171
290 19.9029362296
706 19.7013055954
908 13.6502122286
987 13.0024363528
1029 8.7110760220
1140 6.5394519221
1231 5.2555377563
1258 4.8763728460
1323 4.8307268489
1326 3.8664188459
1410 3.5344287861
1465 3.0397323659
1515 2.7302463536
1533 2.7176489310
1552 2.3906727826
1558 0.8855424962
1925 0.6997781192
2040 0.5621667345
2138 0.4519490857
2178 0.2041614721
2532 0.1475351451
2589 0.0603479210
2765 0.0496412342
2888 0.0479155768
2938 0.0473657026
2991 0.0390638562
3111 0.0283820285
3114 0.0219866654
3270 0.0120850881
3440 0.0087510148
3499 0.0074927683
3538 0.0069945415
3622 0.0067801770
3637 0.0065506498
3705 0.0038117076
3732 0.0029549148
3888 0.0024160053
4077 0.0023489174
4108 0.0019375867
4155 0.0017040629
4210 0.0014358905
4227 0.0013277221
4266 0.0011635162
4323 0.0004548240
4592 0.0004053185
4670 0.0002667180
4808 0.0001818615
4914 0.0001650940
4937 0.0001355673
4970 0.0001207158
5056 0.0001035697
5060 0.0000832159
5198 0.0000673651
5278 0.0000495531
5338 0.0000311036
5583 0.0000247053
5631 0.0000205858
5635 0.0000201569
5688 0.0000180375
5693 0.0000177613
5733 0.0000152511
5738 0.0000142134
5772 0.0000138033
5829 0.0000111952
5875 0.0000104967
5878 0.0000066018
6019 0.0000056104
6043 0.0000037095
6119 0.0000033333
6222 0.0000027275
6278 0.0000013521
6463 0.0000010133
6572 0.0000009489
6597 0.0000008921
6599 0.0000007176
6644 0.0000007132
6650 0.0000006611
6705 0.0000006037
6707 0.0000005226
6756 0.0000004480
6835 0.0000004417
6837 0.0000004103
6895 0.0000002056
6909 0.0000001642
7127 0.0000001631
7156 0.0000000489
7525 0.0000000382
7626 0.0000000331
7653 0.0000000067
7845 0.0000000064
8197 0.0000000036
8364 0.0000000025
8573 0.0000000021
8613 0.0000000010
8871 0.0000000009
8901 0.0000000009
8972 0.0000000007
9102 0.0000000006
9119 0.0000000005
9123 0.0000000004
9156 0.0000000002
9310 0.0000000002
9354 0.0000000002
9510 0.0000000001
9586 0.0000000001
9607 0.0000000001
9643 0.0000000001
9730 0.0000000001
9793 0.0000000000
9930 0.0000000000
10118 0.0000000000
10424 0.0000000000
10620 0.0000000000
10652 0.0000000000
10733 0.0000000000
10748 0.0000000000
11110 0.0000000000
11148 0.0000000000
11161 0.0000000000
11286 0.0000000000
11306 0.0000000000
11496 0.0000000000
11555 0.0000000000
11636 0.0000000000
11661 0.0000000000
11752 0.0000000000
11868 0.0000000000
11944 0.0000000000
12058 0.0000000000
12321 0.0000000000
12414 0.0000000000
12775 0.0000000000
13411 0.0000000000
evaluations raw_y
1 159.1382475031
12 132.8045366219
16 128.4074541960
28 115.0217896058
35 99.4125054792
42 82.9862703669
43 75.5153050327
83 64.5055264578
95 64.1558497305
98 57.4169516850
120 44.9079575856
131 19.5403690661
829 18.6868181132
908 12.4852344413
972 9.0243380770
987 6.4326648024
1220 3.6606713215
1252 3.5863030487
1323 2.0781205913
1426 1.7386381594
1443 1.5405065159
1558 1.2761202767
1573 1.1041135413
1588 0.8558371118
1835 0.8372303473
1887 0.5594240215
1944 0.4952572628
2040 0.4632382260
2066 0.3648446620
2138 0.2523988920
2178 0.1591443632
2204 0.1084148279
2348 0.0826626985
2535 0.0723771799
2589 0.0373721105
2810 0.0363842970
2826 0.0324351278
2938 0.0260666708
3063 0.0232106901
3114 0.0223198302
3144 0.0157499618
3270 0.0097028269
3353 0.0085664813
3402 0.0080010316
3425 0.0078649913
3499 0.0049045055
3538 0.0037118539
3622 0.0029746849
3705 0.0027730127
3732 0.0020713383
3850 0.0016539039
3903 0.0013286902
4018 0.0008354219
4155 0.0008105186
4255 0.0007355218
4266 0.0005281843
4323 0.0004289147
4456 0.0004127045
4495 0.0003130013
4557 0.0002925895
4642 0.0002632120
4655 0.0002424647
4670 0.0001590765
4751 0.0001073976
4846 0.0000597276
4938 0.0000591865
5060 0.0000328925
5198 0.0000278553
5338 0.0000194129
5363 0.0000181084
5501 0.0000171403
5626 0.0000166365
5631 0.0000106986
5710 0.0000100399
5719 0.0000079269
5780 0.0000068936
5833 0.0000055222
5905 0.0000053732
5943 0.0000042754
6043 0.0000037287
6071 0.0000034831
6119 0.0000030634
6124 0.0000029165
6161 0.0000028261
6220 0.0000019683
6256 0.0000016792
6278 0.0000008431
6527 0.0000008255
6536 0.0000007153
6540 0.0000006330
6572 0.0000005414
6650 0.0000004252
6664 0.0000003345
6808 0.0000002792
6809 0.0000002554
6837 0.0000002184
6895 0.0000001598
6909 0.0000000920
7120 0.0000000917
7156 0.0000000578
7187 0.0000000527
7208 0.0000000436
7346 0.0000000330
7506 0.0000000266
7519 0.0000000198
7626 0.0000000179
7653 0.0000000086
7818 0.0000000060
7845 0.0000000020
8268 0.0000000015
8364 0.0000000007
8573 0.0000000006
8613 0.0000000005
8683 0.0000000005
8734 0.0000000004
8754 0.0000000004
8787 0.0000000003
8871 0.0000000002
8901 0.0000000001
9102 0.0000000001
9156 0.0000000001
9167 0.0000000001
9171 0.0000000001
9198 0.0000000001
9210 0.0000000001
9310 0.0000000001
9354 0.0000000001
9510 0.0000000000
9576 0.0000000000
9586 0.0000000000
9606 0.0000000000
9650 0.0000000000
9730 0.0000000000
9793 0.0000000000
9896 0.0000000000
10032 0.0000000000
10118 0.0000000000
10496 0.0000000000
10620 0.0000000000
10733 0.0000000000
10748 0.0000000000
10908 0.0000000000
10934 0.0000000000
11161 0.0000000000
11394 0.0000000000
11397 0.0000000000
11667 0.0000000000
12014 0.0000000000
12491 0.0000000000
evaluations raw_y
1 187.3767290055
2 170.2802171339
3 167.0300595523
6 146.7408676009
9 112.5241427804
15 97.5767098195
28 89.1284145748
38 47.1207851902
86 38.5422544830
103 35.1889149484
126 34.3803992915
137 31.0141695169
154 24.3997365278
185 21.7186794815
598 17.2449334786
752 15.4797917642
829 12.5772401056
908 11.8376193909
944 8.4802583204
987 6.6276022295
1070 6.0264632940
1096 5.4179063431
1140 5.0256643399
1182 4.6705885594
1251 3.4391135164
1323 3.3188549285
1326 3.0588012363
1379 2.7883996465
1420 2.6200238232
1426 1.3958352216
1558 1.0162880155
1588 0.6875508568
1659 0.5680209415
1944 0.2123899416
2066 0.1943584973
2178 0.1905634383
2348 0.1083277244
2427 0.0626790569
2654 0.0483315747
2697 0.0295084424
2938 0.0272834843
3111 0.0240937325
3114 0.0154321006
3277 0.0080937225
3440 0.0078068426
3489 0.0075186090
3499 0.0051599870
3538 0.0042752211
3598 0.0038301563
3714 0.0035357907
3769 0.0034909886
3848 0.0032335252
3850 0.0027712324
3888 0.0027541103
3903 0.0020419487
3912 0.0020352698
4018 0.0019814330
4023 0.0019606218
4077 0.0007943326
4304 0.0007364729
4323 0.0004475034
4469 0.0003731011
4642 0.0001763240
4846 0.0001491355
4928 0.0001128367
4937 0.0000905037
4938 0.0000870595
5060 0.0000559138
5338 0.0000372399
5363 0.0000339008
5435 0.0000273538
5607 0.0000230078
5635 0.0000222952
5685 0.0000209548
5719 0.0000176742
5723 0.0000172896
5738 0.0000148943
5763 0.0000144062
5772 0.0000136957
5922 0.0000131152
5943 0.0000129035
5950 0.0000125160
5961 0.0000109512
6003 0.0000106616
6024 0.0000098973
6071 0.0000093597
6087 0.0000081804
6117 0.0000078912
6124 0.0000066265
6125 0.0000064554
6161 0.0000047755
6222 0.0000013162
6664 0.0000011193
6685 0.0000007643
6728 0.0000007032
6790 0.0000006818
6895 0.0000006553
6909 0.0000003374
6995 0.0000003041
7120 0.0000002891
7156 0.0000001294
7208 0.0000001228
7250 0.0000001114
7371 0.0000000915
7519 0.0000000713
7530 0.0000000663
7634 0.0000000638
7651 0.0000000491
7653 0.0000000170
7845 0.0000000097
8197 0.0000000085
8248 0.0000000085
8273 0.0000000082
8333 0.0000000072
8364 0.0000000044
8573 0.0000000036
8649 0.0000000019
8787 0.0000000012
9006 0.0000000010
9065 0.0000000007
9169 0.0000000006
9260 0.0000000005
9310 0.0000000005
9354 0.0000000004
9382 0.0000000003
9510 0.0000000002
9586 0.0000000001
9650 0.0000000001
9767 0.0000000001
9927 0.0000000001
9930 0.0000000001
9962 0.0000000001
10003 0.0000000001
10032 0.0000000001
10046 0.0000000000
10118 0.0000000000
10424 0.0000000000
10496 0.0000000000
10659 0.0000000000
10733 0.0000000000
10748 0.0000000000
11161 0.0000000000
11459 0.0000000000
11502 0.0000000000
11578 0.0000000000
11752 0.0000000000
12014 0.0000000000
12284 0.0000000000
12972 0.0000000000
evaluations raw_y
1 160.5806662882
2 110.5142935087
6 95.9021006593
9 68.2879548784
11 64.0962467987
20 63.7211868912
35 58.9821259273
45 55.5984111173
69 46.8431638681
80 40.2197968918
82 30.4629205672
86 25.6245287222
126 24.2692674489
216 21.9269090885
252 16.6802752333
454 16.1112059118
598 8.4019717110
908 7.4156948735
944 6.6162160262
987 3.4230588925
1220 2.9193977813
1252 2.4230768447
1275 2.3973480100
1326 1.8248961114
1340 1.8224803335
1377 1.7238418197
1443 1.6657808301
1445 1.3889939963
1552 1.3293510980
1558 0.7494214375
1588 0.6592701836
1659 0.5424203264
1772 0.5097755557
1880 0.4564240581
1887 0.4022825829
1912 0.3960958557
1919 0.3092563625
1925 0.3047278228
1965 0.3032179376
1974 0.2573398687
2066 0.1721356990
2151 0.1693148689
2178 0.0808472350
2442 0.0797335824
2444 0.0775544281
2532 0.0539856025
2560 0.0520881451
2589 0.0361471475
2668 0.0329678878
2697 0.0276276359
2765 0.0169568337
3082 0.0121782145
3114 0.0067370283
3368 0.0049690241
3499 0.0031208069
3538 0.0018837832
3622 0.0011855044
3888 0.0010195342
4077 0.0008381375
4108 0.0006427701
4210 0.0005597648
4304 0.0004732772
4323 0.0002832516
4456 0.0002295011
4557 0.0002231693
4592 0.0001498433
4642 0.0001435362
4670 0.0000789352
4924 0.0000661997
4926 0.0000514879
4937 0.0000370955
4970 0.0000315585
5060 0.0000281136
5167 0.0000214066
5280 0.0000174228
5338 0.0000126556
5583 0.0000124994
5599 0.0000114852
5631 0.0000082470
5688 0.0000080354
5719 0.0000060332
5763 0.0000054544
5772 0.0000052290
5875 0.0000049672
5878 0.0000030180
5999 0.0000023621
6125 0.0000018851
6175 0.0000012934
6222 0.0000012266
6278 0.0000009334
6461 0.0000008785
6463 0.0000006050
6540 0.0000004931
6650 0.0000004499
6664 0.0000004126
6685 0.0000003768
6705 0.0000003149
6756 0.0000002889
6835 0.0000002716
6876 0.0000002608
6895 0.0000002223
6909 0.0000001335
6967 0.0000001091
7120 0.0000000823
7156 0.0000000459
7371 0.0000000447
7490 0.0000000410
7506 0.0000000355
7507 0.0000000335
7525 0.0000000327
7530 0.0000000305
7596 0.0000000277
7653 0.0000000174
7818 0.0000000140
7840 0.0000000121
7845 0.0000000045
8197 0.0000000042
8222 0.0000000029
8248 0.0000000028
8344 0.0000000027
8364 0.0000000017
8500 0.0000000012
8657 0.0000000010
8754 0.0000000009
8770 0.0000000008
8787 0.0000000008
8871 0.0000000006
8901 0.0000000006
8912 0.0000000005
8972 0.0000000004
9063 0.0000000004
9114 0.0000000004
9144 0.0000000004
9156 0.0000000004
9157 0.0000000003
9169 0.0000000003
9198 0.0000000002
9223 0.0000000002
9310 0.0000000002
9312 0.0000000001
9354 0.0000000001
9371 0.0000000001
9586 0.0000000001
9643 0.0000000000
9730 0.0000000000
9876 0.0000000000
9896 0.0000000000
9962 0.0000000000
9984 0.0000000000
9993 0.0000000000
10032 0.0000000000
10118 0.0000000000
10424 0.0000000000
10597 0.0000000000
10652 0.0000000000
10705 0.0000000000
10733 0.0000000000
10748 0.0000000000
10790 0.0000000000
10966 0.0000000000
11081 0.0000000000
11082 0.0000000000
11161 0.0000000000
11306 0.0000000000
11418 0.0000000000
11423 0.0000000000
11461 0.0000000000
11496 0.0000000000
11602 0.0000000000
11636 0.0000000000
11720 0.0000000000
11782 0.0000000000
11883 0.0000000000
11944 0.0000000000
12228 0.0000000000
12585 0.0000000000
13175 0.0000000000
evaluations raw_y
1 248.4070037773
2 104.1595245586
13 103.4573231814
16 100.0247261539
29 87.8200751156
30 69.3048366919
37 43.1925754672
98 40.2634900558
111 37.1413625544
114 32.4281198235
133 27.8705028736
136 27.4435362938
176 20.2977370369
454 20.0527083858
598 11.8868440527
829 7.2673668579
987 5.7944498160
1124 5.3501588270
1126 4.3801948461
1140 4.0926746016
1173 2.0921672398
1220 1.8897424082
1326 1.8308100386
1426 1.3487460214
1467 1.2386439632
1533 1.2373755798
1552 0.8568888465
1573 0.7976580443
1659 0.6259999883
1768 0.5164650566
1865 0.4868587328
1887 0.3428128845
1905 0.3086158300
1912 0.2492470600
1974 0.1820087576
2066 0.1569139561
2138 0.1554724378
2178 0.0594361840
2589 0.0221133839
2810 0.0213055761
3094 0.0207669576
3111 0.0184300084
3114 0.0144030096
3144 0.0083143604
3303 0.0058199519
3440 0.0046147428
3499 0.0028096550
3538 0.0023167730
3622 0.0021865768
3728 0.0021343673
3732 0.0014390358
3850 0.0011920189
3949 0.0010579948
4077 0.0009507649
4106 0.0008325786
4108 0.0005468504
4323 0.0003691236
4337 0.0003549784
4537 0.0003225391
4548 0.0002653711
4584 0.0002546128
4642 0.0001962728
4655 0.0001879126
4670 0.0001435138
4721 0.0001317459
4836 0.0000994990
4846 0.0000214726
5338 0.0000188805
5340 0.0000133008
5583 0.0000131682
5631 0.0000127616
5685 0.0000075385
5738 0.0000069464
5763 0.0000063732
5860 0.0000060185
5866 0.0000059972
5875 0.0000059472
5878 0.0000031090
5950 0.0000024389
6105 0.0000020185
6175 0.0000018982
6222 0.0000013953
6306 0.0000009803
6384 0.0000007668
6536 0.0000006653
6573 0.0000005872
6644 0.0000003731
6685 0.0000003456
6756 0.0000002916
6827 0.0000002884
6837 0.0000002436
6895 0.0000002107
6909 0.0000001431
6959 0.0000001354
7064 0.0000001327
7102 0.0000001055
7105 0.0000000907
7120 0.0000000817
7156 0.0000000372
7346 0.0000000229
7634 0.0000000217
7653 0.0000000109
7845 0.0000000039
8248 0.0000000038
8342 0.0000000032
8364 0.0000000016
8573 0.0000000014
8658 0.0000000013
8683 0.0000000013
8698 0.0000000011
8754 0.0000000009
8770 0.0000000006
8871 0.0000000006
8901 0.0000000006
9027 0.0000000005
9065 0.0000000004
9167 0.0000000004
9176 0.0000000004
9198 0.0000000003
9210 0.0000000002
9354 0.0000000001
9371 0.0000000001
9523 0.0000000001
9576 0.0000000001
9586 0.0000000000
9742 0.0000000000
9767 0.0000000000
9793 0.0000000000
9823 0.0000000000
9876 0.0000000000
9930 0.0000000000
9940 0.0000000000
10003 0.0000000000
10050 0.0000000000
10118 0.0000000000
10382 0.0000000000
10424 0.0000000000
10742 0.0000000000
10748 0.0000000000
10810 0.0000000000
10906 0.0000000000
10951 0.0000000000
11110 0.0000000000
11286 0.0000000000
11496 0.0000000000
11661 0.0000000000
11667 0.0000000000
11720 0.0000000000
11883 0.0000000000
12163 0.0000000000
12350 0.0000000000
13055 0.0000000000
evaluations raw_y
1 149.7926741172
2 55.9448354810
13 42.4850367365
43 40.3712192889
52 39.2005000213
57 38.5331460181
71 36.4587736456
83 14.4919018319
145 13.2017968163
290 12.7179838615
454 5.3507468245
829 3.7088636921
972 3.3795844233
987 2.0119318342
1173 1.6571834778
1251 1.3067139710
1252 1.0902302109
1323 0.9416816356
1326 0.6268293340
1448 0.5904095068
1515 0.5520662754
1534 0.3977050439
1547 0.3374611924
1573 0.2846938120
1654 0.2099220863
1659 0.1526362054
1944 0.1356670445
2066 0.0609325314
2178 0.0492207439
2321 0.0438591143
2361 0.0425918621
2453 0.0380995583
2532 0.0301742369
2560 0.0286136083
2589 0.0223788855
2639 0.0142260769
2654 0.0081785802
2938 0.0070266428
3114 0.0050061092
3144 0.0026805783
3275 0.0019947829
3440 0.0019459703
3499 0.0013210410
3622 0.0010999887
3626 0.0009108570
3678 0.0008351727
3705 0.0007836212
3731 0.0007693816
3732 0.0006138330
3735 0.0005324373
3850 0.0003798209
3888 0.0002604170
4077 0.0002509277
4181 0.0002470555
4321 0.0001828019
4323 0.0001301670
4337 0.0001185790
4642 0.0001062090
4670 0.0000753461
4798 0.0000753325
4808 0.0000600993
4836 0.0000552839
4846 0.0000471361
4924 0.0000335972
4937 0.0000208967
5060 0.0000201327
5160 0.0000197000
5167 0.0000136145
5248 0.0000130145
5363 0.0000120997
5428 0.0000111194
5431 0.0000105074
5530 0.0000095377
5561 0.0000071777
5631 0.0000058896
5685 0.0000036305
5738 0.0000028674
5794 0.0000022896
5961 0.0000022730
6019 0.0000019612
6071 0.0000018032
6088 0.0000017960
6111 0.0000016583
6117 0.0000013959
6199 0.0000013554
6222 0.0000007105
6278 0.0000005049
6382 0.0000004939
6440 0.0000003242
6573 0.0000001082
6909 0.0000000540
7156 0.0000000245
7281 0.0000000215
7346 0.0000000157
7617 0.0000000131
7651 0.0000000111
7653 0.0000000071
7818 0.0000000061
7845 0.0000000032
8197 0.0000000029
8241 0.0000000025
8248 0.0000000021
8268 0.0000000014
8364 0.0000000009
8444 0.0000000008
8573 0.0000000004
8754 0.0000000004
8864 0.0000000004
8865 0.0000000004
8871 0.0000000003
8901 0.0000000003
8912 0.0000000002
9115 0.0000000002
9156 0.0000000001
9312 0.0000000001
9354 0.0000000001
9371 0.0000000001
9382 0.0000000001
9403 0.0000000001
9482 0.0000000001
9499 0.0000000001
9510 0.0000000001
9517 0.0000000001
9523 0.0000000000
9576 0.0000000000
9586 0.0000000000
9650 0.0000000000
9730 0.0000000000
9823 0.0000000000
10003 0.0000000000
10089 0.0000000000
10118 0.0000000000
10364 0.0000000000
10424 0.0000000000
10620 0.0000000000
10748 0.0000000000
11161 0.0000000000
11246 0.0000000000
11258 0.0000000000
11286 0.0000000000
11397 0.0000000000
11496 0.0000000000
11642 0.0000000000
11667 0.0000000000
11752 0.0000000000
11883 0.0000000000
12014 0.0000000000
12136 0.0000000000
12414 0.0000000000
12979 0.0000000000
evaluations raw_y
1 179.4220265569
2 121.9812121624
6 94.3581026643
23 87.6981487041
28 73.3631470411
42 51.2260494291
43 42.9277602085
92 34.0726020773
94 32.2970042716
125 28.2505805885
126 19.1601548726
221 17.5114555455
454 14.0031706189
785 12.2452283589
790 11.4310907248
804 9.8337862177
808 6.8206201464
908 4.9694488103
987 3.8433441550
1134 3.6481172973
1173 2.7845166723
1251 2.6034087600
1252 2.4140572799
1323 1.7571463662
1377 1.7046298882
1401 1.6527788031
1443 1.0130814532
1448 0.9868082722
1558 0.8312449097
1586 0.4212122870
1801 0.4167578928
1865 0.3957924597
1887 0.3438821213
1912 0.2561361972
1944 0.2431307169
1974 0.1540957308
2151 0.1498532835
2178 0.0475910672
2427 0.0390973470
2532 0.0273329264
2654 0.0195630154
2772 0.0170183365
2810 0.0136662520
2978 0.0085703410
3114 0.0058895211
3270 0.0055047399
3275 0.0050507277
3277 0.0050191395
3303 0.0048775917
3312 0.0043096755
3373 0.0037494082
3440 0.0028386478
3499 0.0023806326
3511 0.0022001126
3538 0.0012418517
3678 0.0012150866
3732 0.0011546567
3850 0.0009723692
3903 0.0006232407
4076 0.0006134220
4106 0.0004685581
4155 0.0003563563
4323 0.0002907735
4398 0.0002493159
4452 0.0002303948
4557 0.0002130256
4592 0.0001643241
4596 0.0001598157
4642 0.0001440086
4655 0.0000964669
4670 0.0000853379
4846 0.0000708060
4914 0.0000663591
4924 0.0000485737
4937 0.0000447714
4938 0.0000338785
5060 0.0000240368
5160 0.0000224648
5280 0.0000163829
5363 0.0000150337
5402 0.0000142380
5583 0.0000138135
5631 0.0000086476
5685 0.0000073749
5700 0.0000064955
5719 0.0000052334
5878 0.0000039230
5950 0.0000038803
5999 0.0000020140
6043 0.0000016614
6222 0.0000011146
6278 0.0000010560
6323 0.0000010148
6338 0.0000008660
6411 0.0000007480
6440 0.0000004965
6650 0.0000002589
6770 0.0000002526
6895 0.0000002097
6909 0.0000001798
6995 0.0000001628
7036 0.0000001541
7050 0.0000001520
7062 0.0000001430
7063 0.0000001227
7120 0.0000000765
7156 0.0000000282
7519 0.0000000218
7634 0.0000000191
7653 0.0000000151
7791 0.0000000145
7818 0.0000000137
7828 0.0000000104
7843 0.0000000099
7845 0.0000000035
8248 0.0000000034
8268 0.0000000033
8344 0.0000000032
8364 0.0000000022
8406 0.0000000017
8573 0.0000000013
8605 0.0000000013
8613 0.0000000011
8754 0.0000000010
8864 0.0000000008
8871 0.0000000006
8912 0.0000000006
8972 0.0000000005
9006 0.0000000004
9102 0.0000000004
9123 0.0000000004
9156 0.0000000003
9169 0.0000000003
9243 0.0000000002
9350 0.0000000002
9354 0.0000000001
9478 0.0000000001
9482 0.0000000001
9510 0.0000000001
9586 0.0000000001
9643 0.0000000000
9730 0.0000000000
9793 0.0000000000
9876 0.0000000000
9896 0.0000000000
9940 0.0000000000
10118 0.0000000000
10364 0.0000000000
10424 0.0000000000
10496 0.0000000000
10652 0.0000000000
10733 0.0000000000
10748 0.0000000000
10810 0.0000000000
11161 0.0000000000
11162 0.0000000000
11239 0.0000000000
11286 0.0000000000
11396 0.0000000000
11418 0.0000000000
11459 0.0000000000
11496 0.0000000000
11660 0.0000000000
11667 0.0000000000
11752 0.0000000000
11883 0.0000000000
11988 0.0000000000
12014 0.0000000000
12163 0.0000000000
12659 0.0000000000
13297 0.0000000000
evaluations raw_y
1 149.8945759059
2 120.0236908059
6 115.5225489920
7 92.7010773007
21 53.2179007391
35 45.0483194568
82 40.8620030706
86 36.2721709031
116 33.0506116816
126 31.4311081824
183 26.8691049355
290 22.6953592393
454 12.8821886814
772 11.3885436681
785 10.2328481816
808 6.3917604478
908 3.6848233444
972 3.5379921743
987 2.5002151293
1220 1.0631458208
1326 0.7958626519
1515 0.7624974787
1552 0.6781113884
1558 0.3864810714
1588 0.3595686064
1654 0.3571320087
1659 0.3121183437
1768 0.2660998780
1843 0.2233846165
1887 0.2078552977
1905 0.1985848550
1912 0.1326775773
2040 0.0974381838
2066 0.0852805892
2109 0.0574002423
2348 0.0423310548
2354 0.0365059761
2427 0.0276519991
2532 0.0161823432
2654 0.0156567803
2765 0.0106519630
2938 0.0101164212
2991 0.0097954903
3063 0.0097213071
3114 0.0074342947
3144 0.0056304257
3270 0.0044252701
3368 0.0038194128
3440 0.0019104195
3511 0.0018228987
3538 0.0012361849
3732 0.0010820871
3850 0.0008011365
3949 0.0007062309
4077 0.0006253165
4106 0.0003957966
4323 0.0002124428
4629 0.0001969402
4642 0.0001864985
4655 0.0001223760
4670 0.0000593901
4937 0.0000218026
5248 0.0000203777
5338 0.0000160019
5361 0.0000108852
5583 0.0000105601
5631 0.0000105466
5672 0.0000104811
5685 0.0000090181
5700 0.0000076477
5738 0.0000055946
5753 0.0000050685
5860 0.0000036420
5878 0.0000031321
5950 0.0000025892
5999 0.0000020764
6043 0.0000020706
6119 0.0000016856
6125 0.0000014714
6222 0.0000012193
6254 0.0000011546
6278 0.0000010807
6306 0.0000007234
6384 0.0000006261
6411 0.0000005806
6527 0.0000004625
6597 0.0000004293
6644 0.0000003930
6650 0.0000003487
6664 0.0000002655
6756 0.0000002442
6827 0.0000001812
6837 0.0000001424
6895 0.0000001271
6909 0.0000001077
7064 0.0000000965
7120 0.0000000418
7208 0.0000000397
7247 0.0000000303
7371 0.0000000285
7506 0.0000000238
7507 0.0000000225
7519 0.0000000160
7574 0.0000000136
7653 0.0000000051
7845 0.0000000034
8197 0.0000000028
8248 0.0000000024
8364 0.0000000019
8500 0.0000000011
8573 0.0000000009
8649 0.0000000008
8756 0.0000000007
8770 0.0000000007
8787 0.0000000004
8901 0.0000000003
8972 0.0000000003
9006 0.0000000002
9189 0.0000000002
9239 0.0000000002
9243 0.0000000002
9310 0.0000000001
9371 0.0000000001
9510 0.0000000001
9586 0.0000000000
9730 0.0000000000
9793 0.0000000000
10118 0.0000000000
10208 0.0000000000
10364 0.0000000000
10373 0.0000000000
10382 0.0000000000
10424 0.0000000000
10597 0.0000000000
10652 0.0000000000
10748 0.0000000000
11136 0.0000000000
11148 0.0000000000
11161 0.0000000000
11286 0.0000000000
11306 0.0000000000
11496 0.0000000000
11502 0.0000000000
11642 0.0000000000
11667 0.0000000000
11720 0.0000000000
11868 0.0000000000
11894 0.0000000000
11944 0.0000000000
12136 0.0000000000
12238 0.0000000000
12647 0.0000000000
13071 0.0000000000
