evaluations raw_y
1 1562.9438213017
2 1354.8882461955
3 1032.8916559813
13 895.8541092100
21 881.0902201827
24 733.0354716422
36 632.1628511520
38 544.0401573716
53 457.9191030038
95 451.0397837568
96 348.9985358564
150 288.2640329092
303 285.1902311476
323 259.9653723390
389 188.8473938236
403 183.9922550138
483 127.9101601529
584 114.4005025598
644 108.2459984988
839 102.2578999764
894 102.1824398533
916 97.8879600870
978 92.3486888105
1057 91.9468548667
1065 83.9181370346
1107 80.0853865470
1127 71.8128275066
1234 64.3156885717
1371 57.2542816477
1463 52.0399743871
1946 49.4784272687
2040 42.1157509721
2462 38.5636304920
2605 32.2128226353
2890 31.5725381478
2959 17.3236165716
3290 17.2892559365
3309 15.0239736673
3344 12.6448474779
3375 8.4428087567
3446 6.6645533586
3456 5.9664145058
3507 5.9131957396
3556 5.7142222098
3571 3.4299229724
3608 3.3203312443
3805 3.2601696301
3844 2.8015609741
3917 2.5146707985
3918 2.0730094536
4003 1.9736775140
4006 1.8750420180
4056 1.2677978063
4181 1.2332948792
4184 1.1946242771
4344 1.1403464766
4443 1.1278278831
4461 1.1019453496
4537 1.0630738052
4582 1.0552589645
4669 1.0341654943
4673 1.0336440667
4755 1.0324881187
4787 1.0273433185
4810 1.0170790125
4836 1.0139462178
4922 1.0021694009
4993 0.9995477916
5192 0.9972314567
5383 0.9969282915
5391 0.9963914524
5434 0.9960570467
5504 0.9953896580
5699 0.9952113166
5725 0.9950659936
6010 0.9950646856
6073 0.9950450078
6097 0.9950380433
6115 0.9950150714
6134 0.9950045686
6204 0.9949976257
6240 0.9949895484
6318 0.9949883814
6332 0.9949784440
6385 0.9949721696
6476 0.9949710320
6516 0.9949692560
6525 0.9949660460
6555 0.9949657210
6591 0.9949636148
6598 0.9949619430
6742 0.9949618859
6821 0.9949614824
6834 0.9949608874
6873 0.9949605404
6897 0.9949604600
6922 0.9949604264
6935 0.9949603002
6965 0.9949601661
6966 0.9949601565
6983 0.9949600334
6993 0.9949597206
7023 0.9949595881
7047 0.9949595283
7118 0.9949593557
7147 0.9949593118
7278 0.9949592597
7311 0.9949591882
7319 0.9949591493
7399 0.9949591311
7477 0.9949591226
7531 0.9949591099
7548 0.9949591020
7564 0.9949590931
7591 0.9949590881
7706 0.9949590828
7712 0.9949590769
7723 0.9949590750
7810 0.9949590750
7827 0.9949590614
8094 0.9949590612
8111 0.9949590602
8112 0.9949590596
8154 0.9949590593
8178 0.9949590588
8259 0.9949590583
8273 0.9949590579
8343 0.9949590578
8445 0.9949590576
8513 0.9949590575
8544 0.9949590574
8593 0.9949590573
8644 0.9949590573
8676 0.9949590572
8710 0.9949590572
8866 0.9949590571
8890 0.9949590571
9037 0.9949590571
9047 0.9949590571
9082 0.9949590571
9236 0.9949590571
9251 0.9949590571
9282 0.9949590571
9289 0.9949590571
9399 0.9949590571
9422 0.9949590571
9521 0.9949590571
9714 0.9949590571
9722 0.9949590571
9792 0.9949590571
9855 0.9949590571
9865 0.9949590571
9926 0.9949590571
10077 0.9949590571
10079 0.9949590571
10107 0.9949590571
10145 0.9949590571
10235 0.9949590571
10354 0.9949590571
10680 0.9949590571
10728 0.9949590571
11388 0.9949590571
evaluations raw_y
1 1002.7656559792
2 738.3856119883
9 605.2334240051
11 572.9989608900
12 559.1206628129
22 384.7985890688
32 304.9408002055
46 211.6304676041
61 207.2275628521
162 195.6730266713
170 152.4798546600
345 143.4825497362
378 117.6200138324
405 116.2044841681
530 108.5761876190
650 102.7642762484
656 76.5551224522
724 76.4338448902
953 54.1805532370
1653 53.8372166444
1789 49.6800381082
1900 46.5152046060
2049 32.0622725751
2701 31.1556033285
3626 22.8126999050
4194 19.9449605627
4570 9.9867989174
4641 8.0364359555
4832 6.6275681442
4889 6.4785389430
4922 5.4921512384
4978 5.0315157402
5070 4.3956264299
5126 4.0529163437
5168 3.8681977586
5169 3.7163613308
5263 3.6836108516
5333 3.5728645367
5429 3.4017315879
5505 3.3785190125
5582 3.2833418893
5641 3.2607402462
5665 3.2108783770
5741 3.1453565242
5821 3.1254070349
5839 3.0596698779
5947 3.0472057141
6108 3.0246741145
6145 3.0193167785
6217 2.9990119021
6432 2.9964671887
6452 2.9957026544
6470 2.9949097191
6471 2.9906026417
6553 2.9882521738
6635 2.9876835513
6750 2.9864310048
6891 2.9862173772
6903 2.9858274731
6942 2.9852988352
7091 2.9852777723
7242 2.9852419577
7263 2.9851848347
7314 2.9851303937
7349 2.9850325396
7408 2.9849975812
7459 2.9849400211
7670 2.9849342185
7687 2.9849075925
7818 2.9848943668
7945 2.9848927967
7987 2.9848918319
8007 2.9848908550
8027 2.9848856975
8059 2.9848845412
8097 2.9848837224
8143 2.9848835804
8147 2.9848817548
8173 2.9848809443
8279 2.9848803605
8338 2.9848802022
8367 2.9848786138
8377 2.9848783377
8401 2.9848779843
8561 2.9848777887
8625 2.9848775067
8769 2.9848774462
8777 2.9848773371
8899 2.9848772915
9022 2.9848772853
9034 2.9848772247
9276 2.9848772223
9281 2.9848772163
9291 2.9848772058
9325 2.9848771995
9331 2.9848771903
9379 2.9848771900
9396 2.9848771865
9431 2.9848771832
9505 2.9848771793
9522 2.9848771781
9610 2.9848771759
9676 2.9848771745
9764 2.9848771741
9783 2.9848771740
9791 2.9848771734
9824 2.9848771733
9914 2.9848771722
10014 2.9848771721
10063 2.9848771720
10071 2.9848771717
10107 2.9848771715
10335 2.9848771714
10405 2.9848771714
10460 2.9848771713
10683 2.9848771713
10739 2.9848771713
10770 2.9848771713
10813 2.9848771713
10863 2.9848771713
10867 2.9848771713
11133 2.9848771713
11173 2.9848771713
11453 2.9848771713
11476 2.9848771713
11495 2.9848771713
11515 2.9848771713
11568 2.9848771713
11620 2.9848771713
11636 2.9848771713
11661 2.9848771713
11710 2.9848771713
11781 2.9848771713
11810 2.9848771713
11870 2.9848771713
11959 2.9848771713
11962 2.9848771713
12041 2.9848771713
12134 2.9848771713
12646 2.9848771713
evaluations raw_y
1 1011.5169641931
8 885.2899988591
11 762.0979713734
21 633.8033714805
33 590.0124163653
36 573.0842407199
45 447.9619522630
60 439.8885450338
65 373.9019936914
90 369.0144340410
96 314.5411533539
121 276.1960690874
125 250.2891314684
146 154.8399931588
214 144.4223977157
449 130.8955762757
572 74.1789452511
818 73.7708984963
862 72.4390298634
1026 40.4459513953
1522 35.0312160126
2642 24.2394111734
2839 21.0789566630
2995 15.1596694032
2996 14.6461641026
3027 11.4304626547
3095 10.8301934421
3124 9.3235151413
3179 9.0149435663
3217 8.4823143148
3321 7.3870982221
3351 6.9046731396
3375 6.6809882557
3415 6.4234370245
3439 5.8669186119
3453 5.4744390375
3465 5.2539487760
3484 4.6733326227
3713 4.6613211779
3724 4.4660612014
3776 4.4607622306
3816 4.3897014984
3821 4.3814620880
3825 4.2802864734
3839 4.2419052028
3863 4.1269394970
3976 4.1204071766
4006 4.0834993888
4012 4.0621188038
4117 4.0279347885
4278 4.0193236367
4290 4.0091512180
4454 4.0050492938
4502 3.9983927270
4583 3.9973825066
4605 3.9953245567
4647 3.9951940600
4659 3.9915561257
4695 3.9909529248
4725 3.9884787547
4858 3.9848622557
4945 3.9831943510
5151 3.9815211523
5408 3.9812568988
5523 3.9809516899
5591 3.9807841430
5633 3.9804493684
5679 3.9803573363
5731 3.9800920068
5869 3.9799708618
5878 3.9799371280
5942 3.9799023335
6031 3.9798897542
6050 3.9798666527
6154 3.9798637210
6197 3.9798544250
6345 3.9798530311
6396 3.9798465328
6486 3.9798449160
6499 3.9798387718
6596 3.9798335237
6767 3.9798324837
7009 3.9798321151
7058 3.9798321126
7091 3.9798320751
7102 3.9798316826
7194 3.9798316401
7208 3.9798315137
7227 3.9798315073
7228 3.9798314908
7271 3.9798314457
7354 3.9798314088
7384 3.9798313870
7416 3.9798313607
7486 3.9798313398
7502 3.9798313306
7537 3.9798313278
7556 3.9798312551
7567 3.9798312506
7583 3.9798312367
7623 3.9798312363
7648 3.9798312210
7660 3.9798312093
7797 3.9798312055
7924 3.9798312031
7930 3.9798312003
7977 3.9798311987
8020 3.9798311972
8065 3.9798311952
8165 3.9798311937
8272 3.9798311936
8285 3.9798311934
8329 3.9798311926
8368 3.9798311924
8371 3.9798311918
8475 3.9798311918
8490 3.9798311912
8575 3.9798311910
8675 3.9798311909
8764 3.9798311908
8854 3.9798311908
8876 3.9798311908
8883 3.9798311908
8886 3.9798311908
8904 3.9798311908
8907 3.9798311907
8919 3.9798311907
8934 3.9798311907
8942 3.9798311907
8955 3.9798311906
9074 3.9798311906
9118 3.9798311906
9137 3.9798311906
9223 3.9798311906
9300 3.9798311906
9359 3.9798311906
9382 3.9798311906
9455 3.9798311906
9534 3.9798311906
9631 3.9798311906
9657 3.9798311906
9834 3.9798311906
9877 3.9798311906
9897 3.9798311906
9936 3.9798311906
9951 3.9798311906
9983 3.9798311906
10047 3.9798311906
10088 3.9798311906
10093 3.9798311906
10153 3.9798311906
10235 3.9798311906
10244 3.9798311906
10275 3.9798311906
10389 3.9798311906
10478 3.9798311906
10495 3.9798311906
10705 3.9798311906
11150 3.9798311906
evaluations raw_y
1 3457.1950873060
2 3076.2088658529
3 2613.2918181275
4 1660.1638982240
11 1593.2877079727
12 1326.5475601200
14 1001.3916918641
31 892.1362135061
40 857.9234635967
58 545.8478954113
68 530.3315704941
77 383.3615672271
94 310.6249610571
167 281.6650286608
180 239.5212483864
473 229.3264483478
483 220.8729746131
499 187.7754666145
505 183.1552763734
520 173.4381756945
558 142.7570493686
565 142.4564968620
591 134.6056894247
609 128.0786771185
630 109.2641058084
718 101.1815443107
749 97.8318310505
866 93.3579165432
877 92.5335914695
993 73.5650301357
1069 54.2821318330
1731 51.7071067808
1844 50.5374271378
1883 47.4251274865
2109 34.4433325827
2238 30.6196164310
2378 19.4697473267
2403 18.1680069946
2458 13.0903156480
2622 12.3940289839
2660 11.4986936030
2662 11.4581258381
2733 10.8703939514
2734 9.9580946223
2779 9.8773182657
2799 9.8224181748
2811 9.5730858746
2812 9.0134461673
2830 8.7207918298
2895 8.6614853178
2898 8.3326181863
2929 8.3313246983
2953 8.1923718559
2974 7.8477508977
3003 7.4897089740
3105 7.4701173716
3148 7.3525866258
3200 7.3255527063
3204 7.3252269897
3206 7.3029488112
3223 7.1128181892
3241 7.1077870911
3255 7.0912900462
3352 7.0679515692
3361 7.0321134829
3525 7.0197700114
3593 7.0131821398
3600 7.0043287431
3769 6.9959334855
3797 6.9906683574
3800 6.9887182247
3802 6.9850965409
3828 6.9837883414
3834 6.9818857214
3882 6.9817889789
3885 6.9803270391
3959 6.9708083804
4115 6.9701967073
4134 6.9696878670
4135 6.9695506359
4226 6.9679598254
4244 6.9671534066
4296 6.9665718466
4436 6.9664725793
4506 6.9658118067
4528 6.9656555667
4668 6.9653701872
4780 6.9651943555
4787 6.9650213533
4817 6.9650093722
4908 6.9649172868
4947 6.9648561544
4974 6.9648466261
5005 6.9647313673
5399 6.9647309741
5434 6.9647292555
5446 6.9647287084
5449 6.9647272969
5480 6.9647259279
5483 6.9647226474
5506 6.9647208307
5547 6.9647204527
5576 6.9647182949
5638 6.9647176810
5655 6.9647168331
5686 6.9647163542
5724 6.9647161899
5771 6.9647159283
5838 6.9647157618
5848 6.9647155994
5859 6.9647155634
5864 6.9647153433
5865 6.9647146961
5886 6.9647145290
6011 6.9647143021
6019 6.9647140646
6051 6.9647138636
6122 6.9647136657
6168 6.9647135593
6339 6.9647134870
6488 6.9647134535
6534 6.9647134270
6718 6.9647134226
6786 6.9647134099
6907 6.9647134093
6965 6.9647134082
6967 6.9647134074
7013 6.9647134062
7058 6.9647134053
7065 6.9647134029
7202 6.9647134023
7248 6.9647134015
7387 6.9647134014
7398 6.9647134014
7403 6.9647134009
7408 6.9647134004
7452 6.9647134001
7522 6.9647134000
7646 6.9647134000
7694 6.9647134000
7749 6.9647133998
7774 6.9647133998
7841 6.9647133998
7911 6.9647133998
7921 6.9647133998
7930 6.9647133997
7996 6.9647133997
8014 6.9647133997
8043 6.9647133997
8196 6.9647133997
8216 6.9647133997
8306 6.9647133997
8404 6.9647133997
8567 6.9647133997
8610 6.9647133997
8625 6.9647133997
8730 6.9647133997
8752 6.9647133997
8783 6.9647133997
8793 6.9647133997
8795 6.9647133997
8918 6.9647133997
8920 6.9647133997
8944 6.9647133997
8966 6.9647133997
9053 6.9647133997
9117 6.9647133997
9212 6.9647133997
9214 6.9647133997
9289 6.9647133997
9309 6.9647133997
9396 6.9647133997
9438 6.9647133997
9520 6.9647133997
9653 6.9647133997
9664 6.9647133997
9924 6.9647133997
11717 6.9647133997
evaluations raw_y
1 865.2421708257
3 615.5853154308
7 519.9694168913
16 510.5400623313
17 433.3069636268
27 309.3290807211
77 293.0380480766
79 271.1476773300
118 187.0641447633
164 165.1748543699
286 154.1526168451
461 151.6909717269
504 122.7815307851
542 113.8237982334
608 99.5215288121
680 99.0004082953
693 87.6882176910
751 69.4496455399
1004 69.4435362032
1051 62.2091606018
1215 58.1560823008
1403 51.3572868680
1508 47.7132080467
1675 38.8257311407
1948 34.1839725524
3733 34.0126880573
3762 28.5420117145
3767 21.6594326577
3842 18.7766834378
3867 17.7625025423
4131 16.2495217355
4154 9.8351927422
4448 9.1292404291
4562 8.5185968448
4579 7.5324950915
4624 7.1413441183
4649 7.0606730423
4688 5.7831882806
4820 5.7055847405
4825 5.2863520588
4848 5.2310436849
4913 5.0716726364
4919 4.9526756003
4961 4.8890127387
4980 4.3459258343
5214 4.3295736094
5221 4.2827101131
5223 4.2795508875
5229 4.1566354477
5238 4.1389025076
5273 4.0872473223
5392 4.0863175859
5460 4.0711446501
5510 4.0442577114
5696 4.0338874074
5715 4.0221725973
5737 4.0077473502
5742 4.0000169544
5926 3.9976863478
5967 3.9967054846
5970 3.9957823173
6003 3.9954007069
6012 3.9930790577
6072 3.9897492867
6092 3.9870183746
6093 3.9865129614
6136 3.9857948806
6197 3.9856990121
6202 3.9829886992
6289 3.9823173224
6311 3.9822318677
6328 3.9812715481
6426 3.9807936610
6600 3.9805447771
6605 3.9805282165
6608 3.9805154642
6611 3.9804916342
6616 3.9800899754
6849 3.9800896265
6907 3.9800555656
6920 3.9799988026
6944 3.9799691403
6947 3.9799481430
6965 3.9799456430
6974 3.9799208502
7029 3.9799124347
7069 3.9799063758
7093 3.9799026603
7127 3.9799002923
7137 3.9798913402
7155 3.9798563275
7323 3.9798549732
7339 3.9798518057
7352 3.9798483661
7406 3.9798483318
7418 3.9798451736
7493 3.9798411828
7564 3.9798405345
7643 3.9798400942
7675 3.9798389393
7774 3.9798386844
7825 3.9798386412
7831 3.9798377403
7870 3.9798374608
7958 3.9798370274
8074 3.9798366398
8190 3.9798365538
8237 3.9798364710
8269 3.9798364103
8362 3.9798363855
8427 3.9798363736
8442 3.9798363336
8471 3.9798362760
8479 3.9798362559
8652 3.9798362477
8735 3.9798362431
8808 3.9798362378
8958 3.9798362360
8993 3.9798362358
9006 3.9798362304
9181 3.9798362301
9267 3.9798362300
9289 3.9798362296
9353 3.9798362291
9428 3.9798362290
9431 3.9798362287
9522 3.9798362286
9629 3.9798362286
9640 3.9798362286
9678 3.9798362286
9690 3.9798362286
9702 3.9798362284
9955 3.9798362284
9966 3.9798362284
10010 3.9798362284
10169 3.9798362284
10247 3.9798362284
10248 3.9798362284
10275 3.9798362284
10452 3.9798362284
10519 3.9798362284
10561 3.9798362284
10628 3.9798362284
10810 3.9798362284
10869 3.9798362284
10897 3.9798362284
10908 3.9798362284
10952 3.9798362284
10968 3.9798362284
10985 3.9798362284
11235 3.9798362284
11268 3.9798362284
11380 3.9798362284
11433 3.9798362284
11526 3.9798362284
12227 3.9798362284
evaluations raw_y
1 977.1682024741
4 708.3160410001
12 580.7784601664
30 577.8034304968
34 482.8189635709
39 478.5961644814
41 282.3243073718
61 251.2943784123
105 228.9352621682
114 192.0915517739
167 138.4889612447
463 117.7174326809
612 105.3744538678
693 102.0126253584
730 97.8940111923
736 90.4293886757
842 77.1950232540
928 57.1182539308
974 55.0768081588
1270 47.6759560160
1519 45.4671370217
2299 36.6565270327
2966 26.5212901784
4262 23.7408229352
4273 19.9405156311
4281 16.9635340866
4299 15.4601789768
4493 10.4075455470
4533 9.6364068551
4534 9.3898352955
4698 7.4729566365
4752 6.6771282323
4896 6.3519721474
4931 6.0901448574
4949 5.6190059443
5129 5.4880883141
5176 5.3503657254
5258 5.3424813335
5281 5.1729457353
5336 5.1175780607
5388 5.1100596750
5483 5.0890824961
5616 5.0744230366
5649 5.0364073318
5714 5.0242819821
5762 5.0168120783
5833 5.0126928158
5854 5.0124185698
5889 5.0099596501
5935 4.9984244499
6034 4.9867674898
6198 4.9827055276
6230 4.9770845367
6513 4.9765412387
6640 4.9755241709
6775 4.9754366731
6807 4.9753951651
6874 4.9753089331
6966 4.9752249597
6998 4.9752084998
7018 4.9751527336
7028 4.9751468534
7034 4.9750737433
7054 4.9750730158
7065 4.9750361682
7134 4.9749802298
7249 4.9748610777
7428 4.9748337438
7583 4.9748295225
7657 4.9748281640
7700 4.9748191358
7717 4.9748161928
7758 4.9748146751
7769 4.9748125872
7773 4.9748105648
7846 4.9748034167
7888 4.9748000199
8059 4.9747995552
8171 4.9747994299
8189 4.9747983954
8213 4.9747982808
8226 4.9747975178
8281 4.9747968885
8352 4.9747965975
8387 4.9747963045
8427 4.9747962950
8445 4.9747959981
8565 4.9747959238
8586 4.9747957882
8605 4.9747956452
8682 4.9747955930
8744 4.9747954912
8761 4.9747953778
8801 4.9747953501
9022 4.9747953279
9125 4.9747953249
9135 4.9747953242
9171 4.9747953230
9186 4.9747953093
9273 4.9747952997
9393 4.9747952987
9437 4.9747952968
9445 4.9747952960
9446 4.9747952913
9539 4.9747952904
9558 4.9747952886
9578 4.9747952879
9723 4.9747952877
9750 4.9747952875
9771 4.9747952871
9831 4.9747952870
9856 4.9747952870
9864 4.9747952865
9865 4.9747952864
9869 4.9747952863
9886 4.9747952863
9920 4.9747952862
9978 4.9747952861
10000 4.9747952861
10050 4.9747952860
10082 4.9747952859
10087 4.9747952859
10120 4.9747952857
10169 4.9747952856
10238 4.9747952856
10250 4.9747952856
10297 4.9747952855
10375 4.9747952855
10381 4.9747952855
10453 4.9747952855
10460 4.9747952855
10492 4.9747952855
10543 4.9747952855
10575 4.9747952855
10631 4.9747952855
10710 4.9747952855
10778 4.9747952855
10788 4.9747952855
10825 4.9747952855
10958 4.9747952855
10963 4.9747952855
11007 4.9747952855
11081 4.9747952855
11117 4.9747952855
11154 4.9747952855
11223 4.9747952855
11254 4.9747952855
11262 4.9747952855
11296 4.9747952855
11448 4.9747952855
11554 4.9747952855
11836 4.9747952855
evaluations raw_y
1 2447.4252444963
12 947.3832780001
42 635.2658757542
55 548.8964700660
62 327.3094461195
96 250.7738983173
365 243.4949819864
377 181.3748062177
472 173.7281150562
509 147.6557498208
577 147.2450160317
580 135.9505571507
584 133.5311537857
618 83.0602653832
896 58.6844643831
1251 57.5961917520
1512 53.0860608183
1744 34.1390659563
2885 32.1876907227
3077 28.3920112697
3152 26.8627195945
3169 24.0444103567
3240 23.2388477549
3286 20.4927402220
3352 17.4244212055
3508 15.9137478057
3576 11.3224486559
3632 11.1290980955
3654 9.7098437610
3674 8.0532140274
3680 7.0464155930
3898 6.7091165719
3982 6.5593095261
4004 6.0978221069
4020 5.2559808885
4044 5.1404915565
4115 4.7398434162
4159 4.1744922016
4389 4.1641004996
4420 4.1380402887
4449 4.1097511933
4525 4.0761874950
4563 4.0436700996
4633 4.0391058711
4681 4.0142882124
4764 4.0095817348
4820 4.0010089298
4865 4.0007616574
4912 3.9939701992
4942 3.9928673680
4948 3.9928159352
4951 3.9922019634
4970 3.9915030576
5014 3.9884491449
5063 3.9862690342
5090 3.9848031552
5113 3.9844331904
5166 3.9843376546
5187 3.9840574332
5233 3.9828334144
5283 3.9823334411
5479 3.9817082174
5529 3.9815905666
5605 3.9810474042
5629 3.9810322984
5650 3.9804623369
5864 3.9804464137
5885 3.9804362489
5940 3.9803654919
5991 3.9803596208
6003 3.9803322878
6048 3.9802128851
6049 3.9800484549
6127 3.9800119093
6168 3.9799794442
6235 3.9799689907
6237 3.9799616037
6265 3.9799289368
6325 3.9799279690
6406 3.9799124451
6448 3.9798983259
6457 3.9798802706
6529 3.9798706385
6535 3.9798656336
6551 3.9798569828
6641 3.9798556662
6700 3.9798551295
6707 3.9798524944
6765 3.9798503380
6774 3.9798477465
6784 3.9798420035
6879 3.9798404564
6894 3.9798404032
6952 3.9798403231
6955 3.9798394998
6979 3.9798389293
7041 3.9798387627
7110 3.9798383200
7120 3.9798381973
7159 3.9798377434
7174 3.9798372580
7200 3.9798369279
7328 3.9798368972
7355 3.9798367435
7359 3.9798365840
7447 3.9798365763
7530 3.9798364887
7534 3.9798363779
7556 3.9798363355
7604 3.9798363266
7688 3.9798362792
7848 3.9798362700
7887 3.9798362461
7939 3.9798362438
8062 3.9798362422
8095 3.9798362396
8169 3.9798362384
8197 3.9798362368
8214 3.9798362358
8264 3.9798362344
8270 3.9798362329
8324 3.9798362324
8366 3.9798362317
8383 3.9798362317
8439 3.9798362314
8454 3.9798362311
8468 3.9798362290
8696 3.9798362289
8719 3.9798362288
8810 3.9798362287
8849 3.9798362285
8974 3.9798362285
8978 3.9798362285
9007 3.9798362285
9031 3.9798362285
9047 3.9798362285
9062 3.9798362284
9228 3.9798362284
9250 3.9798362284
9282 3.9798362284
9311 3.9798362284
9334 3.9798362284
9388 3.9798362284
9420 3.9798362284
9442 3.9798362284
9536 3.9798362284
9551 3.9798362284
9612 3.9798362284
9660 3.9798362284
9678 3.9798362284
9722 3.9798362284
9749 3.9798362284
9814 3.9798362284
9827 3.9798362284
9887 3.9798362284
9914 3.9798362284
10083 3.9798362284
10285 3.9798362284
10399 3.9798362284
10422 3.9798362284
10432 3.9798362284
10458 3.9798362284
10506 3.9798362284
10508 3.9798362284
10560 3.9798362284
10590 3.9798362284
10596 3.9798362284
10893 3.9798362284
11401 3.9798362284
12279 3.9798362284
evaluations raw_y
1 910.3002832133
3 608.0151866654
17 547.2264442679
23 454.0573562830
25 295.1712374646
30 218.9629231196
61 165.2630939348
211 161.4424697137
221 138.6069071540
348 124.0125250205
377 113.6572410854
380 110.1536797836
404 95.2185432632
438 91.3780769170
571 84.6035632476
693 49.1906580309
840 46.6781983639
1376 40.8738919891
1604 37.8019461403
3719 28.3979766363
3809 26.8752421251
3844 19.1682480094
4003 15.7130652371
4147 13.8434743758
4167 11.5166502578
4248 10.1497068400
4341 9.1649450242
4396 7.0024539026
4495 6.6880934208
4518 6.4496586890
4573 6.0960173629
4607 5.7624229447
4614 5.2681538407
4658 5.1571862989
4679 5.1367323114
4723 5.0629742531
4737 4.7231400490
4792 4.5451935193
4890 4.3178628745
4934 4.2955183434
5002 4.1700120621
5105 4.1245045545
5182 4.0333115140
5575 4.0174801548
5637 4.0080963181
5689 4.0066834689
5729 3.9962432351
5731 3.9856987996
5967 3.9852854925
5997 3.9835284540
6165 3.9811873049
6248 3.9809785897
6363 3.9807406921
6463 3.9807022249
6480 3.9806949569
6491 3.9803487755
6555 3.9802679958
6562 3.9801817712
6596 3.9801127108
6698 3.9800299141
6746 3.9799714390
6783 3.9798659674
7146 3.9798624650
7179 3.9798535290
7319 3.9798509820
7335 3.9798436049
7471 3.9798404521
7599 3.9798401319
7622 3.9798397601
7661 3.9798397147
7662 3.9798396218
7677 3.9798395969
7680 3.9798394932
7696 3.9798390287
7721 3.9798389979
7722 3.9798388947
7724 3.9798381491
7727 3.9798375954
7802 3.9798375176
7820 3.9798370945
7845 3.9798370602
7852 3.9798367078
8016 3.9798365895
8078 3.9798365709
8111 3.9798365631
8128 3.9798364993
8183 3.9798364665
8244 3.9798364070
8262 3.9798364057
8287 3.9798363921
8288 3.9798363264
8401 3.9798363017
8437 3.9798362926
8449 3.9798362767
8469 3.9798362696
8518 3.9798362693
8568 3.9798362535
8613 3.9798362394
8793 3.9798362380
8841 3.9798362321
9085 3.9798362310
9135 3.9798362300
9203 3.9798362300
9303 3.9798362299
9335 3.9798362298
9344 3.9798362297
9358 3.9798362293
9402 3.9798362293
9438 3.9798362292
9440 3.9798362289
9505 3.9798362287
9613 3.9798362287
9630 3.9798362286
9702 3.9798362286
9733 3.9798362285
9760 3.9798362285
9875 3.9798362285
9907 3.9798362284
9992 3.9798362284
10005 3.9798362284
10012 3.9798362284
10029 3.9798362284
10042 3.9798362284
10045 3.9798362284
10115 3.9798362284
10190 3.9798362284
10202 3.9798362284
10235 3.9798362284
10245 3.9798362284
10270 3.9798362284
10277 3.9798362284
10278 3.9798362284
10313 3.9798362284
10363 3.9798362284
10468 3.9798362284
10570 3.9798362284
10585 3.9798362284
10616 3.9798362284
10619 3.9798362284
10643 3.9798362284
10664 3.9798362284
10771 3.9798362284
10776 3.9798362284
10878 3.9798362284
10939 3.9798362284
10941 3.9798362284
10963 3.9798362284
11014 3.9798362284
11049 3.9798362284
11187 3.9798362284
11273 3.9798362284
11361 3.9798362284
11386 3.9798362284
11407 3.9798362284
11496 3.9798362284
11840 3.9798362284
11928 3.9798362284
12361 3.9798362284
12393 3.9798362284
23968 3.9798362284
57403 3.9798362284
evaluations raw_y
1 2660.6928487067
2 1044.6498523080
3 828.8939841145
4 703.7668901695
6 513.3385726720
10 439.3847638688
12 404.3488902978
13 368.4227112743
19 347.6272749606
23 277.1018164138
36 255.2607242240
43 250.4686550604
64 213.3825369169
90 131.2390533246
296 105.7529605862
428 99.0190822309
495 89.4288173583
515 76.6218870813
525 70.6167282452
780 61.9769399944
807 61.8733474792
998 54.3352219188
1208 53.9818070552
1256 50.2062342989
1279 42.9730040217
1974 41.7380555536
2330 20.2738122162
3958 19.5502442383
4029 13.1085410842
4140 11.1560219954
4389 9.9411789246
4415 8.2439922180
4513 7.6441605993
4565 7.5512004608
4596 7.4490357502
4641 7.0052861471
4709 6.9904083802
4755 6.9308604459
4770 6.9115300588
4793 6.9115065501
4797 6.8434988836
4802 6.7260320279
4804 6.5794544607
4876 6.2969388290
5102 6.2258752975
5130 6.2215566492
5142 6.1113529689
5187 6.1049741256
5255 6.0291353842
5428 5.9897257874
5594 5.9870449653
5762 5.9868418755
5776 5.9849848999
5778 5.9769828986
5994 5.9759306379
6051 5.9733435344
6092 5.9717031290
6198 5.9707602059
6310 5.9707252136
6374 5.9702097997
6529 5.9702034653
6603 5.9701596291
6616 5.9700436116
6633 5.9700423261
6705 5.9700224841
6722 5.9699108415
6723 5.9698694468
6808 5.9698530874
6988 5.9697994089
7151 5.9697960596
7161 5.9697783039
7236 5.9697740958
7247 5.9697728755
7304 5.9697687672
7313 5.9697683434
7336 5.9697650803
7357 5.9697650068
7383 5.9697643705
7406 5.9697618090
7464 5.9697612115
7469 5.9697567680
7518 5.9697566713
7571 5.9697563487
7715 5.9697558240
7779 5.9697557398
7828 5.9697551014
7969 5.9697550470
8006 5.9697548711
8079 5.9697546224
8189 5.9697544981
8334 5.9697544564
8380 5.9697544259
8480 5.9697544108
8492 5.9697543986
8588 5.9697543884
8596 5.9697543822
8611 5.9697543805
8613 5.9697543781
8622 5.9697543579
8712 5.9697543563
8845 5.9697543553
8849 5.9697543534
8904 5.9697543511
8946 5.9697543479
8949 5.9697543468
9014 5.9697543462
9153 5.9697543448
9170 5.9697543439
9353 5.9697543438
9364 5.9697543438
9400 5.9697543435
9403 5.9697543434
9449 5.9697543431
9471 5.9697543430
9554 5.9697543429
9556 5.9697543429
9640 5.9697543429
9660 5.9697543428
9677 5.9697543428
9710 5.9697543427
9730 5.9697543427
9751 5.9697543427
9761 5.9697543426
9855 5.9697543426
9864 5.9697543426
9938 5.9697543426
9966 5.9697543426
9994 5.9697543426
10007 5.9697543426
10015 5.9697543426
10021 5.9697543426
10062 5.9697543426
10084 5.9697543426
10205 5.9697543426
10249 5.9697543426
10261 5.9697543426
10283 5.9697543426
10295 5.9697543426
10339 5.9697543426
10347 5.9697543426
10375 5.9697543426
10387 5.9697543426
10406 5.9697543426
10410 5.9697543426
10415 5.9697543426
10416 5.9697543426
10424 5.9697543426
10507 5.9697543426
10531 5.9697543426
10615 5.9697543426
10622 5.9697543426
10721 5.9697543426
10815 5.9697543426
10817 5.9697543426
10906 5.9697543426
10981 5.9697543426
10993 5.9697543426
10999 5.9697543426
11000 5.9697543426
11273 5.9697543426
11450 5.9697543426
11688 5.9697543426
11827 5.9697543426
evaluations raw_y
1 2970.3010602702
3 2695.6714324106
6 1795.4767715210
9 1185.2107310175
11 753.6789608619
19 658.2571795216
31 472.0376609869
35 391.1822150088
57 390.8533021713
63 301.5313232240
134 241.8185291371
320 192.8305921352
385 105.2702723912
587 102.7466165624
604 82.7100131986
745 74.7096499950
747 72.8621178970
878 62.3019062627
1219 44.6833479011
1436 44.2289276963
2083 38.7210641254
2843 27.2361119762
4573 26.0728637712
4602 22.1065683362
4682 18.2521888549
4826 16.0800819305
4831 13.0553204284
4950 12.0869269491
4997 8.7075419895
5121 8.3583481125
5218 7.6907977858
5234 6.5940900626
5239 3.7378654055
5470 3.5778810749
5503 2.5180125039
5531 2.4819370403
5560 2.3369551093
5588 2.1311570697
5599 1.9935286530
5656 1.2827702290
5817 1.1697596633
6016 1.1277717839
6134 1.1169240354
6141 1.0669609175
6257 1.0204356078
6451 1.0167701083
6480 1.0118579100
6509 1.0112301508
6520 1.0092981624
6542 1.0045863636
6761 1.0036044975
6788 1.0032847435
6796 1.0007918473
6966 1.0004246516
6987 0.9998057940
7036 0.9995859273
7039 0.9994450117
7042 0.9991129297
7043 0.9974248711
7155 0.9965075235
7156 0.9965058393
7274 0.9960829468
7487 0.9955901389
7777 0.9954767384
7937 0.9953844084
8004 0.9953684955
8046 0.9953082549
8074 0.9951054827
8237 0.9950805405
8240 0.9950764399
8298 0.9950699616
8327 0.9950673843
8337 0.9950641725
8341 0.9950391520
8357 0.9950155241
8416 0.9950087360
8429 0.9949844956
8554 0.9949807539
8568 0.9949769964
8692 0.9949670357
8769 0.9949663175
8874 0.9949661218
8877 0.9949649013
8901 0.9949633998
8925 0.9949619590
9042 0.9949613211
9078 0.9949610392
9084 0.9949603646
9209 0.9949601731
9278 0.9949595388
9299 0.9949594405
9519 0.9949594185
9533 0.9949593476
9541 0.9949592507
9648 0.9949592336
9712 0.9949592308
9741 0.9949592118
9782 0.9949591683
9828 0.9949591515
9863 0.9949590869
10078 0.9949590802
10100 0.9949590796
10152 0.9949590759
10162 0.9949590741
10195 0.9949590687
10295 0.9949590676
10336 0.9949590671
10345 0.9949590669
10359 0.9949590606
10377 0.9949590601
10524 0.9949590595
10532 0.9949590590
10559 0.9949590589
10621 0.9949590587
10635 0.9949590582
10681 0.9949590581
10717 0.9949590581
10745 0.9949590580
10776 0.9949590576
10882 0.9949590575
10909 0.9949590573
10983 0.9949590573
11032 0.9949590573
11125 0.9949590572
11131 0.9949590572
11188 0.9949590571
11332 0.9949590571
11355 0.9949590571
11397 0.9949590571
11456 0.9949590571
11469 0.9949590571
11488 0.9949590571
11504 0.9949590571
11507 0.9949590571
11525 0.9949590571
11699 0.9949590571
11784 0.9949590571
11818 0.9949590571
11819 0.9949590571
11848 0.9949590571
11890 0.9949590571
11911 0.9949590571
11930 0.9949590571
11941 0.9949590571
11953 0.9949590571
12026 0.9949590571
12075 0.9949590571
12095 0.9949590571
12119 0.9949590571
12121 0.9949590571
12259 0.9949590571
12264 0.9949590571
12438 0.9949590571
12718 0.9949590571
13055 0.9949590571
evaluations raw_y
1 1704.6829848279
3 485.5179039299
13 470.3679297544
18 319.7750708405
54 276.8128045162
65 261.0271601710
67 223.5955027968
73 222.0426475000
79 209.0232706202
100 207.9405753907
110 132.5097716036
456 120.9199940015
509 83.1512819500
740 63.5234238545
961 52.4492300358
1001 51.9162430287
1308 48.0813156517
1415 39.6466059831
3064 37.9080010538
3356 34.8487876274
3560 29.4408156321
3564 27.3105754075
3766 26.9091743889
3771 25.7503886046
3787 10.7989723645
4064 10.0743186311
4101 6.4370757031
4251 4.4146595879
4460 4.3748286965
4516 4.2850341479
4579 3.9185417069
4630 3.8893995761
4659 3.6909305380
4784 3.6478636680
4809 3.5105640041
4900 3.2879201035
4992 3.2433965356
5004 3.2292475961
5143 3.1771782639
5144 3.1453959788
5177 3.1009726843
5251 3.0744509733
5328 3.0449513939
5377 3.0062640722
5627 2.9942635264
5898 2.9919269155
5922 2.9901131418
5989 2.9880883734
6170 2.9880400834
6204 2.9870845723
6276 2.9870722812
6298 2.9865674861
6348 2.9862782526
6350 2.9861529538
6380 2.9859315591
6404 2.9857067989
6560 2.9855435113
6578 2.9854419945
6637 2.9853012898
6752 2.9852470610
6755 2.9851724526
6791 2.9849844039
6946 2.9849707431
7036 2.9849641980
7065 2.9849457959
7127 2.9849299957
7207 2.9849109425
7356 2.9849104435
7428 2.9849042733
7491 2.9848981828
7549 2.9848970510
7578 2.9848951890
7580 2.9848942667
7625 2.9848931455
7629 2.9848924364
7647 2.9848911754
7661 2.9848881948
7723 2.9848872269
7730 2.9848857031
7821 2.9848850442
7899 2.9848838390
7914 2.9848837697
8004 2.9848796023
8163 2.9848791700
8438 2.9848789869
8477 2.9848784075
8521 2.9848777307
8764 2.9848774591
8869 2.9848774308
8948 2.9848774126
8984 2.9848773741
9018 2.9848773201
9019 2.9848773170
9096 2.9848772986
9111 2.9848772948
9166 2.9848772878
9177 2.9848772736
9191 2.9848772188
9276 2.9848772076
9308 2.9848772045
9347 2.9848772022
9364 2.9848772001
9365 2.9848771990
9369 2.9848771946
9383 2.9848771888
9419 2.9848771789
9511 2.9848771765
9608 2.9848771741
9719 2.9848771727
9895 2.9848771723
9969 2.9848771720
10000 2.9848771720
10016 2.9848771717
10122 2.9848771717
10124 2.9848771716
10181 2.9848771716
10203 2.9848771715
10376 2.9848771715
10377 2.9848771714
10381 2.9848771714
10384 2.9848771714
10388 2.9848771714
10514 2.9848771714
10532 2.9848771714
10534 2.9848771713
10633 2.9848771713
10668 2.9848771713
10669 2.9848771713
10704 2.9848771713
10710 2.9848771713
10810 2.9848771713
10886 2.9848771713
11129 2.9848771713
11174 2.9848771713
11237 2.9848771713
11264 2.9848771713
11283 2.9848771713
11285 2.9848771713
11315 2.9848771713
11389 2.9848771713
11429 2.9848771713
11495 2.9848771713
11497 2.9848771713
11643 2.9848771713
11711 2.9848771713
11778 2.9848771713
11820 2.9848771713
11887 2.9848771713
11890 2.9848771713
11975 2.9848771713
12036 2.9848771713
12143 2.9848771713
12312 2.9848771713
12378 2.9848771713
12524 2.9848771713
13128 2.9848771713
13442 2.9848771713
evaluations raw_y
1 790.3882470025
3 488.4785590510
14 342.7732374435
33 277.4347382588
38 248.9515784356
61 233.3186299795
74 208.1597299053
90 155.7713691786
209 148.0312087965
381 120.5570308742
445 88.6384880967
592 86.0830777322
711 81.9408058747
714 81.4984174449
754 78.8761582990
776 73.4542469821
899 51.0703607671
939 47.7793941985
1851 19.6269420413
3090 13.8275641782
3311 7.6529117350
3452 7.2478465137
3459 6.3112247939
3510 5.5525285670
3600 3.6307476748
3710 3.4107960445
3960 3.3777411657
4022 3.2768749917
4027 3.2431511523
4216 3.2324271942
4295 3.1675038352
4322 3.1659933347
4342 3.1238347187
4430 3.0966839208
4468 3.0410995190
4690 3.0375555295
4697 3.0330384043
4721 3.0261522357
4731 3.0162323718
4737 3.0136662068
4762 3.0052907045
4788 3.0040911891
4911 3.0028406400
5043 3.0019645257
5044 2.9994811870
5085 2.9991402763
5109 2.9945175090
5179 2.9935503427
5266 2.9914933469
5339 2.9908204230
5373 2.9905351442
5377 2.9882401306
5604 2.9874579728
5968 2.9872530787
6150 2.9868868841
6232 2.9855571593
6553 2.9855419156
6569 2.9854647953
6645 2.9852930013
6648 2.9851161088
6841 2.9850659183
6854 2.9849851893
6872 2.9849724184
6935 2.9849313092
6991 2.9849213714
7069 2.9849192841
7161 2.9849146994
7202 2.9848929662
7317 2.9848929641
7352 2.9848877021
7389 2.9848852434
7391 2.9848846713
7427 2.9848828043
7503 2.9848821045
7510 2.9848798598
7702 2.9848794976
7742 2.9848784853
7752 2.9848783300
7805 2.9848781886
7879 2.9848777034
7934 2.9848776733
7942 2.9848773271
8110 2.9848773135
8261 2.9848772769
8302 2.9848772639
8350 2.9848772472
8365 2.9848772441
8433 2.9848772294
8436 2.9848772148
8509 2.9848772003
8516 2.9848771970
8554 2.9848771902
8573 2.9848771874
8641 2.9848771857
8789 2.9848771794
8868 2.9848771779
8975 2.9848771769
8995 2.9848771768
9001 2.9848771757
9044 2.9848771756
9070 2.9848771748
9124 2.9848771736
9133 2.9848771729
9240 2.9848771727
9320 2.9848771722
9341 2.9848771721
9399 2.9848771720
9439 2.9848771719
9462 2.9848771718
9491 2.9848771718
9500 2.9848771716
9507 2.9848771716
9581 2.9848771715
9597 2.9848771715
9686 2.9848771715
9691 2.9848771715
9710 2.9848771714
9716 2.9848771714
9819 2.9848771714
9871 2.9848771714
9884 2.9848771713
9911 2.9848771713
9950 2.9848771713
9957 2.9848771713
9964 2.9848771713
10111 2.9848771713
10442 2.9848771713
10524 2.9848771713
10528 2.9848771713
10544 2.9848771713
10546 2.9848771713
10618 2.9848771713
10799 2.9848771713
10841 2.9848771713
10908 2.9848771713
11074 2.9848771713
11160 2.9848771713
11547 2.9848771713
evaluations raw_y
1 918.5694212767
3 748.4705187955
4 407.1889247100
15 324.7273474772
32 215.6420701432
66 205.2137849657
172 201.6052128938
180 181.4817862732
219 179.0553883829
288 155.6734679429
313 153.6450812056
345 147.5848867629
396 145.1671278085
401 128.7246960855
424 119.2524597490
579 108.3786570341
587 102.4507775368
596 91.8398039867
633 82.7605698821
822 79.8330200382
878 78.8816993216
1029 64.2040147574
1104 64.1579706880
1217 63.9253536134
1306 54.4939330472
1400 54.2684071683
1449 46.5281355043
2311 40.3163452059
2767 27.3294683865
2960 21.3366340386
2970 19.2592283523
3113 18.4507602112
3154 17.6439589819
3195 13.1472111233
3291 9.4982113191
3370 8.9818642013
3525 7.4101316236
3596 5.9470463746
3692 5.6621724753
3884 5.6385892668
3936 5.5246394037
3951 5.3303632614
4172 5.3105195598
4203 5.2863596054
4319 5.2400569890
4344 5.1346411403
4475 5.0814015069
4511 5.0657372996
4547 5.0429810825
4595 5.0365054236
4617 5.0265998277
4664 5.0043126794
4700 4.9907366108
4906 4.9829381224
5148 4.9806966802
5191 4.9804476103
5276 4.9793951514
5295 4.9792710537
5341 4.9787766453
5345 4.9781997304
5381 4.9775179694
5460 4.9770500658
5585 4.9770312974
5589 4.9762313156
5645 4.9760771644
5846 4.9758598754
5881 4.9755260665
5952 4.9755160061
5958 4.9752405263
6061 4.9751398861
6191 4.9750651182
6201 4.9750154540
6229 4.9749719419
6310 4.9749692969
6311 4.9749284033
6349 4.9749112022
6399 4.9748496236
6596 4.9748329092
6638 4.9748269139
6663 4.9748267002
6671 4.9748249641
6686 4.9748244070
6689 4.9748123523
6807 4.9748121909
6841 4.9748113315
6845 4.9748088307
6871 4.9748062762
6900 4.9748045179
6940 4.9748029355
6992 4.9748021242
7000 4.9748007772
7001 4.9748002772
7024 4.9747992153
7059 4.9747977633
7118 4.9747974663
7164 4.9747970849
7242 4.9747970247
7274 4.9747969783
7297 4.9747959111
7352 4.9747957994
7500 4.9747955904
7591 4.9747955796
7593 4.9747955601
7611 4.9747954931
7641 4.9747954048
7797 4.9747954030
7850 4.9747953811
7873 4.9747953585
7898 4.9747953327
7947 4.9747953276
8104 4.9747953152
8153 4.9747952955
8271 4.9747952933
8337 4.9747952899
8476 4.9747952883
8564 4.9747952878
8605 4.9747952876
8690 4.9747952869
8728 4.9747952865
8866 4.9747952860
8904 4.9747952860
8994 4.9747952858
9074 4.9747952857
9078 4.9747952857
9118 4.9747952856
9185 4.9747952856
9250 4.9747952855
9456 4.9747952855
9471 4.9747952855
9519 4.9747952855
9548 4.9747952855
9555 4.9747952855
9569 4.9747952855
9571 4.9747952855
9584 4.9747952855
9619 4.9747952855
9650 4.9747952855
9690 4.9747952855
9834 4.9747952855
9875 4.9747952855
9880 4.9747952855
9945 4.9747952855
9997 4.9747952855
10043 4.9747952855
10112 4.9747952855
10175 4.9747952855
10189 4.9747952855
10295 4.9747952855
10312 4.9747952855
10376 4.9747952855
10389 4.9747952855
10400 4.9747952855
10542 4.9747952855
10831 4.9747952855
10838 4.9747952855
10974 4.9747952855
11157 4.9747952855
13667 4.9747952855
53256 4.9747952855
evaluations raw_y
1 2039.6144428799
2 1645.0886381364
4 1312.8229965818
11 1046.1001966759
13 883.0454336771
31 754.3154523281
32 724.8884788026
34 709.1581329282
35 536.3795193404
62 401.5898352780
69 344.2368835159
107 299.2433487431
135 297.7771272422
325 243.9911499255
362 241.4243656312
396 171.4592767136
485 108.1899926506
559 102.2594164174
905 101.6033625133
925 92.7149928427
946 82.5673094849
1083 64.0846192374
1153 62.5839827717
1347 59.2838365543
1361 52.7055883309
1556 46.9967650650
1631 36.6735404705
2669 34.0467076140
2800 24.6955144390
2805 23.9111450161
2842 16.5140514204
2994 11.4655755216
3041 11.3851810824
3087 9.7331446007
3148 9.6164568639
3314 8.2369200928
3431 7.0080162405
3491 6.9409346922
3532 6.7599417729
3561 6.6750377437
3578 6.1797087382
3674 5.8586268174
3717 5.7951638311
3748 5.2392450809
4114 5.1682318834
4119 5.0889300396
4338 5.0244594505
4533 5.0210656075
4580 5.0142962343
4621 5.0107866835
4631 4.9999040993
4644 4.9934496947
4772 4.9906864128
4787 4.9870283052
4860 4.9869574255
4890 4.9827667804
4998 4.9789864929
5268 4.9789053556
5314 4.9783677649
5351 4.9764102848
5525 4.9758412681
5602 4.9756405639
5669 4.9754528833
5752 4.9751520859
5821 4.9751326693
5856 4.9750147187
5954 4.9749614498
6033 4.9748610205
6152 4.9748521382
6202 4.9748385127
6291 4.9748209058
6354 4.9748202943
6364 4.9748189668
6422 4.9748115076
6430 4.9748102040
6478 4.9748046563
6513 4.9747985444
6663 4.9747971936
6913 4.9747965252
6998 4.9747963580
7036 4.9747963033
7046 4.9747960517
7054 4.9747960013
7099 4.9747959767
7109 4.9747959182
7162 4.9747958074
7170 4.9747956757
7246 4.9747955222
7336 4.9747954710
7375 4.9747954597
7394 4.9747953935
7472 4.9747953718
7503 4.9747953541
7515 4.9747953229
7713 4.9747953144
7716 4.9747953136
7759 4.9747953101
7786 4.9747953099
7800 4.9747953050
7810 4.9747953038
7816 4.9747952992
7863 4.9747952959
7939 4.9747952929
7963 4.9747952919
7974 4.9747952911
8005 4.9747952896
8019 4.9747952893
8036 4.9747952891
8116 4.9747952883
8124 4.9747952879
8128 4.9747952876
8227 4.9747952872
8233 4.9747952872
8272 4.9747952867
8329 4.9747952861
8414 4.9747952859
8585 4.9747952859
8627 4.9747952858
8629 4.9747952858
8645 4.9747952857
8668 4.9747952857
8686 4.9747952857
8693 4.9747952856
8726 4.9747952856
8797 4.9747952856
8816 4.9747952856
8833 4.9747952856
8853 4.9747952856
8877 4.9747952855
8926 4.9747952855
9014 4.9747952855
9127 4.9747952855
9152 4.9747952855
9176 4.9747952855
9243 4.9747952855
9276 4.9747952855
9408 4.9747952855
9414 4.9747952855
9471 4.9747952855
9531 4.9747952855
9538 4.9747952855
9557 4.9747952855
9753 4.9747952855
9797 4.9747952855
9804 4.9747952855
9861 4.9747952855
9867 4.9747952855
9893 4.9747952855
9953 4.9747952855
9973 4.9747952855
9989 4.9747952855
9990 4.9747952855
10024 4.9747952855
10087 4.9747952855
10095 4.9747952855
10127 4.9747952855
10265 4.9747952855
10332 4.9747952855
10397 4.9747952855
10778 4.9747952855
12030 4.9747952855
evaluations raw_y
1 1049.6254177197
2 785.1194688097
3 486.3384183773
12 472.9325126696
18 350.8077367482
36 333.8425239159
52 318.6052386109
58 197.6681550172
64 179.3373721263
100 176.7278104204
104 171.0230484076
187 161.4240324626
194 106.3687331117
445 83.8257778168
468 78.5173450318
945 66.3517410026
1045 61.3580900482
1088 59.8488691012
1145 58.5979450414
1206 57.0657439156
1414 55.7386080911
1423 52.6613665310
1780 23.9669072629
6396 19.0335717124
6429 14.6465865600
6560 13.1091808707
6628 9.6834551157
6752 9.5455966791
6832 8.9304789075
6849 7.4218905568
6963 7.1267526192
7015 6.5811519343
7062 5.9866349242
7178 5.7376751627
7276 5.5357316266
7323 5.4147470110
7343 5.3827612789
7350 5.3797393481
7353 5.2450650020
7398 5.1086655125
7624 5.0710404315
7648 5.0487316348
7700 5.0469993226
7767 5.0437107726
7779 5.0249204484
7792 5.0202584702
7796 5.0181702893
7809 5.0082538153
7841 5.0075266353
7901 5.0067604888
7917 5.0052321673
7943 4.9877368807
7982 4.9872572081
8049 4.9828696678
8158 4.9807411473
8341 4.9798275769
8587 4.9789427539
8752 4.9782387718
8806 4.9782205701
8846 4.9768645395
8894 4.9764453038
9003 4.9760914557
9015 4.9760816603
9066 4.9758005581
9087 4.9753808375
9162 4.9752864024
9163 4.9752643973
9187 4.9751927602
9219 4.9751841374
9224 4.9751506072
9242 4.9750641068
9320 4.9749162236
9578 4.9748811891
9599 4.9748628719
9674 4.9748078706
10165 4.9748070271
10170 4.9748046433
10249 4.9748044396
10257 4.9748041424
10263 4.9748029727
10372 4.9748023842
10429 4.9748022446
10439 4.9748007388
10464 4.9747999048
10473 4.9747990821
10545 4.9747981732
10566 4.9747978201
10649 4.9747976619
10672 4.9747976246
10683 4.9747971495
10744 4.9747971460
10755 4.9747968410
10800 4.9747959016
11254 4.9747958853
11268 4.9747958281
11300 4.9747957792
11322 4.9747956282
11405 4.9747955563
11430 4.9747954582
11478 4.9747954551
11481 4.9747954143
11591 4.9747954004
11605 4.9747953837
11616 4.9747953780
11631 4.9747953489
11713 4.9747953408
11715 4.9747953259
11838 4.9747953253
11946 4.9747953204
11949 4.9747953191
11951 4.9747953123
11992 4.9747952965
12146 4.9747952956
12218 4.9747952941
12238 4.9747952901
12357 4.9747952889
12449 4.9747952882
12473 4.9747952874
12515 4.9747952871
12562 4.9747952871
12566 4.9747952868
12572 4.9747952866
12578 4.9747952866
12595 4.9747952862
12642 4.9747952861
12692 4.9747952861
12703 4.9747952860
12743 4.9747952860
12775 4.9747952859
12789 4.9747952858
12832 4.9747952857
12850 4.9747952857
12851 4.9747952856
13089 4.9747952856
13114 4.9747952856
13121 4.9747952855
13138 4.9747952855
13174 4.9747952855
13208 4.9747952855
13254 4.9747952855
13314 4.9747952855
13393 4.9747952855
13405 4.9747952855
13451 4.9747952855
13516 4.9747952855
13577 4.9747952855
13579 4.9747952855
13668 4.9747952855
13702 4.9747952855
13806 4.9747952855
13898 4.9747952855
13924 4.9747952855
13951 4.9747952855
14026 4.9747952855
14049 4.9747952855
14087 4.9747952855
14132 4.9747952855
14211 4.9747952855
14225 4.9747952855
14413 4.9747952855
14789 4.9747952855
