evaluations raw_y
1 353.0105840577
2 11.0539282674
4 5.2869698514
8 2.5510957241
19 1.6913886254
20 1.5587398916
38 0.5282898872
45 0.1413754975
916 0.1157384490
1073 0.1020599013
1282 0.0170649477
5480 0.0157307412
5975 0.0157127089
6368 0.0157103451
6389 0.0157082504
6392 0.0157077535
6440 0.0157077091
6538 0.0157076531
6829 0.0157076518
6862 0.0157076515
6964 0.0157076508
7234 0.0157076508
7275 0.0157076508
7307 0.0157076508
7441 0.0157076508
7513 0.0157076508
8931 0.0035602039
9453 0.0009461503
11043 0.0007730363
11081 0.0005066289
11118 0.0002240163
11130 0.0000208493
11355 0.0000043278
11629 0.0000039764
11638 0.0000028238
11670 0.0000002206
11820 0.0000000987
11913 0.0000000568
12038 0.0000000323
12104 0.0000000294
12149 0.0000000108
12373 0.0000000098
12422 0.0000000046
12471 0.0000000044
12564 0.0000000003
12690 0.0000000002
12866 0.0000000002
12906 0.0000000000
13070 0.0000000000
13166 0.0000000000
13210 0.0000000000
13280 0.0000000000
13283 0.0000000000
13299 0.0000000000
13697 0.0000000000
13789 0.0000000000
13790 0.0000000000
14014 0.0000000000
20046 19.9838499718
evaluations raw_y
1 7.3574329766
2 7.2603167600
7 3.4965713035
30 2.2297965188
45 1.7831595987
56 0.2370775787
77 0.1629882750
185 0.0630145266
220 0.0565395074
248 0.0550778317
263 0.0474431844
289 0.0473606295
291 0.0471426755
307 0.0471363132
335 0.0471241943
337 0.0471236043
351 0.0471235798
424 0.0471235785
476 0.0471235776
518 0.0471235775
524 0.0471235773
567 0.0471235773
577 0.0471235773
643 0.0471235773
954 0.0417538568
1463 0.0167109343
1525 0.0165040177
1551 0.0162972681
1625 0.0051455381
2494 0.0003806575
2514 0.0002320625
2575 0.0001047056
2624 0.0000622502
2632 0.0000324907
2646 0.0000140756
2647 0.0000066304
2670 0.0000005272
2682 0.0000000002
2945 0.0000000002
2948 0.0000000001
2958 0.0000000001
2959 0.0000000000
2982 0.0000000000
2987 0.0000000000
2996 0.0000000000
2999 0.0000000000
3024 0.0000000000
3026 0.0000000000
3083 0.0000000000
3098 0.0000000000
3103 0.0000000000
3118 0.0000000000
20046 15.5543475552
evaluations raw_y
1 7.6227605253
4 0.0968634540
152 0.0852004684
275 0.0000797443
523 0.0000744602
530 0.0000604119
536 0.0000333603
544 0.0000093411
547 0.0000046110
570 0.0000015492
595 0.0000012354
599 0.0000006046
605 0.0000002571
616 0.0000000144
672 0.0000000117
676 0.0000000059
677 0.0000000051
679 0.0000000011
683 0.0000000006
693 0.0000000002
698 0.0000000000
724 0.0000000000
729 0.0000000000
730 0.0000000000
737 0.0000000000
765 0.0000000000
771 0.0000000000
786 0.0000000000
792 0.0000000000
833 0.0000000000
834 0.0000000000
20088 0.9578045869
evaluations raw_y
1 6.3826469765
5 4.9558247246
6 3.7497912437
8 1.1315568146
56 0.2295182505
321 0.0274526621
2650 0.0162387194
9958 0.0157668571
11389 0.0157432487
12939 0.0102888451
12945 0.0101811171
12980 0.0019019261
13006 0.0017813914
13025 0.0014866598
13082 0.0005560001
13114 0.0003083856
13139 0.0001641682
13144 0.0001356160
13161 0.0000263446
13190 0.0000251749
13203 0.0000168578
13234 0.0000107528
13244 0.0000013792
13287 0.0000000237
13587 0.0000000037
13751 0.0000000019
13777 0.0000000012
13822 0.0000000010
13830 0.0000000003
13861 0.0000000000
14118 0.0000000000
14149 0.0000000000
14278 0.0000000000
14356 0.0000000000
20016 0.0157473642
evaluations raw_y
1 21.9417610295
4 16.7689872041
5 11.1742614502
10 2.7872894017
21 0.1766819090
84 0.0144064995
222 0.0082551491
230 0.0012126754
256 0.0002642504
266 0.0000080913
314 0.0000008726
356 0.0000006955
357 0.0000003327
372 0.0000002211
387 0.0000001054
410 0.0000000349
445 0.0000000278
454 0.0000000155
476 0.0000000026
488 0.0000000006
513 0.0000000006
522 0.0000000004
523 0.0000000002
531 0.0000000000
546 0.0000000000
548 0.0000000000
551 0.0000000000
557 0.0000000000
559 0.0000000000
571 0.0000000000
578 0.0000000000
587 0.0000000000
638 0.0000000000
20052 0.0344699033
evaluations raw_y
1 11.8270876017
6 9.1755103293
12 1.5423539817
20 0.0001131561
9166 0.0000364281
9197 0.0000205447
9254 0.0000072611
9276 0.0000041748
9300 0.0000026331
9362 0.0000004854
9367 0.0000004390
9394 0.0000003167
9426 0.0000000599
9588 0.0000000490
9630 0.0000000358
9645 0.0000000218
9665 0.0000000212
9679 0.0000000018
9800 0.0000000008
9810 0.0000000006
9857 0.0000000002
9869 0.0000000000
10017 0.0000000000
10033 0.0000000000
10153 0.0000000000
10215 0.0000000000
10224 0.0000000000
10246 0.0000000000
10293 0.0000000000
10325 0.0000000000
20094 14.3729023422
evaluations raw_y
1 20.9061605466
2 18.2022443415
10 14.8777728561
11 10.6636261527
14 10.4641687023
16 3.8903501021
20 0.9900213558
58 0.2348450647
139 0.0795535543
193 0.0380044212
1918 0.0159825841
1951 0.0000937408
2452 0.0000290861
2456 0.0000172613
2483 0.0000035380
2488 0.0000004861
2502 0.0000002294
2541 0.0000000113
2661 0.0000000106
2668 0.0000000069
2700 0.0000000044
2702 0.0000000037
2703 0.0000000020
2740 0.0000000009
2766 0.0000000004
2779 0.0000000003
2809 0.0000000001
2820 0.0000000001
2844 0.0000000000
2875 0.0000000000
2890 0.0000000000
2903 0.0000000000
2942 0.0000000000
3001 0.0000000000
3011 0.0000000000
3034 0.0000000000
3067 0.0000000000
20028 18.8127555625
evaluations raw_y
1 20.1701615950
4 16.7694906224
7 15.7278011866
8 2.3390397514
24 1.1771414227
32 0.0657647790
90 0.0157902179
1122 0.0157085425
11590 0.0008761706
12086 0.0001575616
20004 0.1414830701
evaluations raw_y
1 4.1838932453
14 3.4043955358
20 0.1885864177
66 0.1620924750
111 0.0781539058
252 0.0474686015
1513 0.0437670856
2298 0.0181912281
3399 0.0157759866
3503 0.0157358900
3673 0.0038922183
4008 0.0026273919
4053 0.0016268851
4070 0.0012477489
4090 0.0008404829
4096 0.0002132648
4099 0.0001197972
4113 0.0000960676
4123 0.0000118483
4174 0.0000019593
4224 0.0000012840
4243 0.0000002320
4256 0.0000001001
4300 0.0000000599
4305 0.0000000449
4316 0.0000000363
4323 0.0000000277
4326 0.0000000216
4351 0.0000000026
4367 0.0000000018
4376 0.0000000018
4384 0.0000000011
4398 0.0000000000
4479 0.0000000000
4557 0.0000000000
4562 0.0000000000
4624 0.0000000000
4682 0.0000000000
4696 0.0000000000
20088 0.0142508485
evaluations raw_y
1 37.3003256334
2 23.4353776232
3 19.5113050865
5 5.0966466477
10 3.9860324474
11 3.3200695792
13 0.4353157275
34 0.2785027207
102 0.1745416670
141 0.0878581142
142 0.0338725342
143 0.0218913519
187 0.0190991173
196 0.0001090959
335 0.0000170953
376 0.0000106891
383 0.0000002258
394 0.0000001709
407 0.0000000936
409 0.0000000698
438 0.0000000667
442 0.0000000011
513 0.0000000006
518 0.0000000003
520 0.0000000001
536 0.0000000000
558 0.0000000000
566 0.0000000000
571 0.0000000000
587 0.0000000000
603 0.0000000000
604 0.0000000000
607 0.0000000000
617 0.0000000000
620 0.0000000000
668 0.0000000000
20058 0.0031222066
evaluations raw_y
1 3.1649980558
5 1.8877239212
7 1.6206984037
12 0.0108095380
976 0.0017628028
8585 0.0015737200
8916 0.0000709955
9335 0.0000056107
9883 0.0000003454
10307 0.0000000484
10726 0.0000000100
10799 0.0000000047
11053 0.0000000032
11056 0.0000000013
11194 0.0000000002
11451 0.0000000001
11733 0.0000000001
11750 0.0000000001
11780 0.0000000001
11821 0.0000000001
11845 0.0000000000
11869 0.0000000000
11935 0.0000000000
11980 0.0000000000
12037 0.0000000000
12086 0.0000000000
12088 0.0000000000
12162 0.0000000000
12172 0.0000000000
12499 0.0000000000
12754 0.0000000000
12776 0.0000000000
20028 17.1247246799
evaluations raw_y
1 2.8708767717
30 1.3490791291
58 0.3147398192
200 0.1906683260
201 0.1769363319
389 0.0396388430
662 0.0314218137
1155 0.0314188574
1171 0.0314174381
1173 0.0314170165
1199 0.0314156146
1291 0.0314156146
1313 0.0314156140
1334 0.0314156140
1409 0.0314156140
1420 0.0314156140
1425 0.0314156140
1999 0.0311630075
4090 0.0252201485
4334 0.0110997176
5930 0.0047073841
5967 0.0044749467
5976 0.0015201165
5982 0.0004378090
6004 0.0001234580
6074 0.0000094573
6147 0.0000093711
6195 0.0000059200
6228 0.0000024754
6366 0.0000000067
6645 0.0000000047
6660 0.0000000010
6763 0.0000000003
6787 0.0000000003
6820 0.0000000000
6950 0.0000000000
7056 0.0000000000
7135 0.0000000000
7166 0.0000000000
7172 0.0000000000
7236 0.0000000000
7292 0.0000000000
7312 0.0000000000
20010 0.6958558066
evaluations raw_y
1 33.3483676341
3 5.6028490365
6 2.6615873220
18 1.5661390533
26 0.2203235283
134 0.0943790513
192 0.0360275985
2122 0.0331246775
2125 0.0240657202
2129 0.0162779343
2150 0.0100156126
2167 0.0051466160
2183 0.0038493454
2189 0.0011299380
2194 0.0008206560
2205 0.0003642850
2229 0.0000125750
2306 0.0000003031
2367 0.0000002652
2377 0.0000002013
2412 0.0000001754
2430 0.0000000649
2442 0.0000000110
2443 0.0000000028
2470 0.0000000025
2471 0.0000000011
2507 0.0000000004
2509 0.0000000003
2549 0.0000000001
2564 0.0000000001
2586 0.0000000000
2603 0.0000000000
2697 0.0000000000
2708 0.0000000000
2742 0.0000000000
2749 0.0000000000
2774 0.0000000000
2787 0.0000000000
2818 0.0000000000
2821 0.0000000000
2834 0.0000000000
2882 0.0000000000
20058 0.9539594936
evaluations raw_y
1 121.4656816316
2 19.2883169551
3 5.2936380876
7 3.5270868724
18 3.4384885971
33 1.9273436720
48 1.8754651497
53 1.7910667687
55 0.3104264890
90 0.2380741562
136 0.0221701995
444 0.0108006761
458 0.0052637395
459 0.0002275435
503 0.0000387722
563 0.0000320008
566 0.0000240915
572 0.0000053396
580 0.0000011241
583 0.0000001378
667 0.0000001248
671 0.0000001013
674 0.0000000745
680 0.0000000544
684 0.0000000296
696 0.0000000262
702 0.0000000090
703 0.0000000030
715 0.0000000020
717 0.0000000015
732 0.0000000008
734 0.0000000004
749 0.0000000003
750 0.0000000002
757 0.0000000001
774 0.0000000001
782 0.0000000001
792 0.0000000000
794 0.0000000000
803 0.0000000000
809 0.0000000000
848 0.0000000000
849 0.0000000000
897 0.0000000000
927 0.0000000000
940 0.0000000000
20028 0.0785395038
evaluations raw_y
1 14.1777680120
2 6.0586479673
8 0.3236213875
26 0.1498758353
174 0.0629765396
391 0.0580786279
1934 0.0010738798
2327 0.0000202192
2358 0.0000018900
2427 0.0000009502
2460 0.0000007543
2511 0.0000007445
2523 0.0000005584
2524 0.0000004583
2531 0.0000001236
2663 0.0000000995
2664 0.0000000487
2682 0.0000000179
2688 0.0000000135
2699 0.0000000111
2706 0.0000000073
2711 0.0000000002
2786 0.0000000001
2798 0.0000000001
2810 0.0000000000
2819 0.0000000000
2879 0.0000000000
2882 0.0000000000
2923 0.0000000000
2935 0.0000000000
2947 0.0000000000
20004 19.7336756068
