evaluations raw_y
1 9992281350.8903369904
2 2932702600.0509300232
4 1900245607.6377549171
7 1253230027.9946374893
8 676355515.8365974426
9 654046252.9135577679
16 128583686.4824397266
26 35244813.0328214243
30 6840768.1246588975
31 4521142.7473510485
35 3596040.8951573246
43 2875883.6669526119
47 1179746.6315993378
65 556711.4728121536
71 434039.6242769099
80 72407.1292313026
109 57251.7522960547
110 7329.9626662106
126 4902.1701712343
156 983.0693814993
172 703.2939084100
200 688.2153613113
206 232.2598920305
233 183.3368944996
243 48.1786690037
261 24.1728358274
262 18.1167310416
267 12.6233450121
275 0.8051736473
337 0.5616562641
368 0.5294634454
379 0.4759761802
407 0.4745433843
414 0.4662028017
428 0.4625914988
442 0.4604920818
444 0.4603331222
458 0.4600330998
464 0.4599795701
471 0.4595869977
480 0.4586576233
484 0.4580485387
495 0.4574743215
499 0.4565833361
505 0.4564554358
513 0.4556227193
519 0.4549640046
521 0.4543191278
523 0.4540731604
532 0.4531998351
535 0.4507548728
549 0.4496828622
587 0.4452155417
594 0.4444404034
604 0.4427727857
609 0.4400102290
612 0.4399460520
615 0.4377027108
618 0.4354466540
619 0.4309760037
626 0.4222762288
637 0.4083266109
642 0.4009559241
650 0.4002729361
655 0.3647485008
711 0.3438233593
725 0.3267931930
745 0.3036810416
777 0.2961070853
784 0.2840740642
786 0.2771771369
792 0.2437524889
828 0.2356613684
836 0.2200340027
862 0.2053069580
863 0.1995715892
874 0.1991579850
875 0.1688175507
885 0.1488678452
933 0.1472198805
945 0.1405052554
977 0.1381635543
981 0.1355950205
988 0.1340144857
997 0.1335795087
999 0.1321765524
1003 0.1262519657
1009 0.1243867490
1022 0.1229614548
1025 0.1196396982
1030 0.1182983027
1033 0.1164931516
1042 0.1116243529
1045 0.1105855693
1049 0.0903058880
1056 0.0662878865
1106 0.0560463076
1116 0.0516206780
1145 0.0466378545
1156 0.0446413467
1160 0.0391169747
1171 0.0232012294
1261 0.0219505007
1265 0.0215201118
1272 0.0208278570
1280 0.0178265448
1284 0.0149067406
1310 0.0130491631
1318 0.0099021899
1348 0.0084133628
1352 0.0080436843
1377 0.0076159013
1394 0.0074203490
1406 0.0069410020
1416 0.0068836623
1437 0.0067461969
1441 0.0064534570
1449 0.0063174592
1450 0.0062227387
1469 0.0059149455
1483 0.0058322260
1484 0.0058198407
1491 0.0056100478
1492 0.0055191380
1498 0.0054316401
1501 0.0053693527
1513 0.0053339172
1514 0.0050855913
1518 0.0050062066
1519 0.0048516962
1520 0.0046351691
1531 0.0045538718
1553 0.0045237110
1560 0.0044936993
1565 0.0043767806
1566 0.0038173654
1577 0.0032271987
1580 0.0028447449
1587 0.0025220104
1622 0.0023696270
1625 0.0023059518
1744 0.0021652419
1760 0.0019925399
1772 0.0019461981
1785 0.0018622670
1786 0.0017095111
1790 0.0016776739
1794 0.0016524548
1819 0.0016306943
1826 0.0016230598
1832 0.0015846200
1836 0.0015354607
1844 0.0015135608
1850 0.0014840211
1852 0.0014827026
1859 0.0014519151
1873 0.0014478308
1876 0.0014425620
1877 0.0014424744
1878 0.0014196710
1884 0.0014172474
1896 0.0014053760
1903 0.0013333610
1907 0.0013060008
1913 0.0012658624
1920 0.0012247665
1922 0.0011713900
1927 0.0011522313
1933 0.0011382616
1939 0.0010327933
1940 0.0010299277
1947 0.0009792139
1957 0.0009344924
1959 0.0008794201
2027 0.0008499527
2032 0.0008184685
2035 0.0007895256
2049 0.0007114629
2071 0.0007051985
2075 0.0006895509
2083 0.0006852853
2088 0.0006813312
2094 0.0006491521
2101 0.0006286649
2110 0.0006191736
2120 0.0006096721
2123 0.0006069097
2126 0.0005747935
2142 0.0005613297
2144 0.0005456440
2151 0.0005337561
2164 0.0005200741
2174 0.0005125975
2179 0.0005124801
2183 0.0005088798
2186 0.0005045825
2193 0.0004849413
2202 0.0004772011
2207 0.0004701566
2209 0.0004697380
2211 0.0004639727
2218 0.0004350359
2221 0.0004306522
2223 0.0004284022
2231 0.0004057413
2236 0.0003614096
2282 0.0003450009
2297 0.0003315365
2306 0.0003308499
2307 0.0003049913
2314 0.0002733334
2321 0.0002576195
2346 0.0002573556
2350 0.0002506856
2353 0.0002373712
2362 0.0002075294
2367 0.0002026694
2394 0.0002013075
2397 0.0001824306
2405 0.0001811143
2411 0.0001718388
2418 0.0001661764
2420 0.0001629315
2423 0.0001572432
2433 0.0001293763
2444 0.0001181535
2461 0.0001090342
2466 0.0001080438
2471 0.0001038540
2473 0.0000786153
2486 0.0000738356
2525 0.0000711561
2528 0.0000682741
2535 0.0000654114
2536 0.0000649148
2545 0.0000647133
2552 0.0000615562
2556 0.0000560076
2574 0.0000550206
2587 0.0000543454
2592 0.0000532662
2594 0.0000522425
2600 0.0000486344
2603 0.0000482626
2616 0.0000440908
2632 0.0000432204
2648 0.0000427992
2658 0.0000425834
2661 0.0000391487
2674 0.0000380362
2680 0.0000368277
2692 0.0000315811
2699 0.0000289080
2702 0.0000235837
2738 0.0000226348
2747 0.0000205309
2755 0.0000202564
2761 0.0000187080
2763 0.0000170179
2769 0.0000133891
2797 0.0000133588
2804 0.0000115404
2826 0.0000109347
2830 0.0000108598
2848 0.0000104613
2857 0.0000101812
2864 0.0000100733
2872 0.0000097732
2874 0.0000095162
2879 0.0000091372
2886 0.0000091230
2887 0.0000086438
2894 0.0000085547
2898 0.0000081787
2914 0.0000080994
2916 0.0000066576
2945 0.0000065584
2952 0.0000061226
2972 0.0000054890
2987 0.0000051149
2990 0.0000044812
3013 0.0000044442
3026 0.0000042623
3033 0.0000038168
3041 0.0000037814
3051 0.0000035222
3053 0.0000034039
3060 0.0000033967
3070 0.0000032744
3084 0.0000032259
3089 0.0000030874
3096 0.0000030612
3105 0.0000029447
3121 0.0000028515
3124 0.0000028011
3133 0.0000025833
3139 0.0000024433
3142 0.0000023246
3152 0.0000020656
3186 0.0000019373
3187 0.0000018718
3200 0.0000017620
3202 0.0000017590
3216 0.0000016934
3225 0.0000016464
3226 0.0000016179
3231 0.0000014770
3235 0.0000011938
3252 0.0000010721
3259 0.0000009360
3262 0.0000009300
3266 0.0000009223
3269 0.0000007844
3275 0.0000005264
3304 0.0000004601
3312 0.0000004366
3342 0.0000004321
3360 0.0000003819
3364 0.0000003040
3378 0.0000002534
3411 0.0000002262
3433 0.0000002029
3459 0.0000000917
3478 0.0000000465
3534 0.0000000343
3541 0.0000000296
3552 0.0000000237
3578 0.0000000224
3593 0.0000000208
3595 0.0000000204
3603 0.0000000190
3619 0.0000000165
3634 0.0000000155
3641 0.0000000132
3642 0.0000000115
3660 0.0000000107
3663 0.0000000096
3670 0.0000000092
3677 0.0000000091
3678 0.0000000087
3680 0.0000000062
3683 0.0000000056
3688 0.0000000045
3723 0.0000000039
3732 0.0000000029
3733 0.0000000015
3767 0.0000000009
6069 0.0000000007
6122 0.0000000007
6185 0.0000000006
6188 0.0000000004
6193 0.0000000004
6199 0.0000000000
6290 0.0000000000
6360 0.0000000000
6374 0.0000000000
6379 0.0000000000
6399 0.0000000000
6424 0.0000000000
6466 0.0000000000
6470 0.0000000000
6508 0.0000000000
6513 0.0000000000
6521 0.0000000000
30051 355603997.5824287534
evaluations raw_y
1 13308213.1558783818
4 6606377.0152522232
11 726138.6526089098
56 46810.6045987960
85 35356.5099305068
110 5477.8691158112
134 4688.8311099495
140 3941.7739115333
162 3908.4966109135
164 2999.6507906492
170 2166.8850356759
177 654.7719989802
189 225.9541145384
191 84.1481041587
242 75.4182236630
267 73.4080342834
289 46.7488255706
290 46.2965258032
295 10.4367969344
304 1.6511026572
333 1.4666083633
348 0.4415659357
403 0.3432701073
410 0.2598120461
432 0.2400224443
478 0.2281185960
526 0.2275205373
533 0.2267914733
534 0.2240198567
541 0.2175832248
550 0.2140214224
562 0.2093762050
565 0.2088982802
571 0.2082345393
575 0.2052608626
585 0.2005542194
590 0.1985162820
606 0.1908565638
612 0.1883416274
613 0.1867452220
619 0.1683799117
625 0.1625281175
633 0.1451168462
646 0.1199823937
656 0.1036612055
658 0.0843040145
660 0.0766803537
667 0.0612274279
671 0.0205082682
701 0.0062686973
722 0.0014406570
757 0.0009506748
765 0.0006571698
786 0.0003103799
789 0.0001310805
793 0.0000989572
827 0.0000817679
831 0.0000643368
836 0.0000457905
842 0.0000115713
857 0.0000007730
916 0.0000007409
931 0.0000006433
943 0.0000002122
957 0.0000001597
958 0.0000000547
962 0.0000000086
1024 0.0000000071
1030 0.0000000034
1051 0.0000000015
1095 0.0000000010
1106 0.0000000008
1144 0.0000000004
1248 0.0000000004
1254 0.0000000004
1259 0.0000000004
1264 0.0000000003
1271 0.0000000003
1276 0.0000000002
1278 0.0000000002
1286 0.0000000002
1289 0.0000000001
1293 0.0000000000
1318 0.0000000000
1327 0.0000000000
1335 0.0000000000
1343 0.0000000000
1394 0.0000000000
1407 0.0000000000
1467 0.0000000000
30058 8.3947409492
evaluations raw_y
1 31711887.7485538200
2 21679119.7320084423
3 19603950.2150673568
7 14751015.3548997231
10 9357560.2942372728
14 4968651.4187363992
21 1643510.1837426026
25 929799.8120269271
42 217585.3613957800
75 94665.3274013529
105 49877.8010006130
130 24977.0711414466
136 910.7363438120
192 793.5649237409
198 139.7104174068
212 56.7733487884
268 17.4436128673
277 12.2055179196
292 9.3484144368
337 6.4140986308
343 5.4079335958
349 3.9892825361
356 2.9685965581
390 2.8714445366
486 2.8550930309
493 2.8528541241
496 2.8325821242
507 2.8062446429
512 2.7835484425
521 2.7808196514
533 2.7721600797
534 2.7694947590
535 2.7676239916
550 2.7538049314
552 2.7439670952
554 2.7262437642
557 2.6841158146
578 2.5352649900
584 2.4589536472
600 2.4434667234
611 2.3696170601
618 2.3185318175
625 2.2591613973
632 2.2097891659
639 2.1328593562
648 2.1187064994
660 1.9398589004
672 1.9339008694
683 1.8532840608
708 1.8433029474
716 1.7884470204
727 1.7731508562
733 1.6086513496
737 1.5935424584
743 1.5029090300
750 1.3555365077
764 1.3309232550
765 1.3201076279
772 1.2129714723
777 1.1779591735
780 1.1772596420
784 1.1343278596
787 1.0759331929
789 0.9456493453
798 0.6057141578
810 0.4955432983
934 0.4780331296
944 0.4649042529
952 0.4596850416
953 0.3155985388
981 0.2540412575
1003 0.2370796381
1013 0.2044991538
1030 0.1471955235
1037 0.1381083343
1047 0.1320923889
1048 0.1197232066
1057 0.0724366771
1065 0.0717526047
1081 0.0401360821
1105 0.0297761786
1113 0.0292897119
1143 0.0230629338
1147 0.0186021972
1163 0.0175138143
1171 0.0175092310
1176 0.0160658747
1202 0.0156638341
1204 0.0140694898
1209 0.0140129749
1212 0.0139278614
1221 0.0133993241
1224 0.0128420079
1227 0.0109207424
1236 0.0103382555
1247 0.0091278529
1253 0.0089421340
1255 0.0083622422
1263 0.0077861071
1295 0.0055230424
1296 0.0054500051
1301 0.0039609124
1310 0.0034021424
1350 0.0024590909
1355 0.0020938377
1385 0.0017230976
1413 0.0016831953
1431 0.0014920821
1450 0.0014505788
1452 0.0014008981
1476 0.0012921430
1481 0.0008691120
1497 0.0008087784
1508 0.0007745808
1534 0.0007206621
1542 0.0006922293
1558 0.0006360809
1562 0.0006235919
1571 0.0006217542
1581 0.0006214578
1586 0.0005557596
1590 0.0005466191
1591 0.0005187474
1604 0.0005155382
1610 0.0005000338
1621 0.0004944120
1629 0.0004844094
1631 0.0004374790
1638 0.0004052755
1642 0.0004016462
1654 0.0003927752
1659 0.0003495030
1660 0.0002986423
1675 0.0002578241
1694 0.0002238792
1710 0.0002151453
1717 0.0001884792
1723 0.0001862448
1737 0.0001569620
1747 0.0001274342
1756 0.0001197531
1761 0.0001070377
1770 0.0000847420
1782 0.0000830076
1791 0.0000751467
1796 0.0000733255
1797 0.0000727251
1805 0.0000613013
1809 0.0000398545
1852 0.0000257848
1866 0.0000212763
1884 0.0000197196
1897 0.0000123974
1903 0.0000101153
1925 0.0000092705
1930 0.0000088044
1939 0.0000076350
1955 0.0000075647
1960 0.0000070569
1962 0.0000043988
1970 0.0000035834
1989 0.0000030187
2023 0.0000013631
2040 0.0000010622
2047 0.0000008253
2133 0.0000006722
2136 0.0000006477
2144 0.0000004407
2151 0.0000003571
2195 0.0000003528
2204 0.0000002173
2239 0.0000002049
2243 0.0000001874
2244 0.0000001623
2254 0.0000001598
2263 0.0000001445
2269 0.0000001335
2271 0.0000000489
2308 0.0000000465
2312 0.0000000428
2316 0.0000000315
2331 0.0000000292
2336 0.0000000231
2341 0.0000000180
2357 0.0000000047
2372 0.0000000035
2409 0.0000000031
2419 0.0000000022
2425 0.0000000015
2451 0.0000000014
2452 0.0000000013
2453 0.0000000013
2463 0.0000000007
2469 0.0000000004
2471 0.0000000003
2487 0.0000000003
2495 0.0000000000
2544 0.0000000000
2622 0.0000000000
2628 0.0000000000
2660 0.0000000000
2667 0.0000000000
2673 0.0000000000
2676 0.0000000000
2684 0.0000000000
30023 0.0000000111
evaluations raw_y
1 34491790.6886914298
2 2139539.3635098990
3 427487.2579768893
22 269863.1191120640
27 113032.6626360013
41 45422.8472425771
73 19138.9326230407
79 3414.3153942416
109 1946.2967982657
114 95.8426499400
159 35.9199027048
197 33.6178861201
202 19.0763091872
218 13.2883326648
219 2.3680028620
239 1.9501657772
256 0.4317061063
258 0.2299433300
270 0.0973483018
291 0.0440691337
314 0.0407828605
346 0.0387150723
354 0.0378873001
356 0.0359107166
372 0.0344806143
391 0.0336209472
466 0.0332338641
472 0.0324099584
486 0.0321794998
494 0.0320346462
495 0.0313149515
499 0.0308830319
500 0.0307378206
522 0.0299459752
527 0.0294780718
540 0.0282625327
553 0.0266436274
554 0.0264729872
567 0.0255613530
580 0.0244118005
582 0.0241790622
589 0.0233149604
593 0.0232776999
603 0.0220525378
611 0.0201064809
624 0.0185251214
650 0.0184228558
660 0.0178325771
672 0.0176898816
683 0.0170560005
694 0.0168375244
697 0.0164343197
701 0.0163226382
703 0.0152732016
710 0.0139152785
715 0.0137165766
722 0.0126820936
734 0.0118358903
739 0.0116750410
740 0.0091379623
747 0.0075829458
776 0.0069137221
778 0.0056918618
807 0.0046485860
840 0.0046060543
842 0.0045981565
851 0.0045448065
869 0.0044882219
871 0.0044564126
876 0.0044171766
883 0.0044059125
884 0.0043263696
894 0.0042868169
895 0.0042852994
900 0.0042780962
903 0.0041767368
912 0.0041742367
915 0.0041297828
916 0.0041289446
918 0.0040818978
919 0.0040306354
931 0.0039834669
932 0.0038354965
946 0.0038241176
951 0.0036896350
958 0.0036071836
962 0.0035566909
968 0.0034633498
975 0.0034071931
985 0.0032484115
986 0.0032476189
989 0.0031844508
992 0.0029507961
995 0.0029053560
997 0.0027592521
1003 0.0027308984
1014 0.0026755098
1053 0.0025408244
1058 0.0025190145
1066 0.0024764095
1069 0.0024677367
1073 0.0023178945
1085 0.0022425405
1094 0.0021777698
1095 0.0021356278
1102 0.0018998614
1108 0.0018775070
1112 0.0017212393
1134 0.0012395841
1177 0.0011532178
1197 0.0011415337
1207 0.0010524358
1216 0.0009826776
1218 0.0009357314
1249 0.0008188578
1252 0.0007629542
1292 0.0007416918
1297 0.0006949772
1303 0.0006860882
1323 0.0006798734
1324 0.0006791428
1331 0.0006360928
1333 0.0006303622
1341 0.0006264993
1342 0.0005676624
1362 0.0005429582
1384 0.0005305491
1388 0.0005116457
1401 0.0004864545
1408 0.0004787510
1411 0.0004274015
1422 0.0004168806
1434 0.0003741819
1436 0.0003348587
1455 0.0003246626
1456 0.0003125980
1485 0.0003007091
1505 0.0002968807
1506 0.0002944651
1507 0.0002830332
1510 0.0002814646
1520 0.0002605060
1534 0.0002594469
1537 0.0002568370
1542 0.0002504454
1544 0.0002500318
1548 0.0002365792
1551 0.0002181514
1576 0.0002020803
1584 0.0001886943
1596 0.0001723495
1610 0.0001570767
1624 0.0001500000
1630 0.0001428871
1644 0.0001179517
1657 0.0001132534
1670 0.0000971576
1676 0.0000950909
1686 0.0000870429
1772 0.0000868046
1779 0.0000781321
1785 0.0000749907
1797 0.0000624144
1830 0.0000614799
1835 0.0000571494
1839 0.0000556909
1840 0.0000508439
1848 0.0000458022
1850 0.0000416559
1893 0.0000389174
1898 0.0000385786
1905 0.0000352196
1910 0.0000343139
1912 0.0000332163
1918 0.0000308905
1933 0.0000301921
1943 0.0000276984
1948 0.0000207343
1999 0.0000202810
2002 0.0000186029
2016 0.0000176751
2024 0.0000152934
2027 0.0000152134
2069 0.0000148397
2094 0.0000146042
2096 0.0000141174
2104 0.0000135165
2112 0.0000131030
2115 0.0000126186
2138 0.0000125721
2161 0.0000123919
2164 0.0000118583
2169 0.0000116952
2172 0.0000116769
2174 0.0000112949
2181 0.0000109166
2185 0.0000103028
2195 0.0000098601
2199 0.0000089047
2224 0.0000083483
2239 0.0000082418
2241 0.0000082212
2244 0.0000080157
2261 0.0000079175
2264 0.0000078521
2272 0.0000076656
2278 0.0000076343
2288 0.0000073937
2293 0.0000070791
2299 0.0000066638
2305 0.0000065063
2313 0.0000064356
2318 0.0000063458
2329 0.0000060850
2337 0.0000060755
2348 0.0000054482
2354 0.0000052812
2360 0.0000047710
2379 0.0000045216
2385 0.0000041336
2390 0.0000039011
2404 0.0000038484
2430 0.0000037312
2434 0.0000036326
2436 0.0000035541
2445 0.0000033976
2454 0.0000033273
2463 0.0000032534
2465 0.0000031846
2474 0.0000031050
2476 0.0000030690
2481 0.0000030196
2491 0.0000028890
2493 0.0000027653
2495 0.0000027537
2499 0.0000027230
2501 0.0000025871
2508 0.0000025765
2509 0.0000023761
2512 0.0000022459
2520 0.0000020939
2547 0.0000020564
2552 0.0000020284
2561 0.0000020041
2566 0.0000019380
2574 0.0000019177
2577 0.0000018586
2590 0.0000017367
2596 0.0000017061
2599 0.0000016066
2605 0.0000015202
2616 0.0000015145
2617 0.0000014594
2626 0.0000013623
2638 0.0000013425
2652 0.0000013307
2667 0.0000013080
2669 0.0000009186
2678 0.0000007929
2680 0.0000007533
2682 0.0000007120
2691 0.0000005525
2696 0.0000003819
2844 0.0000003544
2847 0.0000003189
2855 0.0000002992
2856 0.0000002874
2865 0.0000002726
2873 0.0000002529
2896 0.0000002360
2909 0.0000002339
2933 0.0000002193
2947 0.0000002192
2948 0.0000002030
2956 0.0000001774
2968 0.0000001732
2969 0.0000001405
2980 0.0000001402
2985 0.0000001348
2987 0.0000001019
2999 0.0000000707
3034 0.0000000682
3041 0.0000000586
3042 0.0000000569
3048 0.0000000464
3053 0.0000000433
3065 0.0000000385
3067 0.0000000380
3070 0.0000000316
3073 0.0000000208
3076 0.0000000203
3112 0.0000000193
3134 0.0000000179
3150 0.0000000153
3152 0.0000000127
3166 0.0000000126
3167 0.0000000116
3168 0.0000000105
3190 0.0000000094
3227 0.0000000089
3232 0.0000000088
3235 0.0000000081
3241 0.0000000077
3250 0.0000000071
3257 0.0000000069
3262 0.0000000054
3270 0.0000000052
3275 0.0000000051
3300 0.0000000042
3305 0.0000000040
3312 0.0000000039
3318 0.0000000036
3321 0.0000000025
3341 0.0000000022
3351 0.0000000022
3355 0.0000000016
3379 0.0000000013
3420 0.0000000010
3449 0.0000000010
3471 0.0000000008
3494 0.0000000008
3504 0.0000000007
3516 0.0000000007
3518 0.0000000007
3523 0.0000000007
3525 0.0000000006
3531 0.0000000005
3551 0.0000000005
3560 0.0000000003
3566 0.0000000003
3578 0.0000000002
3581 0.0000000002
3593 0.0000000002
3594 0.0000000001
3595 0.0000000001
3619 0.0000000001
3644 0.0000000001
3656 0.0000000001
3667 0.0000000001
3668 0.0000000001
3690 0.0000000000
3705 0.0000000000
3714 0.0000000000
3726 0.0000000000
3732 0.0000000000
3749 0.0000000000
3756 0.0000000000
3760 0.0000000000
3765 0.0000000000
3770 0.0000000000
3775 0.0000000000
3782 0.0000000000
3793 0.0000000000
3805 0.0000000000
3808 0.0000000000
3812 0.0000000000
3831 0.0000000000
3839 0.0000000000
3841 0.0000000000
3859 0.0000000000
3871 0.0000000000
3885 0.0000000000
3892 0.0000000000
3901 0.0000000000
3916 0.0000000000
3924 0.0000000000
3926 0.0000000000
3927 0.0000000000
3928 0.0000000000
3929 0.0000000000
3938 0.0000000000
3948 0.0000000000
3951 0.0000000000
3959 0.0000000000
3986 0.0000000000
3987 0.0000000000
4032 0.0000000000
30002 0.0000005459
evaluations raw_y
1 63804856.8346663639
2 47578669.9817734212
6 23943594.4903215878
16 8735340.0582239144
22 123469.3884959850
48 119144.2526013510
51 115716.6314912531
93 5454.8181370894
141 2408.5728943020
150 590.0135122844
189 294.6496937452
191 5.3646145443
274 2.8626261968
306 1.5749365368
349 1.4569264371
350 1.1127699668
361 0.9400489895
372 0.6673034682
391 0.5487618816
392 0.2378763307
402 0.2346303045
407 0.1240478646
423 0.0576789764
433 0.0372844291
500 0.0371508335
517 0.0371153358
523 0.0368275063
543 0.0368050405
554 0.0367907806
578 0.0367577997
584 0.0366360685
592 0.0366159182
599 0.0366023059
611 0.0365877109
620 0.0365733503
624 0.0365694338
636 0.0365693935
643 0.0365572950
662 0.0365309937
666 0.0365257261
669 0.0365199217
670 0.0365018160
678 0.0364972671
684 0.0364802438
689 0.0364484795
695 0.0364252776
704 0.0363949267
709 0.0363672668
724 0.0363576479
730 0.0363324951
740 0.0363297628
746 0.0363236603
751 0.0362721961
757 0.0362487719
767 0.0362367881
768 0.0362176437
769 0.0362161154
772 0.0362041031
776 0.0361564096
778 0.0361208509
784 0.0361202007
786 0.0360642331
799 0.0360191550
809 0.0358575935
814 0.0358445546
819 0.0357871467
820 0.0357707431
825 0.0355503228
834 0.0353184416
841 0.0352535460
842 0.0350400909
856 0.0348016166
859 0.0344241883
868 0.0339147778
875 0.0337445973
881 0.0331715745
889 0.0331213024
890 0.0324056716
898 0.0319792182
899 0.0312310206
904 0.0303548189
911 0.0298987625
931 0.0291232838
942 0.0288139108
949 0.0277763804
958 0.0275426366
971 0.0268760140
983 0.0263312474
987 0.0252887529
990 0.0240109026
996 0.0238302086
999 0.0233286997
1001 0.0232542354
1003 0.0228922586
1009 0.0209530960
1011 0.0203005776
1015 0.0202476933
1028 0.0172829563
1032 0.0170413691
1036 0.0150760707
1051 0.0129681100
1071 0.0106182216
1090 0.0105800657
1112 0.0105635794
1115 0.0104214993
1119 0.0104136272
1127 0.0100706908
1134 0.0093889475
1135 0.0083875917
1146 0.0079501723
1153 0.0072513844
1159 0.0053211213
1172 0.0048293560
1178 0.0044759627
1180 0.0042705692
1186 0.0037839358
1189 0.0035901408
1195 0.0027817740
1229 0.0016283285
1244 0.0015854500
1249 0.0003877029
1289 0.0003094750
1290 0.0002327254
1303 0.0001920641
1317 0.0001907304
1325 0.0001791731
1331 0.0001147989
1369 0.0001093511
1382 0.0000933444
1393 0.0000848072
1394 0.0000832499
1405 0.0000611647
1427 0.0000478930
1433 0.0000430305
1440 0.0000361900
1464 0.0000310839
1468 0.0000260082
1482 0.0000258956
1500 0.0000187170
1531 0.0000161387
1536 0.0000152082
1540 0.0000122315
1571 0.0000116154
1581 0.0000115936
1584 0.0000110805
1612 0.0000097725
1622 0.0000093090
1623 0.0000079981
1633 0.0000071314
1671 0.0000064571
1681 0.0000063342
1688 0.0000050144
1697 0.0000049034
1703 0.0000041465
1710 0.0000028916
1714 0.0000027695
1724 0.0000014467
1731 0.0000012737
1797 0.0000012340
1801 0.0000011235
1803 0.0000010890
1807 0.0000008944
1810 0.0000006989
1817 0.0000006693
1852 0.0000006532
1864 0.0000006270
1875 0.0000006187
1877 0.0000005742
1879 0.0000005320
1887 0.0000004725
1895 0.0000004369
1898 0.0000003974
1904 0.0000003972
1934 0.0000003394
1940 0.0000003276
1944 0.0000003261
1947 0.0000002900
1953 0.0000002851
1964 0.0000002209
1968 0.0000002025
1977 0.0000001674
2007 0.0000001594
2012 0.0000001576
2021 0.0000001330
2027 0.0000001207
2042 0.0000001117
2044 0.0000001076
2045 0.0000000945
2049 0.0000000835
2055 0.0000000650
2080 0.0000000589
2082 0.0000000508
2094 0.0000000424
2111 0.0000000414
2112 0.0000000334
2131 0.0000000265
2154 0.0000000254
2163 0.0000000248
2165 0.0000000241
2168 0.0000000236
2175 0.0000000225
2187 0.0000000213
2201 0.0000000205
2217 0.0000000202
2222 0.0000000198
2224 0.0000000194
2230 0.0000000194
2232 0.0000000187
2241 0.0000000183
2246 0.0000000178
2248 0.0000000175
2257 0.0000000169
2259 0.0000000166
2264 0.0000000166
2274 0.0000000158
2275 0.0000000158
2276 0.0000000151
2278 0.0000000149
2282 0.0000000141
2284 0.0000000137
2291 0.0000000127
2292 0.0000000113
2300 0.0000000108
2303 0.0000000105
2316 0.0000000082
2330 0.0000000078
2335 0.0000000059
2360 0.0000000053
2373 0.0000000053
2379 0.0000000046
2380 0.0000000038
2382 0.0000000025
2388 0.0000000020
2390 0.0000000018
2394 0.0000000017
2400 0.0000000011
2409 0.0000000004
2514 0.0000000002
2529 0.0000000001
2535 0.0000000001
2545 0.0000000001
2580 0.0000000001
2588 0.0000000001
2594 0.0000000000
2602 0.0000000000
2627 0.0000000000
2656 0.0000000000
2679 0.0000000000
2688 0.0000000000
2694 0.0000000000
2716 0.0000000000
2727 0.0000000000
2738 0.0000000000
2758 0.0000000000
2775 0.0000000000
2801 0.0000000000
2816 0.0000000000
14794 0.0000000000
30009 0.0000000000
evaluations raw_y
1 160802344.3244428337
2 5177312.5378470309
8 4990306.5952477679
9 2011990.4567312736
15 221473.0284576518
42 11131.1625670339
50 5197.6099550926
60 561.5536787271
166 18.8640166076
221 14.1396799577
289 7.5357140322
355 7.0465289888
367 6.3559407670
371 5.9095080741
396 5.8466772087
412 5.8434909383
416 5.7909359698
436 5.7185118483
566 5.7182709173
569 5.7149473306
576 5.7091844782
580 5.6934773402
595 5.6927032011
598 5.6916604892
604 5.6870086267
610 5.6843072381
618 5.6710439774
627 5.6596686924
630 5.6551034514
631 5.6079883585
641 5.6070989692
643 5.5888011702
646 5.5281223280
654 5.5234541675
656 5.5144885858
657 5.5144327679
661 5.5090956739
666 5.4229712328
671 5.2919774409
676 5.2918110545
678 5.1787887035
697 5.1136395834
708 5.0555726376
723 4.7898140311
731 4.7463369612
738 4.5754497088
747 4.5651912053
749 4.3879943685
754 4.0692456208
758 3.3324824034
783 2.9837727384
793 2.5011097958
819 2.3861919945
827 2.3823896534
830 2.1604793177
838 2.1019567535
839 1.9994588853
842 1.7156008768
849 1.6885434981
853 1.6739121983
855 1.5046944651
856 0.9487315848
866 0.7970597805
876 0.3600119043
893 0.0748568721
898 0.0703747133
923 0.0494833434
929 0.0346177847
934 0.0344521845
937 0.0059152393
980 0.0003440896
1023 0.0003339987
1034 0.0003048905
1036 0.0002293372
1049 0.0001066336
1095 0.0000651342
1097 0.0000499469
1103 0.0000168464
1131 0.0000124706
1134 0.0000060376
1145 0.0000003554
1197 0.0000002135
1200 0.0000001670
1226 0.0000000813
1245 0.0000000406
1273 0.0000000219
1277 0.0000000050
1319 0.0000000010
1341 0.0000000003
1366 0.0000000002
1379 0.0000000001
1404 0.0000000001
1409 0.0000000000
1423 0.0000000000
1428 0.0000000000
1458 0.0000000000
1459 0.0000000000
1476 0.0000000000
1501 0.0000000000
1511 0.0000000000
1549 0.0000000000
1562 0.0000000000
1568 0.0000000000
1569 0.0000000000
1613 0.0000000000
1621 0.0000000000
1633 0.0000000000
30086 6449.5307353561
evaluations raw_y
1 16607951148.9911327362
3 41867789.0232011527
14 18186197.8473455794
16 7546329.1872894410
21 6545331.4144377513
30 5020058.1105260290
35 1168334.4673742428
63 154441.8185127831
75 78149.6417986177
83 40527.3999795318
92 22609.7916805258
113 17530.4857328034
119 16560.5007349482
133 728.7086506923
137 657.4642441663
155 142.3992688614
199 16.6207338174
234 1.5153708812
268 0.8612430743
279 0.7792352473
301 0.7103822061
314 0.1550365003
327 0.1275730156
343 0.0592102199
350 0.0579897430
361 0.0541950904
367 0.0496527255
393 0.0480875364
400 0.0480643572
410 0.0473759843
422 0.0470199369
447 0.0466760880
451 0.0462076213
472 0.0460423098
474 0.0459044523
508 0.0458077543
532 0.0457938428
538 0.0457625222
543 0.0457091193
563 0.0456709106
589 0.0456690420
591 0.0456387530
604 0.0456279544
628 0.0456174473
635 0.0455985823
640 0.0455799428
645 0.0455267058
655 0.0455042084
661 0.0454726446
662 0.0454154630
671 0.0453325421
677 0.0452838797
681 0.0450795257
682 0.0450319630
687 0.0449612291
689 0.0445813564
703 0.0443334752
705 0.0442924221
711 0.0439896478
724 0.0438493773
736 0.0438164008
740 0.0437143094
744 0.0437041253
746 0.0433951513
747 0.0428682304
751 0.0422165287
754 0.0420049831
767 0.0417426007
774 0.0416778451
779 0.0415074090
782 0.0411453392
787 0.0410129945
788 0.0405607413
798 0.0405413529
799 0.0396255562
813 0.0386594998
823 0.0385882950
824 0.0383597510
840 0.0380948088
841 0.0374242339
843 0.0368581256
854 0.0365252356
866 0.0358544353
876 0.0357933892
888 0.0352298070
894 0.0351411996
895 0.0343735447
899 0.0336594386
905 0.0328664331
906 0.0320581344
916 0.0317002341
917 0.0316832761
919 0.0313387768
920 0.0279973455
950 0.0274319436
954 0.0274287434
961 0.0253361879
973 0.0247276387
996 0.0243373987
997 0.0223502388
1010 0.0220240489
1022 0.0205034934
1053 0.0200860452
1068 0.0191734233
1071 0.0181984056
1076 0.0181066482
1080 0.0179575275
1095 0.0169035695
1105 0.0164158806
1118 0.0164150496
1123 0.0147873561
1157 0.0144757532
1159 0.0142243372
1171 0.0141291499
1173 0.0141093654
1178 0.0139133033
1183 0.0138928726
1187 0.0138271994
1193 0.0137890190
1197 0.0130409166
1201 0.0125405596
1206 0.0123230187
1213 0.0119415296
1223 0.0118497067
1224 0.0114148628
1234 0.0112409445
1241 0.0108535847
1243 0.0107404182
1256 0.0103648698
1261 0.0103323164
1263 0.0097043854
1270 0.0097036464
1271 0.0094294214
1277 0.0092672530
1280 0.0090902998
1284 0.0085036763
1307 0.0083838860
1310 0.0075237567
1329 0.0071306161
1330 0.0067566060
1331 0.0055380391
1339 0.0046540236
1344 0.0044200395
1350 0.0038954317
1352 0.0038804064
1358 0.0032676193
1364 0.0027400704
1375 0.0027369526
1382 0.0025084883
1405 0.0023918058
1408 0.0019657312
1411 0.0016962917
1434 0.0016232737
1438 0.0016221646
1439 0.0015028244
1443 0.0014957829
1457 0.0014407082
1460 0.0014038623
1465 0.0012086959
1473 0.0010826826
1516 0.0010672619
1525 0.0010291418
1541 0.0008979071
1563 0.0008200937
1567 0.0008023274
1577 0.0006925550
1618 0.0006547342
1625 0.0006169740
1638 0.0006051876
1644 0.0005958535
1661 0.0005689401
1676 0.0005001800
1704 0.0004713634
1715 0.0004426307
1719 0.0004388941
1727 0.0004340994
1730 0.0004290892
1731 0.0004278473
1740 0.0004223146
1746 0.0004049296
1750 0.0004020977
1757 0.0003864436
1762 0.0003791214
1765 0.0003758288
1768 0.0003611206
1774 0.0003497858
1798 0.0003270404
1819 0.0003254440
1823 0.0002972186
1836 0.0002787578
1843 0.0002787453
1853 0.0002592032
1869 0.0002423695
1871 0.0002182110
1889 0.0002163997
1899 0.0002011671
1905 0.0002007411
1917 0.0001841939
1925 0.0001776909
1930 0.0001716891
1931 0.0001674791
1937 0.0001632465
1941 0.0001418204
1977 0.0001412327
2025 0.0001375313
2030 0.0001338035
2038 0.0001319450
2067 0.0001305937
2068 0.0001254794
2092 0.0001252157
2095 0.0001228081
2102 0.0001224626
2103 0.0001205944
2107 0.0001174115
2108 0.0001142448
2116 0.0001134412
2121 0.0001114714
2124 0.0001092445
2127 0.0001088403
2136 0.0001075075
2139 0.0001064772
2141 0.0001061361
2143 0.0001051034
2145 0.0001047819
2150 0.0000974837
2158 0.0000966102
2175 0.0000893273
2177 0.0000865306
2197 0.0000859227
2205 0.0000839601
2207 0.0000799080
2209 0.0000779521
2218 0.0000712960
2263 0.0000641170
2269 0.0000611114
2273 0.0000555181
2289 0.0000510601
2310 0.0000434167
2318 0.0000432536
2325 0.0000401696
2336 0.0000382477
2349 0.0000367352
2356 0.0000357030
2366 0.0000356291
2374 0.0000311992
2457 0.0000311550
2462 0.0000300983
2476 0.0000298500
2478 0.0000298419
2484 0.0000293080
2491 0.0000288980
2494 0.0000276635
2503 0.0000266505
2507 0.0000261625
2514 0.0000258426
2533 0.0000253973
2567 0.0000251796
2568 0.0000250782
2575 0.0000242426
2579 0.0000221170
2589 0.0000203878
2601 0.0000203583
2605 0.0000189892
2615 0.0000163849
2621 0.0000157787
2635 0.0000142436
2678 0.0000122641
2721 0.0000116999
2726 0.0000116440
2737 0.0000115836
2744 0.0000114939
2745 0.0000111256
2755 0.0000109336
2762 0.0000106711
2773 0.0000101992
2774 0.0000100048
2793 0.0000096303
2794 0.0000094318
2807 0.0000090487
2813 0.0000088136
2845 0.0000087326
2848 0.0000085352
2851 0.0000085280
2853 0.0000081392
2861 0.0000079836
2865 0.0000078726
2869 0.0000069352
2879 0.0000063764
2894 0.0000063735
2904 0.0000063119
2920 0.0000062745
2933 0.0000061705
2938 0.0000057078
2948 0.0000054374
2960 0.0000054056
2961 0.0000051572
2962 0.0000051249
2965 0.0000051017
2966 0.0000049847
2973 0.0000046377
2975 0.0000038338
2986 0.0000038081
2991 0.0000035558
2995 0.0000026564
3117 0.0000025510
3124 0.0000024965
3137 0.0000023322
3151 0.0000022906
3162 0.0000022154
3171 0.0000021623
3179 0.0000021394
3188 0.0000019934
3196 0.0000019895
3198 0.0000018902
3203 0.0000014973
3211 0.0000014426
3218 0.0000013563
3227 0.0000012907
3291 0.0000012487
3301 0.0000012153
3304 0.0000011634
3305 0.0000011493
3308 0.0000010891
3312 0.0000010743
3315 0.0000008445
3393 0.0000008280
3401 0.0000007903
3417 0.0000007546
3424 0.0000007405
3438 0.0000007325
3444 0.0000007295
3445 0.0000007045
3453 0.0000006930
3454 0.0000006878
3459 0.0000006842
3461 0.0000006780
3465 0.0000006702
3467 0.0000006640
3476 0.0000006583
3482 0.0000006355
3496 0.0000006146
3502 0.0000006066
3510 0.0000006058
3511 0.0000005952
3515 0.0000005546
3522 0.0000005482
3537 0.0000005481
3539 0.0000005364
3545 0.0000005113
3552 0.0000004767
3559 0.0000004687
3571 0.0000004374
3583 0.0000004293
3585 0.0000004248
3586 0.0000004140
3597 0.0000003956
3609 0.0000003949
3616 0.0000003807
3627 0.0000003667
3637 0.0000003662
3643 0.0000003654
3644 0.0000003217
3651 0.0000003025
3681 0.0000002892
3694 0.0000002860
3696 0.0000002724
3698 0.0000002418
3716 0.0000002215
3726 0.0000002108
3738 0.0000002000
3743 0.0000001710
3763 0.0000001598
3768 0.0000001458
3769 0.0000001397
3784 0.0000001250
3813 0.0000001240
3823 0.0000001202
3835 0.0000001195
3837 0.0000001024
3855 0.0000001020
3865 0.0000000595
3910 0.0000000568
3922 0.0000000552
3950 0.0000000463
3964 0.0000000434
3967 0.0000000428
4026 0.0000000418
4045 0.0000000417
4048 0.0000000409
4052 0.0000000403
4055 0.0000000372
4057 0.0000000371
4062 0.0000000353
4068 0.0000000337
4069 0.0000000320
4089 0.0000000290
4093 0.0000000288
4098 0.0000000206
4116 0.0000000189
4132 0.0000000177
4147 0.0000000172
4148 0.0000000169
4158 0.0000000164
4159 0.0000000139
4175 0.0000000136
4185 0.0000000120
4192 0.0000000119
4198 0.0000000101
4215 0.0000000066
4235 0.0000000056
4236 0.0000000045
4264 0.0000000040
4331 0.0000000034
4334 0.0000000031
4346 0.0000000027
4356 0.0000000022
4405 0.0000000022
4417 0.0000000022
4418 0.0000000022
4424 0.0000000017
4436 0.0000000017
4441 0.0000000014
4460 0.0000000014
4468 0.0000000011
4480 0.0000000009
4486 0.0000000007
4522 0.0000000006
4551 0.0000000004
4572 0.0000000004
4574 0.0000000004
4584 0.0000000004
4586 0.0000000004
4587 0.0000000003
4593 0.0000000002
4605 0.0000000002
4618 0.0000000001
4643 0.0000000001
4645 0.0000000001
4658 0.0000000001
4663 0.0000000001
4675 0.0000000001
4685 0.0000000001
4686 0.0000000001
4692 0.0000000001
4696 0.0000000001
4705 0.0000000001
4713 0.0000000000
4720 0.0000000000
4737 0.0000000000
4739 0.0000000000
4753 0.0000000000
4777 0.0000000000
4788 0.0000000000
4790 0.0000000000
4827 0.0000000000
4849 0.0000000000
4853 0.0000000000
4869 0.0000000000
4887 0.0000000000
4892 0.0000000000
4905 0.0000000000
4908 0.0000000000
4915 0.0000000000
4918 0.0000000000
4922 0.0000000000
4937 0.0000000000
4945 0.0000000000
4963 0.0000000000
5019 0.0000000000
5031 0.0000000000
5045 0.0000000000
5050 0.0000000000
5056 0.0000000000
5060 0.0000000000
5066 0.0000000000
5076 0.0000000000
5097 0.0000000000
5116 0.0000000000
30002 0.0101507046
evaluations raw_y
1 20471261.3715969808
2 11898429.4875491541
4 1759416.0243463465
10 710939.2891477586
17 632514.2196981839
57 426837.9221223061
64 209283.6669387833
70 81427.3976211481
98 67758.9598927170
107 13153.1081506851
117 2953.8158787454
123 692.4182785178
186 423.3915322066
215 29.7384348344
253 18.8691747788
268 12.8413489847
277 11.0741855765
306 10.8755022254
313 10.6534079632
315 10.4503191632
341 10.3726182787
404 10.3372908714
412 10.3161056659
423 10.3107010391
427 10.2939030935
428 10.2850673217
435 10.1913935991
459 10.1750378777
465 10.1544171159
466 10.1384557339
472 10.0740444983
473 10.0452450472
490 10.0297866949
495 9.9323519773
498 9.7798177581
528 9.7529247103
533 9.5906012239
534 9.4471477827
545 9.3136721357
565 9.1405737695
596 9.1202479209
598 9.0881231472
599 9.0510431391
600 8.9772261546
606 8.9635841679
607 8.9391131716
610 8.8649520789
613 8.8583230363
620 8.8445713546
624 8.6056249532
631 8.4042788297
638 8.2922639865
662 7.8498630327
700 7.4333376203
701 7.4195702024
712 7.3470606557
718 7.2590796583
722 7.1534990946
726 6.8577344826
816 6.7931626245
821 6.7433077922
831 6.7230735369
836 6.5777089972
849 6.5204763463
850 6.4946423643
853 6.4298280190
855 6.2042954981
864 6.1615759231
869 5.9808415144
872 5.6996155198
962 5.6208901799
973 5.5451308859
1009 5.5242117245
1016 5.4204868321
1019 5.3553965727
1025 5.3161773426
1044 5.2794045108
1053 5.2221266236
1061 5.2067250596
1062 5.1768543530
1070 5.1389838217
1071 5.0668276510
1075 5.0585251126
1076 4.9655815705
1085 4.9021557464
1088 4.8607751602
1096 4.7333217068
1112 4.5322667215
1163 4.5186036995
1167 4.4880681560
1169 4.4104287408
1182 4.3293130151
1188 4.2515690871
1191 4.2139532085
1206 4.1807891214
1213 4.1184393729
1220 4.0966126644
1222 4.0582167955
1226 4.0475656591
1228 3.9411586190
1239 3.8274231627
1246 3.8018199277
1248 3.7510720791
1267 3.6896487050
1282 3.6220064073
1293 3.5280896604
1295 3.4968465538
1301 3.4693479402
1303 3.4017382627
1310 3.3359201244
1316 3.2381076273
1320 3.0192760850
1327 2.8348451647
1331 2.7450142714
1366 2.6805072954
1387 2.3893797336
1615 2.3641466086
1622 2.3576245335
1624 2.3279520647
1648 2.2980661989
1649 2.2738982441
1654 2.2727219684
1735 2.2722235655
1739 2.2694214986
1744 2.2489091303
1751 2.2352521707
1762 2.2198854502
1764 2.1713401279
1785 2.1683929498
1786 2.1590455590
1789 2.1061985272
1795 2.1058375223
1801 2.0460105177
1837 2.0393442369
1842 2.0322100377
1848 2.0196618089
1850 1.9583760326
1858 1.9368740932
1863 1.9292766831
1865 1.9199323713
1871 1.8864487251
1875 1.8539277729
1883 1.7408457262
1891 1.7211056996
1912 1.7056168547
1925 1.6696663876
1936 1.6651175279
1945 1.6566677361
1946 1.5782788015
1967 1.5605409849
1972 1.4966849070
2000 1.4922695275
2008 1.4490672194
2010 1.4041626802
2012 1.3882588654
2015 1.3499705388
2033 1.2754401823
2062 1.2651705374
2078 1.2525876960
2081 1.2250147053
2088 1.2099199849
2089 1.1854128879
2094 1.1375311388
2119 1.1174603491
2135 1.0286709640
2153 1.0066143547
2160 0.9959473190
2173 0.9921279085
2181 0.9411569869
2187 0.9392617669
2189 0.9308431132
2193 0.9135523122
2208 0.9015178210
2211 0.8607510572
2228 0.8579165544
2242 0.8534410668
2277 0.8411190065
2289 0.8321771418
2292 0.8297933806
2295 0.8276904874
2297 0.8204200850
2305 0.8030328270
2311 0.8006840520
2315 0.7970767150
2320 0.7962414471
2326 0.7920291118
2327 0.7856189199
2328 0.7621061832
2354 0.7347412029
2375 0.7279836849
2384 0.6844880702
2388 0.6634289283
2391 0.6520236498
2429 0.5903117859
2480 0.5875427175
2486 0.5853142152
2493 0.5848373789
2496 0.5789755668
2502 0.5536221643
2515 0.5457837216
2523 0.5405904760
2524 0.5272474025
2532 0.5209048970
2536 0.5175813059
2544 0.5150815635
2550 0.5070192875
2558 0.5045307876
2563 0.4930188882
2565 0.4918389102
2570 0.4804872205
2577 0.4670560968
2584 0.4653137700
2586 0.4595059886
2591 0.4464434547
2599 0.4266466985
2605 0.4134896625
2613 0.4122028175
2622 0.4048685330
2633 0.3917513480
2652 0.3777022740
2662 0.3649244108
2674 0.3605860526
2689 0.3580669511
2699 0.3486706463
2709 0.3471141254
2713 0.3469633268
2717 0.3320339775
2725 0.3195242455
2731 0.3182389843
2741 0.3054950976
2747 0.2990686522
2759 0.2981122681
2760 0.2844840257
2783 0.2805569443
2815 0.2777844081
2824 0.2752920857
2837 0.2732505090
2868 0.2710635314
2878 0.2705108730
2887 0.2685485609
2894 0.2665796607
2899 0.2590490748
2913 0.2573797205
2917 0.2541843564
2920 0.2480510096
2937 0.2416592789
2946 0.2398894884
2948 0.2393685913
2949 0.2361188802
2956 0.2350429485
2957 0.2308916704
2963 0.2227179288
2969 0.2194041225
2976 0.2066278035
2999 0.2048135337
3012 0.1924938836
3023 0.1832031451
3054 0.1806936362
3055 0.1768181368
3060 0.1671111689
3077 0.1614715765
3080 0.1598262056
3083 0.1551050776
3089 0.1437614782
3096 0.1364157650
3108 0.1226937856
3134 0.1139366253
3147 0.1123258709
3171 0.1113486610
3178 0.1091059629
3193 0.1047232991
3226 0.1038596103
3230 0.1032440342
3232 0.1014412045
3245 0.1002550590
3249 0.0974473949
3260 0.0962453886
3263 0.0911079972
3290 0.0862506122
3313 0.0830235571
3319 0.0818964439
3327 0.0805460772
3328 0.0780516430
3334 0.0745439323
3338 0.0728824131
3342 0.0704604159
3347 0.0663056097
3362 0.0652757852
3368 0.0648472662
3377 0.0602216912
3379 0.0596579358
3382 0.0557257112
3384 0.0547540833
3389 0.0537978978
3396 0.0425734744
3408 0.0390582798
3410 0.0298895321
3430 0.0297971076
3521 0.0294283465
3527 0.0267463033
3534 0.0251675140
3552 0.0220445363
3558 0.0178841788
3572 0.0175878605
3575 0.0156133872
3586 0.0126906977
3592 0.0107319427
3602 0.0099040267
3608 0.0048868349
3612 0.0044643660
3630 0.0044453309
3640 0.0033910840
3651 0.0033495044
3661 0.0030402526
3664 0.0025350187
3693 0.0022865058
3722 0.0022251237
3725 0.0019936779
3739 0.0018234070
3756 0.0012846628
3765 0.0012644892
3769 0.0012540439
3774 0.0011692494
3778 0.0011511885
3783 0.0010020964
3786 0.0008484724
3792 0.0007222180
3840 0.0007195752
3847 0.0006892174
3851 0.0006123495
3853 0.0005116026
3865 0.0004877167
3892 0.0004610343
3893 0.0004382309
3896 0.0004372432
3906 0.0004021481
3917 0.0003905951
3922 0.0003830293
3923 0.0003580172
3943 0.0003337885
3949 0.0003205990
3968 0.0003192355
3973 0.0003172039
3975 0.0003120449
3978 0.0002883332
3990 0.0002833638
3993 0.0002595171
4022 0.0002326984
4040 0.0002231846
4046 0.0002211116
4056 0.0002174784
4058 0.0002087328
4060 0.0002050996
4062 0.0002015534
4063 0.0001686923
4083 0.0001665344
4091 0.0001560318
4098 0.0001263486
4106 0.0001250845
4110 0.0001098889
4146 0.0001084768
4156 0.0001041520
4165 0.0000976133
4183 0.0000969375
4197 0.0000902473
4205 0.0000870618
4209 0.0000838189
4212 0.0000769977
4215 0.0000654640
4224 0.0000589266
4251 0.0000564620
4253 0.0000548915
4268 0.0000509185
4272 0.0000494219
4273 0.0000315617
4363 0.0000304531
4364 0.0000303055
4380 0.0000299551
4403 0.0000286170
4408 0.0000283263
4412 0.0000276402
4419 0.0000265546
4422 0.0000261887
4425 0.0000243251
4447 0.0000232293
4453 0.0000228199
4460 0.0000223294
4463 0.0000221482
4464 0.0000200718
4467 0.0000200398
4468 0.0000195215
4473 0.0000194940
4476 0.0000193604
4481 0.0000185648
4504 0.0000183547
4509 0.0000171343
4518 0.0000165674
4526 0.0000160179
4538 0.0000160051
4539 0.0000152253
4546 0.0000149938
4547 0.0000139858
4558 0.0000133086
4559 0.0000132706
4565 0.0000128725
4566 0.0000128067
4569 0.0000104441
4576 0.0000103086
4602 0.0000097853
4615 0.0000087726
4617 0.0000080319
4637 0.0000078403
4638 0.0000058327
4673 0.0000049882
4690 0.0000049683
4696 0.0000046007
4709 0.0000045296
4716 0.0000042898
9859 0.0000040364
9863 0.0000036038
9874 0.0000035103
9885 0.0000028321
9896 0.0000026539
9897 0.0000025369
9908 0.0000020365
9913 0.0000019198
9915 0.0000015038
9932 0.0000011637
10013 0.0000009998
10030 0.0000008300
10053 0.0000005975
10180 0.0000005660
10194 0.0000005171
10196 0.0000004204
10232 0.0000003768
10279 0.0000003298
10308 0.0000003129
10322 0.0000002807
10329 0.0000002709
10357 0.0000001846
10420 0.0000001693
10464 0.0000001586
10474 0.0000001473
10480 0.0000001415
10514 0.0000001048
10522 0.0000000931
10533 0.0000000593
10545 0.0000000549
10586 0.0000000219
10639 0.0000000191
10711 0.0000000056
10734 0.0000000054
10870 0.0000000040
10899 0.0000000027
10920 0.0000000025
10931 0.0000000018
11001 0.0000000011
11095 0.0000000011
11102 0.0000000010
11117 0.0000000009
11135 0.0000000005
11187 0.0000000005
11193 0.0000000005
11198 0.0000000002
11227 0.0000000001
11296 0.0000000001
11365 0.0000000000
11382 0.0000000000
11385 0.0000000000
11390 0.0000000000
11416 0.0000000000
30002 0.3150270144
evaluations raw_y
1 10695420.9756125156
3 2159644.1769772666
13 375401.2880656493
32 102920.3922925224
70 30277.0482524606
103 6608.2466483423
120 5991.1023877446
135 3338.5002899217
173 1423.5892230818
182 552.5937272860
202 129.4761010742
245 16.9590429491
282 16.9284441961
291 3.2910237205
323 1.6418043004
335 1.4951866258
355 0.9913402733
383 0.7030932869
393 0.6573972036
425 0.6529598078
432 0.6250979929
436 0.6179553942
486 0.6158579796
494 0.6143016315
500 0.6121161403
501 0.6115978774
511 0.6095728256
512 0.6080709186
515 0.5999070232
521 0.5981554371
527 0.5953309879
534 0.5851713046
548 0.5812329924
557 0.5781278236
564 0.5699471696
581 0.5581937143
588 0.5399506743
592 0.5300884498
596 0.5261277963
604 0.5005802576
611 0.4982370650
613 0.4917482396
635 0.4788014390
641 0.4528538955
645 0.4517062557
646 0.4363809347
649 0.4211914462
659 0.3491689434
671 0.3081060592
675 0.2811075043
696 0.2589805951
716 0.2309321211
739 0.2156643252
747 0.1920682590
757 0.1616532791
792 0.1587511094
794 0.1548399787
810 0.1317874121
811 0.0935030836
826 0.0830530155
855 0.0804772090
856 0.0695369902
872 0.0580761198
883 0.0566079080
890 0.0473190556
891 0.0366095548
918 0.0210160219
934 0.0166249692
938 0.0138433601
945 0.0080488788
967 0.0068624248
968 0.0063439601
986 0.0055857442
996 0.0054419593
1012 0.0046483372
1023 0.0042053276
1038 0.0029718048
1048 0.0029513740
1102 0.0029433745
1107 0.0026415523
1115 0.0023716585
1126 0.0019181615
1157 0.0017294992
1169 0.0017225871
1173 0.0016457307
1178 0.0015828120
1212 0.0015752389
1214 0.0015180324
1220 0.0015014726
1226 0.0014309704
1236 0.0014285037
1242 0.0011862416
1275 0.0011823055
1282 0.0011335981
1297 0.0011255373
1299 0.0009890520
1301 0.0009530394
1304 0.0009307610
1308 0.0008668283
1313 0.0008245432
1316 0.0007945157
1322 0.0006298263
1394 0.0005956987
1401 0.0005491124
1403 0.0005104593
1412 0.0005014899
1417 0.0004517154
1422 0.0003759367
1429 0.0002839544
1486 0.0002476829
1529 0.0002225634
1542 0.0002069535
1551 0.0002051755
1569 0.0001844877
1587 0.0001769966
1592 0.0001642021
1595 0.0001580891
1600 0.0001557456
1611 0.0001486697
1618 0.0001428764
1634 0.0001370734
1655 0.0001222633
1664 0.0001198638
1670 0.0001177416
1675 0.0000971069
1684 0.0000943441
1691 0.0000841095
1714 0.0000791979
1717 0.0000741606
1724 0.0000734144
1725 0.0000550027
1793 0.0000529071
1831 0.0000511512
1838 0.0000483105
1847 0.0000478175
1851 0.0000466997
1857 0.0000454437
1858 0.0000393699
1868 0.0000381014
1870 0.0000372962
1880 0.0000368573
1886 0.0000330280
1889 0.0000304143
1893 0.0000299511
1902 0.0000255929
1908 0.0000189906
1917 0.0000164801
1926 0.0000128607
1938 0.0000092963
1962 0.0000092229
1970 0.0000087741
1976 0.0000053298
1994 0.0000030528
2038 0.0000019610
2051 0.0000010807
2193 0.0000010637
2195 0.0000009420
2204 0.0000008066
2207 0.0000006970
2220 0.0000005577
2256 0.0000003278
2258 0.0000003251
2276 0.0000002104
2382 0.0000001742
2403 0.0000001601
2414 0.0000001364
2417 0.0000001362
2422 0.0000001340
2426 0.0000000565
2471 0.0000000404
2477 0.0000000267
2486 0.0000000177
2543 0.0000000132
2585 0.0000000130
2590 0.0000000117
2594 0.0000000107
2596 0.0000000107
2597 0.0000000096
2608 0.0000000091
2616 0.0000000052
2624 0.0000000052
2632 0.0000000031
2662 0.0000000028
2666 0.0000000027
2699 0.0000000026
2703 0.0000000021
2734 0.0000000018
2738 0.0000000015
2746 0.0000000014
2757 0.0000000012
2763 0.0000000010
2776 0.0000000009
2783 0.0000000009
2787 0.0000000009
2796 0.0000000007
2807 0.0000000005
2810 0.0000000004
2817 0.0000000003
2830 0.0000000002
2858 0.0000000002
2868 0.0000000002
2878 0.0000000002
2890 0.0000000001
2923 0.0000000001
2933 0.0000000001
2934 0.0000000001
2952 0.0000000001
2953 0.0000000000
2958 0.0000000000
2967 0.0000000000
2969 0.0000000000
2970 0.0000000000
2984 0.0000000000
2988 0.0000000000
2990 0.0000000000
2994 0.0000000000
2998 0.0000000000
3013 0.0000000000
3026 0.0000000000
3032 0.0000000000
3095 0.0000000000
8352 0.0000000000
8415 0.0000000000
8431 0.0000000000
30016 0.0000945364
evaluations raw_y
1 169174743.8709123135
2 37251798.2562907934
6 34822505.8207009584
7 18469218.4792348780
12 7717467.0074619092
23 5912316.4940752070
26 5070925.7542294152
32 875966.0647828131
34 9202.8613363514
92 4576.7548865818
115 2139.1140640078
120 307.7199177129
176 4.4432740139
270 1.8838823029
332 1.7905835394
343 1.2728511616
355 1.1885404314
358 0.6126062919
396 0.6027502962
412 0.5938281070
461 0.5824475252
467 0.5814507093
479 0.5798460047
486 0.5778780129
501 0.5731616677
510 0.5697824581
511 0.5662485447
521 0.5642874133
531 0.5640145843
533 0.5422390615
553 0.5256124214
572 0.5249267573
574 0.5211009488
580 0.5063876663
583 0.5047753553
593 0.5010106459
602 0.4962663400
609 0.4939529717
614 0.4868341603
638 0.4859041378
640 0.4848405429
646 0.4821432924
651 0.4752095410
654 0.4735596663
659 0.4718751748
672 0.4598239701
677 0.4496499242
678 0.4431241729
691 0.4348670764
712 0.4291350542
721 0.4178317027
724 0.4127326916
744 0.4123246103
750 0.4041545993
751 0.4015547042
767 0.3980220727
773 0.3897980053
781 0.3785051042
791 0.3627181349
817 0.3588220899
823 0.3543955664
838 0.3506737772
871 0.3482010080
875 0.3473799964
884 0.3396896824
898 0.3338277443
912 0.3268323328
936 0.3183441668
944 0.3165995400
946 0.3093278758
957 0.3086310530
965 0.3050436578
1004 0.3048708073
1011 0.3040661146
1025 0.3001759818
1039 0.2980215171
1045 0.2953063378
1053 0.2951955071
1054 0.2925245847
1062 0.2902124228
1068 0.2895942868
1073 0.2883504780
1078 0.2836176303
1111 0.2818749450
1114 0.2778002226
1127 0.2774201215
1130 0.2766760422
1132 0.2755181675
1142 0.2735262643
1143 0.2707103187
1151 0.2696882550
1153 0.2665942925
1156 0.2569285915
1165 0.2553038217
1174 0.2505424287
1177 0.2454121013
1182 0.2435168342
1229 0.2401560824
1273 0.2389691547
1275 0.2384618596
1280 0.2382862290
1282 0.2367354553
1285 0.2364041541
1289 0.2360031794
1292 0.2357832022
1295 0.2349415865
1296 0.2322520737
1310 0.2319855560
1312 0.2291970319
1318 0.2287685716
1319 0.2267451613
1325 0.2241492933
1331 0.2202405564
1338 0.2170964951
1347 0.2127425517
1383 0.2114476050
1397 0.2111976392
1405 0.2090009595
1410 0.2084773668
1412 0.2074352882
1415 0.2070113407
1423 0.2058734198
1425 0.2051086829
1427 0.2031365024
1443 0.1985524342
1450 0.1978195956
1457 0.1955082909
1464 0.1939835479
1465 0.1898747972
1481 0.1853341310
1485 0.1805924862
1497 0.1804413168
1504 0.1792224291
1505 0.1740542075
1507 0.1739161680
1509 0.1646850471
1519 0.1617148368
1543 0.1539135486
1578 0.1533348485
1599 0.1520730678
1607 0.1506912318
1613 0.1504035149
1618 0.1492533857
1625 0.1441310284
1638 0.1426071502
1645 0.1412805928
1714 0.1404226142
1718 0.1396796971
1727 0.1381670039
1732 0.1379623068
1743 0.1369778876
1750 0.1361641501
1759 0.1340760686
1763 0.1334896884
1765 0.1323806646
1769 0.1321761025
1780 0.1298548408
1787 0.1267424670
1832 0.1225658945
1844 0.1195535471
1853 0.1178434825
1860 0.1176989195
1867 0.1140842629
1871 0.1120105080
1881 0.1091790230
1919 0.1079612959
1934 0.1054820165
1937 0.1014197872
1964 0.0981207945
2002 0.0973101456
2007 0.0956993816
2011 0.0929722266
2046 0.0925481192
2053 0.0923124660
2061 0.0921069753
2070 0.0918079250
2076 0.0917625701
2082 0.0908066876
2094 0.0897856543
2104 0.0892254826
2106 0.0886197038
2110 0.0866133415
2116 0.0866062488
2129 0.0838421954
2142 0.0825821057
2158 0.0805790121
2159 0.0798880224
2164 0.0780786392
2166 0.0742681594
2183 0.0739037224
2205 0.0735327616
2214 0.0704722907
2223 0.0695908226
2255 0.0693392964
2258 0.0692684620
2262 0.0683889894
2274 0.0674851873
2280 0.0673602632
2282 0.0668309162
2295 0.0656344262
2325 0.0655483629
2329 0.0637503013
2337 0.0630242653
2352 0.0626166425
2370 0.0623507889
2373 0.0623124461
2375 0.0622462937
2378 0.0619375289
2379 0.0618374373
2381 0.0614378304
2382 0.0611144549
2387 0.0607823923
2402 0.0607418848
2405 0.0606131619
2411 0.0600394055
2418 0.0592349825
2434 0.0585606973
2438 0.0585373698
2445 0.0581303995
2457 0.0575307585
2458 0.0572182721
2459 0.0561451733
2466 0.0544751513
2477 0.0519916867
2485 0.0473490250
2523 0.0445375639
2536 0.0421028269
2582 0.0419956722
2592 0.0412243937
2595 0.0409237277
2598 0.0404002308
2605 0.0400567591
2608 0.0398983360
2610 0.0386349198
2639 0.0383988070
2648 0.0378627164
2651 0.0376353118
2670 0.0373973924
2679 0.0372567802
2684 0.0367782493
2685 0.0367312997
2699 0.0365212729
2703 0.0350711500
2708 0.0345473711
2721 0.0334256754
2729 0.0334159559
2731 0.0332970848
2732 0.0326780348
2738 0.0321064490
2741 0.0306929834
2755 0.0306407420
2763 0.0301852258
2816 0.0300471997
2823 0.0298456984
2824 0.0297245404
2831 0.0296034903
2834 0.0292276325
2836 0.0282246361
2845 0.0280177850
2849 0.0278455535
2853 0.0271835732
2858 0.0262692045
2866 0.0255282075
2870 0.0254180588
2876 0.0245269374
2880 0.0234957693
2899 0.0232448899
2907 0.0231113019
2917 0.0223598392
2920 0.0217662170
2922 0.0203663975
2929 0.0199703525
2962 0.0196102605
2970 0.0192929640
2975 0.0184467144
2976 0.0179504815
2998 0.0179435176
3012 0.0173946057
3015 0.0164408099
3036 0.0163785915
3044 0.0162028282
3046 0.0161937248
3047 0.0158413662
3048 0.0156183345
3052 0.0154136706
3053 0.0149304965
3061 0.0149057874
3065 0.0139284129
3075 0.0133725774
3078 0.0124790758
3090 0.0118245650
3145 0.0117806261
3151 0.0114542833
3157 0.0114138347
3158 0.0109243580
3160 0.0105286058
3174 0.0094019031
3186 0.0090326617
3194 0.0085280851
3197 0.0084559917
3202 0.0081391332
3204 0.0075746704
3229 0.0069831533
3248 0.0060744053
3252 0.0058702344
3300 0.0057814916
3302 0.0054961960
3306 0.0048064685
3334 0.0039760653
3342 0.0038466652
3345 0.0036609150
3347 0.0033077307
3355 0.0029156738
3364 0.0022698678
3371 0.0018445824
3373 0.0013208263
3380 0.0011302709
3397 0.0009433509
3406 0.0009172773
3413 0.0008884160
3416 0.0006104137
3480 0.0006090914
3487 0.0006027031
3492 0.0005972263
3502 0.0005760546
3538 0.0005672965
3544 0.0005570887
3558 0.0005557996
3560 0.0005447708
3567 0.0005180859
3572 0.0005099918
3581 0.0005060586
3589 0.0004838385
3597 0.0004833955
3606 0.0004742978
3620 0.0004674310
3624 0.0004654979
3633 0.0004559155
3644 0.0004374185
3649 0.0004227623
3659 0.0004010645
3669 0.0003945465
3674 0.0003728306
3676 0.0003641190
3680 0.0003537298
3683 0.0003307331
3722 0.0003290387
3726 0.0003050910
3734 0.0003018919
3742 0.0002981934
3752 0.0002782099
3770 0.0002753619
3776 0.0002688100
3781 0.0002543955
3800 0.0002534430
3809 0.0002491084
3817 0.0002423750
3845 0.0002420965
3857 0.0002419064
3858 0.0002406866
3862 0.0002375491
3868 0.0002353764
3869 0.0002337763
3872 0.0002297586
3873 0.0002295958
3879 0.0002259182
3895 0.0002206967
3905 0.0002095241
3910 0.0002070541
3914 0.0001794416
3936 0.0001623643
3937 0.0001495716
3960 0.0001396075
3973 0.0001371978
3984 0.0001198791
3994 0.0001181357
3998 0.0001062157
4027 0.0001026472
4048 0.0000917612
4055 0.0000856662
4067 0.0000808231
4068 0.0000791674
4071 0.0000779065
4104 0.0000735871
4110 0.0000685737
4137 0.0000667807
4139 0.0000658886
4145 0.0000646242
4160 0.0000635642
4162 0.0000611331
4163 0.0000604736
4171 0.0000578523
4173 0.0000573164
4186 0.0000536645
4190 0.0000520249
4200 0.0000489213
4201 0.0000474153
4209 0.0000459483
4216 0.0000437912
4241 0.0000430697
4247 0.0000402649
4251 0.0000375315
4260 0.0000353406
4264 0.0000336011
4272 0.0000306765
4351 0.0000305358
4358 0.0000302927
4363 0.0000295147
4374 0.0000290741
4388 0.0000290583
4396 0.0000290408
4397 0.0000289513
4402 0.0000287128
4407 0.0000282897
4411 0.0000277064
4414 0.0000274868
4421 0.0000267069
4422 0.0000258522
4428 0.0000255918
4433 0.0000251452
4434 0.0000227493
4447 0.0000222282
4454 0.0000206858
4471 0.0000187517
4519 0.0000181733
4527 0.0000158982
4537 0.0000141784
4550 0.0000135918
4566 0.0000100399
4642 0.0000095544
4664 0.0000092217
4673 0.0000091973
4675 0.0000089954
4677 0.0000085048
4680 0.0000084749
4696 0.0000081745
4714 0.0000081479
4722 0.0000079541
4723 0.0000077620
4729 0.0000077088
4736 0.0000074555
4740 0.0000070425
4747 0.0000069036
4750 0.0000068720
4752 0.0000062578
4756 0.0000056166
4781 0.0000055653
4786 0.0000047184
4815 0.0000047017
4816 0.0000042908
4822 0.0000042086
4834 0.0000038142
4838 0.0000036604
4849 0.0000034751
4851 0.0000032485
4862 0.0000024864
4890 0.0000024488
4899 0.0000020628
4930 0.0000020002
4942 0.0000019485
4951 0.0000018992
4969 0.0000016824
4976 0.0000014789
5004 0.0000013681
5005 0.0000013245
5072 0.0000012650
5083 0.0000012645
5095 0.0000011310
5103 0.0000011283
5120 0.0000010630
5129 0.0000010332
5134 0.0000009137
5148 0.0000009072
5162 0.0000008417
5174 0.0000007137
5181 0.0000007108
5191 0.0000006116
5194 0.0000005800
5201 0.0000005516
5231 0.0000005087
5238 0.0000005008
5239 0.0000004760
5241 0.0000004736
5251 0.0000004233
5259 0.0000003461
5271 0.0000002994
5290 0.0000002362
5410 0.0000002334
5412 0.0000002210
5419 0.0000002076
5430 0.0000002030
5449 0.0000002009
5457 0.0000001985
5458 0.0000001984
5459 0.0000001867
5460 0.0000001856
5462 0.0000001851
5467 0.0000001573
9114 0.0000001430
9246 0.0000001415
9252 0.0000001412
9277 0.0000001406
9282 0.0000001102
9295 0.0000000724
9297 0.0000000595
9311 0.0000000339
9339 0.0000000178
9435 0.0000000167
9454 0.0000000080
9557 0.0000000068
9581 0.0000000031
9622 0.0000000005
9739 0.0000000004
9790 0.0000000003
9799 0.0000000002
9824 0.0000000002
9842 0.0000000001
9852 0.0000000001
9883 0.0000000000
9895 0.0000000000
9970 0.0000000000
9991 0.0000000000
10089 0.0000000000
10109 0.0000000000
10125 0.0000000000
10207 0.0000000000
10294 0.0000000000
10315 0.0000000000
10356 0.0000000000
30009 0.2427383516
evaluations raw_y
1 882927298.4810870886
2 651234266.1930084229
9 571171664.4808182716
13 124152101.1517093182
17 103544765.3695141971
21 100981253.7585424781
22 26586509.8973037601
24 14588793.7598692626
25 2180606.8494760911
42 1656376.1244448801
64 1512169.9640146419
72 1495853.7471123615
77 558674.6500334769
93 439433.6963806488
97 248277.7641057754
106 106470.6409891080
107 72630.4589439175
143 61265.5118116237
145 31042.7019553385
163 20358.0875450665
165 3001.4293448455
191 1484.4720030586
202 1122.2134262921
203 247.2738458081
222 66.8546768958
277 13.9960244226
286 0.4455090677
363 0.2954373914
379 0.1377490970
398 0.0966247981
418 0.0965123929
421 0.0838873415
429 0.0651870144
440 0.0643644385
469 0.0543585074
474 0.0512971487
477 0.0509537267
495 0.0509096443
540 0.0503395760
553 0.0502635510
558 0.0502417874
563 0.0501017023
584 0.0500321202
596 0.0498617065
610 0.0497316624
617 0.0495353896
622 0.0495220999
624 0.0495033461
628 0.0494383613
630 0.0492737811
631 0.0489845981
635 0.0488500569
638 0.0488085128
640 0.0475619247
647 0.0474334659
648 0.0472219048
670 0.0462943139
674 0.0455658767
682 0.0454775554
687 0.0453181579
690 0.0408965535
696 0.0401561918
707 0.0398572563
713 0.0389355747
714 0.0374659472
718 0.0358706490
726 0.0328736284
729 0.0316749830
733 0.0269055869
743 0.0268246205
747 0.0245966309
754 0.0229287620
767 0.0214344918
777 0.0097502537
792 0.0045229141
856 0.0034688345
863 0.0029692965
900 0.0027918136
916 0.0026501642
920 0.0026461148
946 0.0026406527
952 0.0021079497
959 0.0017321574
994 0.0016283178
997 0.0014321442
1005 0.0012904635
1032 0.0012896702
1039 0.0012532807
1041 0.0012425257
1043 0.0012184267
1045 0.0012078027
1048 0.0010603505
1056 0.0009468663
1075 0.0008997734
1082 0.0008777739
1096 0.0006732765
1103 0.0005638906
1118 0.0004773661
1122 0.0002848430
1131 0.0002814593
1135 0.0002472866
1136 0.0001801134
1207 0.0001730966
1234 0.0001713714
1245 0.0001246801
1247 0.0001160585
1250 0.0001143909
1254 0.0001112042
1266 0.0000893749
1270 0.0000850400
1279 0.0000823738
1287 0.0000735450
1301 0.0000659723
1305 0.0000450468
1339 0.0000350993
1343 0.0000320802
1356 0.0000293610
1363 0.0000239439
1366 0.0000165133
1412 0.0000106975
1425 0.0000103368
1467 0.0000095141
1471 0.0000085349
1481 0.0000080025
1485 0.0000075606
1492 0.0000074350
1499 0.0000061063
1525 0.0000058941
1528 0.0000051330
1541 0.0000049923
1557 0.0000044729
1620 0.0000041748
1627 0.0000040815
1630 0.0000040714
1632 0.0000039255
1634 0.0000035531
1652 0.0000033738
1661 0.0000032872
1665 0.0000032780
1668 0.0000032768
1671 0.0000029139
1684 0.0000027270
1704 0.0000026383
1709 0.0000024841
1710 0.0000022978
1714 0.0000022814
1720 0.0000020583
1723 0.0000018690
1727 0.0000012709
1755 0.0000010354
1770 0.0000008592
1772 0.0000008486
1780 0.0000005607
1787 0.0000003242
1795 0.0000002335
1809 0.0000002212
1822 0.0000001668
1848 0.0000001293
1849 0.0000000849
1857 0.0000000433
1890 0.0000000307
1894 0.0000000179
1908 0.0000000131
1956 0.0000000130
1971 0.0000000127
1976 0.0000000042
2017 0.0000000021
2031 0.0000000016
2066 0.0000000015
2069 0.0000000014
2072 0.0000000010
2075 0.0000000008
2080 0.0000000005
2093 0.0000000004
2094 0.0000000003
2106 0.0000000003
2122 0.0000000002
2144 0.0000000001
2165 0.0000000001
2183 0.0000000000
2203 0.0000000000
2214 0.0000000000
2231 0.0000000000
2233 0.0000000000
2256 0.0000000000
2283 0.0000000000
2285 0.0000000000
2289 0.0000000000
2291 0.0000000000
2298 0.0000000000
2309 0.0000000000
2310 0.0000000000
2314 0.0000000000
2323 0.0000000000
2337 0.0000000000
2349 0.0000000000
2354 0.0000000000
2363 0.0000000000
2384 0.0000000000
2433 0.0000000000
2441 0.0000000000
2463 0.0000000000
2472 0.0000000000
30016 0.0000054711
evaluations raw_y
1 24855291.8683637381
2 8820969.8020694777
7 1448165.4977024642
24 858444.5518119230
28 102324.3483801392
80 89951.8975138838
92 34439.3300097446
104 334.4815634981
242 306.7491900088
244 134.8668144170
266 52.7000980202
311 51.7574131477
351 51.2639208546
353 51.2601784630
382 50.8062193067
391 50.7942640857
421 50.7536034791
422 50.6576108753
439 50.6010033758
443 50.4633333514
444 50.4408952577
447 50.2974442542
456 50.1083233990
460 49.8395301510
470 49.7573561001
477 49.2975691771
478 49.1396338905
491 48.9251981809
501 47.8085203553
507 47.0549294574
516 46.8601713906
532 46.8331202086
538 46.1402369746
541 45.2753585012
559 45.2311423557
560 44.6093991997
565 44.1634103679
568 42.9214760265
572 42.8768560596
589 42.7940861378
592 42.5570608562
595 42.4740756539
604 41.9555198643
609 40.7696987705
613 39.7544308164
621 39.4123721619
624 36.3763412557
641 35.5154336967
643 34.4584601613
645 30.2241017596
655 30.1698656414
666 27.3595408129
668 24.9007667471
679 24.8860845912
690 22.6949813886
696 19.2434314717
698 18.2167511839
701 17.8930895232
709 17.7671607142
718 12.9478660373
720 12.6826510649
724 12.0626596197
728 11.3857638713
731 9.7028029155
738 9.0178303714
742 8.7482434048
743 5.4146225936
746 5.2477829149
762 1.4688897949
782 1.4079165427
787 1.3438613916
789 0.6991578397
798 0.5041707536
813 0.1780609306
821 0.1722457114
842 0.0246913889
896 0.0209358021
898 0.0138815679
905 0.0111269305
912 0.0018529058
936 0.0014356881
948 0.0007329070
953 0.0002002182
974 0.0000833061
1016 0.0000733238
1026 0.0000547778
1035 0.0000219088
1037 0.0000118003
1045 0.0000075031
1091 0.0000015374
1121 0.0000014828
1123 0.0000012843
1125 0.0000009350
1156 0.0000003517
1183 0.0000000740
1226 0.0000000079
1254 0.0000000059
1308 0.0000000050
1320 0.0000000042
1334 0.0000000033
1343 0.0000000019
1347 0.0000000004
1377 0.0000000004
1395 0.0000000001
1405 0.0000000000
1413 0.0000000000
1445 0.0000000000
1446 0.0000000000
1472 0.0000000000
1482 0.0000000000
1513 0.0000000000
1534 0.0000000000
1540 0.0000000000
1549 0.0000000000
1566 0.0000000000
1569 0.0000000000
30086 6.0911563944
evaluations raw_y
1 30582770302.8678398132
2 12082310273.5132541656
3 2036205834.7164175510
4 757646862.6892981529
7 383840044.3996655941
10 84058189.2651000023
14 39256345.1041119918
15 1253571.3943885730
32 831440.4499445229
49 604157.2989455545
68 61926.2732491458
70 20710.5118454930
101 13226.0696685069
102 6742.0965696491
125 1425.3050108957
148 542.5358430618
173 109.2161284918
213 49.7066424617
228 12.0133704461
232 6.4001718854
255 5.9519807006
271 2.8702179289
272 1.5687457068
304 1.5536601325
337 1.5524234176
390 1.5493243570
393 1.5417173370
404 1.5295644417
414 1.5288786406
416 1.5285109942
422 1.5242949226
430 1.5236811439
452 1.5225368918
467 1.5207110478
481 1.5204072466
490 1.5200850445
491 1.5179088997
499 1.5138280852
506 1.5119387386
524 1.5107268813
530 1.5050971951
544 1.4987903685
550 1.4926980517
566 1.4900686836
568 1.4891655398
570 1.4876516391
572 1.4843457483
576 1.4834282050
577 1.4800868689
580 1.4768964547
589 1.4733397146
591 1.4648426124
597 1.4572196785
609 1.4550464369
611 1.4443300489
618 1.4328326457
619 1.4315048026
633 1.4209109275
634 1.4208009238
635 1.4070753986
640 1.4027084255
646 1.3821299955
656 1.3559961190
677 1.3353004060
682 1.3313623489
689 1.3237855033
690 1.3235513171
692 1.3199731444
699 1.3187615496
707 1.3104267172
718 1.2904523278
724 1.2855389933
731 1.2834594248
739 1.2815986669
761 1.2743237399
814 1.2707775389
822 1.2605590887
830 1.2539649279
839 1.2444823263
841 1.2390817071
847 1.2348654558
848 1.2335774531
877 1.2258165437
879 1.2201910834
898 1.2151032274
903 1.2073194934
917 1.2069540131
920 1.1984224076
925 1.1852498270
968 1.1843757892
976 1.1824561344
978 1.1809090062
981 1.1683886661
991 1.1662398738
995 1.1653034347
999 1.1617241303
1009 1.1533833925
1010 1.1432425091
1019 1.1318379389
1023 1.1055856740
1031 1.1054199703
1042 1.0699536196
1044 1.0482684948
1052 1.0321015146
1091 1.0119469592
1099 0.9828726627
1104 0.9770184733
1105 0.9550563610
1113 0.9245864258
1148 0.9208197974
1151 0.9070497642
1157 0.8899958013
1190 0.8774407266
1194 0.8664852315
1201 0.8658950390
1225 0.8648852879
1226 0.8566384375
1229 0.8518847440
1235 0.8463064160
1240 0.8426160530
1249 0.8380810623
1255 0.8195639765
1258 0.8181054966
1264 0.7962916324
1269 0.7824662885
1271 0.7771349349
1276 0.7742954188
1282 0.7623104975
1295 0.7591347517
1305 0.7573198366
1306 0.7453760779
1311 0.7388541343
1312 0.7380725314
1313 0.7249905474
1318 0.7180850820
1323 0.7111324596
1327 0.6847168825
1347 0.6719491283
1382 0.6536821358
1387 0.6356457716
1415 0.6352881979
1424 0.6336622311
1430 0.6257630568
1437 0.6205765703
1451 0.6007986688
1460 0.5816508804
1471 0.5743201337
1473 0.5481776763
1485 0.5157419387
1501 0.5080043802
1509 0.4926787354
1541 0.4905848272
1554 0.4893039834
1557 0.4864496810
1561 0.4775776939
1567 0.4640752939
1570 0.4595701327
1571 0.4581395321
1578 0.4535397205
1592 0.4505466540
1597 0.4335655511
1634 0.4330735731
1640 0.4248401648
1657 0.4145241020
1661 0.4120682064
1675 0.4119264530
1685 0.4105262758
1686 0.4054381871
1688 0.4035223911
1699 0.3990646582
1703 0.3787549437
1714 0.3771876267
1716 0.3701812978
1730 0.3693277992
1735 0.3652328546
1736 0.3558875895
1747 0.3403866623
1763 0.3331361182
1775 0.3317159763
1793 0.3300805540
1796 0.3287104277
1804 0.3266820034
1806 0.3248789746
1815 0.3230696091
1828 0.3197911152
1840 0.3197141387
1841 0.3186090567
1844 0.3150616075
1852 0.3077896927
1860 0.3064311321
1868 0.3029195443
1879 0.2989910062
1880 0.2892602324
1906 0.2882975319
1925 0.2871651229
1929 0.2804328753
1930 0.2800257056
1933 0.2780042994
1936 0.2739355837
1938 0.2729675581
1942 0.2639512923
1947 0.2603064281
1962 0.2483795444
1973 0.2480399350
1978 0.2435241435
1984 0.2420110010
1991 0.2394179933
1995 0.2357985571
2001 0.2307561252
2009 0.2301705299
2016 0.2203232075
2021 0.2153885702
2044 0.2137582183
2053 0.2123264620
2055 0.2098865259
2057 0.2047631063
2083 0.2047296850
2098 0.2004615257
2106 0.1973145637
2114 0.1919784928
2117 0.1918940849
2127 0.1748846231
2138 0.1625972461
2156 0.1463171170
2157 0.1378752830
2241 0.1376037781
2255 0.1368670197
2263 0.1355037813
2274 0.1341253198
2277 0.1339962322
2282 0.1335585106
2284 0.1317588380
2288 0.1281900990
2304 0.1278437324
2306 0.1261629792
2319 0.1258958153
2331 0.1248337417
2334 0.1237682921
2343 0.1230164354
2346 0.1224665944
2348 0.1217503485
2355 0.1195585427
2364 0.1188424817
2370 0.1152406111
2374 0.1145524789
2375 0.1128905695
2381 0.1081272647
2387 0.1065473845
2394 0.1062051323
2414 0.1046359293
2420 0.0997099217
2445 0.0995562971
2465 0.0960914309
2472 0.0958841310
2484 0.0940264675
2490 0.0936439433
2498 0.0932259512
2509 0.0931803825
2511 0.0927833880
2512 0.0921713034
2514 0.0890485657
2523 0.0869823261
2537 0.0855325713
2556 0.0835203537
2562 0.0806767697
2571 0.0806420942
2593 0.0798813681
2594 0.0786926151
2598 0.0784420993
2602 0.0777496969
2610 0.0763315721
2614 0.0747975885
2624 0.0740788494
2628 0.0737159456
2633 0.0699369815
2646 0.0652813182
2648 0.0634089529
2664 0.0633777056
2666 0.0617011787
2671 0.0572960835
2685 0.0549745122
2710 0.0541841035
2752 0.0533020577
2763 0.0532942780
2771 0.0525791275
2780 0.0516502256
2794 0.0504757206
2804 0.0501508212
2809 0.0481538210
2817 0.0471633702
2822 0.0469253237
2824 0.0448126833
2830 0.0433908763
2863 0.0433630315
2865 0.0415712127
2873 0.0410691892
2878 0.0405576595
2880 0.0400291106
2886 0.0372598486
2892 0.0348772249
2934 0.0323938097
2958 0.0318259610
2959 0.0311489741
2969 0.0309813886
2973 0.0279495165
2985 0.0261600332
3023 0.0231042242
3034 0.0210415716
3051 0.0209495474
3061 0.0207480168
3067 0.0205221217
3072 0.0193971366
3079 0.0184259976
3083 0.0171942112
3089 0.0163250296
3101 0.0139960896
3102 0.0130613912
3112 0.0106219090
3120 0.0091429719
3136 0.0090456217
3142 0.0069144715
3144 0.0065887865
3145 0.0056920285
3164 0.0039940794
3167 0.0039761571
3173 0.0038139791
3174 0.0031785333
3195 0.0031576793
3202 0.0029410733
3211 0.0027771024
3221 0.0026338455
3229 0.0024993827
3237 0.0023674747
3242 0.0022392785
3255 0.0021022255
3269 0.0019878955
3270 0.0019291688
3273 0.0018716903
3278 0.0018657068
3279 0.0016866223
3280 0.0015126989
3304 0.0014365117
3313 0.0014067181
3323 0.0013914668
3324 0.0013730754
3325 0.0013692992
3336 0.0012635805
3350 0.0011413815
3364 0.0010903356
3373 0.0010740156
3377 0.0010165420
3381 0.0010076242
3394 0.0009516115
3417 0.0009078880
3447 0.0008922304
3456 0.0008372687
3470 0.0008032732
3479 0.0007897551
3482 0.0007699713
3490 0.0007422987
3503 0.0007373863
3509 0.0006878497
3523 0.0006843588
3525 0.0006809816
3530 0.0006777560
3532 0.0006721355
3535 0.0005971479
3540 0.0005753299
3555 0.0005648770
3569 0.0005268374
3581 0.0005024362
3586 0.0004608422
3592 0.0004529184
3621 0.0004306640
3644 0.0004241086
3649 0.0004120682
3651 0.0003921364
3656 0.0003849845
3660 0.0003726862
3668 0.0003620307
3673 0.0003540591
3678 0.0003368994
3689 0.0003303579
3691 0.0003198543
3704 0.0003106776
3714 0.0002952343
3719 0.0002788721
3734 0.0002742734
3737 0.0002719068
3742 0.0002708594
3745 0.0002607679
3749 0.0002463776
3752 0.0002461593
3771 0.0002445657
3774 0.0002434642
3788 0.0002407692
3801 0.0002367566
3807 0.0002355409
3809 0.0002303891
3811 0.0002272360
3813 0.0002222335
3818 0.0002023383
3840 0.0001992813
3844 0.0001990851
3850 0.0001917204
3864 0.0001873161
3880 0.0001798592
3906 0.0001780242
3910 0.0001729825
3930 0.0001722808
3937 0.0001713587
3939 0.0001708049
3954 0.0001677909
3957 0.0001669217
3961 0.0001595853
3967 0.0001594250
3976 0.0001462621
3984 0.0001457123
3986 0.0001453717
3996 0.0001383374
4001 0.0001373611
4008 0.0001372466
4012 0.0001368192
4013 0.0001286981
4015 0.0001258370
4023 0.0001007840
4034 0.0000973152
4046 0.0000934887
4119 0.0000915102
4125 0.0000877578
4132 0.0000865767
4133 0.0000733905
4147 0.0000691296
4149 0.0000677980
4164 0.0000664947
4169 0.0000643440
4181 0.0000622423
4192 0.0000547836
4213 0.0000543962
4229 0.0000539477
4235 0.0000532541
4242 0.0000522534
4246 0.0000510174
4250 0.0000486097
4268 0.0000474849
4282 0.0000452153
4286 0.0000451372
4294 0.0000446425
4309 0.0000444030
4312 0.0000411123
4321 0.0000397347
4327 0.0000380739
4330 0.0000373593
4362 0.0000358975
4367 0.0000354525
4374 0.0000348029
4380 0.0000339558
4385 0.0000314597
4401 0.0000300663
4408 0.0000299876
4411 0.0000285982
4413 0.0000284859
4420 0.0000268360
4429 0.0000263382
4434 0.0000218907
4443 0.0000203195
4451 0.0000166467
4456 0.0000145183
4495 0.0000133125
4542 0.0000130863
4550 0.0000125797
4564 0.0000121427
4581 0.0000118142
4599 0.0000107321
4604 0.0000102530
4613 0.0000098453
4641 0.0000092367
4648 0.0000089972
4662 0.0000089693
4664 0.0000088947
4666 0.0000085550
4671 0.0000083547
4675 0.0000079004
4677 0.0000070656
4693 0.0000064266
4699 0.0000060323
4715 0.0000058241
4736 0.0000057318
4737 0.0000056736
4739 0.0000056270
4741 0.0000053250
4742 0.0000052392
4749 0.0000049468
4759 0.0000047887
4763 0.0000046062
4764 0.0000041235
4789 0.0000038106
4804 0.0000038064
4811 0.0000036379
4817 0.0000034257
4836 0.0000034175
4840 0.0000033856
4844 0.0000031681
4850 0.0000030570
4861 0.0000029353
4868 0.0000027539
4901 0.0000026722
4916 0.0000024043
4929 0.0000019602
4938 0.0000017712
4959 0.0000016794
4967 0.0000015779
4968 0.0000014265
4983 0.0000013725
4988 0.0000010684
4993 0.0000009679
5033 0.0000008826
5063 0.0000008467
5080 0.0000007717
5084 0.0000007612
5096 0.0000006591
5098 0.0000006488
5109 0.0000005762
5113 0.0000005383
5123 0.0000004567
5134 0.0000004517
5137 0.0000003944
5161 0.0000003905
5170 0.0000003828
5175 0.0000003803
5183 0.0000003762
5192 0.0000003708
5201 0.0000003665
5203 0.0000003528
5208 0.0000003382
5209 0.0000003333
5210 0.0000003266
5221 0.0000002895
5223 0.0000002676
5238 0.0000002634
5247 0.0000002581
5251 0.0000002103
5259 0.0000001699
5276 0.0000001425
5294 0.0000001166
5359 0.0000001135
5369 0.0000001129
5398 0.0000001104
5404 0.0000001056
5412 0.0000001008
5416 0.0000001001
5418 0.0000000965
5424 0.0000000945
5429 0.0000000922
5435 0.0000000913
5446 0.0000000780
5462 0.0000000749
12683 0.0000000649
12703 0.0000000520
12706 0.0000000490
12716 0.0000000443
12762 0.0000000389
12822 0.0000000369
12828 0.0000000310
12856 0.0000000275
12904 0.0000000256
12906 0.0000000197
12918 0.0000000197
12935 0.0000000121
12946 0.0000000114
12989 0.0000000080
13037 0.0000000074
13048 0.0000000063
13082 0.0000000022
13125 0.0000000009
13308 0.0000000009
13326 0.0000000009
13397 0.0000000009
13402 0.0000000009
13406 0.0000000006
13436 0.0000000006
13437 0.0000000004
13448 0.0000000003
13451 0.0000000003
13455 0.0000000003
13485 0.0000000003
13512 0.0000000001
13514 0.0000000001
13516 0.0000000001
13567 0.0000000001
13592 0.0000000001
22920 0.0000000000
23007 0.0000000000
23088 0.0000000000
23093 0.0000000000
23120 0.0000000000
23127 0.0000000000
23136 0.0000000000
23138 0.0000000000
23180 0.0000000000
23231 0.0000000000
23239 0.0000000000
23447 0.0000000000
23561 0.0000000000
23577 0.0000000000
23598 0.0000000000
23615 0.0000000000
23659 0.0000000000
23791 0.0000000000
23831 0.0000000000
24077 0.0000000000
30023 0.0311864118
evaluations raw_y
1 490721950.4553589821
3 26431787.1467274502
9 12754828.6921991017
17 4459361.6307727238
23 4436804.8005969906
26 1122122.3413751277
37 201832.9988930668
116 153745.6427575876
122 61558.8689826348
135 42250.4393482955
148 9159.2517019670
171 5326.0042095709
184 117.3939309754
268 115.5668101289
277 60.0804906310
292 46.9089835405
302 45.4319207546
312 43.3911135899
326 38.2736988903
345 36.0566301892
365 35.9133268011
395 35.8772909056
502 35.8742987712
503 35.8708578676
506 35.8621221613
511 35.8560738117
517 35.8560351769
519 35.8503544462
520 35.8373140600
543 35.8318495619
557 35.8311954905
565 35.8279065552
568 35.8124955046
580 35.7969860169
589 35.7915245117
593 35.7776505094
628 35.7594826048
633 35.7323627240
638 35.7279595645
639 35.7097836231
641 35.7049811218
645 35.6947603468
648 35.6715351659
655 35.6204611497
659 35.5965599168
664 35.5955663810
671 35.4876277565
688 35.4688123377
700 35.4262093990
702 35.3646750425
737 35.2427557034
743 35.2248994696
744 35.0917425820
753 35.0028142048
760 34.9689987403
761 34.8567000555
770 34.7532845734
771 34.3987027874
781 34.1931297299
785 33.9269386531
794 32.9098389428
801 32.1479195401
817 31.7083907390
825 31.1918154180
835 30.8542761891
837 29.4680199936
846 27.3226876016
853 24.7614077099
859 21.8832611711
863 21.6112235979
867 21.2856026285
877 19.5131210917
894 9.1333723399
943 8.3549498474
944 8.1281383575
945 7.8451274117
947 6.4616155697
955 4.8107280639
956 2.6645013258
967 1.5484406317
983 1.5154645993
987 0.8742727792
994 0.3509863218
1028 0.1308060582
1042 0.0353042420
1058 0.0219669208
1087 0.0175221494
1089 0.0104718279
1097 0.0100407268
1101 0.0087654511
1110 0.0048079932
1134 0.0038013492
1135 0.0020293594
1141 0.0019260939
1147 0.0008566537
1161 0.0002392239
1192 0.0000274887
1263 0.0000082810
1274 0.0000039419
1279 0.0000004994
1321 0.0000002988
1335 0.0000001172
1383 0.0000000668
1392 0.0000000477
1398 0.0000000148
1435 0.0000000067
1487 0.0000000020
1504 0.0000000003
1540 0.0000000002
1556 0.0000000002
1567 0.0000000000
1621 0.0000000000
1650 0.0000000000
1662 0.0000000000
1667 0.0000000000
1681 0.0000000000
1688 0.0000000000
1689 0.0000000000
1693 0.0000000000
1705 0.0000000000
1709 0.0000000000
1713 0.0000000000
1716 0.0000000000
1734 0.0000000000
1740 0.0000000000
1754 0.0000000000
1766 0.0000000000
1781 0.0000000000
1793 0.0000000000
1813 0.0000000000
30023 0.0000000000
evaluations raw_y
1 76125963.1103182733
4 38775479.9111526683
9 16552888.5809353907
17 13173108.9069731832
23 11447089.6654749215
26 338623.1713671808
42 32586.6868946347
116 8679.7845977497
132 4657.1328897744
134 3738.6399970274
137 2328.6493114507
139 551.4281472595
146 547.5713112256
184 206.7918955564
198 68.9526572626
207 3.6873097020
262 1.4553574269
287 1.2044223537
294 1.0279769926
351 0.9684472868
357 0.9414506356
380 0.9322746412
392 0.9279462741
396 0.9278854931
404 0.9274809105
422 0.9266119079
425 0.9257697292
449 0.9256242446
456 0.9255046219
462 0.9254604662
477 0.9243754616
502 0.9237714062
513 0.9233759923
517 0.9228111521
519 0.9227914963
531 0.9210594725
542 0.9208166001
543 0.9202386979
547 0.9201641993
548 0.9200967526
550 0.9184372578
556 0.9159931696
560 0.9144726989
565 0.9143283075
566 0.9138487183
569 0.9109170984
574 0.9100435347
579 0.9093982899
580 0.9063194673
583 0.9061848210
584 0.9040112459
593 0.8981443193
596 0.8966638379
605 0.8885860908
610 0.8864732883
631 0.8806996185
639 0.8792333285
641 0.8787415642
648 0.8657934701
659 0.8577648844
661 0.8369168508
670 0.8158750132
687 0.7513775899
698 0.7376970103
701 0.6259012058
711 0.6089729138
714 0.4982177108
719 0.4824279609
727 0.3719480301
742 0.2726940681
751 0.2456426277
765 0.1888426662
768 0.1777768012
771 0.0858150746
809 0.0646819690
816 0.0622245591
827 0.0487106928
830 0.0253995305
901 0.0244846575
910 0.0227378187
914 0.0202263356
922 0.0185924184
927 0.0182075576
949 0.0173405038
956 0.0168152384
960 0.0163970469
964 0.0155881174
969 0.0149907766
970 0.0137229878
982 0.0131462205
989 0.0101358695
996 0.0097816495
1016 0.0088368514
1030 0.0080629643
1039 0.0077899824
1040 0.0071846164
1041 0.0068831137
1045 0.0068671616
1046 0.0055661677
1047 0.0053883411
1051 0.0053314750
1053 0.0040217335
1058 0.0037683292
1073 0.0037347085
1101 0.0033358050
1108 0.0029738045
1115 0.0024515966
1125 0.0020455565
1146 0.0015383897
1164 0.0013704107
1172 0.0010370437
1185 0.0009492114
1210 0.0009405541
1212 0.0008060691
1214 0.0006591344
1222 0.0005200318
1230 0.0004170193
1265 0.0003510013
1279 0.0001758902
1296 0.0001643924
1305 0.0001255899
1311 0.0001086364
1335 0.0000890973
1366 0.0000825440
1393 0.0000797748
1394 0.0000777982
1397 0.0000720857
1408 0.0000626455
1445 0.0000590374
1455 0.0000558618
1459 0.0000556936
1467 0.0000494561
1474 0.0000480541
1478 0.0000420080
1491 0.0000398942
1495 0.0000392083
1498 0.0000387098
1500 0.0000384408
1502 0.0000303705
1510 0.0000260844
1521 0.0000245846
1533 0.0000232465
1537 0.0000196765
1542 0.0000189393
1544 0.0000169777
1552 0.0000130305
1575 0.0000128597
1578 0.0000110515
1581 0.0000096648
1594 0.0000062393
1613 0.0000040552
1624 0.0000028919
1644 0.0000028095
1654 0.0000019926
1677 0.0000019728
1690 0.0000011717
1700 0.0000011482
1706 0.0000007636
1719 0.0000005630
1733 0.0000005413
1737 0.0000005038
1738 0.0000004506
1744 0.0000002989
1751 0.0000001003
1763 0.0000000355
1811 0.0000000355
1822 0.0000000128
1826 0.0000000044
1851 0.0000000016
1894 0.0000000010
1897 0.0000000007
1906 0.0000000004
1909 0.0000000000
1968 0.0000000000
2014 0.0000000000
2017 0.0000000000
2021 0.0000000000
2022 0.0000000000
2054 0.0000000000
2062 0.0000000000
2072 0.0000000000
2082 0.0000000000
2087 0.0000000000
2110 0.0000000000
2114 0.0000000000
2136 0.0000000000
30072 471863.0148754508
