evaluations raw_y
1 37.8548583556
7 34.6495466010
21 34.5235489729
28 28.7028556538
31 24.3959899621
37 23.7848649572
46 19.3517984441
47 7.0162468879
310 6.7744047031
1091 4.9892510323
1509 4.8013568407
1635 4.4468537605
1884 4.1921822746
3269 3.6375397863
5994 3.5401138851
7298 3.4620222831
7746 3.4551143030
8678 3.4549773628
8774 3.4549751253
8844 3.4549516317
8943 3.4549447590
9007 3.4549392293
9099 3.4549372923
9258 3.4549362627
9289 3.4549354467
9415 3.4549348893
9416 3.4549346095
9558 3.4549341675
9648 3.4549340987
9774 3.4549340943
9895 3.4549340561
9906 3.4549340122
10060 3.4549340081
10255 3.4549340029
10312 3.4549340000
10357 3.4549339977
10375 3.4549339960
10552 3.4549339941
10813 3.4549339941
11212 3.4549339941
11254 3.4549339941
11461 3.4549339941
11602 3.4549339941
11737 3.4549339941
11773 3.4549339941
11801 3.4549339941
12083 3.4549339941
12161 3.4549339941
12196 3.4549339941
evaluations raw_y
1 45.8054890564
4 29.5088854800
10 26.7147080904
35 9.2813857533
356 7.1248719139
567 6.9342246177
651 5.3950323456
1603 4.3665043893
2748 4.2293625216
2994 3.8062592675
5055 3.5387935380
5311 3.3848218586
5462 3.2880948030
5614 3.1986726880
5801 3.1090635933
5836 3.1034032025
5994 3.0587471379
6184 3.0578318620
6193 3.0407105093
6406 3.0367023852
6446 3.0349842108
6604 3.0345917196
6690 3.0333406959
6727 3.0331907370
6819 3.0331074332
6842 3.0328755249
6943 3.0327940536
6962 3.0326838294
7149 3.0326367090
7357 3.0326228774
7507 3.0326225894
7542 3.0326166754
7627 3.0326153404
7635 3.0326137953
7637 3.0326124312
7691 3.0326110593
8022 3.0326110077
8068 3.0326110020
8161 3.0326107459
8205 3.0326105949
8321 3.0326105586
8443 3.0326105564
8591 3.0326105554
8678 3.0326105524
8744 3.0326105485
8925 3.0326105466
9001 3.0326105461
9021 3.0326105460
9049 3.0326105457
9143 3.0326105457
9482 3.0326105457
9509 3.0326105456
9518 3.0326105456
9593 3.0326105456
9599 3.0326105455
9643 3.0326105455
10316 3.0326105455
10387 3.0326105455
10591 3.0326105455
10621 3.0326105455
10794 3.0326105455
10883 3.0326105455
evaluations raw_y
1 20574.7469986449
2 67.5880084714
7 63.8389072437
9 49.0004830831
16 38.7007404313
38 28.5891259960
69 27.7270233649
96 17.1149871535
139 10.7740119620
242 9.9316271956
1100 9.2178383513
1186 6.4129656382
2273 5.6128063142
2604 5.3489574643
2947 5.1081994408
4681 4.4856844107
6657 4.1803789243
7156 3.9513980407
7556 3.8622118331
7835 3.8558213051
9218 3.8530827453
9328 3.8485235751
9588 3.8478216019
9658 3.8469545530
9838 3.8460221403
9996 3.8454687830
10035 3.8453143433
10082 3.8452183845
10108 3.8451326564
10257 3.8450486184
10296 3.8450354833
10426 3.8449991549
10487 3.8449584578
10738 3.8449583419
10898 3.8449456579
10904 3.8449405988
11247 3.8449400260
11269 3.8449396496
11297 3.8449391273
11412 3.8449384472
11428 3.8449379183
11435 3.8449378958
11494 3.8449378611
11511 3.8449377985
11676 3.8449376542
11811 3.8449376276
11972 3.8449376056
12023 3.8449375819
12112 3.8449375769
12928 3.8449375769
12959 3.8449375769
13119 3.8449375769
13128 3.8449375768
13158 3.8449375768
13306 3.8449375768
13409 3.8449375768
13440 3.8449375768
13552 3.8449375768
13669 3.8449375768
13750 3.8449375768
13976 3.8449375768
13979 3.8449375768
14578 3.8449375768
evaluations raw_y
1 466.1870654538
3 37.2935606084
5 35.6769256814
7 22.0535191732
12 10.6311833560
49 9.7719223968
63 9.0343240227
341 7.9788744771
1012 5.3817144380
1045 5.3606976534
1267 4.9242882615
1529 4.2787680724
2364 3.7953619419
5334 3.6332508865
5361 3.5391249003
6249 3.4332872142
6951 3.2104858907
7846 3.1644437673
8672 3.1065533042
9939 3.1033478468
10289 3.0796007460
10651 3.0698003071
10922 3.0692187125
11380 3.0684346499
11994 3.0682105492
12074 3.0680358163
12217 3.0679920483
12273 3.0672230925
12345 3.0671966465
12440 3.0671813526
12477 3.0671359365
12486 3.0670586481
12606 3.0670298006
12729 3.0670241275
12753 3.0670080583
12792 3.0668803449
12855 3.0668787698
13016 3.0668739979
13089 3.0668685609
13309 3.0668660674
13441 3.0668631063
13632 3.0668629677
13654 3.0668621320
13732 3.0668615711
13831 3.0668615320
13955 3.0668613764
14064 3.0668613717
14160 3.0668612894
14491 3.0668612889
14738 3.0668612878
14776 3.0668612870
14845 3.0668612868
14873 3.0668612866
14875 3.0668612865
14886 3.0668612862
14946 3.0668612858
15036 3.0668612858
15040 3.0668612857
15127 3.0668612856
15182 3.0668612856
15388 3.0668612856
15439 3.0668612856
15531 3.0668612859
evaluations raw_y
1 57.7528507547
2 51.7394761157
5 9.4173374077
227 5.9344697704
1615 5.1791956683
2230 4.6356923864
2691 4.0956057920
4156 3.7615222504
4486 3.6625976001
4682 3.6205031563
4718 3.5602224038
4783 3.4520084654
4852 3.2712922975
4900 3.2212508643
5036 3.2043914730
5062 3.1523224254
5818 3.1509514056
6204 3.1506472950
6434 3.1506102919
6494 3.1504234286
6667 3.1502784215
6680 3.1502416693
7130 3.1502394628
7155 3.1502371535
7211 3.1502370113
7237 3.1502366540
7239 3.1502362098
7333 3.1502357575
7369 3.1502353878
7424 3.1502352042
7439 3.1502343438
7684 3.1502342776
7693 3.1502341476
7821 3.1502341356
7840 3.1502340025
7898 3.1502339605
8032 3.1502339553
8069 3.1502339482
8113 3.1502339442
8333 3.1502339424
8362 3.1502339417
8394 3.1502339391
8485 3.1502339378
8514 3.1502339364
8577 3.1502339359
8817 3.1502339357
9043 3.1502339357
9164 3.1502339357
9220 3.1502339357
9373 3.1502339357
9751 3.1502339357
10061 3.1502339357
10069 3.1502339357
10130 3.1502339357
10169 3.1502339357
10218 3.1502339357
10341 3.1502339357
10408 3.1502339357
10523 3.1502339357
evaluations raw_y
1 48.6859188947
2 38.7519638659
6 32.2545205596
9 6.5708056976
556 6.2589594752
853 5.5728694920
891 4.6117420974
1874 4.4082387847
2741 4.2360510761
3323 4.2140105281
4574 4.1053500418
6210 3.9699367234
6286 3.8827534283
6422 3.7637807606
6549 3.5322116551
6612 3.5102180740
6748 3.3455740433
7217 3.3426557529
7463 3.3408095197
7468 3.3356529351
7644 3.3346385664
7815 3.3344073845
7932 3.3342218487
8016 3.3341810854
8028 3.3341740733
8042 3.3341550501
8063 3.3340389219
8137 3.3339911855
8280 3.3339905984
8321 3.3339857118
8476 3.3339794888
8641 3.3339787962
8709 3.3339774601
8770 3.3339765995
8914 3.3339762581
9048 3.3339761666
9266 3.3339761167
9640 3.3339761163
9680 3.3339761114
9704 3.3339761060
9938 3.3339761058
10030 3.3339761054
10088 3.3339761053
10103 3.3339761053
10166 3.3339761052
10185 3.3339761051
10386 3.3339761050
10414 3.3339761050
10546 3.3339761050
10586 3.3339761050
10614 3.3339761050
10714 3.3339761050
11003 3.3339761050
11124 3.3339761050
11237 3.3339761050
11282 3.3339761050
11382 3.3339761050
11914 3.3339761050
evaluations raw_y
1 41.6069023234
7 10.0976833317
66 10.0687271350
239 6.3946162405
257 5.9718413717
710 4.9751367591
1391 4.9531187891
2254 4.8276175940
2714 4.5867586301
6518 4.2771747986
6699 4.2649321267
6804 4.0905906087
7093 4.0316266957
7935 4.0213833041
8184 4.0211645037
8196 4.0200309008
8323 4.0193328581
8859 4.0192395334
9095 4.0192063875
9374 4.0192046407
9578 4.0192026306
9606 4.0192010756
9850 4.0192010445
9997 4.0192009236
10021 4.0192009205
10180 4.0192009096
10332 4.0192009087
10387 4.0192008827
10497 4.0192008745
10558 4.0192008645
10566 4.0192008560
10847 4.0192008557
10878 4.0192008557
11107 4.0192008556
11108 4.0192008553
11114 4.0192008548
11176 4.0192008546
11270 4.0192008545
11303 4.0192008545
11390 4.0192008544
11540 4.0192008544
11548 4.0192008544
11587 4.0192008544
11718 4.0192008544
12314 4.0192008544
12360 4.0192008544
12515 4.0192008544
12740 4.0192008544
12796 4.0192008544
12885 4.0192008544
12980 4.0192008544
12997 4.0192008544
13283 4.0192008544
13416 4.0192008544
14196 4.0192008544
14641 4.0192008544
15793 4.0192008544
evaluations raw_y
1 75.5056753511
2 48.8415006155
20 40.8577435277
39 26.9144321193
92 17.1954802192
220 16.7406056091
353 16.0723673800
359 13.4763051551
426 4.3118293853
524 4.2454612208
866 3.7964633479
1001 2.5200017950
2079 1.9224994627
3614 1.7187174805
3854 1.6081366713
4561 1.6034193660
4585 1.5944551112
4782 1.5874166677
4979 1.5870354575
5209 1.5867587765
5340 1.5866178745
5505 1.5863741423
5568 1.5863285446
5794 1.5863038656
6005 1.5863017878
6096 1.5863006125
6198 1.5862995219
6200 1.5862991089
6272 1.5862977076
6541 1.5862976729
6688 1.5862974484
6723 1.5862971296
7177 1.5862971248
7397 1.5862971240
7482 1.5862971217
7551 1.5862971217
7555 1.5862971215
7652 1.5862971213
7785 1.5862971208
7897 1.5862971207
7942 1.5862971207
8001 1.5862971206
8199 1.5862971206
8214 1.5862971205
8217 1.5862971205
8300 1.5862971205
8576 1.5862971205
8589 1.5862971205
8629 1.5862971205
8725 1.5862971205
8753 1.5862971205
9015 1.5862971205
9138 1.5862971205
9279 1.5862971205
evaluations raw_y
1 8323.2445609669
2 89.8196322599
6 85.5534191510
13 32.2183197709
44 21.0180934195
193 20.1691580593
331 9.6483655917
419 6.7348634583
863 5.4537408759
1068 4.2953527126
2384 4.0470880356
4380 3.7274311274
12347 3.6926365033
12430 3.6755853686
12505 3.5754369330
12547 3.5638493589
12578 3.4624935844
12594 3.4517168579
12661 3.3544027388
12669 3.2264907689
12861 3.2091273747
13002 3.2050897058
13295 3.2041991902
13450 3.2041373586
13481 3.2041330017
13496 3.2027961311
13608 3.2027360148
13735 3.2026550806
13930 3.2026510963
13998 3.2026239967
14262 3.2026234598
14298 3.2028760664
evaluations raw_y
1 91.3263154764
3 45.4391775634
6 35.1862809165
8 30.1465106013
11 25.8171761835
13 13.6095829961
192 10.2481263526
339 9.9354305861
382 9.0874851769
515 8.3670907013
558 7.7029654084
780 4.7949144274
1924 4.7642225116
2311 3.7760727227
5325 13.2577952796
evaluations raw_y
1 49.4254616175
10 18.1748621816
54 12.6512650215
286 12.4534759530
360 12.0778868814
520 9.7643618025
638 8.3810000663
724 8.0522760562
973 7.6713051700
1021 7.2861306069
1192 6.8824712827
1221 6.8451224836
1280 6.8168392407
1534 6.7618585350
1999 4.3872220568
2941 4.1368026153
4823 4.0717217508
5493 3.9367752393
6424 3.8545418211
6589 3.7949557586
6679 3.7832427200
6727 3.6225060349
6852 3.4752830645
7031 3.4507504571
7064 3.4348280758
7566 3.4319978522
7946 3.4319932458
7975 3.4318477404
8757 3.4318424520
9242 3.4318422194
9272 3.4318420820
9474 3.4318420801
9533 3.4318420774
9581 3.4318420722
9643 3.4318420675
9646 3.4318420674
9723 3.4318420559
9800 3.4318420543
9968 3.4318420532
10001 3.4318420530
10047 3.4318420526
10173 3.4318420520
10174 3.4318420520
10210 3.4318420515
10228 3.4318420512
10328 3.4318420512
10493 3.4318420512
10612 3.4318420512
10795 3.4318420512
10898 3.4318420512
10913 3.4318420512
10946 3.4318420512
10987 3.4318420512
11049 3.4318420512
11055 3.4318420512
11086 3.4318420512
11211 3.4318420512
11404 3.4318420512
11424 3.4318420512
11554 3.4318420512
11653 3.4318420512
12180 3.4318420512
evaluations raw_y
1 64.4110082727
2 57.2566340263
7 27.6317163626
26 16.4819505019
35 8.7173848370
356 8.1258470971
649 6.7947247562
745 6.7839585190
1004 4.3928372226
1126 4.2095730240
1531 3.9701471451
4309 3.9561004510
4658 3.7746961078
5026 3.6288916236
5169 3.1693819165
9151 3.1638567826
9773 3.1586451929
9836 3.1564813640
10647 3.1555084784
10881 3.1547411363
11242 3.1545917263
11357 3.1545725153
11425 3.1545551577
11858 3.1545545512
11902 3.1545439930
12223 3.1545429866
12366 3.1545429236
12370 3.1545425978
12620 3.1545425728
12718 3.1545425700
12734 3.1545425358
12837 3.1545425290
13060 3.1545425285
13099 3.1545425275
13134 3.1545425249
13149 3.1545425218
13311 3.1545425216
13486 3.1545425216
13714 3.1545425216
13765 3.1545425216
13898 3.1545425215
14090 3.1545425215
14106 3.1545425215
14460 3.1545425215
14485 3.1545425215
14548 3.1545425215
14712 3.1545425215
14840 3.1545425215
evaluations raw_y
1 102.3294855280
2 49.8470560105
10 35.3669161343
11 30.8812308385
29 27.4256148460
78 24.4958229570
82 23.9448862017
143 20.9559177835
167 18.9409911189
262 15.1519375433
338 13.3377439261
343 12.4906551817
421 4.1025013964
2731 3.4528187588
14941 3.8627814655
evaluations raw_y
1 21666.6294620729
3 11376.7505388046
4 4609.3644476100
5 79.6775983253
13 39.7644830023
56 36.4744327225
84 31.4969338047
86 28.5334517652
190 24.9358084867
193 18.4033568000
265 14.6140281906
316 13.3601514709
799 12.8944147962
818 9.8642925747
851 6.9984430759
1332 4.6060539322
1783 4.2120909091
1840 3.6602290216
2042 3.6269422837
2238 3.4418034437
3787 3.3746201227
4200 3.2700631885
4420 3.2158011154
4608 3.1858294361
4649 3.1690341607
4745 3.1592528333
4917 3.1469155008
4951 3.1414174469
4975 3.1405878791
5105 3.1376383144
5229 3.1365667691
5317 3.1360259402
5368 3.1358488541
5502 3.1356692497
5586 3.1356034934
5636 3.1355767147
5732 3.1355503794
5737 3.1355487135
5807 3.1354695461
5960 3.1354687039
6058 3.1354642810
6060 3.1354435568
6508 3.1354431852
6539 3.1354424455
6554 3.1354423725
6751 3.1354421343
7145 3.1354421280
7229 3.1354421279
7319 3.1354421251
7597 3.1354421249
7719 3.1354421248
7861 3.1354421246
8024 3.1354421246
8185 3.1354421246
8247 3.1354421246
8315 3.1354421246
8540 3.1354421246
8647 3.1354421246
8651 3.1354421246
8653 3.1354421246
8885 3.1354421246
9076 3.1354421246
9102 3.1354421246
9400 3.1354421246
9511 3.1354421246
9798 3.1354421246
9883 3.1354421246
evaluations raw_y
1 54.2823435391
2 22.5838902502
4 8.4070447364
217 7.5431368970
621 5.9941764232
765 5.9051535666
827 4.3563534519
2501 4.2688305887
4473 3.9540471967
6959 3.9158567020
7096 3.9041300688
7375 3.8878179782
7626 3.8851111116
7696 3.8850343114
7771 3.8848902775
7816 3.8817907134
7893 3.8807168850
7931 3.8795178212
8402 3.8795082174
8542 3.8795081714
8606 3.8795023049
8693 3.8794892376
8765 3.8794884484
9065 3.8794875407
9074 3.8794872018
9299 3.8794869746
9379 3.8794868830
9452 3.8794868054
9679 3.8794867903
9691 3.8794867798
9702 3.8794867507
9728 3.8794867459
9740 3.8794867311
9976 3.8794867271
10219 3.8794867264
10340 3.8794867254
10344 3.8794867247
10876 3.8794867247
11041 3.8794867247
11214 3.8794867247
11215 3.8794867247
11345 3.8794867247
11926 3.8794867247
12418 3.8794867247
