evaluations raw_y
1 28203161.6610437334
3 7112493.8060627319
4 6246725.3730453681
7 3566164.8408739315
8 3515087.1997370869
11 3283123.2835011510
12 693692.4535240566
25 572440.3001063402
37 411166.8496422764
50 394120.2705291077
97 243180.5176571713
155 193758.7201524753
168 134965.8116242982
188 123182.2208398008
250 101677.3845415674
274 77909.6984342295
305 74043.8376144808
312 43577.1739181230
427 41115.8734216790
449 28458.4827291901
613 17351.1223772211
746 10687.7912921586
1025 10665.8277036986
1029 10442.0179709244
1138 8085.2198543507
1238 6475.9955575110
1453 6139.5067306193
1563 2463.1009429044
2061 1259.3460507997
2146 812.5181735872
2431 508.7959056738
2452 469.7598900561
2722 451.4982680110
2788 251.9376122959
3349 219.6695698157
3512 200.1295826557
3618 187.7378899767
3740 164.3427029769
3993 158.4376726385
4022 146.1120291658
4301 144.6844531248
4342 131.6779022406
4467 117.3064462914
4610 107.4178252978
4716 98.7460027964
4994 98.3744121556
5120 97.2747703337
5122 91.0544163565
5292 86.2706158530
5673 85.9449396425
5697 83.4709175426
5840 83.4009327103
5892 83.1170842467
5933 82.6162341132
5937 82.3968341431
6003 82.2406471065
6020 81.9789497746
6045 81.6783286976
6088 81.6405757359
6195 80.7907912810
6438 79.8400690044
6627 79.4565389811
6756 79.4040659801
6923 79.1209382808
6932 78.9119112609
6974 78.6077866473
7033 77.9998067081
7069 76.3060262589
7238 74.9421828543
7271 73.2452526553
7309 71.2621697722
7358 64.9378160844
7375 64.0168564167
7519 58.9718142603
7560 50.9742874608
7972 46.6177506171
8109 45.8581003477
8117 43.1655272551
8145 42.2049934023
8250 41.2979478640
8381 39.7687226636
8393 39.5911012360
8416 36.3852663710
8523 35.2630103228
8800 34.9575722499
8928 34.8933417428
8941 34.2009593407
8979 34.1031528428
9007 33.6881140854
9042 33.5822045225
9083 33.2191265987
9092 32.8660417362
9284 32.7552277451
9370 32.7139491264
9406 32.6687545123
9416 32.6278716190
9430 32.3778582972
9432 32.2296337202
9484 32.1503456351
9601 31.8035986877
9768 31.7647610927
9785 31.6597299411
9786 31.6560500479
9796 31.2568392500
9867 31.0904364337
10102 30.9672103199
10166 30.3670944062
10211 30.2499385426
10215 30.0997552691
10289 29.5545491551
10387 29.2697766903
10394 28.9663796650
10418 28.8565044606
10430 28.3648514380
10553 27.5843945202
10583 26.6217384034
10757 25.6899813089
10894 22.9773982308
11009 19.4747913672
11030 17.6015919331
11042 14.6069732916
11682 12.7260082645
11690 10.7081256505
11705 5.9278890847
11801 3.4964353174
11890 3.2187922264
11899 3.1431558180
11958 2.9230532563
12035 2.6087675121
12076 2.6019421066
12082 2.5282348905
12118 2.3168588208
12159 1.6516397976
12185 1.5613648036
12293 1.3505382700
12347 1.2277982516
12472 1.0992061537
12505 0.7769558911
12673 0.6041615766
12712 0.5812318348
12758 0.5653605722
12808 0.5629194395
12880 0.5567024616
12921 0.4179596838
12938 0.3692548711
13183 0.2895850761
13250 0.2483676184
13295 0.2343178455
13303 0.1698121044
13346 0.1454214922
13705 0.0892949124
13885 0.0801004738
13941 0.0670868598
13946 0.0384440229
14059 0.0355689467
14078 0.0186648827
14150 0.0172369711
14169 0.0133588084
14257 0.0125318889
14259 0.0111561733
14284 0.0094559298
14334 0.0084139808
14392 0.0056474396
14425 0.0048560959
14499 0.0022978330
14577 0.0015001022
14626 0.0010168309
14726 0.0010162256
14801 0.0008978398
14808 0.0007254935
14856 0.0006762162
14859 0.0006393016
14866 0.0006311641
14876 0.0004645504
14924 0.0004615348
14936 0.0003783611
14954 0.0003698444
14955 0.0003560469
14970 0.0001956124
15097 0.0001590033
15132 0.0001447901
15166 0.0001173948
15235 0.0000767944
15301 0.0000642605
15367 0.0000626498
15399 0.0000575690
15468 0.0000565123
15479 0.0000333320
15500 0.0000207137
15618 0.0000122938
15678 0.0000080296
15697 0.0000060831
15752 0.0000029754
15941 0.0000020767
15984 0.0000020531
15995 0.0000006816
16226 0.0000006232
16286 0.0000004809
16346 0.0000003321
16405 0.0000002685
16452 0.0000002097
16531 0.0000001725
16543 0.0000001331
16605 0.0000001027
16640 0.0000000829
16685 0.0000000468
16816 0.0000000429
16825 0.0000000368
16828 0.0000000343
16951 0.0000000274
16981 0.0000000199
17033 0.0000000180
17048 0.0000000170
17065 0.0000000156
17104 0.0000000144
17118 0.0000000118
17171 0.0000000099
17190 0.0000000082
17213 0.0000000065
17242 0.0000000054
17245 0.0000000020
17347 0.0000000014
17490 0.0000000009
17534 0.0000000008
17576 0.0000000007
17647 0.0000000007
17689 0.0000000006
17691 0.0000000005
17730 0.0000000004
17741 0.0000000004
17762 0.0000000004
17789 0.0000000001
17910 0.0000000001
17997 0.0000000000
18005 0.0000000000
18142 0.0000000000
18151 0.0000000000
18180 0.0000000000
18351 0.0000000000
18368 0.0000000000
18533 0.0000000000
18535 0.0000000000
18565 0.0000000000
18605 0.0000000000
18619 0.0000000000
18733 0.0000000000
18743 0.0000000000
18776 0.0000000000
18805 0.0000000000
18844 0.0000000000
18869 0.0000000000
18878 0.0000000000
18897 0.0000000000
18914 0.0000000000
18920 0.0000000000
18991 0.0000000000
19022 0.0000000000
19138 0.0000000000
19175 0.0000000000
19179 0.0000000000
19202 0.0000000000
19210 0.0000000000
19281 0.0000000000
19318 0.0000000000
19370 0.0000000000
19371 0.0000000000
19386 0.0000000000
19434 0.0000000000
19723 0.0000000000
20023 0.0000000000
evaluations raw_y
1 61352043.5936980844
2 24939003.9585927837
3 24726593.5550418310
4 22775529.1850347668
8 7900130.3506123964
13 1764844.8491876067
29 1181529.1375917576
31 1115007.7055119092
39 1063451.2475178144
44 995821.9820722594
49 853049.4406207949
55 850612.7746617758
59 294479.6776502732
344 229077.0785342561
417 186179.2647764947
440 180945.3134407861
482 113916.2162835859
519 107861.7598350729
521 94456.0558711266
746 86110.0757020143
839 73769.7828716310
885 73457.6978731001
1000 51038.7889850432
1088 48659.1699666569
1170 46683.3024467015
1211 36893.1363558204
1329 21459.0031803106
1461 20894.7612925136
1491 17807.1147288421
1607 14018.9440398374
1618 12245.9824628800
1624 6187.8396762815
1766 5160.4662601064
1780 3582.7092281479
1916 3451.7027564425
2199 3053.8530114291
2376 2946.3594703320
2399 2728.7314101892
2503 2603.4617365687
2668 2561.9260682442
2715 2510.3414396766
2838 2493.0487351421
2859 2413.1205161647
3004 2278.6446451582
3071 2183.4942925100
3119 2161.4639957198
3156 2107.0133441353
3211 1929.7476055990
3280 1900.8267252472
3306 1724.6054735637
3467 1694.1409173339
3468 1567.9123503790
3535 1310.4428226512
3620 773.7717076256
3994 751.1736817550
4019 727.8086642387
4066 699.5670234722
4360 619.3126224698
4463 558.7393394070
4520 529.4504239775
4646 512.5968025131
4673 499.8559897511
4816 475.9434891581
4956 471.5931335229
4977 471.4225706018
4978 470.9489486515
4987 470.1933224516
5088 459.7557508230
5154 457.5869809391
5515 441.0081647144
5568 440.7721294735
5683 430.2656107586
5758 428.5597146051
5786 421.5241387558
5826 415.9155566061
5830 411.4251376249
6048 408.2774090198
6079 406.3191250149
6108 405.8745374304
6145 403.0617712100
6161 402.5205515515
6175 395.1175233398
6295 376.8443610896
6358 375.1054511127
6376 351.9301231653
6455 318.8152085024
6720 311.7264817931
6868 294.6876049064
6920 267.6052373496
7069 252.3240342997
7103 250.1793099602
7187 249.7996854533
7238 240.8465499372
7269 235.2631641229
7412 229.5711217490
7473 226.1820143199
7600 220.5054791686
7663 211.0437867770
7729 210.2719560492
7737 191.0499663262
7770 184.2798179770
7832 181.4701758220
7883 180.9846584600
8185 167.0298343545
8280 154.8854806794
8326 147.3009010702
8346 140.5117411062
8398 120.1301062053
8411 115.1782772468
8630 98.1855778282
8855 78.9122958578
8993 59.4457604460
9147 50.1632991031
9259 46.7384007137
9285 46.4478722842
9306 41.2363924105
9394 40.1795381435
9436 39.9992633525
9585 39.9011131026
9616 39.0178312003
9648 38.2678765383
9657 36.9450349208
9711 36.8089811183
9742 36.3835508717
9986 35.9453648091
10008 35.8858428244
10097 35.7304303998
10125 35.4825097930
10144 35.4666099561
10192 35.4196436117
10226 34.8824185691
10234 34.8523133242
10312 34.8465724038
10333 34.7970085623
10377 34.4584199274
10562 34.3300447233
10564 34.3049718709
10583 33.8790715870
10713 33.3962029431
10773 33.2745522702
10856 32.5323509939
11036 31.9622843664
11136 31.2765307078
11224 30.6651977775
11281 30.2370726937
11300 30.2268218196
11341 29.7915336740
11363 28.0306723060
11393 27.3991555353
11481 27.2580559530
11564 24.2682806883
11717 20.7040250379
11783 14.2267206376
11958 9.4947674175
12367 8.5962477758
12371 8.3486061076
12372 6.4358071888
12524 5.9363644147
12527 4.3356119361
12530 4.2775679270
12593 3.6308685442
12609 2.3374866827
12742 1.7175121725
12745 1.7036185501
12781 1.1302787028
12845 1.1163128222
12857 1.0605848211
12863 0.9317727755
12867 0.8915043078
12926 0.6530071244
12947 0.6383666431
12989 0.6113846347
13005 0.3280373929
13114 0.2090350557
13185 0.1668438143
13246 0.1258870476
13268 0.1090195996
13370 0.1001449273
13400 0.0952555316
13411 0.0302896094
13574 0.0169109284
13728 0.0085564743
13883 0.0050081268
13940 0.0048574292
13944 0.0044402317
14060 0.0026853351
14095 0.0025028072
14110 0.0020121522
14242 0.0019105130
14279 0.0013953611
14282 0.0011515782
14308 0.0010467889
14345 0.0006320154
14427 0.0005509225
14464 0.0004060950
14488 0.0001962499
14537 0.0001185421
14763 0.0000808004
14787 0.0000528540
14950 0.0000444239
14959 0.0000391934
15025 0.0000259568
15082 0.0000187181
15122 0.0000186341
15149 0.0000166968
15168 0.0000149144
15194 0.0000114968
15254 0.0000109515
15391 0.0000103640
15398 0.0000054004
15478 0.0000051008
15489 0.0000038769
15540 0.0000038434
15559 0.0000034915
15564 0.0000013156
15720 0.0000007796
15738 0.0000004776
15945 0.0000004065
15951 0.0000002289
16006 0.0000001515
16028 0.0000001291
16106 0.0000001280
16146 0.0000001016
16225 0.0000000879
16312 0.0000000679
16316 0.0000000646
16376 0.0000000431
16411 0.0000000425
16435 0.0000000311
16441 0.0000000262
16516 0.0000000251
16555 0.0000000243
16571 0.0000000132
16651 0.0000000115
16712 0.0000000097
16736 0.0000000091
16740 0.0000000070
16749 0.0000000060
16762 0.0000000056
16785 0.0000000054
16821 0.0000000042
16883 0.0000000036
16967 0.0000000024
17046 0.0000000021
17059 0.0000000011
17162 0.0000000010
17164 0.0000000007
17237 0.0000000007
17238 0.0000000005
17310 0.0000000005
17317 0.0000000005
17323 0.0000000002
17430 0.0000000002
17475 0.0000000002
17503 0.0000000001
17584 0.0000000001
17653 0.0000000001
17681 0.0000000000
17722 0.0000000000
17783 0.0000000000
17797 0.0000000000
17923 0.0000000000
17988 0.0000000000
18128 0.0000000000
18178 0.0000000000
18193 0.0000000000
18215 0.0000000000
18256 0.0000000000
18264 0.0000000000
18307 0.0000000000
18324 0.0000000000
18374 0.0000000000
18462 0.0000000000
18525 0.0000000000
18529 0.0000000000
18579 0.0000000000
18671 0.0000000000
18768 0.0000000000
18769 0.0000000000
18774 0.0000000000
18879 0.0000000000
19148 0.0000000000
19282 0.0000000000
19607 0.0000000000
evaluations raw_y
1 72782937.7851260602
2 70426865.7830475271
6 67530454.3770172894
10 54109091.1132582724
11 49233410.8787490651
15 47619969.1659922674
23 20350589.9787528887
30 8559713.2639408689
38 4280949.0244519487
48 2962568.0943927621
57 925029.6580818695
152 581149.7489231592
195 547975.5728284961
211 508825.9296523549
264 361283.0890307808
429 222891.6458582441
724 200381.0462040927
770 180789.3222753462
874 170733.5043107527
881 130857.4760842147
906 102388.4098489461
929 81397.8871442831
981 62339.8926921678
1026 56544.9223488235
1209 51936.3289416243
1215 47535.8044795330
1379 45361.9375571149
1415 37327.0537862094
1675 34168.2236978790
1781 31545.3703619788
2028 27182.2175146368
2094 25554.2213571640
2331 24985.3790795875
2341 21258.2581044245
2395 17798.9786211207
2510 15493.7602032802
2532 14111.9433639047
2761 12425.1650454171
3066 11916.0021649169
3171 10647.5674737613
3263 8818.9196771863
3602 8796.7767756487
3684 8644.8727474888
3710 7611.0975561300
3779 7001.1067568048
4171 6470.1004183353
4192 6176.6993504462
4285 6026.8318350434
4335 5968.4126836362
4406 5851.6635118094
4467 5594.0994629625
4468 5497.6276710287
4488 5213.8502843408
4615 5198.4192732497
4617 4939.3329613556
4638 4805.6888288168
4680 4565.0026665696
4849 4410.0091814488
4886 4120.0209615884
4961 4082.4132737731
5168 3212.0929217442
5330 3159.3080232780
5333 2648.8095413008
5593 2506.2529864836
5653 2503.3209642942
5689 2454.3395641638
5743 2265.9197439685
5752 2108.9018248559
5886 2058.9323067347
5918 1878.0458557741
5935 1836.3652190673
5980 1794.1707542596
6139 1703.3612405715
6157 1633.0430827061
6201 1299.3073641589
6454 1238.1557040138
6560 1188.0249449906
6610 1151.1817307305
6636 1107.8640438509
6707 1104.7988397133
6728 1056.1939369132
6789 952.5928981651
7034 913.2222918014
7054 909.5019029562
7173 897.4696660592
7227 879.8600320132
7262 877.1288696531
7264 857.4900559107
7297 835.1452589772
7428 830.1711847648
7476 803.9403683225
7515 769.8869063700
7579 769.8605267851
7643 759.8549385449
7656 736.9308448930
7714 728.3308889190
7811 686.5980484009
7929 682.7115244165
7986 671.8000029563
8006 619.9243601350
8057 595.7543099468
8093 566.1170379901
8175 564.1815719990
8290 477.8358819494
8386 460.5938997117
8441 456.6030258212
8481 342.8270410824
8512 293.3439962559
8934 283.4342893071
9022 266.8657090652
9056 231.6582352346
9096 185.7209106262
9100 162.3196776390
9111 143.7547302477
9390 133.5051619701
9404 126.9044822622
9499 121.2302017267
9591 121.1476278376
9629 120.3526628767
9649 115.0839673530
9692 110.5571818281
9930 102.9035311523
10079 97.9238415376
10123 94.8760867479
10248 91.4136544365
10331 88.1498446243
10464 87.4204611129
10499 76.1113289513
10591 74.2377365771
10596 61.2703899111
10667 59.0245701763
10677 56.3177276556
10698 45.5159923736
10777 37.7982423052
10793 34.5543358017
11138 30.8185137448
11183 21.3543777692
11246 18.3756914542
11293 18.1074450847
11298 15.9500212438
11304 11.5899516536
11373 10.8738230564
11382 8.4366912338
11416 6.8258378894
11446 6.1749232945
11502 5.0562686225
11542 2.2754353764
11641 2.1104007071
11703 1.9554984945
11725 1.8228210165
11862 1.3246356568
11909 1.2325360474
11915 0.4117671645
12094 0.4081687141
12159 0.3036779082
12170 0.2992139351
12187 0.2637680455
12198 0.2530034548
12249 0.1071451668
12459 0.1049500457
12463 0.0926560332
12500 0.0908900306
12518 0.0503196684
12539 0.0243336903
12687 0.0163254459
12710 0.0155352523
12810 0.0140635543
12812 0.0135670340
12825 0.0129341660
12838 0.0098841528
12899 0.0088279107
12922 0.0070156355
12972 0.0059525313
12981 0.0052678063
12985 0.0019393220
13170 0.0018753996
13238 0.0016204402
13309 0.0013134554
13334 0.0009261475
13356 0.0007543617
13359 0.0004352997
13526 0.0003554181
13576 0.0001241664
13716 0.0001198275
13718 0.0001158459
13767 0.0000840969
13781 0.0000821783
13862 0.0000755886
13878 0.0000321369
14025 0.0000272554
14091 0.0000142314
14134 0.0000128820
14231 0.0000110153
14242 0.0000103611
14289 0.0000103430
14313 0.0000094651
14327 0.0000073783
14361 0.0000062175
14411 0.0000061619
14428 0.0000039030
14482 0.0000038294
14512 0.0000032796
14523 0.0000031746
14531 0.0000029587
14577 0.0000023394
14591 0.0000017031
14605 0.0000013984
14641 0.0000011990
14688 0.0000008264
14733 0.0000008150
14739 0.0000006305
14788 0.0000004380
14850 0.0000004349
14851 0.0000003935
14873 0.0000003001
14914 0.0000002763
14938 0.0000001471
15032 0.0000001455
15052 0.0000001367
15054 0.0000001349
15073 0.0000001314
15086 0.0000000593
15145 0.0000000443
15273 0.0000000314
15319 0.0000000262
15374 0.0000000227
15397 0.0000000149
15425 0.0000000121
15475 0.0000000105
15498 0.0000000081
15562 0.0000000074
15568 0.0000000041
15679 0.0000000033
15702 0.0000000027
15749 0.0000000025
15787 0.0000000019
15833 0.0000000018
15835 0.0000000018
15837 0.0000000011
15939 0.0000000008
15956 0.0000000008
16008 0.0000000002
16041 0.0000000001
16328 0.0000000001
16359 0.0000000001
16374 0.0000000001
16388 0.0000000000
16433 0.0000000000
16599 0.0000000000
16631 0.0000000000
16643 0.0000000000
16752 0.0000000000
16757 0.0000000000
16783 0.0000000000
16829 0.0000000000
16830 0.0000000000
16885 0.0000000000
16912 0.0000000000
16972 0.0000000000
17061 0.0000000000
17185 0.0000000000
17189 0.0000000000
17272 0.0000000000
17307 0.0000000000
17314 0.0000000000
17336 0.0000000000
17411 0.0000000000
17428 0.0000000000
17452 0.0000000000
17498 0.0000000000
17560 0.0000000000
17589 0.0000000000
17680 0.0000000000
17759 0.0000000000
17775 0.0000000000
17897 0.0000000000
18082 0.0000000000
18497 0.0000000000
evaluations raw_y
1 25672599.5968209654
2 13428721.6935794931
3 8744344.3202374056
6 8075526.9539707061
11 4835388.5026755519
15 3746980.7532628560
17 3206370.8684500339
22 1371350.0978844815
44 716472.6236513902
62 577032.7882324903
87 234172.1344327084
94 137167.4079375990
223 110515.9546141056
285 100614.9622637211
403 69000.8169150069
640 60534.9230358279
803 44409.0075982852
1159 37786.2956990850
1216 37197.8224473778
1270 28423.0852167701
1398 28103.3182521095
1399 24561.0686041723
1597 18164.3212669447
1650 16042.0126999730
1651 14917.6215036266
1701 13923.9367356119
1782 12977.6522497982
1800 12086.9166739883
2020 8867.9415079128
2175 7951.8788283779
2191 7546.2403058254
2282 7497.9123689545
2346 6919.4799617207
2349 6390.3366451944
2585 6286.1940544592
2654 6209.4208221771
2699 6199.4120891000
2711 6058.7677737744
2753 6034.2846988828
2783 5468.8782210060
3068 5401.8272062394
3070 5276.7270144541
3199 5016.1306093343
3400 4961.1649423083
3414 4958.8349834118
3432 4758.0621637398
3481 4435.1185370291
3693 4283.2120305358
3737 4180.7457359760
3743 4101.9711536508
3794 4092.7798703178
3803 4066.7538768327
3878 3641.6732131171
4083 3605.5405932161
4087 3397.1064835701
4102 3314.4015687772
4283 2917.4594648255
4333 2698.8614598424
4402 2533.3911488907
4566 2029.5448413844
4612 1876.5451413073
4619 1591.1179287565
4652 1577.2563462180
4769 1025.2120207411
4801 872.5415938616
5245 841.8667583870
5402 736.9419763450
5614 697.7749919256
5656 559.7891519438
5802 448.7314926207
5811 423.2910255846
5881 394.7329552094
6209 389.4700626442
6271 343.1050980662
6376 331.0316653657
6392 320.6912416352
6409 300.8385804951
6559 300.3505555249
6586 299.6369674113
6607 283.8846354848
6759 262.8763957543
6788 241.3448626915
7124 239.8754896098
7156 198.8409729731
7263 184.2960518065
7395 183.5474037139
7409 164.2171381978
7617 152.8063696022
7737 147.6304640161
7775 139.7480321704
7812 136.5816840471
7814 112.9152253369
7879 104.5297078987
8088 102.6270152651
8202 102.0903101936
8208 93.2058661789
8235 70.6660613408
8592 67.2327668063
8862 65.9833225703
8870 61.4426126781
8889 54.0674519861
8898 53.9313036332
9027 49.9520534684
9062 48.4901358473
9175 47.0965416284
9193 46.9352776715
9203 46.4436907033
9240 45.0125321828
9244 44.7586591350
9249 43.7261155575
9269 41.8372675769
9355 39.4473613299
9472 38.1585136573
9491 38.0732745919
9550 37.2434447511
9802 21.5389457794
10043 20.8973883878
10177 20.7674124163
10303 17.6087818862
10344 14.3454639359
10358 13.7657741281
10433 13.6086151830
10474 13.0797788030
10495 12.2347025346
10507 11.8689160269
10565 10.9236654450
10577 5.9079782596
10852 5.5641115506
11085 5.4448915589
11096 5.3672161145
11138 4.7899252062
11272 4.7143415092
11420 4.6965664539
11557 4.6098842601
11582 4.6061679135
11628 4.4397565028
11785 4.3518152395
11790 4.3458789668
11844 4.3190797608
11862 4.1462849771
11899 4.1102081847
12026 3.6958406320
12155 3.2816100015
12331 1.9605766357
12773 1.7526965122
12875 1.4254433039
12949 0.8473783986
12958 0.7638520221
12977 0.5545589559
13031 0.4349609514
13084 0.3794704998
13116 0.2004307400
13307 0.1271417498
13335 0.1238985551
13345 0.0549318246
13630 0.0393078924
13717 0.0329336148
13749 0.0297469633
13815 0.0182946582
13878 0.0151480627
13913 0.0150977340
13954 0.0148886305
13971 0.0133530580
14002 0.0122261543
14009 0.0075270146
14037 0.0049051584
14048 0.0042782670
14187 0.0030560666
14284 0.0030024631
14285 0.0025749423
14308 0.0024365234
14324 0.0024235374
14356 0.0020013471
14364 0.0017399694
14411 0.0015665617
14437 0.0009750283
14553 0.0005106477
14630 0.0004462575
14633 0.0003630640
14694 0.0002454346
14780 0.0002129437
14838 0.0001999651
14847 0.0001933779
14860 0.0001368824
14918 0.0001068116
14921 0.0000573189
14996 0.0000478375
15027 0.0000433662
15071 0.0000431008
15138 0.0000407770
15159 0.0000364905
15189 0.0000219284
15237 0.0000183423
15324 0.0000031482
15565 0.0000030495
15589 0.0000025175
15692 0.0000021992
15703 0.0000010379
15811 0.0000007403
15857 0.0000004791
15973 0.0000003621
16051 0.0000002239
16160 0.0000002106
16192 0.0000002004
16195 0.0000001631
16221 0.0000001583
16250 0.0000001016
16295 0.0000000859
16321 0.0000000549
16401 0.0000000331
16450 0.0000000211
16541 0.0000000208
16630 0.0000000191
16648 0.0000000176
16657 0.0000000173
16676 0.0000000088
16700 0.0000000078
16773 0.0000000057
16837 0.0000000040
16932 0.0000000024
16995 0.0000000020
17062 0.0000000013
17081 0.0000000011
17205 0.0000000009
17277 0.0000000008
17349 0.0000000007
17371 0.0000000006
17421 0.0000000004
17471 0.0000000004
17477 0.0000000002
17619 0.0000000001
17648 0.0000000001
17651 0.0000000000
17863 0.0000000000
17903 0.0000000000
17919 0.0000000000
17941 0.0000000000
18025 0.0000000000
18059 0.0000000000
18069 0.0000000000
18109 0.0000000000
18119 0.0000000000
18200 0.0000000000
18297 0.0000000000
18338 0.0000000000
18381 0.0000000000
18429 0.0000000000
18451 0.0000000000
18484 0.0000000000
18501 0.0000000000
18545 0.0000000000
18622 0.0000000000
18669 0.0000000000
18808 0.0000000000
18880 0.0000000000
18972 0.0000000000
18987 0.0000000000
19077 0.0000000000
19236 0.0000000000
19343 0.0000000000
19455 0.0000000000
19491 0.0000000000
19594 0.0000000000
19710 0.0000000000
19901 0.0000000000
20363 0.0000000000
evaluations raw_y
1 10625160.9030757211
3 9406529.1554321218
5 7610606.2501345593
12 5515231.1395751461
18 2260907.2688208818
34 2001256.0449957671
40 1571569.2836007574
44 1351694.1028299816
75 1247380.7350893549
122 681063.1965987984
137 318450.0221549572
166 308496.4467179753
187 283478.5267014223
280 196774.2670943236
560 174101.9550116895
649 152890.6117962519
658 85533.6457848397
682 68654.0969533521
702 60198.3886487612
712 55906.5975035159
761 47088.2962973798
856 22148.2279152664
915 18282.4721874404
984 15332.4312917697
991 9390.8103910603
1183 6848.9829310739
1361 6728.0859244338
1404 6698.6652095329
1440 2588.9057339696
1511 1176.2111171384
1869 967.5425389152
1886 891.2264984904
1977 760.9854945383
1999 730.5273657652
2068 487.2553395425
2433 478.8297599065
2456 433.2497457335
2530 352.6607753206
2715 333.5395588353
2717 318.5888951264
2791 293.1573552824
2850 291.2790631869
2872 256.6748878021
3054 252.7937632937
3134 250.4303304332
3317 248.7742538027
3325 234.1452249488
3511 228.7230106603
3538 228.6599013723
3544 222.5367469721
3726 221.0662078685
3757 217.7196679340
3887 214.1984472425
3904 205.8731539638
3975 195.5810593438
4063 194.1560645405
4314 188.8366251451
4381 182.3965686790
4494 182.2108482769
4599 180.7551131994
4644 180.0676077419
4679 177.3418618615
4726 175.3487526904
4770 173.5150394851
4864 162.8840709463
5005 149.7323172482
5180 148.3850803646
5262 144.4695539425
5288 143.5171420307
5608 74.1267193506
5969 73.8873351319
6037 57.7737031908
6087 42.2519030429
6318 41.9802210802
6526 39.3853650803
6527 33.0024844846
6633 32.6494515000
6806 32.2824310091
6846 30.7846650345
6854 27.3662870465
6925 26.7311890426
7095 25.6666326431
7294 25.6018944884
7334 25.3399176596
7337 24.9200366583
7411 24.6521789395
7417 24.5297023842
7527 24.4613849580
7625 24.3757489421
7668 24.2124443916
7724 23.9228206783
7833 23.8365567073
7951 23.7798093674
8038 23.7539168914
8042 23.6717439909
8116 23.1184594387
8140 22.8788152227
8269 22.6363954301
8346 21.9387999651
8543 21.8193710176
8566 21.2374931960
8695 21.0301005128
8705 20.9514328341
8719 20.5673430322
8786 19.7754074843
8802 17.7332556834
8840 17.5564110448
8877 17.3923351513
8896 14.7538132439
8924 14.1891315576
8930 13.6565611871
9078 12.2168829054
9124 9.0228686150
9365 8.9109502948
9372 5.9789963180
9507 5.7574378563
9509 4.3890459002
9515 4.1431114946
9598 3.6058275102
9632 2.5264245960
9772 2.4231056609
9819 2.3941652070
9834 2.3262158140
9888 2.3223634386
9892 1.9379857772
9993 1.7391562265
10034 1.5575073711
10059 1.4174292632
10104 1.2134721059
10200 1.1004856311
10287 1.0294554472
10331 0.9892369554
10346 0.9375376125
10365 0.8255759184
10408 0.8053776633
10525 0.7666149074
10649 0.7603407652
10650 0.7440466389
10652 0.7215395380
10738 0.7023174855
10868 0.7013388591
10884 0.7000162931
10932 0.6988878267
10941 0.6967860223
10948 0.6898216931
11024 0.6891873475
11084 0.6775053950
11155 0.6745778097
11181 0.6735679976
11286 0.6664626487
11448 0.6556130247
11575 0.6531340772
11614 0.6459461469
11686 0.6383637192
11834 0.6284171562
11916 0.6019949728
11944 0.5733772467
12319 0.5685787867
12327 0.5314322119
12335 0.5226038813
12396 0.4867256240
12412 0.4743299282
12416 0.4204454975
12521 0.4089825415
12674 0.2591661331
12794 0.2207982040
12879 0.2206144764
12885 0.1985015182
12936 0.1869535652
13023 0.1770215218
13080 0.1499077731
13128 0.1305985378
13195 0.1281104930
13256 0.1228941630
13265 0.1098626728
13290 0.0894479757
13326 0.0872832059
13360 0.0567838919
13476 0.0507394777
13488 0.0440263259
13494 0.0432771018
13516 0.0408040208
13615 0.0334016007
13638 0.0157529131
13792 0.0133934710
13832 0.0123146492
13842 0.0114296560
13873 0.0098154466
13878 0.0055972129
13905 0.0037314285
14007 0.0032156488
14144 0.0026622228
14239 0.0018525174
14243 0.0016848812
14280 0.0015310482
14362 0.0011736320
14401 0.0010391640
14427 0.0007479513
14459 0.0005442584
14491 0.0005090225
14520 0.0004855835
14528 0.0004737909
14570 0.0002354354
14657 0.0001792010
14666 0.0001478720
14723 0.0001316514
14745 0.0001135219
14785 0.0000930682
14811 0.0000650232
14840 0.0000315145
15011 0.0000305699
15021 0.0000234810
15028 0.0000144084
15180 0.0000135901
15182 0.0000135801
15191 0.0000109832
15193 0.0000082184
15213 0.0000075525
15218 0.0000068042
15224 0.0000057821
15279 0.0000050550
15293 0.0000012808
15557 0.0000011102
15617 0.0000010642
15630 0.0000006471
15651 0.0000005021
15677 0.0000004934
15734 0.0000004345
15795 0.0000003349
15818 0.0000001929
15837 0.0000001628
15900 0.0000001505
15913 0.0000001242
15974 0.0000001082
16023 0.0000000683
16037 0.0000000572
16070 0.0000000317
16159 0.0000000279
16174 0.0000000179
16207 0.0000000144
16345 0.0000000141
16383 0.0000000126
16395 0.0000000107
16404 0.0000000093
16425 0.0000000073
16453 0.0000000071
16464 0.0000000068
16476 0.0000000060
16510 0.0000000051
16531 0.0000000048
16587 0.0000000033
16629 0.0000000021
16655 0.0000000021
16700 0.0000000010
16743 0.0000000009
16850 0.0000000008
16893 0.0000000007
16968 0.0000000006
16974 0.0000000006
16995 0.0000000004
17001 0.0000000004
17043 0.0000000003
17048 0.0000000003
17056 0.0000000001
17143 0.0000000001
17246 0.0000000001
17283 0.0000000001
17333 0.0000000001
17349 0.0000000001
17371 0.0000000000
17439 0.0000000000
17442 0.0000000000
17533 0.0000000000
17606 0.0000000000
17628 0.0000000000
17720 0.0000000000
17721 0.0000000000
17761 0.0000000000
17773 0.0000000000
17784 0.0000000000
17786 0.0000000000
17831 0.0000000000
17904 0.0000000000
17985 0.0000000000
18067 0.0000000000
18076 0.0000000000
18140 0.0000000000
18158 0.0000000000
18195 0.0000000000
18245 0.0000000000
18288 0.0000000000
18352 0.0000000000
18494 0.0000000000
18505 0.0000000000
18604 0.0000000000
18786 0.0000000000
19110 0.0000000000
evaluations raw_y
1 24956366.1412334666
2 9964676.4108428992
5 7146991.3585809134
6 6323758.9352177102
9 5216775.4799630996
13 1914575.3893292572
28 1745685.3170617654
32 1396521.3400809604
33 1270025.0386850615
46 674860.9188752025
324 590851.3986101687
337 545188.9598904876
355 414620.7382517313
381 386437.9386071828
397 299496.9150450919
401 253893.2581886649
438 202558.4322777336
460 94647.0767088911
471 93918.1535025987
769 78445.3765372074
806 66156.8245168726
819 51027.9515866889
869 29676.4718196880
982 26170.2850742731
987 24286.1055141332
995 19104.6344442114
999 16974.7501717417
1110 11690.0340536611
1223 6791.1085697295
1574 6742.9044842580
1645 5823.5245012230
1712 5337.4494277148
1824 5006.7769087349
1978 4580.2398699768
2002 3793.0227060768
2397 3655.8401399970
2446 3507.4769815547
2458 3426.4155708489
2578 3327.8048101802
2638 3232.9070013933
2726 3196.2385194578
2756 3007.8613672948
2835 2882.5594470434
2878 2866.6061812859
2976 2783.7010524599
2982 2696.0034730828
3115 2595.6286815002
3185 2584.3735695261
3231 2497.3565450513
3237 2448.0244318567
3273 2203.5464197504
3303 2167.8406561109
3355 2036.1180366553
3437 1969.8151073289
3541 1902.0619545143
3655 1825.1766699944
3671 1803.0359107741
3686 1729.6540450538
3848 1719.8738109610
3897 1625.7490936277
3915 1503.7314507895
3941 1481.1588559031
4025 1367.2411559312
4079 1303.1625538173
4124 1112.6723499890
4345 1014.9389503135
4431 834.4286199103
4761 564.7571365183
5283 524.8469069683
5310 523.4260000034
5344 517.5368864150
5345 451.0771075823
5591 441.7644855820
5617 436.1666393437
5669 434.1631867405
5708 432.5974495913
5765 416.2955439216
5820 410.3773852007
5903 406.0186760058
5932 399.3806913704
5982 384.6408412248
6143 349.0229612975
6284 338.9221596710
6299 299.5053004850
6328 298.6921608368
6371 277.8158559718
6496 265.0939854701
6514 241.4464936939
6837 225.9996842529
6897 205.1801731527
6898 156.5713967600
6974 149.4351661358
6987 107.9710410920
7061 88.5141701824
7215 87.8123824678
7244 84.0941751189
7267 77.7321399998
7357 63.9099863570
7408 58.7120172764
7544 57.9005648721
7595 53.2279938073
7636 48.1183929800
7687 47.3819888772
7693 45.5673482368
7746 44.2700651104
7754 41.1867066137
7789 40.2561740326
8020 40.0346098868
8024 39.6276068605
8067 39.5359372647
8078 39.2454151968
8136 38.4252709236
8250 36.8397450718
8298 36.3607729137
8381 36.2443508951
8481 35.1415406740
8485 35.0320926577
8492 34.7343334879
8548 34.1260143221
8562 32.9842712853
8677 32.7173569213
8713 32.3364270148
8725 31.2909455745
8730 29.5768589928
8770 28.6067901116
8841 27.9107254296
8891 26.4405553862
8914 21.1646205303
9587 12.3986843172
9733 10.9374503872
9754 10.4525987820
9814 9.7242204212
9845 9.4638101751
9897 9.1161324821
9913 5.9027339124
9932 5.8068200701
10029 5.0669900823
10153 4.9693153212
10255 4.9087166232
10306 4.5184044555
10360 3.7392979190
10384 3.6977784803
10547 3.5880255288
10562 3.5044806263
10579 3.3993949158
10624 2.8247570581
10741 2.8179736575
10842 2.7197324678
10862 2.5610973976
11021 2.5601752918
11044 2.4063342443
11101 2.3917351291
11142 2.3146843250
11390 2.3056387780
11401 2.2837280461
11473 2.2313262290
11739 2.2110983832
11778 2.1762097695
11942 2.1707481181
12002 2.1485469569
12113 2.1345781273
12211 2.1236644687
12298 2.1036976882
12390 2.1036733057
12431 2.0686743186
12701 2.0269819407
12884 2.0237772865
12890 2.0189469587
12894 2.0185582863
12898 2.0128200457
12920 1.9999104669
13018 1.9853427499
13023 1.9663115599
13045 1.9508524561
13086 1.7518094433
13127 1.6650985582
13134 1.5351925467
13165 1.2749792174
13215 1.2215801316
13229 1.1406919126
13335 0.9006731979
13744 0.7339147939
13756 0.6638593287
13806 0.6276349177
13831 0.6270539847
13841 0.3642100068
14017 0.3637610323
14029 0.2895218650
14097 0.2367631731
14103 0.1755222914
14234 0.1743469548
14249 0.1227223339
14285 0.1176830435
14372 0.0892327310
14414 0.0758264529
14446 0.0556507626
14685 0.0253711007
14735 0.0235774819
14822 0.0216504938
14909 0.0200199743
14924 0.0105062113
14968 0.0089542766
15000 0.0064851979
15010 0.0048465473
15111 0.0023073250
15140 0.0022804420
15198 0.0021184485
15216 0.0017783723
15275 0.0017355467
15304 0.0013511141
15343 0.0011776519
15352 0.0009207052
15353 0.0007577520
15381 0.0005134273
15462 0.0004940699
15513 0.0003502588
15552 0.0002820121
15583 0.0002617163
15620 0.0002028470
15734 0.0001741488
15736 0.0001246131
15852 0.0000968091
15891 0.0000679903
15913 0.0000456343
16006 0.0000342551
16045 0.0000256377
16098 0.0000206943
16121 0.0000115208
16223 0.0000103186
16293 0.0000051665
16474 0.0000047926
16482 0.0000046733
16529 0.0000040315
16548 0.0000037695
16554 0.0000031796
16578 0.0000026578
16579 0.0000021620
16587 0.0000010786
16715 0.0000008367
16745 0.0000005064
16939 0.0000004445
16945 0.0000002370
16946 0.0000001946
17098 0.0000001912
17111 0.0000001693
17136 0.0000001637
17170 0.0000001271
17193 0.0000000470
17385 0.0000000404
17452 0.0000000363
17515 0.0000000346
17576 0.0000000256
17589 0.0000000247
17615 0.0000000187
17650 0.0000000142
17752 0.0000000070
17851 0.0000000054
17913 0.0000000046
17920 0.0000000045
17925 0.0000000028
18028 0.0000000028
18059 0.0000000022
18066 0.0000000016
18074 0.0000000012
18147 0.0000000006
18356 0.0000000005
18428 0.0000000005
18445 0.0000000003
18474 0.0000000002
18526 0.0000000001
18617 0.0000000001
18699 0.0000000000
18858 0.0000000000
18893 0.0000000000
18955 0.0000000000
19035 0.0000000000
19078 0.0000000000
19227 0.0000000000
19238 0.0000000000
19288 0.0000000000
19335 0.0000000000
19506 0.0000000000
19537 0.0000000000
19641 0.0000000000
19771 0.0000000000
19797 0.0000000000
19947 0.0000000000
19966 0.0000000000
20001 0.0000000000
20049 0.0000000000
20155 0.0000000000
20163 0.0000000000
20246 0.0000000000
20287 0.0000000000
20306 0.0000000000
20387 0.0000000000
20456 0.0000000000
20734 0.0000000000
20958 0.0000000000
evaluations raw_y
1 129567493.6060487479
2 116931845.8997277319
3 63946052.9971394241
9 27986377.9272179529
16 21434062.1358837374
27 12679261.2845933810
35 10832445.7308788635
43 6951381.7496058000
49 4245312.5227602534
53 1972549.1020384920
59 1394436.5074075116
60 1137707.4121874850
75 510465.3096538247
81 438684.0535490030
164 394969.1616388463
238 309664.0599039192
256 131148.9835910093
269 76333.0729506878
521 75874.7682905811
523 69451.4831658420
537 63209.7685978195
540 61589.0316622954
541 51314.5852154742
569 49706.3681029842
574 25824.0872965100
594 11626.3654980340
937 9591.0032323032
1007 7542.0989115686
1010 7447.8975438699
1077 6453.2712325980
1092 6345.0022832321
1236 4362.4332217317
1271 2504.1744338703
1575 2174.9649483135
1663 2110.8793432873
1867 1981.8106555265
1917 1670.4194898048
2095 1608.5554486510
2161 1541.1097865136
2298 1397.2039803451
2549 1382.4316885896
2585 1202.1282047658
2634 1076.0733114572
2831 1072.1123830896
2891 1045.2730413022
3007 1038.8787638778
3062 1031.4595308397
3092 980.0175238857
3104 919.9181040266
3290 899.0169494478
3345 836.1061013448
3349 799.5488509330
3568 793.4190376080
3829 787.0390316225
3864 779.0633404736
3871 764.8702208339
4087 755.0677964200
4160 742.0224292691
4490 741.9000846905
4525 731.3547587184
4620 727.2596131683
4663 716.1716483857
4760 712.0195203261
4892 697.1927232872
4964 670.7016294809
5006 664.2139562107
5073 636.9888605989
5154 622.3117617185
5175 599.6485884184
5241 598.9779380583
5245 592.7575119875
5541 546.1864844188
5591 540.3167748572
5593 487.0778681142
5625 455.1933476881
5664 438.5319767945
5702 425.1570950883
5773 397.0749177403
5892 385.9916911003
5905 375.0649382405
5911 366.9423961761
6071 346.9599288868
6083 325.0935727058
6088 308.8391461637
6125 287.5800464194
6218 280.7117034948
6232 266.8626697822
6593 251.2575933698
6599 179.0062425708
6872 172.9648064134
6923 166.7694829921
6938 147.6001185073
7199 139.4327129872
7203 136.5158045610
7514 135.5586344796
7516 129.9989331252
7571 128.2269408290
7621 121.5411236954
7718 120.6831431333
7763 119.6209556274
7788 119.5452928581
7818 116.9129639155
7964 115.2646246709
8010 114.8712725907
8134 107.8219010248
8218 103.3082424161
8354 100.9611061015
8512 98.2480207117
8589 83.1883376821
8691 80.4700955430
8959 75.6776780574
9174 61.3037368623
9256 43.7337628047
9352 34.4556026819
9535 33.5901672656
9592 31.8308683139
9613 30.7213138480
9669 30.5958953823
9683 29.8189587632
9781 28.8896500395
9906 26.0458366006
10037 24.4454430217
10075 22.8206912990
10175 22.6674043749
10402 22.5586490093
10480 21.0383671486
10792 20.5454759708
10824 17.1749891547
11063 16.1093188808
11297 12.2731190693
11510 12.2473007423
11527 12.1763322054
11560 11.3643407462
11594 10.4260740195
11614 10.3575588226
11711 10.3245288701
11731 10.2556160788
11863 10.1588492764
11870 9.9849998188
11879 9.5884297359
11926 9.3865165975
11931 8.1228546894
12007 7.5585460023
12048 6.6790976787
12054 3.4446099118
12307 3.1529891370
12406 3.0652854482
12549 2.6959846449
12670 2.2049184345
12684 1.2272000162
12771 1.0796235672
12831 0.8039095328
12843 0.7043618209
12870 0.5533146939
12957 0.4861162995
12984 0.4451015351
13023 0.3494699234
13029 0.3124560969
13067 0.2850053477
13079 0.2728513996
13110 0.2011679243
13130 0.1326955586
13177 0.1203913576
13356 0.1076653893
13361 0.0718603162
13383 0.0566298681
13472 0.0469158057
13496 0.0249553918
13513 0.0209445965
13581 0.0164552423
13682 0.0138071774
13721 0.0072263705
13783 0.0049350307
13863 0.0031930273
13926 0.0026053423
14069 0.0024071490
14076 0.0021385771
14088 0.0017607575
14099 0.0010128187
14209 0.0008902078
14236 0.0004174232
14390 0.0002534479
14538 0.0002213144
14583 0.0001951292
14667 0.0000962225
14734 0.0000907039
14736 0.0000864504
14793 0.0000833942
14802 0.0000740927
14852 0.0000628181
14862 0.0000361230
14884 0.0000312021
14933 0.0000261297
14976 0.0000136032
15086 0.0000134534
15094 0.0000106210
15162 0.0000096960
15197 0.0000091837
15199 0.0000073709
15231 0.0000046672
15290 0.0000045636
15342 0.0000040070
15393 0.0000031573
15406 0.0000023718
15442 0.0000013708
15484 0.0000011577
15637 0.0000006346
15713 0.0000005091
15717 0.0000004896
15752 0.0000004386
15761 0.0000003275
15776 0.0000002174
15831 0.0000002135
15841 0.0000001703
15884 0.0000001500
15894 0.0000000557
16084 0.0000000488
16099 0.0000000238
16153 0.0000000141
16186 0.0000000093
16504 0.0000000044
16693 0.0000000036
16731 0.0000000036
16775 0.0000000035
16785 0.0000000028
16788 0.0000000015
16842 0.0000000011
16974 0.0000000006
17060 0.0000000004
17103 0.0000000004
17191 0.0000000003
17206 0.0000000002
17272 0.0000000002
17325 0.0000000001
17371 0.0000000001
17406 0.0000000001
17452 0.0000000001
17471 0.0000000000
17642 0.0000000000
17666 0.0000000000
17705 0.0000000000
17734 0.0000000000
17766 0.0000000000
17888 0.0000000000
17923 0.0000000000
17947 0.0000000000
17987 0.0000000000
18060 0.0000000000
18097 0.0000000000
18115 0.0000000000
18151 0.0000000000
18155 0.0000000000
18310 0.0000000000
18338 0.0000000000
18461 0.0000000000
18577 0.0000000000
18656 0.0000000000
18678 0.0000000000
18689 0.0000000000
18759 0.0000000000
18799 0.0000000000
18829 0.0000000000
18986 0.0000000000
19072 0.0000000000
19379 0.0000000000
evaluations raw_y
1 94312220.2494106591
2 53131027.6437842697
5 45740857.3073734343
10 41614282.3076015934
12 31838216.3457522802
14 17466454.5935248025
24 13008478.3961247355
30 11185059.5374126248
44 304679.1173382830
75 267259.3304627851
199 242939.5808242928
341 188501.7995677535
344 86542.9139980886
436 78235.9957201523
674 73922.5961565758
684 66099.3620815314
824 65745.0153484518
857 56677.5034755271
881 35556.0765566321
923 25690.3463761289
1029 23743.4732680729
1049 15547.6846599212
1164 15171.7545834421
1438 8416.0777311878
1580 8251.6075308008
1608 8156.8707744598
1637 7478.2928203469
1709 7378.8309298594
1815 6555.3065804141
1923 6063.1707279175
1934 5528.7063110187
1991 4422.8252870737
2018 4367.1036602807
2026 3942.4469455120
2095 3512.5620111503
2167 3387.9362562341
2263 3378.4428952340
2294 3199.6064233734
2415 2882.1313514014
2434 2783.9769148535
2438 1689.6855568636
2526 968.5798384619
2648 957.0807199545
2773 563.2304966982
2971 426.4384584628
3369 352.4992777560
3898 340.4669474517
4060 339.7127798255
4105 310.3944183336
4151 291.4799716938
4544 288.5209764853
4576 273.6734862541
4693 272.9172862055
4766 269.6455163017
4800 268.4214197786
4821 263.0667940056
4827 243.4988453864
4842 217.0078218334
4844 216.7017707408
4886 203.7540732783
4940 189.6951133799
4974 165.3654579713
5022 133.2865892741
5052 114.6862145130
5324 86.5920456364
5983 85.3883868467
5989 79.7066990132
6004 78.9007654542
6019 78.8131384578
6043 75.0556972279
6112 69.5072099239
6140 69.0334133023
6317 68.9759638914
6369 66.4680647676
6516 66.1677330809
6653 65.9917403626
6664 65.2421721773
6801 64.6171921060
6837 64.2322906803
6901 63.1784146800
7033 62.6355652151
7067 61.4861680429
7086 61.1221385966
7143 59.5524322832
7170 57.1087815991
7430 55.6104435913
7463 51.8765667256
7675 46.0828400032
7942 45.6528403545
8103 42.1093280626
8254 40.0582501007
8329 33.3155749142
8529 29.1318258733
8802 28.6437458300
8839 27.6382474077
8845 24.4698775430
8894 23.1149318923
8933 22.0478676016
8984 21.6413083716
9016 20.5361170989
9110 19.5338834023
9219 18.4399402732
9261 17.3349860074
9372 17.0977274785
9473 16.8970802498
9486 16.3318815638
9612 15.9721698876
9725 15.7242254684
9731 15.6556222665
9768 15.5607477735
9769 15.0830839735
9777 15.0308223305
9800 14.7305166291
9846 14.4674490992
9904 14.4554497846
9946 14.3176691276
9996 14.0715687597
10100 13.1295709491
10262 12.7396875508
10304 12.5919509613
10595 11.3544116721
10617 11.2828281978
10622 10.4425091038
10628 9.9991818839
10680 8.0761026976
11000 6.5975140155
11008 6.2549373899
11011 6.0931622811
11251 4.1598588691
11539 3.8674107438
11616 3.3593965632
11640 2.6314779474
11644 2.5553991921
11676 2.3422240583
11716 1.8528186361
11724 1.6184069340
11741 1.4783125424
11786 1.1616000987
11857 0.9000602673
11965 0.5955806326
12015 0.1541796626
12281 0.1193367039
12287 0.0700416395
12397 0.0548342317
12485 0.0457301088
12561 0.0329891549
12680 0.0156730411
12724 0.0152538652
12821 0.0145190552
12835 0.0108767574
12913 0.0107274908
12916 0.0067403742
12969 0.0063505635
13048 0.0054302274
13065 0.0044645691
13066 0.0043103598
13070 0.0033868602
13072 0.0018387078
13216 0.0014684740
13235 0.0011895847
13304 0.0010807926
13331 0.0009238406
13338 0.0007667053
13378 0.0007062709
13409 0.0006224184
13425 0.0006194362
13429 0.0003787126
13496 0.0002208059
13590 0.0002098414
13606 0.0001641477
13683 0.0001445136
13701 0.0001312051
13773 0.0001286980
13794 0.0000648791
13934 0.0000612213
13940 0.0000494383
13948 0.0000411828
14002 0.0000259416
14074 0.0000183167
14157 0.0000148948
14169 0.0000082738
14244 0.0000072449
14263 0.0000064047
14342 0.0000048998
14385 0.0000043342
14410 0.0000027350
14451 0.0000012622
14712 0.0000011779
14758 0.0000008590
14780 0.0000007797
14820 0.0000007631
14835 0.0000005044
14872 0.0000004827
14891 0.0000003370
14929 0.0000002098
15070 0.0000001634
15206 0.0000001375
15235 0.0000000704
15292 0.0000000650
15298 0.0000000475
15404 0.0000000455
15441 0.0000000420
15471 0.0000000347
15476 0.0000000315
15489 0.0000000252
15519 0.0000000204
15561 0.0000000190
15589 0.0000000189
15597 0.0000000173
15608 0.0000000163
15611 0.0000000146
15647 0.0000000137
15666 0.0000000123
15680 0.0000000064
15722 0.0000000059
15787 0.0000000052
15806 0.0000000041
15830 0.0000000041
15851 0.0000000041
15870 0.0000000034
15922 0.0000000028
16023 0.0000000024
16029 0.0000000013
16105 0.0000000013
16107 0.0000000007
16156 0.0000000006
16229 0.0000000005
16256 0.0000000005
16317 0.0000000005
16327 0.0000000004
16346 0.0000000003
16348 0.0000000003
16367 0.0000000002
16393 0.0000000001
16445 0.0000000001
16500 0.0000000001
16571 0.0000000001
16574 0.0000000001
16659 0.0000000001
16707 0.0000000001
16725 0.0000000000
16765 0.0000000000
16792 0.0000000000
16856 0.0000000000
16920 0.0000000000
16966 0.0000000000
16979 0.0000000000
17042 0.0000000000
17080 0.0000000000
17089 0.0000000000
17124 0.0000000000
17148 0.0000000000
17256 0.0000000000
17279 0.0000000000
17282 0.0000000000
17347 0.0000000000
17525 0.0000000000
17551 0.0000000000
17726 0.0000000000
17757 0.0000000000
17806 0.0000000000
17935 0.0000000000
17950 0.0000000000
17982 0.0000000000
18065 0.0000000000
18078 0.0000000000
18196 0.0000000000
18248 0.0000000000
18346 0.0000000000
18358 0.0000000000
18709 0.0000000000
18906 0.0000000000
evaluations raw_y
1 3466597.6965379296
2 1006504.7007781200
10 993939.4063582218
17 635315.8355004354
27 267952.4518377585
63 259944.6308886834
70 210274.9167211322
136 75214.9669090267
439 58058.5986003165
512 50964.8249745895
543 48858.4687559611
633 31126.2319213180
797 30020.4177115704
840 28724.3824707217
855 27755.2803938944
908 18118.5676811660
1043 17345.1091161919
1105 12874.5113072405
1475 9437.7904345990
1584 4742.9695623176
1904 4472.9592305497
1930 4349.1684799332
2126 3844.2396496792
2253 3658.8419918571
2346 3409.1660991930
2488 3241.7080206590
2550 3092.0558389767
2599 3025.7554818181
2674 2911.5598346667
2689 2849.1811447990
2862 2826.0741965720
2940 2813.9520756946
2968 2772.1126105829
2981 2402.1610002703
3222 2378.1832076468
3311 2256.2316375859
3318 2136.9293751492
3349 2074.3649021072
3455 1943.6746977293
3572 1936.8138526108
3574 1844.4494676609
3632 1607.7040806960
3704 1446.1859726820
3752 1431.5142566955
4084 1409.8050760923
4273 1386.7800583424
4304 1298.9383189651
4337 1286.8743303099
4356 1264.1042877573
4397 1235.1925636349
4420 1215.4906942747
4564 1164.2699441228
4575 1113.0878785241
4823 1007.1820340363
4841 903.3632900643
5006 877.1529389469
5119 825.4372663730
5298 730.8721574583
5361 649.0369315429
5574 531.1703463127
5657 524.5520128151
5688 474.4356095282
5902 428.6589310200
5920 328.7036305122
5933 298.5466028097
6014 253.0744350748
6036 216.7958889842
6223 207.9622363376
6491 200.1458258983
6536 197.4253576918
6540 181.0278071800
6541 120.9232186274
6681 109.8280654339
6826 101.9384629682
6910 89.8428693081
6918 83.0505661192
7025 77.4286543441
7062 75.9712437112
7065 65.9884318753
7245 62.2169928324
7360 60.3209460388
7371 57.1747146991
7516 55.6660070592
7642 55.2169964960
7692 53.9604377147
7784 53.8522138971
7801 53.6096661046
7837 53.5500202940
7867 50.9167175037
8005 50.5686669609
8045 49.9834836883
8126 49.6917781053
8178 49.2603213917
8210 47.9598513584
8308 47.7333154391
8324 47.2769188627
8352 45.9515304630
8492 44.9425940178
8523 44.1714446775
8604 42.9371228498
8652 41.3410632799
8752 41.2521705435
8768 40.0360850237
8807 39.6926891870
9150 38.2008177525
9154 35.9179002968
9222 35.4599249818
9228 34.9225407157
9269 33.1656219455
9285 31.1162658222
9286 30.8124526027
9339 26.4084446637
9568 23.3127555574
9582 16.7670999191
9865 16.3352513130
9989 14.8728462491
9991 13.9772239271
10007 9.9878140051
10072 9.8340117394
10128 8.4815926249
10142 5.8596478894
10318 4.7093222568
10547 2.8037668871
10746 2.6047953073
10815 2.5822620458
10868 2.4383685220
10905 2.3105762522
10929 2.1278239199
11100 2.1062896365
11148 1.8844451862
11235 1.8641690685
11279 1.7097655681
11295 1.6672045786
11325 1.6664050441
11347 1.5173678371
11501 1.3778050467
11586 1.2566326308
11755 1.0112960345
11767 0.7765477131
11836 0.7598639011
12179 0.6924133741
12232 0.6566625882
12285 0.5700784098
12310 0.4285124372
12332 0.3987891888
12355 0.3873549277
12375 0.1966945669
12574 0.1625104109
12790 0.1573343842
12837 0.0899713543
12872 0.0654994816
12874 0.0585731646
12902 0.0417642800
13033 0.0377132433
13063 0.0312646855
13110 0.0286025525
13136 0.0177226863
13174 0.0108660912
13330 0.0105903201
13336 0.0044748850
13485 0.0037070919
13576 0.0036252447
13589 0.0022766882
13602 0.0019575726
13684 0.0016244428
13738 0.0015914719
13765 0.0014231721
13767 0.0006676901
13960 0.0005558723
13992 0.0003154262
14112 0.0002490297
14121 0.0001734847
14140 0.0001690815
14180 0.0001468891
14212 0.0001169204
14270 0.0000922708
14319 0.0000744680
14346 0.0000518575
14396 0.0000412472
14493 0.0000307559
14556 0.0000299583
14561 0.0000174796
14562 0.0000159575
14579 0.0000133558
14639 0.0000085284
14685 0.0000056698
14805 0.0000052819
14846 0.0000021510
15010 0.0000014810
15065 0.0000012852
15151 0.0000011059
15208 0.0000009153
15222 0.0000008766
15245 0.0000007638
15257 0.0000005523
15259 0.0000003861
15286 0.0000003431
15388 0.0000002214
15429 0.0000001660
15494 0.0000001447
15546 0.0000000993
15656 0.0000000718
15680 0.0000000645
15699 0.0000000570
15713 0.0000000379
15722 0.0000000312
15814 0.0000000165
15923 0.0000000071
16049 0.0000000062
16207 0.0000000051
16214 0.0000000029
16291 0.0000000024
16323 0.0000000017
16338 0.0000000011
16495 0.0000000010
16527 0.0000000008
16597 0.0000000008
16604 0.0000000007
16610 0.0000000004
16638 0.0000000004
16686 0.0000000004
16697 0.0000000003
16748 0.0000000002
16890 0.0000000001
16991 0.0000000001
17049 0.0000000001
17058 0.0000000001
17095 0.0000000000
17233 0.0000000000
17275 0.0000000000
17303 0.0000000000
17307 0.0000000000
17401 0.0000000000
17472 0.0000000000
17552 0.0000000000
17596 0.0000000000
17764 0.0000000000
17770 0.0000000000
17803 0.0000000000
17824 0.0000000000
17893 0.0000000000
17937 0.0000000000
17972 0.0000000000
18013 0.0000000000
18057 0.0000000000
18059 0.0000000000
18077 0.0000000000
18125 0.0000000000
18133 0.0000000000
18141 0.0000000000
18187 0.0000000000
18201 0.0000000000
18205 0.0000000000
18213 0.0000000000
18371 0.0000000000
18413 0.0000000000
18432 0.0000000000
18480 0.0000000000
18501 0.0000000000
18593 0.0000000000
18595 0.0000000000
18681 0.0000000000
18695 0.0000000000
18906 0.0000000000
19250 0.0000000000
evaluations raw_y
1 1811025.4168581513
12 744094.3477519562
30 338589.8421875049
57 334114.9723236341
90 257298.7309305654
110 237600.8387499663
117 230236.8193470310
131 191147.6635508649
146 170866.3893370775
502 169608.3739442866
526 168763.5319069978
650 151470.6824917506
742 151348.0060284663
750 150293.9055911889
786 139642.9950002925
827 118563.1611179763
840 102443.9156690765
947 90984.1255796949
971 72433.8147293634
1041 70140.2145774307
1059 38593.9970847061
1198 30634.5974240909
1315 25463.8297469504
1442 18982.3171082504
1588 14289.2146780075
1673 12341.8296664037
1690 11187.7821849715
1737 9774.5132787244
1788 8263.8794065246
1841 5885.9109454400
2288 4965.7199363458
2586 4198.6570864822
2832 3933.1990082308
2849 3773.7649058367
2875 3501.5640394079
2917 3256.7845362654
2920 3048.3253948850
2955 1869.1584239231
3163 1347.7470862157
3344 1069.9438519148
3773 1008.4290752563
3871 831.5224292334
3872 715.2838241735
3900 705.7697845545
4017 703.3720057143
4114 676.8693260833
4156 626.8801805521
4215 623.5664405525
4223 583.7561880853
4390 552.1890039398
4458 551.8757148278
4504 524.6708349654
4562 519.7402050715
4625 473.9344999909
4686 440.5932053564
4922 333.2777841119
5073 326.1152706390
5093 291.5395906934
5203 286.0379097626
5358 238.9812545711
5447 212.7661760874
5586 177.3999280183
5844 158.5629435010
5980 153.6861497769
6001 151.6796769609
6016 142.4240461848
6098 142.3404095363
6100 138.5492524761
6106 132.0966319012
6128 127.3548697086
6173 119.6649636418
6281 116.7031508336
6335 103.4816916066
6361 102.3656188281
6438 102.1900672226
6502 101.4291444337
6559 88.8472330436
6922 87.5826698352
6970 67.1059129488
7224 61.6384737116
7227 61.2694401678
7264 45.7691312746
7306 40.2620346161
7488 36.8276374328
7535 35.2619003260
7539 31.2734835676
7731 24.1967448003
7782 21.7138089552
7952 17.8073690587
8032 16.9081110265
8058 15.2251596899
8077 14.7308079860
8361 10.9165371733
8362 7.4018304959
8523 6.1615703363
8634 5.3208616078
8740 4.9862484544
8787 4.8093209280
8837 4.1107586375
9071 4.0803465244
9097 4.0412650412
9101 3.9997906314
9105 3.8738872970
9139 3.7457069372
9237 3.6953553300
9342 3.6411761617
9381 3.4748475061
9481 3.4712707675
9482 3.3710254825
9497 3.3495058220
9813 3.2803052784
9864 3.1605874649
9934 3.1473149838
10015 3.0096171094
10021 2.8801201856
10124 2.7812170780
10139 2.6592782854
10435 2.6491328287
10453 2.5350894226
10502 2.4762764535
10548 2.4519019287
10679 2.4478984116
10681 2.4292192464
10691 2.3779534800
10753 2.3028445442
10819 2.2146596589
11104 2.1769148003
11199 2.1572300567
11326 2.1477229412
11332 2.1450080290
11335 2.1301717800
11397 2.1211175742
11409 2.0886032207
11483 2.0795854397
11573 2.0232268956
11664 2.0078600161
11768 1.9305262847
11788 1.8827648833
11828 1.5311151842
11869 1.5276699609
11872 1.1879394348
11931 1.1157233215
12043 0.9369019983
12214 0.6539200974
12422 0.3515803844
12524 0.1894970675
12640 0.1578652301
12663 0.1295184306
12758 0.0921569505
12823 0.0858747419
12854 0.0825577737
12892 0.0426444705
13022 0.0264168412
13104 0.0180491028
13191 0.0128085457
13249 0.0097323926
13264 0.0093929903
13281 0.0085222663
13296 0.0078759418
13362 0.0050406602
13416 0.0042204249
13460 0.0027569476
13583 0.0027513181
13584 0.0005403472
13832 0.0004909431
13842 0.0004261561
13958 0.0003255619
14001 0.0002901447
14100 0.0001528546
14170 0.0001427876
14239 0.0001159234
14241 0.0001027745
14251 0.0000878062
14279 0.0000816614
14292 0.0000728750
14323 0.0000379779
14450 0.0000252265
14465 0.0000250962
14543 0.0000162990
14574 0.0000136629
14645 0.0000125953
14666 0.0000121436
14685 0.0000076705
14721 0.0000068927
14728 0.0000057094
14787 0.0000053817
14795 0.0000053524
14809 0.0000048133
14857 0.0000043604
14871 0.0000016641
14923 0.0000016127
15010 0.0000013433
15034 0.0000006500
15090 0.0000005844
15136 0.0000005266
15239 0.0000004444
15270 0.0000004411
15279 0.0000001815
15400 0.0000001697
15404 0.0000001191
15520 0.0000000905
15555 0.0000000896
15598 0.0000000676
15606 0.0000000595
15683 0.0000000474
15700 0.0000000408
15721 0.0000000233
15823 0.0000000223
15868 0.0000000171
15922 0.0000000154
15924 0.0000000123
15937 0.0000000100
15976 0.0000000077
15997 0.0000000074
16050 0.0000000036
16195 0.0000000036
16204 0.0000000031
16223 0.0000000016
16247 0.0000000008
16433 0.0000000008
16479 0.0000000005
16485 0.0000000005
16542 0.0000000005
16610 0.0000000005
16618 0.0000000004
16628 0.0000000002
16752 0.0000000002
16820 0.0000000002
16824 0.0000000002
16827 0.0000000001
16896 0.0000000001
16968 0.0000000001
17018 0.0000000000
17060 0.0000000000
17075 0.0000000000
17095 0.0000000000
17198 0.0000000000
17267 0.0000000000
17336 0.0000000000
17537 0.0000000000
17566 0.0000000000
17630 0.0000000000
17656 0.0000000000
17685 0.0000000000
17747 0.0000000000
17766 0.0000000000
17820 0.0000000000
17860 0.0000000000
17887 0.0000000000
17924 0.0000000000
17928 0.0000000000
17991 0.0000000000
18048 0.0000000000
18092 0.0000000000
18180 0.0000000000
18216 0.0000000000
18530 0.0000000000
18799 0.0000000000
evaluations raw_y
1 16813098.7901996747
2 10240166.9515825845
5 9296881.7650021948
9 1252459.9946035489
18 885361.4351034411
23 278701.0136836866
175 249396.2867630155
192 215548.2008778346
247 187193.0083503163
339 184555.4286070962
351 133894.3869364709
454 123724.9034757233
458 105719.7903754468
563 102873.3961075512
566 88351.5596558238
665 57073.2044174105
811 44244.3158442061
855 41888.2348309461
908 35375.9995639734
1078 26813.8395966245
1158 18694.8224551273
1185 12951.3902641304
1258 10851.9522878352
1486 7431.6661964061
1664 7412.3960026418
1832 5973.7082297800
1855 4882.7332454688
1981 4428.8716023475
2238 3912.0487192114
2452 3281.7649546107
2615 3202.2168740575
2631 2973.8117130186
2705 2431.8845850589
3183 2043.8232470752
3358 1697.8618716705
3466 1680.4571495148
3553 1515.1402442638
3570 1417.7125006244
3693 1349.0373967858
3699 1259.9843280337
3711 990.1312588293
3782 921.6315182750
3827 877.0130606309
3861 804.1036748706
3876 689.5505533072
3957 475.4221393643
4087 398.3252637527
4545 383.4343045700
4567 323.2513460347
4779 285.9158681147
4861 274.9073433050
4873 269.0512243294
4900 205.1484436573
5097 201.0938400859
5125 159.3408438653
5196 158.9343824297
5239 157.0065768540
5342 155.6058331044
5370 137.1290773642
5628 118.0720971723
5670 99.1648793344
5878 96.9669671800
5927 89.1621920596
6104 70.7489653912
6130 69.7956105051
6253 62.1613604234
6503 60.5613187089
6684 60.4884718856
6705 57.3277296924
6758 50.7710126863
6836 44.1554342111
7075 42.4665645287
7108 41.7005177612
7155 38.6307692010
7502 36.6761487312
7725 35.7406925834
7842 35.5927924014
7889 35.3841868855
7970 35.2939703760
8088 35.2842020347
8188 35.2707285010
8254 34.3661377322
8328 33.7587480555
8398 32.2071650980
8638 31.5917515465
8726 30.0304227168
8963 25.0701816164
9146 20.6132718402
9324 20.2204301000
9504 19.5006448591
9530 17.7977529715
9560 14.1630085568
9608 13.9562417551
9669 13.6264399424
9697 13.3183883997
9757 12.5636766926
9895 12.0962522641
10034 10.3839915669
10118 10.2393312997
10136 10.2380208052
10196 9.9054773265
10226 9.8812831319
10242 9.7413941761
10391 9.7376042138
10403 9.5284718082
10420 9.4996870482
10440 9.4517463310
10454 9.4324251769
10671 9.2862651341
10814 9.2527580205
10854 9.2206027726
10867 9.2039832381
10881 9.1471273477
10903 9.0780606706
10986 9.0168937994
11170 8.9002444627
11237 8.7661264568
11371 8.6435739030
11391 8.4812395274
11478 8.3057543953
11496 8.2687226131
11627 8.1601837478
11753 7.7535872741
11771 7.6372669866
11844 7.3587969105
11895 6.0141215248
11934 4.6621142965
12501 3.3307937720
12644 2.1005975197
12652 1.8138397819
12697 1.3221782136
12737 1.0616874639
12885 1.0425815387
12927 0.8326369020
12928 0.6608255006
12966 0.4729404419
13166 0.4443754263
13194 0.3475347259
13321 0.3064938633
13360 0.2399233539
13381 0.2245770224
13386 0.1384800066
13428 0.1253174161
13494 0.0756442849
13529 0.0636960786
13599 0.0517959127
13634 0.0294834461
13704 0.0276792191
13758 0.0186531838
13770 0.0141965055
13784 0.0081538635
13987 0.0059153078
14039 0.0041867297
14058 0.0036991046
14150 0.0031675690
14184 0.0030430352
14210 0.0024320764
14252 0.0006699140
14463 0.0002893257
14610 0.0002532999
14616 0.0002113940
14721 0.0001914529
14754 0.0001459500
14757 0.0001186572
14780 0.0000698147
14872 0.0000449758
14996 0.0000164980
15118 0.0000059975
15250 0.0000050740
15342 0.0000039923
15435 0.0000036840
15466 0.0000013917
15554 0.0000012648
15587 0.0000008561
15588 0.0000007966
15611 0.0000006503
15659 0.0000004673
15667 0.0000004299
15740 0.0000003121
15927 0.0000003103
15937 0.0000003076
15948 0.0000002520
15961 0.0000001649
16002 0.0000001147
16083 0.0000000982
16174 0.0000000508
16302 0.0000000429
16308 0.0000000364
16330 0.0000000248
16398 0.0000000245
16477 0.0000000189
16484 0.0000000143
16565 0.0000000115
16627 0.0000000064
16732 0.0000000063
16745 0.0000000030
16863 0.0000000027
16864 0.0000000025
16888 0.0000000024
16892 0.0000000009
17026 0.0000000008
17035 0.0000000005
17099 0.0000000003
17133 0.0000000003
17204 0.0000000002
17276 0.0000000002
17303 0.0000000001
17304 0.0000000001
17326 0.0000000001
17354 0.0000000001
17373 0.0000000001
17502 0.0000000000
17623 0.0000000000
17643 0.0000000000
17656 0.0000000000
17680 0.0000000000
17753 0.0000000000
17955 0.0000000000
18003 0.0000000000
18241 0.0000000000
18252 0.0000000000
18256 0.0000000000
18274 0.0000000000
18365 0.0000000000
18466 0.0000000000
18487 0.0000000000
18496 0.0000000000
18573 0.0000000000
18622 0.0000000000
18643 0.0000000000
18694 0.0000000000
18756 0.0000000000
18780 0.0000000000
18831 0.0000000000
18936 0.0000000000
18984 0.0000000000
18990 0.0000000000
19162 0.0000000000
19167 0.0000000000
19263 0.0000000000
19766 0.0000000000
20212 0.0000000000
evaluations raw_y
1 21633028.4271648750
2 9724003.5137915835
5 8781426.9572844524
6 3691430.1422659815
11 2466391.5898422645
12 983983.3224514845
17 932124.9759872536
66 810731.3157135509
79 437410.8674053143
115 417078.3844858604
129 254767.3309167964
224 213946.2287352724
241 164068.7293276834
261 157368.5107497425
277 80206.8005652290
339 40817.1280024608
436 24181.6054803375
518 19799.2485763446
553 14220.4020359598
628 11811.3327232871
779 5384.4718828118
867 2275.3971036520
1938 1965.6074143869
1971 1892.1179854552
1981 917.0919233744
2239 763.2135891449
2536 699.4874892422
2632 617.7697348345
2648 595.1986860981
2704 582.3893425544
2846 465.3715748001
2994 425.3373358805
3075 397.0386260437
3146 390.3785024451
3452 387.0159090542
3499 381.5497056312
3506 374.2304059582
3518 362.0951942108
3567 340.9220800056
3602 338.9031522881
3721 327.3554593579
3788 319.5263580452
3953 296.7730209616
4232 292.5287252777
4244 289.1308087975
4309 281.6544115186
4390 280.8665314918
4520 278.2221878051
4522 269.6374320017
4808 262.6835188831
4847 261.2549343278
5010 257.6294124018
5022 253.3312926143
5147 237.8548451742
5315 212.4651044128
5552 199.8400652521
5572 187.2380466096
5805 168.2908789751
5926 164.4752183426
6140 139.3148114746
6246 109.0344517472
6516 105.2551063121
6622 104.6765304874
6636 95.6799767253
6649 91.9520483113
6653 90.5441806039
6689 82.1659927343
6756 80.8514488030
6825 72.9508564548
6916 64.7835704853
7330 62.2449177077
7343 47.4690983902
7463 44.8599745859
7553 38.6677831023
7566 35.2893309935
7618 34.6839804447
7698 33.0813395373
7725 31.5913380824
8004 30.8625642105
8096 30.4018380061
8103 30.1866074826
8324 29.8779650147
8382 29.5220635068
8386 29.4442582479
8578 29.1853300839
8612 29.1697592540
8626 29.1439875063
8628 28.8783622918
8797 28.6764565322
8835 28.5695525399
8865 27.6718049510
9011 27.5606440091
9047 27.2612736307
9049 25.4525939859
9261 23.6492281368
9486 22.7523411386
9619 21.7196776930
9670 20.2802206365
9768 19.0927746776
9854 18.4911903437
9911 18.3255006893
9943 17.1506552034
9991 16.4505656007
10213 16.0890274828
10228 15.9276000566
10253 14.4915983868
10416 14.1995094735
10447 14.1771538623
10478 13.4404320434
10537 12.5046803498
10622 11.9778456262
10624 11.2311136064
10744 10.2674701283
11008 8.9805056886
11011 8.3874134394
11050 8.3565122438
11097 8.1607179296
11218 7.1159615925
11281 6.5815880855
11428 6.5486065897
11475 5.4217405658
11540 4.4265351795
11616 3.4059006735
11696 2.4443677076
11981 1.5960113593
12015 0.7848725947
12281 0.6712826762
12287 0.5738625465
12373 0.4808264030
12397 0.2515456125
12561 0.2270272683
12579 0.1907044843
12669 0.1502274240
12680 0.1198055762
12694 0.1102669853
12724 0.1089850395
12726 0.1069209860
12752 0.0816595675
12814 0.0733944223
12835 0.0560568776
12848 0.0367088064
13013 0.0267680592
13066 0.0129322187
13143 0.0124867123
13157 0.0056734850
13409 0.0046946892
13432 0.0039196209
13447 0.0034616178
13482 0.0032324925
13496 0.0016509296
13590 0.0016372561
13683 0.0009574684
13862 0.0008895020
13881 0.0008045143
13905 0.0006186149
13940 0.0006006085
13948 0.0003882658
14083 0.0003583472
14087 0.0003251486
14105 0.0003010803
14112 0.0002404019
14157 0.0002091385
14190 0.0001719449
14242 0.0001026272
14244 0.0000694802
14385 0.0000665150
14410 0.0000370976
14481 0.0000318749
14621 0.0000247891
14642 0.0000116607
14758 0.0000086565
14820 0.0000069964
14927 0.0000050342
14931 0.0000049062
15057 0.0000038993
15070 0.0000020969
15206 0.0000018724
15235 0.0000010233
15379 0.0000008448
15404 0.0000006674
15471 0.0000004977
15519 0.0000004879
15522 0.0000003680
15608 0.0000001578
15680 0.0000001484
15800 0.0000001227
15802 0.0000000909
15806 0.0000000660
15912 0.0000000543
15922 0.0000000444
15962 0.0000000441
15997 0.0000000374
16026 0.0000000370
16028 0.0000000369
16029 0.0000000109
16107 0.0000000080
16156 0.0000000057
16331 0.0000000052
16346 0.0000000044
16367 0.0000000038
16386 0.0000000031
16389 0.0000000028
16445 0.0000000025
16454 0.0000000019
16500 0.0000000013
16573 0.0000000011
16600 0.0000000010
16627 0.0000000010
16705 0.0000000008
16707 0.0000000008
16725 0.0000000005
16824 0.0000000004
16856 0.0000000003
16897 0.0000000002
16962 0.0000000002
16966 0.0000000001
16999 0.0000000001
17030 0.0000000001
17048 0.0000000001
17080 0.0000000001
17124 0.0000000001
17148 0.0000000000
17279 0.0000000000
17282 0.0000000000
17407 0.0000000000
17471 0.0000000000
17517 0.0000000000
17531 0.0000000000
17549 0.0000000000
17675 0.0000000000
17757 0.0000000000
17905 0.0000000000
17982 0.0000000000
18065 0.0000000000
18196 0.0000000000
18329 0.0000000000
18346 0.0000000000
18386 0.0000000000
18771 0.0000000000
18990 0.0000000000
evaluations raw_y
1 14469999.1656315383
2 1211153.1727854339
8 1089848.0591312430
18 791923.2163864732
41 532558.5631420168
53 362623.8197396526
124 198641.0943066878
291 152596.7793691374
360 83475.6488383906
507 80477.7189674251
589 57469.7835471632
711 46562.0993600953
746 41606.6761597424
748 38727.7722585396
866 37548.9066018213
980 37103.2331712801
1023 36501.6317046124
1046 32304.2090652704
1095 28780.2428414111
1280 27146.9779106629
1301 26982.8199070126
1311 26942.8875778650
1325 24785.3675620396
1372 22179.7337661901
1407 20765.6932867386
1545 20626.4539043112
1671 17229.1883289882
1702 16867.0903604629
1821 16282.6573449402
1972 14464.0685723195
2002 8137.6305305918
2045 8026.1666106302
2244 7991.8534184562
2283 6491.2542197734
2288 6472.7133396797
2408 4992.6967437056
2776 4620.2291379139
2790 4382.0200537006
2931 4311.3929881159
2949 4141.1004970195
2997 3969.8965656298
3175 3899.9489780896
3200 3782.8168847944
3223 3714.1924973806
3337 3691.7123905766
3540 3600.8893508236
3561 3598.6743692512
3566 3573.5566206000
3568 3572.1973554213
3601 3495.2825508555
3625 3360.1725880885
3724 3316.1533417533
3795 3299.4910195511
3819 3178.4931220005
3830 3126.7693666370
3844 2899.0053574271
3905 2777.7582269313
4079 1866.5251776354
4594 1524.2622966811
4775 1271.5328387635
4907 1174.3061396802
5233 1058.4310072764
5240 957.6034359495
5329 863.2012198959
5366 808.2101121894
5449 789.3523931331
5516 763.8067514856
5526 732.1113468975
5531 717.9666306140
5599 717.0666003999
5653 683.4903536123
5683 549.7602084986
6007 544.2169042981
6066 489.3124405908
6147 441.2982679976
6163 399.4898918264
6181 367.8293569450
6513 256.4392223547
6725 202.2535704927
6833 170.9356964253
7177 160.1330490116
7224 139.7907528743
7301 115.3584680964
7383 103.7933902941
7452 99.4019259882
7667 94.1143641850
7901 87.0943994823
8037 85.4391518923
8073 84.4173858616
8096 81.8249017422
8151 76.4848831997
8445 72.7802114993
8498 71.8660669858
8572 71.7412497827
8592 70.2199544214
8634 48.9746890683
8902 47.7301107510
8958 46.6444546732
8960 37.1172093551
9020 36.6916536320
9079 31.8840513434
9153 30.3478571015
9221 28.5599006863
9267 23.4477173025
9491 20.2169424785
9546 15.4917180810
9617 12.5747173726
10055 12.1055195140
10065 11.7782732732
10070 11.6918684763
10154 11.4764305732
10159 11.2938708518
10164 9.9148167524
10185 9.8645925237
10214 8.9485253836
10322 8.8416600472
10367 8.2875870299
10467 8.2773313937
10557 8.2665734162
10571 8.2343099008
10598 8.0389500491
10648 7.9684642424
10669 7.9616148153
10716 7.8487081654
10735 7.8199356646
10775 7.7627560463
10988 7.7245909053
10996 7.5896345153
11067 7.5689065675
11075 7.5207487122
11127 7.4303839119
11141 7.2010441337
11269 7.1198783646
11272 6.9856817443
11275 6.9319162608
11349 5.9981465691
11364 5.7621461152
11573 5.5786696968
11669 4.4551167540
11873 4.3672672859
11888 4.2717246384
11897 3.5886003387
11951 2.8906753720
12085 2.8866450041
12089 2.8592100028
12158 2.3420516211
12173 1.8678963608
12251 1.8642931209
12270 1.5741576778
12446 1.5460253609
12467 0.9337364323
12608 0.8156498106
12621 0.7236385100
12767 0.6761284208
12892 0.6631176715
12922 0.6525658644
12968 0.5532893663
12970 0.5492496214
12992 0.2934019403
13058 0.2056644255
13114 0.2008543211
13145 0.1467708044
13168 0.1428895830
13197 0.0856688837
13235 0.0455904202
13343 0.0431391391
13368 0.0398473129
13424 0.0278003879
13553 0.0239129496
13559 0.0206733858
13576 0.0197364083
13598 0.0132075288
13730 0.0105075124
13802 0.0084781821
13843 0.0084219571
13864 0.0079683293
13882 0.0049442821
13941 0.0048038377
14003 0.0042546991
14013 0.0039860469
14033 0.0031156656
14047 0.0022900799
14109 0.0018387862
14112 0.0015700727
14190 0.0014062810
14210 0.0012819147
14240 0.0012473617
14299 0.0010562021
14330 0.0004002306
14407 0.0002631852
14543 0.0002184060
14545 0.0001160025
14615 0.0000578462
14837 0.0000474654
14858 0.0000474073
14901 0.0000181642
15035 0.0000125171
15119 0.0000114105
15127 0.0000107043
15141 0.0000076381
15162 0.0000031130
15312 0.0000027575
15325 0.0000020808
15426 0.0000016750
15436 0.0000010641
15524 0.0000010130
15525 0.0000008622
15535 0.0000004878
15554 0.0000002694
15792 0.0000002176
15800 0.0000002137
15831 0.0000001672
15836 0.0000001287
15906 0.0000001250
15907 0.0000001145
15933 0.0000001108
16007 0.0000000706
16035 0.0000000513
16107 0.0000000396
16151 0.0000000367
16174 0.0000000339
16178 0.0000000326
16230 0.0000000297
16233 0.0000000254
16251 0.0000000232
16273 0.0000000138
16334 0.0000000115
16371 0.0000000090
16379 0.0000000086
16438 0.0000000066
16452 0.0000000051
16455 0.0000000043
16535 0.0000000040
16536 0.0000000033
16562 0.0000000028
16567 0.0000000021
16615 0.0000000017
16712 0.0000000017
16731 0.0000000015
16734 0.0000000015
16752 0.0000000009
16784 0.0000000009
16802 0.0000000006
16861 0.0000000005
16873 0.0000000003
16971 0.0000000003
17011 0.0000000003
17053 0.0000000003
17067 0.0000000002
17079 0.0000000002
17095 0.0000000001
17245 0.0000000000
17545 0.0000000000
17628 0.0000000000
17637 0.0000000000
17688 0.0000000000
17715 0.0000000000
17828 0.0000000000
17830 0.0000000000
17899 0.0000000000
18024 0.0000000000
18050 0.0000000000
18051 0.0000000000
18054 0.0000000000
18189 0.0000000000
18295 0.0000000000
18320 0.0000000000
18445 0.0000000000
18524 0.0000000000
18601 0.0000000000
18888 0.0000000000
19256 0.0000000000
evaluations raw_y
1 38725782.1539233550
2 12304988.3412910998
8 10294849.5314043462
11 10206896.3991329148
16 6574217.4216143237
18 5555568.5738861039
19 1973723.3796008523
49 1824242.8972005430
51 1738541.0335096524
64 860960.5981534326
80 787025.4471374733
84 84027.4425388418
699 64003.8846508871
820 62636.4530583067
859 52007.1999274225
1128 48834.9799925109
1226 45131.5543208905
1305 44414.1583744845
1459 42401.4005765766
1517 37187.9878513197
1536 33331.6517063148
1618 31841.9385930653
1803 29297.1286335508
1992 21565.5315070656
2037 21343.2307900161
2057 13342.6648236172
2318 9676.0603367013
2379 3820.7893160797
3220 3453.7211929466
3315 3172.2701903600
3319 3071.6223854699
3398 3030.4866592238
3446 2652.0908798325
3651 2641.3202356060
3654 2167.7129411773
3718 1832.0123931362
3823 1600.4229996644
3905 1256.4798149366
4059 1254.5073048581
4070 1227.2814755278
4088 1201.0730369316
4164 1185.1512728098
4229 1083.5827884254
4256 1005.8291939738
4368 830.3615448962
4395 655.1390554207
4459 381.2875416114
4681 364.8795313149
4699 364.1379203478
4713 300.0099154715
4785 243.7700350017
4815 221.7883281441
4935 217.5425000348
5019 191.5453435030
5104 167.5766105303
5217 136.2929790490
5238 135.2872639573
5297 127.0181524829
5538 114.1653937419
5561 99.3347845420
5645 95.0571509061
5755 91.6292183346
5763 82.2587166874
5782 76.9595281386
5842 74.8473821289
6017 71.5030407792
6124 71.1747275051
6168 67.4798513166
6219 67.0834194732
6236 66.4442915634
6253 62.9853562471
6550 62.7081850773
6575 61.0599731445
6601 61.0313517769
6747 60.8343794438
6809 60.3409646965
6824 59.4336792515
6854 58.2698857026
6961 55.1443654754
7014 46.7058080463
7024 45.2693489758
7042 42.5693409728
7092 41.5397970445
7121 39.5168739601
7163 35.6916654102
7483 32.9504863054
7545 27.0699523175
7605 19.4060453309
7880 12.7912212730
8093 12.7848219688
8143 12.6988465125
8194 12.3045527352
8227 10.1663703999
8485 9.0377137124
8554 8.9581459175
8564 8.5941048907
8695 8.4227198346
8803 8.3865569947
8876 8.2311863014
8911 8.0520349706
9083 8.0384120895
9095 7.9438366840
9110 7.9140115422
9183 7.8807936856
9190 7.7558843674
9278 7.7553910651
9307 6.8397600963
9498 6.7832816032
9790 6.0934688640
9848 5.8698274658
9917 5.7758956405
10005 5.5574905552
10081 5.4434931291
10092 5.1096315724
10146 4.9385029401
10170 4.6104533790
10173 4.3977207494
10244 4.3469388219
10361 4.0421165771
10434 3.7169105351
10519 3.4282164524
10544 3.4272324483
10588 2.1358570544
10785 1.9612900883
10927 1.7265565725
10985 1.6271815256
11014 1.6160606552
11102 1.3951495580
11109 1.3452266143
11291 1.0208579947
11373 0.9182098002
11419 0.8753825205
11495 0.8540644447
11549 0.8500587038
11609 0.7608659585
11644 0.6866535257
11707 0.6159404193
11856 0.5154262799
12043 0.3556001015
12095 0.3346369935
12220 0.2493532135
12465 0.2480743652
12513 0.2424548237
12527 0.2341171855
12539 0.2140949171
12555 0.0613730675
12705 0.0492486969
12803 0.0381433031
12856 0.0376438606
12874 0.0321535437
13071 0.0238820814
13088 0.0196806565
13097 0.0164560245
13148 0.0094875759
13280 0.0091563796
13282 0.0090609352
13290 0.0061469485
13339 0.0048732931
13359 0.0045240140
13365 0.0030898297
13514 0.0016434889
13545 0.0007655556
13649 0.0007336446
13716 0.0006824782
13731 0.0006175384
13755 0.0003531170
13878 0.0003067192
13894 0.0002674476
13905 0.0002428264
13926 0.0001857545
13984 0.0001376638
14060 0.0001373297
14061 0.0000761114
14110 0.0000650438
14148 0.0000510813
14225 0.0000354524
14317 0.0000275859
14348 0.0000270615
14369 0.0000235756
14375 0.0000140934
14456 0.0000131959
14491 0.0000129613
14533 0.0000103019
14576 0.0000074402
14588 0.0000030665
14768 0.0000027735
14839 0.0000022046
14857 0.0000019323
14896 0.0000015239
14919 0.0000015111
14932 0.0000013806
14967 0.0000013682
14968 0.0000003683
15131 0.0000003092
15175 0.0000002917
15177 0.0000002729
15194 0.0000002380
15218 0.0000001015
15291 0.0000000934
15409 0.0000000758
15429 0.0000000740
15456 0.0000000417
15580 0.0000000222
15599 0.0000000137
15723 0.0000000121
15795 0.0000000100
15820 0.0000000093
15867 0.0000000090
15898 0.0000000084
15908 0.0000000066
15942 0.0000000023
16031 0.0000000017
16087 0.0000000014
16112 0.0000000012
16169 0.0000000006
16184 0.0000000005
16208 0.0000000003
16508 0.0000000002
16537 0.0000000001
16656 0.0000000001
16658 0.0000000001
16718 0.0000000001
16737 0.0000000001
16750 0.0000000000
16773 0.0000000000
16798 0.0000000000
16861 0.0000000000
16946 0.0000000000
16949 0.0000000000
16969 0.0000000000
16986 0.0000000000
17003 0.0000000000
17029 0.0000000000
17063 0.0000000000
17187 0.0000000000
17395 0.0000000000
17490 0.0000000000
17595 0.0000000000
17707 0.0000000000
17753 0.0000000000
17774 0.0000000000
17897 0.0000000000
17930 0.0000000000
17934 0.0000000000
18058 0.0000000000
18263 0.0000000000
18350 0.0000000000
18419 0.0000000000
19011 0.0000000000
evaluations raw_y
1 12742900.9295713082
2 11013472.5415616147
6 6615725.6591488402
10 3783234.9658634695
16 2306951.9294495340
36 2045160.3285278475
39 1947641.4979420404
42 1391768.3413144902
48 819984.9823336793
53 364137.8786874955
120 358533.9558157184
139 326503.5481957690
142 111561.3316760314
241 80213.9242296361
543 29991.4921411261
1066 20156.4753724935
1075 14166.3097038513
1094 11298.7267822088
1128 10783.3964755000
1318 9302.8147634689
1352 9094.0082162118
1373 7665.6653492872
1577 6961.0521735696
1578 4983.5238272440
1630 3658.7572930334
1656 1680.7070222944
1987 1566.4373107990
2047 1284.0053362460
2124 1198.8892408489
2134 1179.4735550310
2197 1153.9701277192
2211 1060.3490825070
2269 860.7038585725
2289 802.2603823073
2352 648.7786323929
2680 618.6323738400
2968 498.5952021393
3062 474.7902510590
3170 397.2043763235
3260 368.8756993644
3440 334.3135557626
3585 286.2486523314
3772 265.7666033844
3781 258.0272381310
4130 248.0547472889
4258 244.6077076283
4330 225.0364754507
4405 222.5548048548
4422 216.8111993115
4544 207.8431570077
4662 198.4933223632
4665 197.2245008486
4685 191.9257392711
4834 191.8332655601
4858 174.4033792810
5072 164.3006104682
5277 163.0980920674
5326 159.6043387748
5331 155.3231100324
5363 155.2273476372
5373 150.4213575216
5406 148.1718082919
5472 137.6250261188
5621 135.8452615995
5624 134.1352997488
5633 121.6137503602
6051 117.8254376577
6067 107.1566618547
6080 105.9365487329
6133 99.1503162316
6325 97.7477293342
6398 94.2431806388
6442 85.1504627881
6474 69.1790029168
6504 69.0189353459
6536 68.6610532653
6615 63.5250861795
6774 60.7850784507
6919 60.7616800500
6975 58.2703323438
6996 56.3673453941
7122 54.8235345087
7151 48.1346601670
7188 47.3357104715
7246 45.8820184855
7264 44.9473314495
7317 43.2761765576
7347 41.2305450298
7399 41.0026436936
7407 38.7587239243
7434 37.3411059284
7612 36.6532201237
7775 36.6461587506
7832 36.5515304164
7834 36.4351435384
7953 35.9842618329
7962 35.7851457942
8060 35.4235458112
8276 34.7911214178
8298 34.7569880962
8320 34.5666400928
8337 32.6938606094
8544 31.5935404502
8583 31.0019959193
8650 30.2660816942
8769 28.3711043720
9079 26.6061766931
9092 26.0868489412
9220 25.2691463547
9277 22.2086152101
9616 21.6293828649
9620 19.1655798999
9706 19.0795173743
9839 18.6708918230
9846 18.5488262464
9885 16.7180221406
10106 15.4155596749
10219 15.0659274971
10236 13.8567803201
10363 13.0368099368
10577 11.6543372499
10625 10.4278108436
10736 9.8362425081
10775 9.3338014630
10785 8.8948160052
10801 6.8303474195
11020 4.9824578245
11157 3.5699340484
11308 2.2898392767
11329 2.1122758035
11391 1.1774319528
11465 0.9343213225
11590 0.7018517872
11611 0.6913717877
11679 0.4942342730
11704 0.2416219877
11796 0.2050878412
11842 0.1964674921
11894 0.1954109218
11897 0.1769630984
11913 0.0761145670
11996 0.0618095650
12025 0.0576110334
12164 0.0568507740
12236 0.0535375147
12242 0.0473939907
12263 0.0316799496
12270 0.0312718074
12307 0.0277029928
12344 0.0208105564
12375 0.0150573783
12464 0.0143242182
12478 0.0079503267
12571 0.0068146153
12620 0.0057058646
12622 0.0036105782
12722 0.0025013301
12772 0.0023867854
12794 0.0014826075
12836 0.0012675409
12909 0.0011128089
12918 0.0010260156
12936 0.0007527276
13004 0.0005497528
13006 0.0003586265
13086 0.0001463014
13223 0.0001170215
13313 0.0001146723
13332 0.0001055575
13341 0.0001045960
13380 0.0000879146
13414 0.0000753628
13442 0.0000521052
13529 0.0000465382
13566 0.0000283335
13594 0.0000236001
13637 0.0000226035
13655 0.0000174948
13693 0.0000158814
13733 0.0000088585
13779 0.0000076907
13836 0.0000072133
13837 0.0000048015
13931 0.0000041003
13991 0.0000019180
14050 0.0000016851
14107 0.0000015838
14186 0.0000009058
14190 0.0000006143
14299 0.0000005135
14370 0.0000004613
14389 0.0000004570
14450 0.0000003379
14492 0.0000003241
14503 0.0000002554
14541 0.0000002208
14556 0.0000001431
14568 0.0000001101
14627 0.0000000781
14660 0.0000000626
14709 0.0000000428
14717 0.0000000334
14791 0.0000000301
14889 0.0000000252
14905 0.0000000208
14937 0.0000000158
14995 0.0000000117
15013 0.0000000061
15159 0.0000000042
15169 0.0000000040
15328 0.0000000027
15359 0.0000000017
15381 0.0000000017
15382 0.0000000012
15467 0.0000000009
15543 0.0000000006
15599 0.0000000005
15606 0.0000000004
15689 0.0000000004
15721 0.0000000003
15859 0.0000000002
15860 0.0000000002
15868 0.0000000002
15869 0.0000000002
15906 0.0000000002
15942 0.0000000001
15979 0.0000000001
16095 0.0000000001
16110 0.0000000000
16180 0.0000000000
16188 0.0000000000
16229 0.0000000000
16324 0.0000000000
16388 0.0000000000
16467 0.0000000000
16508 0.0000000000
16595 0.0000000000
16598 0.0000000000
16610 0.0000000000
16680 0.0000000000
16877 0.0000000000
16885 0.0000000000
16949 0.0000000000
17042 0.0000000000
17152 0.0000000000
17180 0.0000000000
17340 0.0000000000
17455 0.0000000000
17548 0.0000000000
17587 0.0000000000
17729 0.0000000000
18113 0.0000000000
